16.308333
27.006067
30.651967
34.651833
45.287533
64.659000
77.856667
100.996000
111.645733
121.237467
125.235333
131.005200
156.068533
165.380233
170.094100
176.323933
186.655667
192.235533
197.113367
201.981267
211.344967
221.506700
233.306367
237.472267
241.580133
253.617800
259.033667
281.433033
286.384900
290.684800
295.590633
305.524367
314.088133
332.369633
338.493467
349.037200
371.894533
377.654400
381.740267
385.636167
390.682033
395.045900
404.745633
408.971533
416.395333
428.475000
451.844333
459.728133
463.884000
472.165767
475.783667
479.061600
489.255300
493.413200
498.925033
514.250633
529.928200
539.259933
543.909800
548.513667
552.603567
557.863433
562.417300
566.495200
571.157067
575.370933
594.686400
598.438300
603.156167
606.766067
611.981933
618.701733
636.951233
640.899133
646.131000
650.910900
658.772633
662.942533
667.332400
671.110300
677.278167
680.468033
692.921700
704.479367
708.805267
729.912700
738.632433
746.290233
751.452100
757.545933
761.635800
768.657600
772.605500
779.283333
792.278967
810.226467
815.324333
820.688167
823.994100
828.885933
833.095833
850.719333
864.202967
873.578733
892.248200
895.702100
924.327333
928.767200
936.189000
943.784767
966.350167
975.795900
980.017767
984.167667
995.219367
999.385267
1015.610800
1020.170667
1047.993900
1053.213800
1056.391667
1061.491533
1066.625400
1076.671133
1090.178733
1095.612600
1099.554500
1112.070133
1115.538067
1119.231933
1126.829733
1138.831400
1145.277233
1150.021100
1155.560967
1159.952833
1164.584700
1171.462533
1176.920367
1181.898233
1187.636067
1194.261900
1198.807767
1203.903600
1209.573467
1226.197000
1235.566733
1242.758567
1246.960433
1251.232300
1277.081600
1282.989433
1288.149300
1292.243167
1297.285033
1300.600933
1304.590833
1311.268667
