14.852567
25.538300
29.404200
33.010067
43.349800
63.441233
75.732900
99.412267
110.595933
119.935700
123.969600
128.817433
154.996733
163.932467
168.606367
172.388233
184.491900
190.741733
195.419600
200.049500
210.139200
219.912933
231.520600
236.090467
239.970367
252.240033
257.475900
279.599267
284.459133
289.059033
293.848900
303.974600
312.332400
330.591867
336.841700
347.429400
370.254767
375.944633
380.324500
384.108400
389.316267
393.204167
403.129867
407.619767
414.889567
427.391233
450.174567
458.438367
462.146267
470.806000
474.219933
478.003800
487.575567
491.527433
497.475267
512.610867
528.314433
537.328167
542.398033
546.821933
551.319800
556.235667
560.851533
564.895433
569.401300
573.627200
592.672667
597.074533
601.922400
605.376300
610.460167
617.137967
635.405467
639.655367
644.739233
649.303100
657.142867
661.358767
665.696633
669.362533
675.468367
679.360267
691.371933
702.657633
707.241500
727.964933
737.020667
744.862467
749.766333
756.034167
760.142033
766.023867
770.993733
777.667567
789.701233
808.236700
814.014567
818.866433
822.852333
827.396167
831.592067
848.925600
862.725200
872.430933
890.534433
894.066333
922.611567
927.087433
934.131233
941.995033
964.442400
973.830133
978.478000
982.779900
993.881600
997.659500
1014.063033
1018.456933
1046.964133
1051.874000
1055.333900
1059.679767
1064.841633
1074.731367
1088.812967
1094.184833
1097.822733
1110.326400
1114.150267
1117.592200
1124.974000
1137.475633
1143.249500
1148.191367
1153.759200
1158.331067
1163.072933
1169.832733
1174.646600
1180.366467
1185.926300
1192.746133
1197.162000
1202.393867
1208.251700
1224.155267
1233.836967
1240.992800
1245.104667
1249.476533
1275.643833
1281.257700
1286.761533
1290.481433
1295.765300
1299.155167
1302.977067
1310.062867
