0.848633
2.143167
4.299067
4.713633
5.275833
6.208033
6.250700
6.320733
6.391200
7.237100
7.356733
7.520000
9.425300
10.619900
11.084900
11.210600
11.362400
11.406667
11.638700
11.647367
11.671667
11.773367
12.197700
12.654967
12.780300
12.980033
13.026400
13.204667
13.276433
13.507900
13.598400
13.851300
13.898000
14.511000
15.148000
15.225600
15.974467
16.077500
16.382233
16.682100
17.811500
18.013667
18.323067
18.688633
19.772133
19.811333
20.114567
20.934733
22.206267
22.882333
23.511100
23.647000
23.726200
23.817133
24.941800
25.196967
25.459133
25.608667
25.841767
25.991200
26.058300
26.423500
26.844700
26.996833
27.108500
27.412867
28.327867
29.125533
29.623733
29.653367
29.714967
30.036800
30.274000
30.323733
30.897733
31.006800
31.155967
31.415133
31.714833
31.997433
32.808267
32.930167
33.326200
33.479633
33.626833
33.675567
33.797200
33.959100
33.998400
34.190500
34.392367
34.694100
35.075067
36.024133
36.145900
36.665067
37.116867
37.152667
37.311933
37.545700
38.899633
39.379100
40.130833
40.387967
40.852833
42.120800
42.185400
42.352233
42.713000
43.530933
43.912633
44.038500
44.369500
44.531567
44.934533
44.967867
46.024967
46.236233
46.777167
47.963900
48.071633
48.129933
48.371367
48.517267
49.007533
49.386667
49.467233
49.785267
49.951200
50.055200
50.095767
50.176733
50.373467
50.953133
51.104233
51.175200
51.758500
52.084467
52.159733
52.798367
53.609900
53.678467
53.928733
54.051500
54.295233
54.744133
55.561000
55.706200
56.702200
57.109033
57.450167
58.314367
58.501933
58.727900
58.825333
58.836233
59.429367
59.464133
59.877633
60.950933
61.041133
61.186800
61.708200
61.808733
62.628167
62.718467
64.063400
64.195467
64.210033
64.260567
64.378467
64.389700
64.531067
64.579200
65.080800
65.106767
65.169767
65.350500
65.394767
65.417433
65.459833
65.534567
65.640367
65.662667
65.664367
65.826000
66.966600
67.459333
68.042000
68.479400
68.604567
68.656300
68.939867
69.540333
69.868067
69.965833
70.283367
71.131967
71.215200
72.928400
73.232633
73.331400
73.450400
73.484467
73.717367
74.558733
74.901100
74.993233
75.062167
76.488200
76.686100
77.342200
77.406733
77.429967
77.492067
77.587467
77.746200
78.367867
78.651533
78.854967
78.880533
78.905433
79.079867
79.570067
79.853133
79.932667
80.294500
81.249300
81.605633
81.947933
82.393633
82.493533
83.542500
83.577200
85.258467
85.525233
86.005267
86.118667
86.854233
87.138200
87.262767
87.536833
88.698367
89.487900
90.342833
93.155867
94.630533
95.878967
96.285800
96.928433
97.007833
97.564767
97.647233
97.838733
97.947067
98.312333
98.591433
98.691033
98.774133
98.860333
99.015433
99.178900
100.060100
100.178867
100.522400
100.551767
100.611900
100.656567
100.861700
100.983767
101.141500
101.252333
101.385267
101.699800
101.768967
101.866967
102.140833
102.404900
103.475867
103.545633
103.754600
104.314600
104.656600
105.263167
105.912567
106.288600
107.585900
108.078267
108.526433
108.749033
110.040733
110.516733
110.684467
111.225000
111.271633
111.724200
111.792567
112.312633
112.424767
113.039733
113.083300
113.092900
113.173800
113.530600
113.645967
117.268967
117.370733
117.538267
118.151567
118.289700
118.388067
118.721333
118.805500
118.942333
119.587033
119.630000
119.735033
120.539667
120.757467
121.200433
121.554433
121.703267
121.720667
122.349600
122.459833
122.803833
123.635800
123.649800
124.695267
124.899767
124.939000
125.229767
125.339000
125.371833
125.521933
125.635367
125.968333
126.453000
126.753233
126.763967
127.351633
127.521267
127.783700
128.144233
128.542533
128.708433
129.004333
129.160800
129.395933
129.448900
130.250600
131.317333
131.752500
131.978467
132.219033
132.957433
133.398133
133.630800
133.882867
134.459933
134.512233
134.670633
134.772900
135.705533
136.044700
136.198567
136.292000
136.293633
136.399300
136.628900
136.704467
138.139767
138.518767
138.590533
138.626900
138.676333
138.741200
138.836533
138.898200
139.061133
139.404567
139.594500
139.740133
139.937967
139.978033
140.051667
140.214733
140.240833
140.392333
140.703833
140.745100
140.952633
141.497300
141.590067
141.826233
141.880833
141.962133
142.357667
142.748200
143.122100
143.435300
143.807433
143.846500
144.156333
144.585167
144.814067
145.348467
145.820667
145.875767
145.892500
145.962767
146.156300
146.291667
146.321300
146.390067
146.551633
146.750533
146.927033
147.283300
147.764600
147.854767
149.058633
149.386533
149.445633
149.993867
150.621833
150.780700
151.193700
151.871467
151.883533
152.588267
153.272567
153.831833
154.497467
154.784033
155.050267
155.070833
155.226067
155.591067
155.598600
155.633133
155.996833
156.408033
157.495833
157.564500
157.746733
157.812433
157.856500
158.339167
158.565633
158.653167
158.778033
159.411200
160.976900
162.259800
162.463967
162.893467
162.934033
162.988233
163.000700
163.071867
163.218667
163.759200
165.088467
165.527333
165.872900
166.003600
166.034733
166.083600
166.120100
166.129300
166.184633
166.654300
166.858500
166.921067
167.205400
167.346800
167.828800
169.459600
170.364500
170.619233
171.224300
171.393667
171.554500
172.339800
173.539267
173.586767
173.938600
174.030000
174.285367
174.402567
174.778633
175.288700
175.866933
176.079267
176.289167
176.904133
177.067267
177.219033
177.821267
178.051367
178.399200
178.406300
178.776233
178.832100
178.883800
179.120733
180.614667
180.851333
181.009000
182.788000
182.877833
183.649000
184.029967
184.073633
184.085700
184.127833
184.186100
185.055633
185.079567
185.505633
185.573400
185.617933
185.655400
185.703667
185.861600
185.897633
186.067733
186.241600
186.364133
186.389167
186.601533
187.097233
187.192500
187.219967
187.391633
187.688967
187.735500
188.087500
188.987233
190.450067
190.700600
190.742267
190.794567
191.141967
191.936467
192.180467
192.257933
192.312133
192.471167
192.774233
193.083833
193.375833
194.231000
194.392433
194.902100
195.303500
195.719500
195.723033
196.891467
197.562533
197.597567
198.073333
198.596467
198.607800
198.667533
198.757500
199.836867
200.069567
200.589767
200.595900
200.645567
200.778167
201.331933
201.367067
201.427367
201.466700
201.672900
201.793900
202.370700
202.506400
202.726033
203.473400
203.999667
204.019667
204.176867
205.222900
205.401733
205.463800
206.254600
206.471667
207.204067
207.292733
208.297100
209.212367
209.306433
209.347433
209.402733
209.791700
210.204733
210.502333
210.575000
210.993000
211.555533
211.686400
211.857267
211.899233
212.111733
212.256867
212.355233
212.527733
212.801267
213.260233
213.377400
213.506833
214.344267
215.413200
215.475767
215.726967
215.855333
216.305500
216.367800
216.988067
218.020567
218.029200
218.067567
218.194767
218.871500
219.009267
220.199633
220.716267
221.070033
221.442467
221.736500
222.626000
223.053767
223.559333
224.207200
224.261400
224.472333
224.588133
224.769600
224.901467
225.009833
225.266633
225.545600
225.810867
225.841367
225.923367
226.021533
226.433400
226.800200
227.382600
227.435767
227.631600
228.211933
228.765867
228.801900
230.463733
230.615967
231.021467
232.118300
232.294167
232.557100
232.718133
232.818167
232.938500
232.967733
233.775367
233.859000
233.984300
234.053700
234.634067
234.672867
234.708367
234.864067
235.267267
235.886067
236.023667
236.186533
236.408533
236.833833
236.866700
236.877600
236.909167
236.961667
237.178933
237.586700
237.958100
237.989500
238.051233
238.429600
238.619867
239.285033
239.730200
239.843767
239.882233
240.847033
241.126433
241.487967
241.491433
241.864367
242.185400
242.583633
242.731533
242.870600
243.247467
243.494333
243.525533
243.589967
243.759367
243.997600
244.087867
244.780000
245.038233
245.070033
245.108800
246.978333
247.940500
247.973767
248.064767
248.302067
248.624133
249.569833
250.073567
250.282700
250.669867
250.972333
250.989000
251.185833
251.231800
251.334500
251.810033
251.967533
252.992933
253.478100
253.620767
253.914633
254.119933
254.267567
254.592133
255.665667
255.762733
256.748167
257.516433
259.914233
260.048833
260.289367
260.806133
260.967133
260.999867
261.349000
261.572133
261.841000
261.963767
263.026867
263.512100
264.327267
264.708500
265.457367
265.839733
266.064233
266.121333
266.394400
266.420433
266.777100
267.193867
267.327567
267.645333
268.179633
268.324900
269.485233
269.624267
269.677400
269.942267
269.971167
269.997533
270.605867
270.874867
271.617533
271.950533
272.059533
274.261500
274.306433
274.683700
274.832633
274.971767
275.124133
275.148567
276.047867
276.360000
276.781067
276.993567
277.152133
278.468500
278.484033
278.544267
280.080467
280.119933
280.496200
280.566967
280.726133
280.991733
281.017767
281.086900
281.120100
281.219933
281.287000
282.113467
282.152133
282.192900
282.314300
282.335400
282.478433
283.120100
283.345300
283.539900
284.205600
285.234067
285.450533
285.589567
286.109400
286.323000
286.354233
286.719900
286.932933
287.405900
287.933867
287.961967
288.534433
289.230267
289.531933
289.545400
289.742733
289.827267
289.857400
289.886500
289.991967
290.023933
290.158500
290.260567
290.549100
290.552500
291.805933
292.424167
293.140400
293.288667
294.960800
295.050167
295.100333
296.660800
298.268300
298.447967
298.656767
298.742567
298.933200
300.182367
300.805933
300.871133
302.066500
302.510700
302.580333
302.612800
302.673967
302.714267
303.395967
303.513500
303.659800
304.080533
304.711667
305.374533
305.468333
306.402167
306.902133
309.392933
309.601733
311.809700
312.400933
312.604467
313.076500
313.145600
313.220533
313.319000
313.842400
314.066733
314.257533
314.342733
314.775000
314.785333
315.207967
315.276933
315.402067
315.886300
315.918133
316.227900
316.376000
316.988767
317.507900
318.525433
318.665167
319.539033
319.835067
320.080167
320.324800
320.396733
320.672333
320.809267
320.919433
321.505967
322.073700
322.141167
322.190100
322.237700
322.403667
322.510833
322.603100
322.816033
322.905233
323.095767
323.455700
323.873433
324.046367
324.152433
324.300200
324.688900
325.385200
325.528567
326.176833
326.634833
326.970133
327.030267
327.098733
327.181267
327.251567
327.799900
327.913233
328.416233
328.451633
328.647600
328.819567
328.991033
329.433900
329.995033
330.309100
330.355533
330.411867
330.462033
330.660833
331.662400
331.726467
331.765233
332.034933
332.314833
332.359833
332.391933
332.614333
333.645167
333.711900
333.964467
334.089133
334.442300
334.599933
335.393667
335.655433
335.959367
336.962167
337.585467
337.944733
338.366567
338.619533
338.773533
339.289233
339.747900
340.018800
340.202900
340.731533
341.192600
342.089767
343.839000
344.624867
344.913767
345.250900
345.500000
345.648667
346.560400
346.918467
347.123333
348.254533
348.358700
348.533033
348.930800
349.024467
349.769333
349.972700
350.223233
351.058700
351.603533
351.689367
352.191967
352.321833
352.336700
352.438100
353.286267
353.437833
353.450433
353.857233
353.866567
353.928967
354.006100
354.074067
355.004167
355.040633
355.340967
355.406367
355.429767
355.594467
356.501467
356.723433
356.819367
356.885900
357.212033
357.627000
358.580667
358.800167
358.977767
359.555767
359.864933
362.419033
362.685833
363.476633
363.754733
363.770533
363.886833
364.440667
367.283733
367.537800
367.622833
368.103700
368.112233
368.307667
368.903933
368.990533
369.431733
369.707267
369.719867
369.910567
370.942967
371.259967
371.303133
371.932033
372.097233
372.739900
372.788300
373.069567
373.414633
374.157200
374.519833
374.653567
374.991067
375.073200
376.095833
377.423833
377.817300
377.824367
377.934833
378.010000
378.473267
378.644400
378.691467
378.770367
379.035833
379.252500
380.344400
381.173700
381.850600
381.868967
381.905933
381.922867
382.052900
382.601367
382.674933
382.773467
382.955233
383.524467
383.851533
384.508667
384.772767
385.150033
385.442833
385.942967
386.166167
386.483167
386.799000
387.075900
387.757867
388.804333
389.007700
389.263467
389.320700
390.045300
390.664500
390.764533
391.155433
391.189700
391.301033
391.658967
391.790200
391.942233
392.647667
392.737033
394.103800
394.214800
396.201733
396.725033
397.417600
397.898667
398.440000
398.598133
398.674367
399.170667
399.205400
399.387967
399.794267
399.916933
400.895233
400.995967
402.149533
402.260267
402.648333
402.791833
402.842600
403.133700
403.185333
403.256600
403.326833
403.378167
403.638167
403.943000
404.074967
404.112667
404.329233
404.693467
404.780733
405.001033
405.225400
405.247500
405.960400
406.146933
406.646267
406.803800
407.229933
407.461233
407.558433
407.914233
408.090833
408.287633
408.645267
408.911700
408.973767
409.033167
409.076100
409.274367
409.325133
409.612400
409.974867
409.990433
410.589400
411.011333
411.124700
411.303467
411.649167
411.811300
412.472700
413.466567
414.022267
414.499533
414.944200
415.365700
415.477100
415.921600
416.083833
416.646600
417.492267
417.889967
418.516067
418.787833
419.072633
419.364033
419.491100
419.621500
421.777367
421.881333
421.886767
422.011033
422.212900
422.248667
422.851900
422.998500
423.045400
423.373567
423.573567
424.721133
425.348167
425.545367
425.950467
426.422333
426.435067
426.924033
427.344533
427.683333
428.199700
428.434267
428.665367
428.863767
429.050767
429.546667
431.578400
432.133200
432.592333
432.936067
433.537700
433.923300
434.412000
435.199800
435.791400
435.838333
435.906900
438.280067
438.618167
439.656367
439.863067
439.916767
440.012900
440.167167
440.616400
441.112767
441.115933
441.179567
441.759667
441.854467
442.068133
442.082567
442.330933
442.388000
442.501000
443.334633
443.355733
443.783633
444.756900
444.844700
445.073133
445.406800
445.549567
445.553833
445.864867
446.145700
447.136400
447.705933
448.197900
449.207300
449.440067
450.192267
451.010267
451.484400
451.525267
451.693367
452.176267
452.513800
453.250367
453.396233
453.470900
454.142067
454.396567
454.400300
454.513433
454.907867
456.119433
456.312667
456.344733
457.753967
458.044733
459.077667
459.302867
459.492900
460.253733
460.297533
460.649000
460.977500
461.101200
461.748633
462.520733
463.492500
463.586867
463.759200
463.815600
464.364733
465.298267
465.414267
465.745567
466.036267
466.109433
466.639767
466.799600
467.317400
467.546567
467.672867
469.738067
469.953233
470.239667
470.420567
470.523767
471.272600
471.998367
472.089000
472.910067
472.911700
473.186467
473.509467
475.148667
475.307167
475.357667
476.004167
476.184267
476.276567
476.735000
476.873533
477.016700
477.147300
477.663800
478.062800
478.148067
478.476067
478.925633
480.377367
480.576433
481.045033
481.117500
481.369033
481.587733
482.571033
483.382767
484.720800
485.298033
485.802300
486.472067
486.544100
486.618133
486.722000
487.214500
487.359633
487.451300
488.708367
488.735967
489.377333
489.578600
489.603900
489.628033
489.870133
490.099300
490.190833
490.478733
490.691833
491.278867
491.415367
492.723433
492.781700
493.350733
493.718900
493.910567
493.976867
494.487767
494.925233
495.174833
495.185300
495.434867
495.775933
496.343167
496.396800
497.522100
497.741567
497.888067
498.786400
498.939400
499.022967
500.293967
500.340300
501.131167
501.161000
502.214467
502.877567
503.061233
503.393233
503.638367
503.824567
503.894633
504.258433
504.360300
504.678267
504.991400
505.883800
506.320200
507.058433
507.402733
507.697433
507.895967
508.118767
508.542467
509.038033
509.043300
509.085067
509.479133
509.597900
509.633800
509.753233
509.845567
510.246567
510.678867
510.745767
511.668567
512.553933
512.569567
513.155567
513.356567
513.461300
513.470067
514.740367
514.826467
514.894533
515.644133
515.652533
515.735867
515.849200
516.372700
517.047000
517.176000
517.395133
517.924967
518.250300
518.590100
519.271433
519.446000
519.578800
519.818267
519.957067
520.721800
521.247700
521.486600
521.676867
522.654267
522.920800
524.008767
524.049800
524.682600
524.945600
525.053000
525.220767
525.324367
525.446000
525.929467
526.078600
526.123667
526.661367
527.476800
527.640567
528.961500
529.100533
529.150333
529.585033
529.833733
529.998267
531.166600
531.207333
531.216533
532.352267
533.281167
534.058933
534.214867
534.452600
534.518933
535.076267
535.181000
535.459500
535.542667
535.582033
535.613700
535.752300
536.548133
537.227633
537.845567
538.240167
538.308900
538.488933
538.740933
538.803000
538.972667
539.137367
539.172500
540.094767
540.179467
540.260600
540.372933
540.665933
540.740400
540.898833
541.261833
542.130800
542.335100
542.801433
543.101233
543.288800
543.441867
543.622833
544.396767
544.979900
545.051767
545.098633
545.312933
545.519767
545.719533
545.759100
546.635867
547.658333
547.812467
547.939067
548.196133
548.227867
548.270100
548.421933
548.455233
548.490933
548.598567
548.656367
548.740267
549.025367
549.176900
549.904700
550.152600
550.655267
551.987333
552.185600
552.249100
552.256300
552.362767
553.216600
553.352633
553.410433
553.784367
553.902600
554.145433
554.347767
556.580967
557.011433
557.034400
557.043233
557.123333
557.133667
557.216867
557.712733
557.795467
558.244800
558.710333
559.015733
559.893000
560.041300
560.605267
560.838733
560.867300
561.671800
561.776867
562.840800
562.981500
563.409367
563.533667
563.576067
563.790600
564.158333
564.162567
564.308833
565.443333
565.557900
566.049833
566.123433
566.764233
566.825767
566.962133
567.016100
567.054500
567.344033
567.483700
567.881900
567.929400
567.986100
568.003333
568.044367
570.154933
570.293300
570.346367
571.295400
571.420467
571.558333
571.617900
571.725467
571.830500
571.868833
572.228167
572.363833
572.761467
572.817033
574.311967
574.585867
575.068133
575.128067
575.282233
575.561167
575.734533
575.769400
575.806700
575.887300
575.922733
576.078267
576.248067
576.265433
576.457233
577.157233
577.225267
578.008067
579.800767
579.879833
580.231233
580.862033
580.973000
581.337467
581.697700
581.841467
582.106633
582.718400
583.216667
583.767767
584.735767
585.900000
586.805400
586.810700
587.259100
587.770200
587.862000
588.761233
589.229267
589.516100
589.774167
590.413700
590.908733
591.973033
592.783133
593.441167
593.500600
594.146300
594.277067
594.739533
594.824900
595.047267
595.421200
595.494100
595.563933
595.616900
595.624100
595.825700
596.118500
596.346033
596.377767
597.025200
597.070667
597.128133
597.429200
597.473200
597.618800
597.765800
597.879367
598.412800
598.598067
598.608333
598.637467
598.672067
599.134767
599.243767
599.333233
599.436300
599.609900
600.273900
600.607100
600.719000
600.815567
600.838867
601.386700
601.651967
602.121033
602.297300
602.517533
602.563467
602.704700
602.718800
602.771300
603.430333
603.546133
603.609933
603.809867
603.903700
604.447433
606.233267
606.251133
606.960233
607.299200
607.341567
607.374933
607.586300
607.691600
607.828300
607.983300
608.548367
608.824767
608.850133
609.039933
609.279000
609.835967
610.531067
610.546267
611.766100
612.056367
612.594133
613.206000
613.366667
613.657667
614.004967
614.142533
614.193333
614.638933
615.192967
615.292533
615.406367
615.604867
615.953233
616.628933
617.087067
617.167433
618.316833
618.482033
618.677767
619.735433
619.761000
620.425533
620.682600
620.943300
621.156233
621.339500
621.693300
622.435467
622.848467
623.642433
624.944000
625.632200
625.662900
625.787300
625.893967
626.337467
626.461367
626.468867
626.504333
626.630400
626.908833
626.924400
627.615900
628.215467
628.302367
628.748033
629.158133
629.320333
629.743167
629.814367
630.244667
630.286500
630.313567
630.373033
630.446900
630.605967
631.655367
631.853700
633.805967
633.912733
633.928033
634.329267
634.903700
634.957400
635.188733
635.426900
635.806000
635.872933
636.120167
636.428300
636.460233
636.522233
637.449433
637.627133
637.729933
637.819100
637.931533
639.342633
639.869800
640.104800
640.456533
640.863867
642.365000
644.917067
645.167433
645.235433
645.711267
645.765267
646.181767
646.294500
646.407267
646.536600
647.281300
648.015700
648.114367
648.237133
648.564133
649.559733
649.960800
650.056167
650.321067
650.607767
650.714767
651.204633
651.487800
651.579933
651.644867
651.696700
651.793033
653.214867
653.463533
653.506733
653.545633
653.868300
654.148933
654.647367
654.703600
656.611233
657.224200
657.681200
658.771600
659.393767
659.874933
659.929367
660.028133
661.505700
661.589600
661.762733
661.788167
662.997967
663.142367
663.180033
663.438633
663.522333
664.307100
664.408867
664.413667
664.821367
665.570867
665.592467
666.366100
666.404333
666.461033
666.789000
667.137467
667.208100
667.516667
667.616700
668.026267
668.057067
668.503533
668.740633
669.552700
669.877367
669.905533
669.977767
670.058500
670.298400
670.327067
670.403400
670.439433
670.719267
670.758267
670.802233
671.460067
671.833767
672.485033
672.786533
672.819700
672.893867
673.522800
674.263667
675.484733
675.640567
675.998633
678.025867
678.454400
678.640967
678.695267
678.850600
680.117300
680.187933
681.490400
681.528800
681.867267
681.995567
682.108133
682.494400
683.258000
683.506067
683.604967
684.427333
684.524100
685.098867
685.210433
685.261800
686.383867
686.669367
686.788767
686.807000
686.878167
686.910900
687.255867
687.332167
687.451567
688.251533
688.393100
688.459900
688.781200
689.043300
689.905133
690.070733
690.754200
690.984433
690.992667
691.050400
692.005033
692.129633
692.458033
692.717500
692.894167
693.131200
693.366533
693.816167
694.010733
694.024567
694.129667
694.326100
695.017133
695.111733
695.519100
695.583367
695.956900
696.018100
696.545267
696.798300
697.722300
698.478333
699.067000
699.662600
700.336167
700.440467
702.238200
702.332433
702.559267
702.813333
703.782333
704.004633
704.195500
704.329500
704.570767
704.963567
705.346767
705.358633
705.577867
705.886633
706.140700
707.968467
708.121000
708.407200
708.595633
708.751833
708.764667
709.272500
709.373567
709.447000
709.663867
709.704033
710.128233
710.340300
710.368033
710.418267
710.724933
710.734467
710.913933
710.958067
711.551667
711.764233
711.780100
712.623800
713.716233
714.358400
714.634133
714.969333
715.148733
717.897767
718.352167
718.519733
719.108967
722.266233
722.900833
725.345000
725.826567
726.253667
726.561167
727.076700
727.183933
728.499433
728.777000
728.881733
728.898467
729.552333
730.289100
731.129833
731.223333
731.906833
732.354667
732.518700
733.153233
733.561467
733.946333
734.520500
734.778933
735.505133
735.562300
735.645400
735.945167
735.958500
736.474100
736.535300
737.465200
737.567600
739.027267
739.172133
739.463200
739.865867
740.310667
740.414300
740.802833
741.273467
741.897100
742.217100
743.112267
743.219633
743.505033
743.662767
743.899267
743.994233
745.407200
745.591400
745.800133
745.810100
746.076567
746.885867
747.044500
747.284867
747.736467
747.768733
748.114000
748.218433
748.314367
749.006567
749.092600
749.874367
749.998600
750.184233
750.318367
750.368033
750.592667
750.769200
751.102300
751.143567
751.205667
751.501233
751.721733
751.871700
752.583833
752.658200
752.932367
753.138767
753.284067
753.732367
753.881300
754.074467
754.481467
754.566933
755.120367
755.892967
756.464767
756.674333
756.897300
757.507400
757.618767
757.710133
758.060333
758.541167
758.774400
759.718400
760.136633
761.223567
761.995700
762.997700
764.331700
764.571933
764.770333
764.823133
764.879267
765.903567
766.186300
766.447133
766.590200
766.911133
767.248933
767.494767
767.532667
767.690633
767.949100
768.237033
768.394567
768.411300
768.535433
768.854000
768.869333
769.296900
769.451767
769.768033
770.832100
770.898000
771.468533
771.496700
771.728800
771.750600
771.847667
772.112200
772.491500
772.857367
773.089233
773.130700
773.157533
773.579633
773.745700
773.786867
773.982600
774.184733
774.400500
774.773733
775.008467
775.161767
777.411033
777.893667
778.057267
778.864300
779.098033
779.118633
779.502033
779.585767
779.802833
780.067033
780.199967
780.927200
781.631067
781.715467
782.847733
782.955000
783.004800
783.133100
783.208600
784.077300
784.186700
784.616533
786.136433
786.248433
786.535533
786.673700
789.235233
789.360333
789.796500
792.766567
793.176933
793.332133
793.442900
794.515833
795.115300
795.376067
795.481933
795.616400
795.620500
795.828200
796.043067
796.458733
796.775833
796.940867
797.017267
797.208000
797.461000
798.258733
799.089100
799.833500
799.964300
800.055367
800.664800
800.714400
800.843800
802.332667
803.311833
803.598033
803.838000
804.681533
804.706000
805.015967
806.710733
806.749167
807.444700
807.469233
807.491733
807.748800
808.707233
809.171067
809.284967
809.609333
809.685067
809.821433
809.855300
810.474533
810.516133
810.850900
810.868300
810.914633
811.133933
811.493300
812.209367
812.376133
813.133100
813.467067
813.672900
813.994300
814.475167
815.007567
815.209367
815.436267
815.505467
815.554033
815.677700
815.956700
816.158200
816.386400
816.405067
816.576500
816.779600
817.534533
818.015367
818.167200
818.598233
819.189500
819.243867
819.285233
819.483367
819.610833
819.642100
819.707600
819.905633
819.947567
820.000800
820.360100
820.389567
820.400867
822.254133
822.770367
822.984600
823.016700
824.759633
824.880000
825.070800
825.315667
825.593767
825.635300
825.722567
826.444767
826.550667
826.639267
826.715467
826.911700
827.895800
828.441100
828.575633
828.823400
829.194367
829.394100
829.447167
829.457633
829.667267
830.301133
830.919733
830.951233
831.914833
832.713033
832.794900
833.503467
834.282967
835.216167
835.392500
835.883800
836.045033
836.220600
836.880400
837.565233
838.575133
838.848100
839.067100
840.035267
843.864533
844.139233
844.215300
844.401733
844.454933
844.694467
844.949433
845.505933
845.790400
845.919667
846.149367
846.768033
846.855067
848.939500
848.952400
849.420433
849.484400
849.879467
849.961833
850.236700
850.254000
850.441067
850.781500
851.249767
851.457633
851.825567
851.854767
852.549800
852.777200
852.839100
852.901200
852.978467
853.560100
853.702533
853.772233
853.890700
853.969633
854.161200
854.211833
854.831533
855.126900
855.361200
855.648133
855.893100
856.094900
856.643333
857.318967
857.990967
858.011000
858.844167
858.849200
859.412433
860.576833
861.646267
862.680233
863.636200
863.920400
864.101133
864.324700
864.535500
864.708433
864.771033
864.840967
864.984867
865.101700
865.325433
865.594267
865.672767
866.000133
866.175733
866.363600
866.996200
867.563433
867.845533
869.662033
869.848967
870.237033
870.341733
870.484567
871.089633
872.510633
872.881500
873.138800
873.143867
873.186800
873.235467
873.534533
873.548067
873.628100
874.134567
875.139833
875.159967
875.241633
875.281900
875.428033
875.697567
875.810700
876.997500
878.068967
878.386200
878.466833
879.230267
879.385567
879.557467
880.366100
880.385700
880.524833
880.565067
881.416300
882.229367
882.360833
882.545900
882.976133
883.234800
883.724133
884.045267
884.499033
884.522967
884.699700
884.780300
885.539200
885.752033
885.944733
886.542100
886.718767
886.917133
887.578033
887.699800
887.762533
887.943367
888.463900
888.575767
888.834767
889.432300
890.481333
890.890700
891.110400
891.436067
892.497367
892.733867
894.687233
895.113367
895.164167
895.271533
895.464300
895.505500
895.817433
896.276533
896.421833
896.477267
896.792167
897.163900
897.244967
897.617867
898.181433
898.960133
899.503867
899.590000
899.693667
901.679900
902.091333
902.788867
904.241867
904.370267
904.688267
904.720700
906.119600
906.787600
907.021933
908.270000
908.816033
909.362267
909.417733
909.806367
910.114233
911.003433
912.507733
913.092867
913.660200
914.090067
914.714033
915.900367
916.272567
917.881600
918.739533
919.207633
919.643033
919.802233
920.106500
920.264700
920.572800
921.009833
921.048700
922.394333
922.535000
922.707733
923.605567
923.720567
923.731367
923.990667
924.088900
924.236367
925.718567
925.787000
926.035400
928.120000
928.169167
928.661300
928.813233
929.334833
929.551967
929.564667
931.144133
931.614233
931.909233
931.973333
932.897633
932.950400
933.223833
933.306700
935.638167
935.796833
935.977467
936.118100
936.435900
936.463933
937.330433
937.564233
938.267933
939.345433
939.925067
939.996567
940.202200
940.937967
941.612433
941.823300
941.832000
942.124067
942.295967
942.544600
943.104967
943.154300
943.196333
943.538067
943.623767
943.844933
943.851300
944.140933
944.516733
944.680267
944.969533
945.323000
946.327933
947.255233
948.466533
949.795767
949.951700
949.981933
950.155167
950.179800
950.676733
950.965833
951.262333
953.625667
955.561233
955.657900
956.278167
956.435533
956.549667
956.603367
956.754400
956.852633
957.139367
957.266367
957.904000
958.389300
958.555600
959.601733
960.322467
961.623867
961.664033
961.701933
961.800900
961.813033
962.084467
962.743267
963.054667
963.113467
963.256433
964.060467
964.554100
964.858533
964.999067
965.173367
965.258533
965.603467
965.937967
966.011467
966.075633
966.465167
967.159400
967.477033
967.574267
967.746033
968.013267
968.152267
968.440733
969.124333
969.396633
969.986300
970.192000
971.207933
971.568733
971.597667
972.218133
972.434500
972.844133
973.445367
973.700433
974.350133
975.248633
975.387300
975.494333
976.323767
976.360733
976.391100
977.040833
977.288900
977.340400
979.411367
979.615900
980.042067
980.081400
980.288633
980.332333
980.525500
981.014733
981.092867
981.178900
981.234367
981.464500
981.489600
981.655100
981.721433
982.250100
983.195533
983.391733
983.543200
983.769300
984.385133
984.788000
985.118900
985.159600
985.416667
985.454267
986.535533
987.130667
987.558767
987.615000
987.640567
987.687367
988.055833
988.367500
988.425800
988.704333
988.877600
989.221267
989.345500
989.529000
989.907300
989.986767
990.100967
990.937133
991.010333
991.679900
991.761333
992.257833
992.942533
993.236733
993.546133
994.052067
994.203800
994.295133
994.583567
994.611000
995.020267
995.102267
995.705433
995.897767
996.656733
997.647033
998.558433
998.867667
999.306567
999.821867
1000.204967
1000.797267
1001.122500
1001.401667
1001.473300
1001.518167
1001.624267
1001.769733
1001.996200
1003.154700
1003.499200
1003.685200
1004.491767
1005.150200
1005.200267
1006.693033
1007.187100
1007.207900
1007.493367
1007.840300
1008.221400
1008.286300
1010.021167
1010.038367
1010.054167
1010.131700
1010.340467
1010.574700
1010.844933
1012.016400
1012.352700
1012.430567
1012.860133
1013.028700
1014.006700
1014.486500
1014.633800
1014.840467
1015.239733
1015.868333
1016.655800
1016.827867
1016.906267
1016.974933
1017.461167
1017.867467
1018.108733
1019.578600
1019.585100
1019.935600
1020.335800
1020.538000
1020.572067
1020.622767
1020.833333
1020.993633
1021.504733
1022.405733
1024.194667
1024.436900
1024.466667
1024.585433
1024.848600
1027.245633
1027.434267
1029.628233
1030.813967
1033.950867
1034.525800
1036.397833
1036.612700
1038.130433
1038.586000
1038.755067
1039.250233
1040.183833
1040.406167
1040.445200
1040.495100
1040.542100
1040.594167
1041.243033
1041.287067
1041.483133
1041.541733
1041.620433
1041.680500
1041.766067
1041.941500
1042.010167
1042.102600
1042.170233
1042.793933
1042.877467
1043.102067
1043.245833
1044.276700
1044.348933
1044.976600
1045.082733
1046.984600
1047.200167
1047.765867
1047.789833
1047.971833
1048.932433
1049.212867
1049.440067
1049.478267
1049.895100
1050.006600
1050.493800
1051.289800
1051.959000
1052.351833
1052.771433
1052.782333
1052.880300
1053.002767
1053.217667
1053.249300
1053.303467
1053.473167
1053.523300
1054.085033
1054.363333
1055.182933
1055.622367
1056.620200
1056.666633
1057.129933
1057.404300
1057.679133
1057.766833
1058.153167
1059.029067
1059.073600
1059.599267
1059.701500
1059.798767
1061.170567
1061.320000
1061.588533
1061.675267
1061.876700
1062.100233
1062.159400
1062.299633
1062.366500
1062.582033
1062.704833
1062.985867
1063.514000
1063.966067
1064.407233
1064.441600
1065.138467
1065.709400
1065.770400
1065.907467
1066.756533
1066.840333
1068.140800
1068.369400
1068.476267
1069.003667
1069.234867
1069.340067
1070.124167
1070.418267
1070.457700
1070.875767
1071.096067
1071.262433
1072.059500
1072.834633
1075.365767
1076.115533
1076.183433
1076.226867
1076.261700
1077.465400
1080.361800
1082.621767
1082.702667
1082.765967
1083.089833
1085.072333
1085.325367
1085.962967
1086.312900
1086.410767
1086.468267
1086.984867
1087.024067
1087.110233
1087.239133
1087.432233
1087.551733
1087.710533
1087.962833
1088.284267
1089.086200
1089.617633
1089.630133
1090.159233
1090.189433
1090.196133
1090.357133
1090.645100
1090.912000
1092.141867
1092.233900
1094.971067
1095.368900
1095.569533
1095.610967
1095.881133
1096.467467
1097.543367
1098.383400
1098.922300
1099.708567
1099.994733
1100.092367
1100.173433
1100.388433
1100.463933
1101.876133
1102.113367
1102.585700
1103.129700
1103.709200
1103.780833
1103.813233
1104.425367
1104.683067
1104.916200
1104.995633
1105.167067
1105.452567
1105.499433
1105.553600
1105.780500
1106.285567
1106.581967
1107.329400
1107.368067
1107.406267
1108.166533
1108.399600
1108.560700
1109.464567
1109.619433
1111.393933
1111.450667
1111.555033
1111.688567
1111.894400
1111.939500
1112.075967
1112.080067
1112.576800
1112.661400
1112.735800
1112.760267
1112.829200
1113.025433
1113.217133
1113.409700
1113.948233
1115.129733
1115.273267
1115.963567
1116.236033
1116.416767
1117.024667
1117.578967
1118.091167
1118.159967
1118.242300
1118.637333
1118.677800
1118.827667
1118.836667
1118.866700
1119.089000
1119.152733
1119.847100
1120.217033
1120.269633
1121.077267
1121.966033
1123.076700
1123.159833
1123.418500
1123.606533
1123.762300
1123.827267
1124.431600
1124.522467
1125.067733
1125.476767
1125.792400
1126.003967
1126.858500
1127.235100
1127.565900
1127.608067
1128.372133
1128.886933
1129.248767
1130.020767
1130.037233
1130.182900
1130.282467
1130.427433
1130.550200
1130.877800
1130.986700
1131.029000
1131.183400
1132.020667
1132.526200
1132.677500
1132.756467
1132.788367
1133.515900
1135.399400
1135.939433
1136.113233
1136.672800
1137.673833
1138.484667
1139.108933
1139.354933
1139.455367
1139.605133
1139.652800
1139.687867
1140.111967
1140.185333
1140.406933
1140.971533
1141.317233
1141.702233
1141.861867
1142.823100
1143.128467
1144.099467
1144.150300
1144.191733
1144.383100
1144.387267
1144.903500
1145.116333
1145.215633
1146.039033
1146.045833
1147.089400
1147.514200
1148.199833
1148.532533
1148.851867
1148.918467
1149.291233
1149.447733
1149.511033
1149.783433
1149.820433
1149.980533
1150.914767
1153.204567
1153.296900
1154.527833
1154.705300
1155.027333
1155.551767
1155.716433
1156.236533
1156.569667
1156.607300
1157.199967
1157.233800
1159.868900
1159.913300
1159.953467
1160.157167
1160.215000
1160.444400
1160.619200
1162.147433
1162.184700
1162.517400
1162.905133
1163.893567
1164.094767
1164.732667
1164.738500
1164.980167
1166.270633
1166.542800
1166.581833
1166.663067
1168.638000
1168.732033
1169.037533
1169.112100
1169.356667
1170.191833
1170.762367
1170.804133
1171.249167
1171.440133
1171.620133
1171.661067
1171.912733
1171.931467
1172.167800
1172.484800
1173.054600
1173.533900
1173.664233
1173.678233
1173.775033
1173.814833
1174.326900
1175.627800
1175.696800
1175.835267
1176.228133
1176.364200
1176.455367
1176.823033
1178.178367
1178.233633
1178.552000
1179.241133
1179.393267
1179.831100
1180.243767
1180.508600
1180.600267
1181.086000
1181.205633
1181.652667
1181.790300
1183.068600
1183.524200
1183.541833
1183.634400
1184.010800
1184.247767
1184.605933
1185.259500
1186.537667
1186.759900
1186.976033
1187.378567
1187.441633
1187.654233
1187.937233
1188.516733
1188.670133
1189.215467
1190.298467
1191.948333
1192.391100
1192.981567
1193.641167
1193.812500
1193.940567
1194.036300
1194.351500
1194.829167
1195.053667
1195.165667
1195.508567
1195.595933
1196.533333
1197.570767
1197.924333
1198.345433
1198.641800
1198.720300
1199.790933
1200.335533
1200.845433
1200.916900
1201.222333
1201.810700
1201.849167
1202.164167
1203.477133
1203.540200
1204.587567
1204.952267
1205.276300
1205.304200
1206.384067
1207.020333
1207.374800
1207.562133
1207.775300
1208.754100
1209.072533
1209.211767
1209.357167
1209.503933
1209.665333
1210.216067
1210.514800
1210.773533
1210.806900
1210.915833
1211.240133
1211.915133
1212.343800
1213.502167
1213.578733
1213.984967
1214.335667
1214.731133
1215.188000
1215.312567
1215.669333
1215.760433
1216.232933
1216.308900
1218.574467
1219.029433
1219.247933
1220.102600
1220.728200
1220.864333
1221.223233
1221.834833
1222.063167
1222.185633
1222.328500
1223.599833
1224.220033
1224.305433
1225.280233
1225.427600
1225.554200
1225.871933
1226.174900
1226.969967
1227.185300
1227.311433
1227.468533
1228.316667
1229.447467
1229.641333
1230.564667
1230.861367
1230.968433
1231.517133
1231.884300
1231.891767
1233.666767
1234.122000
1234.250467
1235.071067
1235.366600
1235.883933
1236.127400
1236.308500
1236.377467
1236.577800
1236.790100
1237.290533
1237.761033
1237.919867
1238.168767
1238.214867
1238.673233
1238.734267
1238.772233
1239.137733
1239.232633
1239.355567
1239.498833
1239.854867
1240.411333
1240.679733
1242.202967
1242.412533
1242.582367
1242.628700
1242.989033
1244.561600
1244.750933
1245.482033
1246.227300
1246.654733
1246.688333
1247.167633
1247.429800
1247.715900
1247.993900
1248.150567
1248.809633
1249.204867
1249.858567
1250.393600
1251.196733
1251.380500
1252.149400
1252.537200
1252.803167
1253.290467
1253.411533
1253.584800
1253.990633
1254.069000
1254.373733
1254.483133
1254.928400
1255.506867
1255.549067
1255.779100
1255.872733
1256.680400
1257.353367
1258.392533
1258.942567
1259.017433
1259.138833
1259.243167
1264.865433
1265.429100
1266.459300
1266.482100
1266.678400
1266.796600
1267.041533
1267.961400
1270.551600
1270.768533
1270.814200
1271.048000
1271.061000
1271.371633
1271.484967
1272.134200
1272.324667
1273.250500
1273.418467
1273.796767
1274.050833
1274.232200
1274.750300
1275.250333
1276.133333
1276.151833
1276.174100
1276.640400
1277.312900
1277.618867
1278.349200
1278.473200
1278.512467
1278.521000
1278.834867
1278.956200
1279.434067
1281.699700
1282.771800
1282.850000
1283.670633
1284.054233
1284.226600
1284.579700
1284.780967
1284.822467
1285.072500
1285.517067
1286.357067
1287.864300
1288.029400
1288.249600
1288.530300
1288.669467
1288.758833
1288.836667
1289.008633
1289.306800
1289.548800
1290.613200
1291.171367
1291.229367
1291.886133
1292.046133
1292.246200
1292.325433
1292.398267
1292.797433
1292.951167
1292.976033
1293.153533
1293.893733
1294.127400
1294.748300
1295.031533
1295.346833
1296.594200
1296.643667
1296.829700
1297.026100
1297.044200
1297.063433
1297.680533
1298.176233
1298.271367
1298.472400
1299.483367
1299.821167
1299.870600
1300.509333
1300.647067
1300.679333
1301.621267
1301.982467
1302.060533
1302.075167
1302.144700
1302.272467
1302.448900
1302.508367
1302.732700
1303.903367
1304.722267
1305.665133
1305.808500
1307.282433
1307.639900
1308.085567
1308.230433
1308.339233
1309.214267
1309.885500
1310.522000
1311.494300
1311.592433
1311.722333
1311.820333
1311.990300
1312.159267
1312.284533
1312.441000
1312.808367
1313.074233
1313.108967
1313.143633
1313.232700
1313.939400
