0.205900
0.233300
0.411667
0.658667
0.679333
0.732500
0.921767
1.000533
1.065300
1.165633
1.240833
1.306133
1.323833
1.606700
1.990267
2.364433
2.405200
2.440067
2.526633
2.572333
2.642700
2.744067
2.801767
2.859567
3.091400
3.197733
3.245333
3.359500
3.461333
3.544967
3.586700
3.633067
3.721967
3.780700
3.846500
3.918133
3.952433
4.025833
4.046133
4.056567
4.230567
4.251433
4.480533
4.730400
5.057300
5.128300
5.181433
5.214367
5.229433
5.279367
5.539033
5.593933
5.647800
5.793467
5.882600
5.928333
6.157567
6.509467
6.930133
7.012167
7.044667
7.208967
7.336200
7.372067
7.417400
7.501067
7.535967
7.794133
7.932833
8.207467
8.365733
8.633700
8.657567
8.668800
8.869933
9.124767
9.276367
9.429567
9.446467
9.509767
9.765133
9.805800
9.854967
10.032233
10.092300
10.133400
10.495200
10.591800
10.890167
11.397067
11.461033
11.573833
11.638167
11.787100
11.998100
12.158500
12.305000
12.732233
12.864767
12.990833
13.020767
13.035500
13.069200
13.071100
13.202333
13.330200
13.437667
13.450533
13.474633
13.516700
13.528633
13.539967
13.587767
13.666167
13.725400
13.872900
14.143533
14.197433
14.245733
14.255733
14.439567
14.524467
14.758967
14.987067
15.055167
15.170567
15.287800
15.318500
15.353867
15.563233
15.649100
15.727400
15.972633
16.075267
16.164733
16.233433
16.338267
16.606200
16.634300
16.784000
16.932133
17.117133
17.180867
17.269700
17.597133
17.720100
18.773967
20.583167
20.687267
21.237733
21.565267
21.696233
21.834100
21.992133
22.274533
22.531500
22.628167
22.810967
23.321233
24.357833
24.915167
25.242600
25.364067
25.468067
25.568700
25.802333
25.822233
25.843467
25.881233
25.925067
25.939067
26.022167
26.078333
26.135333
26.181800
26.247600
26.283733
26.350133
26.388700
26.446567
26.535900
26.545967
26.708500
26.711933
26.867400
27.329967
27.615067
27.687267
27.921067
28.157867
28.226200
28.337000
28.433200
28.461100
28.655833
28.728933
28.825700
28.855633
28.935833
28.949833
29.009300
29.109033
29.158967
29.170900
29.331467
29.348267
29.389267
29.721400
29.807967
29.864033
29.941867
30.094933
30.251667
30.409467
30.471733
30.614633
30.637300
30.735167
31.032833
31.235733
31.295533
31.409800
31.427667
31.611700
31.665633
31.915533
32.167967
32.339400
32.433000
32.609633
32.719300
32.788867
32.818367
33.172233
33.241233
33.265367
33.339167
33.381800
33.579167
33.734500
33.889933
34.013267
34.362467
34.889100
34.927733
35.150833
35.186700
35.393067
35.463900
35.609800
35.690300
35.763833
35.832100
35.938300
35.976933
36.069333
36.097200
36.121833
36.157733
36.187667
36.220667
36.241433
36.274733
36.447633
36.652733
36.772000
36.858767
36.867200
37.216367
37.266067
37.424633
37.757433
38.041033
38.134700
38.255433
38.347400
38.374533
38.452567
38.537900
38.567033
38.709400
38.767600
39.109567
39.149667
39.259200
39.520867
39.587800
39.718333
39.734367
39.769333
40.016567
40.222367
40.409333
40.515833
40.593067
40.760633
41.063333
41.278833
41.470633
41.599500
41.730200
41.892433
41.922733
41.971800
41.987367
42.341933
42.571967
42.597000
42.745333
42.947733
43.249567
43.271667
43.307333
43.997933
44.039033
44.459567
44.872967
44.912433
44.959167
45.265533
45.476933
45.614200
45.728867
45.909600
45.968200
46.159900
46.556133
46.704933
46.878633
46.972067
47.048467
47.159500
47.332300
47.411167
48.092667
48.726100
48.961600
49.168500
49.314933
49.971067
50.262733
50.940400
51.111767
51.451733
51.459967
51.497833
51.502600
51.586233
51.693700
51.729667
51.795233
51.846533
51.971633
52.235933
52.363767
52.584433
52.700833
52.801767
52.826000
54.301200
54.365367
54.459633
54.812100
54.893333
55.210433
56.030433
56.100733
56.368567
56.388433
56.620033
56.730233
57.473767
57.486033
57.547800
57.565300
57.602033
57.633233
57.683200
57.853267
57.989333
58.058367
58.166333
58.338800
58.445133
58.487400
58.566167
58.783167
58.930267
58.957733
59.029367
59.115767
59.285567
59.292767
59.325167
59.344467
59.514133
59.541400
59.569100
59.602000
59.692967
59.703200
59.896533
59.994900
60.005100
60.944700
61.016700
61.030167
61.166867
61.475233
61.538533
61.557867
61.663467
61.804467
63.935367
63.939500
64.045000
64.164800
64.231433
64.291833
64.339067
64.434767
64.522267
64.606700
64.755667
64.772733
64.840967
64.861000
65.123033
65.183100
65.235700
65.388433
65.425333
65.843400
66.086367
66.346800
66.783333
67.296100
67.315500
67.668533
67.757100
67.843200
68.130633
68.354600
68.459033
68.552833
68.582833
68.608833
68.740467
68.783867
68.804900
68.866767
68.873500
68.893000
69.383267
69.422000
69.436833
69.452200
69.629833
69.702267
69.806433
70.513633
70.730967
70.748467
70.756367
70.858633
70.972433
71.460333
71.786567
71.820767
71.887700
72.060133
72.538967
72.604167
73.027800
73.034233
73.785167
74.191100
74.449500
74.786600
74.822800
76.132200
76.163633
76.388300
77.283533
78.216867
78.296333
78.530667
78.633900
78.876267
78.987967
79.113367
79.195467
79.284600
79.498833
79.657567
79.924667
80.017967
80.244300
80.310333
80.443867
80.542600
80.634700
80.803600
80.854967
80.905133
81.068700
81.161833
81.312433
82.426400
83.053267
83.596033
84.173700
84.378033
84.971867
85.043200
85.198933
85.499267
85.776067
85.796800
86.078367
86.154533
86.701833
86.865767
88.343200
88.817633
88.997967
89.674733
89.721567
90.065333
90.138333
90.242000
90.269500
90.320767
90.485600
90.543100
90.776367
90.898433
91.693867
92.101533
92.380933
92.412200
92.426833
92.524700
92.873667
92.979400
93.146567
93.400467
93.962300
94.242700
94.440267
94.586533
94.602300
94.653100
94.741667
94.771333
94.884333
94.968367
95.102033
95.495800
95.549267
95.621400
95.638200
95.870000
95.979500
96.133100
96.158400
96.367633
96.569967
97.101167
97.178333
97.341567
97.488133
97.719667
97.838667
97.866167
98.104767
98.185700
98.367933
98.980533
99.110767
99.217467
99.419833
99.844633
99.933933
99.994567
100.000233
100.050533
100.087867
100.093267
100.162167
100.179300
100.236900
100.274833
100.355600
100.692000
100.789000
100.935333
101.142767
101.186400
101.263000
101.293567
101.352000
101.468833
101.526333
101.570733
101.666067
101.681633
101.694933
101.837967
101.903333
101.954233
102.079500
102.431233
102.561267
102.757267
102.877133
102.886833
103.129633
103.142600
103.219167
103.286133
103.335433
103.583433
103.628333
103.954467
104.132800
104.184400
104.329600
104.632000
104.764500
105.043533
105.263200
105.385833
105.458533
105.684600
105.773300
106.014100
106.113400
106.241333
106.419200
106.587733
106.655500
106.761667
106.913333
106.931567
107.050600
107.087100
107.182800
107.278867
107.343867
107.594700
107.659967
108.102400
108.112633
108.316233
108.355067
108.383733
108.548933
108.594333
108.696800
108.830033
108.877567
108.937100
108.981433
109.100800
109.134700
109.153233
109.277200
109.345567
109.375267
109.401467
109.482400
109.493633
109.538133
109.760267
109.999567
110.216467
110.346100
110.423300
110.771633
110.864000
110.917533
111.227400
111.455300
111.533200
111.589967
111.650933
112.199033
112.237767
112.424000
112.592267
112.624900
112.642067
113.231700
113.269033
113.377000
113.818600
113.920900
114.012700
114.101500
114.374000
114.430133
115.182967
115.528767
116.293500
116.464233
116.619000
116.763367
117.087933
117.110333
117.426500
117.624967
117.670400
117.774800
117.866367
117.995167
118.096067
118.194467
118.297500
118.350100
118.357733
118.462500
118.515767
118.660767
118.755000
119.371867
119.506400
119.551133
119.695533
119.895133
120.069300
120.108900
120.292200
120.451800
120.841567
120.911300
121.121067
121.398467
121.485567
121.742300
121.892233
122.064333
122.892533
122.970800
123.042567
123.093933
123.308867
123.428133
123.506300
123.519600
123.615833
123.804300
123.907867
124.071000
124.151867
124.217867
124.316667
124.439800
124.568167
124.711333
124.787400
125.274933
125.554167
125.696200
125.846633
125.893067
125.972767
126.060833
126.157167
126.214533
126.322033
126.386933
126.466267
126.547800
126.617267
127.098400
127.540800
127.773567
127.959733
128.053633
128.099667
128.113000
128.206500
128.226233
128.269067
128.328700
128.525933
128.603567
128.687467
128.766567
128.904300
128.984500
129.027867
129.131300
129.358900
129.490367
129.603367
129.739467
129.948600
130.059833
130.699633
130.711333
131.297367
131.406633
131.619567
131.691133
131.720533
131.807400
131.911433
132.182933
132.218367
132.642800
132.754933
132.998467
133.525500
133.544133
133.712733
133.732800
134.041000
134.136667
134.203200
134.239667
134.312500
134.490733
134.497167
134.581700
134.897300
134.981900
135.235900
135.489600
135.570700
135.847633
135.906200
136.018600
136.044733
136.163100
136.245267
136.376733
136.446467
136.779467
136.893467
136.975567
137.151400
137.244800
137.362267
137.474200
137.643767
137.719600
137.887033
138.418933
138.604133
138.691200
139.113333
139.211233
139.353033
139.502033
139.551567
139.581033
139.641000
139.799500
139.855267
140.523167
140.555400
140.743333
140.807467
140.889867
140.930667
140.976400
141.002267
141.173500
141.189233
141.264100
141.305567
141.444833
141.520533
141.627967
141.738000
141.887167
142.034700
142.266767
142.425367
142.481333
142.847300
143.056133
143.242233
143.525100
143.763467
143.790500
143.941200
144.083367
144.139733
144.482367
144.532067
144.584667
144.941967
145.069733
145.868400
145.904400
146.115933
146.522633
146.566100
146.593400
146.776500
146.822667
146.993300
147.023433
147.111633
147.249800
147.424500
147.583467
147.640333
147.689433
147.695267
147.723733
147.762600
147.771900
147.907967
147.998967
148.108133
148.211733
148.287600
148.403433
148.849967
149.022233
149.069667
149.411300
149.614733
149.825700
149.973333
150.029533
150.089067
150.140467
150.200700
150.398033
150.627233
150.997200
151.397100
151.600333
151.670600
151.885433
151.949933
152.706633
153.157533
153.318500
153.386600
153.536100
154.234167
154.665833
155.291833
155.411733
155.437200
155.637800
155.697800
156.292967
156.873600
157.134700
157.190400
157.266767
157.696533
157.744533
157.836933
157.973667
158.051367
158.198600
158.516300
158.572733
158.726167
158.806267
158.939667
159.015333
159.069467
159.158267
159.346300
159.372767
159.377500
159.545033
159.605767
160.045167
160.214133
160.251800
160.272000
160.306700
160.327700
160.346233
160.546833
160.615333
160.768167
161.174600
161.689933
161.889733
161.986567
162.204467
162.276567
162.412233
162.426233
162.663300
162.736100
162.865533
162.921333
163.307900
163.501533
163.566500
163.750733
163.916700
164.011167
164.054800
164.118733
164.262333
164.549967
164.859067
165.037033
165.292367
165.584967
165.604967
165.734667
165.757433
165.850100
166.004833
166.188033
166.311267
166.362000
166.515867
166.915500
166.990033
167.535067
167.685500
167.962867
168.186000
168.235667
168.340367
168.420500
168.558533
168.670233
168.977367
168.996567
169.254133
169.534700
169.669033
169.742800
170.333467
170.362567
170.537033
170.622567
170.932867
171.242167
171.420167
171.467700
171.864000
171.909700
171.987167
172.135833
172.194733
172.293600
172.544700
173.185500
173.722667
173.724533
173.822900
173.897133
173.908200
174.503433
174.550333
174.646700
175.435200
175.854633
175.968267
176.053667
176.131867
176.141000
176.145300
176.234733
176.589933
176.682967
176.779933
177.389733
177.534833
177.776333
177.865967
177.961200
177.988900
178.619667
178.643233
178.707867
179.309867
179.670967
179.985733
180.094267
180.101600
180.125167
180.718133
181.079633
181.300433
181.716400
181.804900
181.859233
182.617967
182.654300
182.724833
182.747233
182.795700
182.862200
182.895800
182.952733
182.996767
183.173733
183.353733
183.424800
183.473900
183.548167
183.627767
183.707100
183.737400
183.795767
183.870233
183.934500
184.028467
184.298800
184.323567
184.421000
184.471067
184.772600
184.823033
184.887033
184.940300
184.976233
185.064400
185.198367
185.459100
185.665033
185.930067
185.961467
186.104500
186.365967
186.448200
186.521400
186.563500
186.617467
186.699133
187.134567
187.368400
187.465033
187.565233
187.574067
187.655100
187.879200
187.933100
187.984933
188.327300
188.525100
188.734233
188.969200
189.383100
189.503467
189.673767
189.772533
190.038433
190.166867
190.192167
190.796300
190.882067
190.894867
191.034967
191.120400
191.195533
191.377167
191.484267
191.553700
191.744333
191.875033
192.056600
192.117133
192.588500
193.575267
193.654167
193.900567
194.127133
194.202800
194.280400
194.370400
194.460567
194.626900
194.705600
194.794000
194.879600
194.899167
194.985633
195.048000
195.138067
195.434467
195.490967
195.820333
195.937067
196.006533
196.017500
196.022067
196.055267
196.141767
196.417067
196.807767
196.968033
197.135500
197.382933
197.668400
197.712367
197.844067
198.056267
198.154667
198.491300
198.536333
198.587167
198.721167
198.866767
198.920000
198.949733
199.033267
199.129433
199.358333
199.532933
199.709667
199.745000
199.812233
200.307467
200.423367
200.524867
200.588600
200.685433
200.910033
200.932500
201.055500
202.220467
202.342467
202.454533
202.505333
202.524933
202.631933
202.834267
202.896267
203.122267
203.237367
203.432400
203.868667
204.186200
204.244533
204.422067
204.505900
204.581233
205.494000
205.956033
205.981667
206.215367
206.321400
207.105900
207.919633
208.379733
208.874800
209.287333
209.403333
209.408867
209.500267
209.568233
209.657567
209.677033
209.704667
209.948000
210.000167
210.089000
210.166067
210.203767
210.379667
210.583333
210.695167
210.732900
210.749700
210.808267
210.859933
211.214500
211.236000
211.314900
211.413100
211.472533
211.563833
211.634033
211.695867
211.757867
211.879567
211.890667
211.972200
212.099167
212.140900
212.245267
212.262633
212.332167
212.404933
212.458967
212.762433
212.904467
213.150900
213.294600
213.445467
213.607133
213.815433
213.884100
214.120733
214.148667
214.214800
214.307767
214.499167
214.549033
214.576267
214.622667
214.680833
214.789067
214.870167
214.882033
215.069067
215.136233
215.193633
215.234433
215.276400
215.431400
215.526967
215.784467
215.925900
216.048233
216.255467
216.277533
216.399733
216.748667
216.867967
216.938700
216.999767
217.156600
217.283700
217.378267
217.498233
217.580133
217.724700
217.899767
217.947233
218.154867
218.170867
218.307833
218.389300
218.454633
218.600867
218.714867
218.787133
218.905367
218.963633
218.980133
219.173400
219.402000
219.456700
219.535467
219.606500
219.645833
219.709233
219.725967
219.948267
219.987467
220.005067
220.034700
220.058367
220.145433
220.337633
220.446167
220.550600
220.696933
220.779133
220.901267
221.093567
221.164933
221.209533
221.271367
221.427033
222.154633
222.205733
222.273500
222.417767
222.598067
222.699933
223.391733
223.636600
223.694300
223.910700
223.986467
224.031833
224.283933
224.335100
224.394033
224.429433
224.508300
224.542200
224.673700
224.960600
225.388200
225.777600
226.647200
226.717633
227.068100
227.152633
227.825633
228.143633
228.959467
229.242800
229.340933
229.566100
229.680500
229.709100
229.889367
230.147233
230.409100
230.834500
231.056533
231.186533
231.255067
231.320733
231.359400
231.417000
231.548967
231.840667
231.879200
231.930333
231.989600
232.319133
232.415167
232.505833
232.998433
233.116667
233.681267
233.744067
233.933367
233.981033
234.542667
235.171400
235.206733
235.225233
235.241333
235.402267
235.406567
235.618967
235.759200
235.853633
236.020067
236.460633
236.535700
236.671900
236.819633
236.881867
237.239633
237.349333
237.494133
237.700633
237.767400
237.908833
237.942300
237.981567
238.122867
238.176633
239.064600
239.116333
239.345367
239.627367
239.722100
239.774033
240.243233
240.266033
240.335967
240.352000
240.378633
240.455067
240.467767
240.533333
240.568133
240.581267
240.680867
240.876533
240.967700
240.997900
241.056067
241.111167
241.247300
241.445733
241.494900
241.603200
241.662500
241.717067
241.730967
241.739133
241.766433
241.875400
241.961233
242.014500
242.122067
242.434233
242.571467
242.746300
242.906833
243.569333
244.069433
244.136233
244.220933
244.315833
244.617333
244.687133
245.262300
245.271767
245.665833
246.777067
246.873567
248.453500
248.529600
248.834400
249.095367
249.416167
249.499433
249.742400
249.780533
249.957800
251.106833
251.214267
251.670367
251.728767
251.798167
251.845000
251.933633
252.179900
252.367567
252.527333
252.811000
252.905433
253.044400
253.794533
253.915967
254.065333
254.286667
254.373133
254.381767
254.553133
254.592167
254.913433
255.104167
255.558833
255.762100
255.822200
255.948700
256.050200
256.149533
256.233300
256.317600
256.343133
256.628733
256.773333
256.992933
257.306600
258.385967
258.399900
258.464467
258.515033
258.531333
258.557967
258.653867
258.674100
258.703133
258.767800
258.823633
258.944467
258.969267
259.118067
259.340333
259.520300
259.579433
259.617933
259.944400
260.001633
260.067033
260.365133
260.461533
260.656100
260.877067
260.939100
261.003667
261.457533
261.478500
261.607767
261.711700
261.763800
261.806433
261.879000
262.028800
262.076900
262.105300
262.191433
262.245600
262.254800
262.260833
262.270533
262.316700
262.506367
262.716700
262.987167
263.502733
263.548833
263.574833
263.664767
263.773400
263.958333
264.040233
264.135667
264.165600
264.417200
264.461867
264.731000
264.792233
264.846367
265.022033
265.198833
265.500367
265.884967
266.050300
266.108733
266.146967
266.457833
266.601233
266.727767
266.800167
267.337600
267.434300
267.536833
267.575800
267.618800
268.531833
268.746267
268.941900
269.897800
269.949200
270.386633
270.511967
270.622900
270.651767
270.775733
270.870267
271.059967
271.374400
272.098833
272.113333
272.135100
272.553267
272.804300
272.884233
273.066500
273.352367
273.368300
274.430867
274.613733
274.908200
274.913100
275.740667
276.519633
276.807133
277.435233
277.511167
277.743167
277.864367
279.904300
280.067533
280.820800
281.002933
282.845067
283.016333
283.791400
284.277000
284.317000
284.360833
284.523333
284.616233
284.980967
285.289900
285.466267
285.701967
285.851600
285.882000
285.960100
286.079267
286.249300
286.521833
286.907333
287.132567
287.346400
287.560500
287.727867
287.972067
288.034033
288.210300
288.398400
288.594367
288.835467
288.878833
289.429600
289.520333
289.603733
289.666100
289.715767
289.795067
289.913633
289.969933
290.115367
290.127600
290.297867
290.346767
290.416000
290.479133
290.782767
291.256000
291.291933
291.368733
291.799300
292.013533
292.174733
292.544233
292.691300
293.517700
293.542733
293.936000
293.981000
294.215867
294.284500
294.356367
294.383400
294.446867
294.524567
294.598067
294.604800
294.654800
294.744467
294.848533
294.945100
294.996600
295.127133
295.407267
295.473167
295.565500
295.834100
295.947100
296.072067
296.361600
296.385167
296.771667
296.964067
297.005233
297.224800
297.320967
297.372633
297.412000
297.713267
297.795133
297.855333
298.484667
298.665433
299.417733
300.141567
301.126533
301.194567
301.246967
301.760267
301.861500
301.935933
302.020600
302.211433
302.389033
302.511333
302.809167
302.918833
302.992733
303.067167
303.141367
303.325633
303.409600
303.711067
304.598300
304.739200
305.360567
305.500267
306.236333
306.340300
306.424100
306.542067
306.665400
306.735600
306.944900
306.998900
307.072633
307.138767
307.544467
307.980967
308.047500
308.291367
308.447233
308.621467
308.638367
309.751167
309.860100
310.355100
311.316500
312.263700
312.452700
312.795533
312.801267
312.822533
313.125600
313.325467
313.378233
313.403333
313.531300
313.546867
313.614233
313.640400
314.625200
314.688300
314.774067
314.876500
315.197867
315.547400
316.870800
316.982867
317.345300
317.467567
317.526200
317.823100
317.842867
317.894033
318.034000
318.151533
318.235733
318.521000
318.635233
318.939667
319.086533
319.143133
319.392400
319.432833
319.853933
319.947467
320.045600
320.182900
320.230100
320.387100
320.502167
320.638733
320.712567
320.741000
320.873167
321.078333
321.407933
321.484933
321.646000
321.796300
321.857633
321.900367
321.908333
322.022433
322.120567
322.234400
322.599867
322.697900
323.488167
323.548800
323.620167
325.506200
326.044300
326.131600
326.179267
326.282300
326.374767
326.578467
326.721700
326.907400
326.922033
327.900433
327.983300
328.361200
328.379567
328.418200
328.860033
329.077833
329.770600
330.195200
330.285700
330.308567
330.361400
330.407800
330.518967
330.661767
330.718033
331.001933
331.048367
331.080800
331.151500
331.520533
331.662067
331.893833
331.985100
332.062100
332.120567
332.225500
332.322700
332.537100
332.752400
333.079000
333.205967
333.334467
333.456567
333.747900
333.947700
334.013233
334.044167
334.298400
334.360800
334.451900
334.546533
335.069800
335.307633
335.511600
335.591167
335.773800
336.306100
336.758767
336.991233
337.329433
337.375800
337.634867
337.695400
337.807633
337.821167
337.911367
337.986833
338.087233
338.308867
338.459467
338.462033
338.700167
338.836267
338.933267
339.125900
339.508367
339.591267
340.033433
340.668967
340.745733
341.897233
342.951733
343.375533
343.797533
343.877333
345.540500
346.379633
346.536033
346.625767
346.809200
347.117433
347.180233
347.321833
347.410900
347.426633
347.490067
347.551433
347.636867
347.751967
348.276500
348.342700
348.479433
348.499033
348.547100
348.597300
348.632867
348.719667
348.778767
348.861733
349.336333
349.427733
350.012567
350.151667
350.588867
351.042300
351.065933
351.291233
351.421367
351.454667
351.776033
352.301200
352.487567
352.519567
352.566600
353.068600
353.193433
353.236267
353.271600
353.308800
353.513467
353.537700
353.554267
353.997267
354.008100
354.040433
354.137767
354.294633
354.352033
354.695600
354.918500
355.024033
355.469967
355.584567
355.648167
355.716600
355.740500
355.818233
355.986533
356.006433
356.064800
356.107567
356.642833
357.452733
357.553267
357.692133
357.766533
358.104633
358.144833
358.223933
358.309200
358.620800
358.638000
358.699900
358.937867
359.003100
359.176500
359.267533
359.390667
359.459700
359.800267
359.826133
359.957000
360.261900
360.679733
361.019233
361.059133
361.126500
361.313733
361.682733
361.779367
362.172267
362.221833
362.309767
362.354967
362.418933
362.556267
362.814767
362.878000
362.917067
362.954900
362.985333
363.087600
363.395933
363.508400
363.692500
363.818667
364.038933
364.579700
364.603533
364.619800
364.805467
364.921300
365.241233
365.494967
365.626967
365.962233
365.979567
366.104933
366.837800
367.430267
368.453600
368.618900
368.841400
369.378267
369.457000
369.511167
369.522000
369.631300
369.734733
369.808367
369.815133
369.889367
369.960833
370.169433
370.260100
370.350000
370.469267
370.708400
370.819733
372.010433
372.288967
372.461967
372.481167
373.969367
374.050533
374.445967
374.526833
374.587200
374.806000
375.086133
375.104867
375.208433
375.333600
375.500867
375.776500
375.893967
375.952300
376.346433
376.536767
376.708900
376.865067
377.060133
377.835367
378.028067
378.189867
378.274900
378.427000
378.589767
378.763867
378.874367
378.898400
379.036067
379.082000
379.141367
379.279667
379.589467
379.671600
380.063233
380.215900
380.316033
380.348167
380.398767
380.460233
380.609967
380.739333
380.796333
380.829167
380.878867
380.919733
380.984933
381.034967
381.130833
381.190900
381.312400
382.031633
382.218667
382.855367
382.900933
383.033833
383.173133
383.556067
383.641033
383.723767
383.791400
383.840133
384.056100
384.219000
384.370267
384.425833
384.497767
384.527733
384.580967
384.859800
384.917567
385.106833
385.195433
385.236167
385.314000
385.340000
385.482067
385.575633
385.839267
385.882933
386.020300
386.033700
386.086833
386.164333
386.194467
386.302733
386.511367
386.540600
386.737800
386.863933
386.982600
387.106100
387.459633
387.511167
387.561767
387.622367
387.741400
387.997300
388.169167
388.175333
388.236400
388.280033
388.353600
388.384633
388.408433
388.522700
388.642667
388.695733
388.750167
388.869933
388.949567
389.296900
389.424500
389.563033
389.639233
389.677633
389.693133
389.805967
389.912167
389.959533
389.977100
389.990300
390.027467
390.134300
390.283500
390.332400
390.383267
390.432167
390.507767
390.658167
390.828500
390.872267
391.053767
391.172800
391.257333
391.358333
391.384967
391.977733
392.248167
392.510700
392.953500
393.057200
393.155033
393.340833
393.427633
393.514167
393.553000
393.574300
393.843567
393.857133
394.168633
394.404667
395.293433
395.451533
395.749067
395.997767
396.142200
396.168233
396.350167
396.512333
396.674600
396.754800
396.859633
397.247933
397.519767
397.724600
397.873800
398.127833
398.251067
398.260133
398.566567
398.916433
398.922800
399.122067
399.726200
402.830400
402.953433
403.285700
403.293067
403.469167
403.544967
403.624367
403.742733
403.932967
404.076867
404.243967
404.254067
404.525867
405.044333
405.130867
405.200500
405.691100
405.764367
405.836133
406.082767
406.178500
406.394600
407.072733
407.094067
407.246400
407.299000
407.350533
407.435733
407.517500
407.569700
407.679500
407.734767
408.009600
408.061033
408.062700
408.111500
408.163733
408.284833
408.367967
408.387300
408.695667
408.894000
409.060033
409.118300
409.195367
409.234400
409.356200
409.636767
409.970933
410.465400
410.549567
410.635267
410.936533
411.105500
411.250633
411.402467
411.460667
411.567967
411.698300
411.783000
411.839767
411.904967
412.027333
412.435767
412.614333
412.708933
412.821733
412.882067
412.955533
413.285533
413.546667
413.846200
414.272867
414.345233
414.461133
414.635167
414.842033
415.321133
415.350333
415.394233
415.484100
415.559267
415.623667
415.660000
415.832600
416.698500
416.781600
416.985333
417.101167
417.177767
418.265967
418.733833
418.900133
419.094667
420.229233
421.046033
422.465067
423.818967
423.951267
424.142033
424.743467
424.810933
424.853500
425.156300
425.163900
425.239533
425.273033
425.335967
425.437867
425.496633
425.757267
425.833900
426.027967
427.210100
427.330133
427.388233
427.566433
427.705400
427.930500
428.005900
428.061733
428.181100
428.286733
428.354067
428.619200
428.644933
428.941900
428.978500
429.061200
429.166167
429.212700
429.249633
429.330700
429.366367
429.848633
430.025633
430.246400
430.341567
430.457533
430.609833
430.750333
431.009100
431.126433
431.461867
431.735100
431.778833
431.841333
431.906033
431.999700
432.086200
432.105367
432.111700
432.197633
432.246533
432.294600
432.362067
432.453400
432.518200
432.676133
432.801800
432.880700
432.917100
433.034933
433.043467
433.066367
433.345467
433.459267
433.517500
433.850200
433.877000
433.940267
434.149867
434.339233
435.015467
435.636167
436.405767
437.097433
437.254067
438.716433
438.887100
440.063033
440.204900
440.873267
441.160900
441.984367
442.104667
442.471500
442.485100
442.658367
442.937000
443.002467
443.026700
443.094767
443.309667
443.776300
443.831767
444.018500
444.101433
444.135667
444.164533
444.242367
444.361900
444.607900
445.257633
445.311333
445.334367
445.385233
445.410633
445.429300
445.511667
445.611867
445.617633
445.689400
445.714733
445.777300
446.492967
446.771333
448.288033
448.536767
448.567567
448.613367
448.813333
449.185633
449.873600
449.943500
450.190933
450.196233
450.368567
450.767933
451.645000
451.886967
452.210867
452.253667
452.301833
452.415500
452.508267
452.865867
453.015733
453.057733
453.196100
453.355667
453.435767
453.576333
453.674167
453.763600
453.934000
453.979933
454.010867
454.185100
454.279800
454.387600
454.619033
454.706367
454.772800
454.836867
454.904233
454.956333
455.137433
455.570900
455.714433
456.509967
457.359600
457.758733
458.083433
458.326067
458.860600
458.971367
458.980167
459.186500
459.272700
459.280633
459.614600
459.655933
459.780600
459.906300
459.983167
459.995267
460.232200
460.380700
460.472667
460.539833
460.664433
460.723433
461.039233
461.167800
461.255233
461.335300
461.451700
461.714467
461.761867
461.858600
461.922533
462.017133
462.237900
462.859100
462.957600
463.285700
463.297233
463.432133
464.220467
464.241700
464.337567
464.489567
465.463833
465.569333
465.597533
465.628433
465.741067
465.778867
465.939800
466.253167
466.291033
466.439000
466.480167
466.706733
466.853933
466.871500
466.892933
467.012033
467.071867
467.501133
468.077967
468.106167
468.950333
469.360267
470.118733
470.262467
470.354367
470.667067
470.705267
470.776233
470.894800
471.041667
471.164867
471.236367
471.316800
471.333100
471.547900
471.662667
472.283300
472.600033
472.656733
472.702367
472.854800
472.978833
473.016867
473.234900
473.369000
473.621767
473.710700
473.731633
473.812633
473.876433
473.898033
473.967300
474.047467
474.099567
474.161600
474.553400
475.305433
475.869600
476.347067
476.383233
476.622033
477.129167
477.148267
477.361933
477.470400
477.807700
477.902700
477.950967
477.997433
478.077400
478.389533
478.447800
478.470233
478.950433
479.460933
479.508867
479.668800
479.719767
480.086800
480.432767
480.526000
480.628533
480.795567
480.813667
480.960600
481.036367
481.126633
481.183900
481.221967
481.302600
481.388367
481.401567
481.448867
481.485933
481.833500
481.847400
481.936567
482.419367
482.846533
482.990233
483.150733
483.472200
483.474300
483.530867
483.637300
483.735733
483.778300
483.863367
483.877967
483.992967
484.041400
484.124533
484.162167
484.273600
484.450067
484.549633
484.628933
484.876867
485.081300
485.158033
485.187500
485.314833
485.438733
485.609067
485.794000
485.803033
485.911133
486.027267
486.212733
486.692433
486.764867
486.844067
486.919267
486.975200
486.989467
487.056867
487.165767
487.308667
487.356900
487.494367
487.561833
488.011067
488.173067
488.721567
488.975733
489.254367
489.316533
489.555133
489.757800
489.868967
489.942633
490.021333
490.075433
490.890367
490.927433
491.041467
491.342233
491.356000
491.596167
491.775333
492.168867
492.243067
492.566267
492.796700
493.077800
494.581233
494.655900
495.300700
495.546500
495.776133
496.021167
496.046467
496.131067
496.215567
496.377100
496.444633
496.504133
496.576967
496.590667
496.939667
497.024767
497.084233
497.137567
497.209500
497.266900
497.318600
497.749100
497.850033
498.483667
498.511733
498.639667
498.643667
498.851167
498.884167
498.961533
499.321833
499.978733
500.129700
500.197400
500.305700
500.451833
500.527100
500.688467
500.802867
500.861533
501.060200
501.144567
501.349000
501.743467
501.952467
502.501867
502.532067
502.860033
502.930300
502.956133
503.130700
503.251000
503.256733
503.330133
503.458100
503.483000
503.555200
503.628700
503.942200
504.030500
504.162600
504.228300
504.304900
504.591800
504.632533
504.664267
504.699300
504.709767
504.716833
504.829100
504.873600
505.001800
505.152633
505.217967
505.243333
505.253267
505.342733
505.404267
505.870467
505.910533
505.919300
506.935200
507.024567
507.086267
507.206033
507.237800
507.303833
507.442200
507.809900
507.887833
508.089500
508.141433
508.278700
508.363767
508.405500
508.528833
508.553700
508.655967
508.985833
509.044067
509.133233
509.172567
509.200933
509.358633
509.376867
509.600900
509.665700
509.844800
509.974867
510.142267
510.273433
510.432633
510.497700
510.615000
510.660600
510.690567
510.903933
511.018400
511.221200
511.347867
511.471767
511.723400
511.754533
511.838667
512.040533
512.214467
512.330600
512.430400
512.628300
513.017433
513.160900
513.218933
513.242800
513.294300
513.353567
513.393333
513.421567
513.461733
513.506500
513.922067
514.010633
514.075733
514.119100
514.346900
514.395900
514.540467
514.577967
514.591200
514.686333
514.829133
515.084100
515.419233
515.823033
515.906567
515.956467
516.441800
516.617233
517.009933
517.069033
517.327400
517.578933
518.026833
518.108100
518.196633
518.280400
518.369600
518.625033
518.699000
518.888533
518.952233
519.107433
519.121800
519.281867
519.367900
520.169400
520.245867
520.321867
520.607467
520.727433
520.760500
520.887633
521.008800
521.021200
521.100867
521.102567
521.311000
521.365900
521.389733
521.571000
521.910600
521.953067
522.031500
522.100233
522.160733
522.305333
522.377633
522.557700
522.747667
522.885667
522.943367
523.074900
523.083833
523.369167
523.470500
523.796200
523.898767
524.127433
524.330100
524.390100
524.477300
524.646767
524.799500
524.899833
524.978767
525.064000
525.097300
525.168400
525.374400
526.010233
526.275100
526.433300
526.501667
526.773133
526.813267
526.929767
526.967133
527.645133
527.826367
527.997033
528.084933
528.252600
528.591933
528.642933
528.972633
529.035567
529.120167
529.168300
529.333500
530.027600
530.063133
530.247833
530.295767
530.617700
530.681233
530.821433
530.973767
532.054300
532.652333
532.968400
533.117633
533.274300
533.296167
533.378467
533.417167
533.513733
533.792167
534.262367
534.438400
534.446600
534.790067
535.348033
535.435300
535.582233
535.706867
535.906133
535.982400
536.072767
536.244333
536.401700
536.501833
536.541167
536.605933
536.988733
537.000500
537.080067
537.240067
537.828400
537.879033
538.187067
538.326100
538.733700
539.346433
539.463000
539.467533
539.573467
539.688900
539.750567
539.917567
539.952700
540.026367
540.147300
540.296500
541.042900
541.343733
541.522833
541.725600
541.888967
542.044600
542.082333
542.219033
542.337467
542.371200
542.532167
542.738167
542.904533
542.957233
543.084867
543.324000
543.379433
543.502367
543.599167
544.131600
544.405500
544.482767
544.897467
545.416000
545.473733
545.622200
545.672167
545.952300
546.004067
546.158600
546.376533
546.759033
546.892067
546.961567
547.235600
548.154300
548.183467
548.257467
548.328567
548.406600
548.999833
549.144633
549.309533
549.639967
549.710567
549.939200
550.245233
550.730633
550.845000
550.878133
550.961000
551.122600
551.259800
551.303500
551.473100
552.042667
552.112567
552.244167
552.361700
552.574267
552.848367
552.871333
552.959600
552.977433
553.186367
553.241733
553.731033
553.830100
553.903133
554.242633
554.246733
554.380300
554.500100
554.505767
554.674700
554.883133
554.960233
554.995667
555.198967
555.290267
555.499000
555.511167
555.715733
555.844733
555.931800
555.994433
556.015967
556.185700
556.224067
556.406233
556.602800
556.691633
556.753800
557.132700
557.178200
557.601767
557.612967
557.839433
558.016600
558.201067
558.234000
558.256500
558.359300
558.393000
558.459567
558.512133
558.592267
558.658733
559.045200
559.150433
559.250767
559.329933
559.393167
559.541767
559.612300
559.675667
559.724533
559.823433
560.042500
560.175500
560.236033
560.483500
560.568367
560.591200
560.627500
560.764567
560.803767
560.828300
560.971067
561.294733
561.312933
561.458933
561.489800
561.799733
562.127967
562.141133
562.203967
562.250200
562.433933
562.468300
562.601633
562.691167
562.742167
562.816900
562.858667
562.958867
562.980633
563.005767
563.030733
563.075433
563.220633
563.254233
563.391633
563.919400
564.031633
564.597333
564.606500
564.778767
564.943433
565.274967
565.430600
565.974567
566.175000
566.239233
566.360133
566.463900
566.562833
566.676600
566.692433
566.730133
566.753900
566.791967
566.802333
566.874400
566.913700
566.969733
566.997833
567.008533
567.015200
567.249467
567.324800
567.678633
567.914667
568.061900
568.133733
568.240933
568.288333
568.433033
568.458133
568.810033
568.867433
568.932633
569.040333
569.651933
569.944533
570.126000
570.218000
570.435167
570.501300
570.592933
570.641533
570.702967
570.749000
570.850533
570.858667
570.951867
571.063167
571.132133
571.472067
571.569333
571.817633
571.893367
571.969800
572.068633
572.104933
572.192867
572.203133
572.312767
572.402333
572.613167
572.691367
572.725400
572.764333
572.800533
572.936333
573.240200
573.559367
573.731100
573.947633
574.717167
574.923067
575.006967
575.140500
575.300433
575.370733
575.761967
575.952933
575.986933
576.281500
576.365067
576.385267
576.531833
576.642700
576.742200
576.903300
577.086733
577.285333
577.311333
577.514200
577.538067
577.650300
577.808133
577.932700
578.000700
578.035700
578.148500
578.246533
578.334767
578.404967
578.508200
578.580733
578.685533
579.152567
579.198367
579.318567
579.370467
579.587433
579.754967
579.836733
580.054700
580.086400
580.138300
580.168467
580.284167
580.347433
580.402533
580.447633
580.483900
580.488767
580.511867
580.573167
580.640100
580.883633
580.971567
581.172267
581.186133
581.273767
581.352633
581.470867
581.498900
581.576000
581.674300
581.739733
582.020533
582.208467
582.245100
582.471333
582.561100
582.690600
582.704567
582.802733
583.228333
583.257600
583.422900
583.430300
583.768067
583.818333
583.892333
583.966133
584.114567
584.331967
584.475900
584.564467
584.745667
584.760133
584.790600
585.061400
585.107033
585.261200
585.605633
585.643767
585.773300
586.194467
586.426467
586.717900
586.951433
587.484500
587.605667
587.974300
588.637533
588.675433
588.881533
588.933900
589.089400
589.141500
589.193600
589.282833
589.485500
589.557600
589.666567
589.786833
589.915567
590.175267
590.353333
590.740467
591.342000
591.442433
591.692967
591.779267
592.225933
592.276567
592.855700
593.613700
593.801067
593.898600
594.566200
594.601867
594.644667
595.498033
595.908700
596.246767
596.813700
596.949433
597.098400
597.514933
597.741667
598.856167
599.064900
599.233067
599.430467
599.839700
600.008700
600.317467
600.824967
601.010367
601.243700
601.429167
601.513133
601.715267
601.952367
602.243533
602.296433
602.360867
602.454633
602.493000
602.497767
602.508433
602.573533
603.322633
603.498067
603.702500
603.845067
604.025000
604.715967
604.867600
604.876700
604.953100
605.036900
605.094667
605.130233
605.214867
605.227600
605.401400
605.458933
605.695433
605.732100
605.845333
605.916000
606.057267
606.334567
606.384333
606.552467
606.699833
606.853800
606.990367
607.069200
607.092767
607.103900
607.217133
607.254700
608.249433
608.301467
608.319567
608.552067
608.637933
608.733767
608.940333
609.071467
609.105967
609.144833
609.215033
609.221367
609.283400
609.337867
609.431567
609.464067
609.509933
610.001633
610.305567
610.431300
610.732500
610.847533
610.892167
610.940433
611.020000
611.067033
611.152367
611.300800
611.417833
611.685700
612.190633
612.288333
612.398067
612.459833
612.773600
612.839667
612.874867
613.028567
613.081267
613.114000
613.802233
613.997167
614.045100
614.155400
614.195700
614.254767
614.267567
614.641800
614.736400
614.789867
614.948767
615.002133
615.162867
615.199533
615.593800
615.835967
615.905300
615.996700
616.177633
616.247733
616.290000
616.309333
616.398333
616.492433
616.513667
616.532933
616.630633
617.312467
617.708967
618.087500
618.171667
618.949500
619.512833
620.198767
620.304600
620.405533
620.457600
620.785733
620.860667
621.041167
621.241067
621.317433
621.398533
621.595467
621.674933
621.853067
621.951367
622.070500
623.204067
623.616867
624.210033
624.298600
624.427633
624.442333
624.496767
624.630467
624.692100
624.735833
624.845167
624.912433
625.223567
625.290900
625.346733
625.625300
625.653633
625.868600
626.343667
626.394167
626.507667
626.549833
626.723033
626.771100
627.187767
627.467467
627.774533
628.297967
628.355167
628.420700
628.649933
628.807133
629.229367
629.412633
629.558567
629.611300
629.701033
629.899600
629.960967
630.028333
630.063600
630.200867
630.240633
630.313533
630.457500
630.526400
630.751267
631.146633
631.784967
632.015333
632.102933
632.309667
632.451967
632.652233
632.707067
632.831867
632.917767
633.157067
633.242367
633.518067
633.840267
633.908400
633.921533
633.986000
634.045300
634.369600
634.483333
634.661100
634.696333
634.789433
634.877167
635.199967
635.294400
635.484167
635.492767
635.765500
635.914533
635.965933
636.052600
636.204600
637.068267
637.365167
637.418467
637.476600
637.513600
637.566533
637.710900
637.732733
637.833867
638.351500
638.437367
638.524833
638.846533
638.888600
639.996267
640.029900
640.120333
640.260333
640.322567
640.366800
640.409700
640.576000
640.642400
640.736867
641.070333
641.483467
641.540833
641.734567
641.873400
641.898600
641.931367
642.316500
642.595300
642.613033
642.687967
643.056633
643.279900
643.910167
643.954600
643.977467
644.157267
644.212533
644.633567
645.007233
645.052900
645.293100
645.318533
645.634533
645.785900
645.839433
646.052833
646.118600
646.439333
646.508100
646.636833
646.760867
646.857867
647.022133
647.086467
647.112400
647.140367
647.221700
649.274667
649.826700
650.030067
650.197033
650.414100
651.293133
651.849100
651.929667
651.999933
652.570900
652.595900
652.647533
652.756100
652.800000
652.886867
652.960767
653.033867
653.077733
653.153267
653.354267
653.362867
653.409367
653.425867
653.590267
653.708833
653.780467
653.809467
654.052500
654.205567
654.420533
654.452833
654.525833
654.577233
654.721833
654.813300
654.880267
654.975400
655.149533
655.321900
655.426667
655.551800
655.640933
655.898033
655.920433
655.924900
656.023467
656.332200
656.769533
656.791733
656.800267
656.820433
656.872667
657.243267
657.836933
657.950467
658.127333
658.184167
658.428700
658.541767
658.644833
658.755400
658.806167
658.928067
659.210167
659.334633
659.358933
659.431267
659.462333
660.718967
660.771200
660.800567
660.851133
660.956633
661.146333
662.802167
663.163433
663.195400
663.423667
663.670867
663.769933
663.938233
663.990733
664.047767
664.128167
664.213033
664.394967
664.552867
664.638633
665.230867
665.503633
665.571167
665.588233
665.826567
666.006533
666.352500
666.615333
666.713100
666.778533
667.711233
667.789867
667.915567
668.066700
668.199000
668.349233
668.397133
668.463600
668.535267
668.626567
668.782833
668.877700
668.949367
669.004367
669.016800
669.382000
669.446167
669.778900
670.442500
670.985700
671.136600
671.426100
671.643067
671.682833
671.752167
671.818667
671.836500
671.856300
671.869667
671.875467
672.095367
672.124100
672.167167
672.784800
673.187733
673.336700
673.448900
673.592233
673.614900
673.688400
673.705333
673.920833
673.958200
674.089933
674.184167
674.205167
674.263967
674.278467
674.422800
674.451267
674.484467
674.513033
674.581433
674.632700
674.868033
674.958100
674.974233
674.990767
674.996200
675.051267
675.103000
675.167967
675.335800
675.368433
675.400400
675.497967
675.586200
675.858500
675.919500
675.977933
676.032567
676.132667
676.414467
676.766033
676.791800
676.913200
676.916533
676.952700
677.001833
677.066233
677.099400
677.194433
677.294133
677.332900
677.446067
677.525267
677.536933
677.561200
677.880767
677.980767
678.054400
678.118433
678.123233
678.155833
678.216600
678.285867
678.401933
678.486233
678.518000
678.659900
678.712433
678.742567
679.023367
679.094333
679.111800
679.154067
679.282600
679.563567
679.576000
679.639967
679.720367
679.732300
679.897100
680.095200
680.191100
680.395667
680.461500
680.540567
680.628300
680.675367
680.749700
680.794633
680.809067
680.913400
681.032300
681.083633
681.104033
681.225467
681.280667
681.288567
681.345667
681.519267
681.613800
681.661033
681.759133
681.775400
681.854200
681.872733
682.013200
682.303433
682.426933
682.442033
682.476400
682.533000
682.660867
682.812867
682.933300
682.949833
683.189467
683.290900
683.393900
683.413600
683.480633
683.633367
683.665633
683.681567
683.844400
683.878000
683.954533
684.523000
685.200967
685.535400
686.432333
686.608467
687.219067
687.407167
687.699433
687.962400
688.017167
688.079267
688.128467
688.399100
688.517433
688.561167
688.662433
688.889633
689.077033
689.112967
689.282500
689.354333
689.417800
689.501533
689.512867
689.574567
689.591700
689.637467
689.652533
689.735733
689.821733
689.853433
689.967233
690.022900
690.043200
690.257633
690.330333
690.529700
690.661267
691.089867
691.160000
691.314733
691.854233
692.044533
692.084600
692.197367
692.453767
692.667767
692.734400
693.007100
693.157233
693.169300
693.227967
693.392233
693.575633
693.723567
693.871000
693.978800
694.137800
694.555467
694.676433
694.847167
694.938633
695.040333
695.367600
695.423767
695.802433
695.932633
696.163367
696.198367
696.356833
696.435600
696.473633
696.495900
696.525233
696.894900
697.491167
697.527133
697.796367
698.279767
699.615633
699.651233
699.685300
700.089500
700.284800
700.405200
700.455067
700.571933
700.637100
700.719767
700.783500
701.063733
701.273333
701.358300
701.387733
701.505367
701.844100
702.161367
702.217367
702.249533
702.310167
702.447933
702.817467
703.080467
703.102033
703.143800
703.300233
703.401833
703.628667
703.841500
704.592900
704.995567
705.214100
705.503167
705.727800
705.780633
705.928600
705.975233
706.014733
706.092967
706.190500
706.358633
706.462600
706.610167
706.637800
706.730133
706.764667
706.989033
707.063400
707.131633
707.335400
707.409633
707.424700
707.567433
707.572833
707.823800
708.443467
708.728733
708.941567
709.206433
709.301633
709.459033
709.609933
709.699100
709.853133
709.861133
710.439633
710.727833
710.793533
710.987733
711.024200
711.082833
711.290300
711.394567
711.404300
711.481633
711.653800
711.731733
711.797067
711.842067
711.947667
712.028800
712.040600
712.330033
712.454267
712.523633
712.760233
712.933700
712.966900
712.975767
713.016000
713.102733
713.129267
713.293800
713.407367
713.544867
713.639333
713.704033
713.734933
713.817800
713.874367
713.921933
713.931100
713.947967
713.971000
714.035200
714.067500
714.125233
714.410167
714.605000
714.799900
714.842200
714.868533
714.926400
714.955833
715.069000
715.591400
715.771833
715.824833
715.868733
716.103100
716.786267
716.917267
717.029833
717.066267
717.120567
717.153600
717.206933
717.584100
717.617800
718.091700
718.198733
718.362367
718.478267
718.527367
718.607933
718.687100
718.782967
718.802500
718.878167
718.952933
718.978467
719.012633
719.099567
719.130733
719.138367
719.463533
719.592667
719.791200
719.868733
720.498100
720.586833
720.755000
720.839900
720.934667
720.980333
720.988600
721.024667
721.246833
721.295067
721.528300
721.555333
721.970200
722.851867
722.963333
723.183800
723.237233
723.312567
723.447467
723.565033
723.651533
723.704167
723.835733
723.955633
724.068967
724.339667
724.343067
724.895233
725.116633
725.224100
725.352667
725.359100
725.567667
725.694133
725.716333
725.913867
725.943833
725.958933
726.013633
726.071233
726.096700
726.166200
726.268467
726.472867
726.536433
726.593100
726.694900
726.748667
726.803800
727.416633
727.464667
727.503600
727.541433
727.602667
727.859000
728.060167
728.183367
728.293333
728.402667
728.702967
729.119500
729.299900
729.396567
729.502567
729.571700
729.629967
729.646133
729.743367
729.751667
730.112200
730.345267
730.454967
730.476633
730.505400
730.705433
730.889267
731.018567
731.076000
731.239567
731.340333
731.471067
731.510700
731.577333
731.693400
731.770000
732.707333
732.827067
732.949533
733.483667
733.572300
733.662767
733.714600
734.041133
734.319833
734.356767
734.471000
734.830833
734.899600
735.095400
735.456867
735.550533
735.719100
735.733067
736.011500
736.136433
736.326900
736.690900
737.425567
737.699200
737.728233
737.743567
737.775067
738.123133
738.173067
738.214733
738.326500
738.359533
738.398933
738.441600
738.547867
738.594433
738.626367
738.833667
738.914100
739.153033
739.290133
739.317333
739.398967
739.498300
739.652700
739.714567
739.845633
739.870833
739.919267
740.280133
740.310033
740.593233
740.717633
740.768533
740.986233
741.116333
741.835200
742.218567
742.443033
742.641533
743.024067
743.122267
743.243067
743.293133
743.471867
743.530300
743.810167
743.828767
743.979267
744.048500
744.082333
744.095067
744.162233
744.223367
744.490867
744.623933
744.704100
744.800167
744.878600
745.086600
745.114033
745.213767
745.290833
745.317167
745.408700
745.430733
745.472667
745.527333
745.573867
745.627433
745.714200
745.739067
745.793867
745.824133
745.966233
746.010167
746.236600
746.288100
746.615233
746.706933
746.718733
746.792533
746.820500
746.848367
746.883233
746.947000
747.041067
747.127533
747.219467
747.254967
747.335400
747.595700
748.110833
748.257900
748.318000
748.451367
748.540767
748.606767
748.700167
748.825967
748.952300
749.109700
749.133400
749.153567
749.219967
749.261633
749.334100
749.478000
749.563933
749.637767
749.874200
749.979833
750.098167
750.197600
750.204300
750.280900
750.314700
750.376600
750.672267
750.693967
750.843467
751.033067
751.253100
751.279300
751.454600
751.683033
751.764067
751.808467
751.872767
752.195067
753.138433
753.231400
753.399667
753.547467
753.606433
753.652300
753.671700
753.719433
753.747700
753.914767
754.049100
754.215867
754.253833
754.413133
754.474633
754.657300
754.671500
755.245633
755.268867
755.342033
755.486667
755.514667
755.671233
755.836100
755.906567
755.944833
756.039000
756.059467
756.140500
756.154367
756.240533
756.519467
756.555200
756.626867
756.795700
757.010933
757.041367
757.168000
757.267900
757.326233
757.480133
757.591567
757.668700
757.742200
757.808400
757.843100
757.899200
757.957133
758.053933
758.116567
758.123067
758.191167
758.239133
758.316067
758.433267
758.693733
758.891567
759.121500
759.217767
759.311900
759.320867
759.456433
759.671833
759.818100
759.913533
760.053100
760.158200
760.374267
760.485033
760.754667
760.875700
760.967567
761.147967
761.276000
761.292733
761.401067
761.569833
761.891767
762.126733
762.322600
762.346533
762.407833
762.490967
762.549767
762.605700
762.613433
763.171067
763.289967
763.375133
763.483700
763.729000
763.848500
763.890067
764.053367
764.168600
764.290933
764.330133
764.399433
764.517033
764.706600
764.769033
764.969200
765.008800
765.432300
765.666633
765.766200
765.777767
765.965500
766.108933
766.221433
766.520533
766.727333
766.735567
766.809267
767.061067
767.376033
767.484800
768.165067
768.232000
768.475800
768.509067
768.770467
768.971867
769.073467
769.252833
769.333567
769.366633
769.447467
769.543400
769.745933
769.788567
769.993500
770.073900
770.460167
770.503067
770.591867
770.833133
771.030167
771.117167
771.279733
771.304100
771.464867
771.505367
771.556600
771.650200
771.773433
771.848033
771.931100
772.126367
772.194800
772.397900
772.433733
772.450300
772.504033
772.534033
772.565000
772.658700
772.708933
773.054700
773.272067
773.279467
773.347267
773.557500
773.890900
773.928600
774.204967
774.508700
774.731233
774.788200
774.891167
774.976300
774.979833
775.040000
775.079567
775.116200
775.133233
775.419200
775.452667
775.614900
775.629500
775.737133
775.777000
776.063967
776.263667
776.365133
776.535667
776.619267
776.814767
776.886033
777.017867
777.180100
777.227767
777.331233
777.375967
777.494467
777.586400
777.654467
777.710733
777.755900
777.757633
778.078100
778.192500
778.263267
778.403833
778.832467
778.882167
779.065733
779.213667
779.545767
779.817267
780.105733
780.137833
780.171567
780.306300
780.364433
780.599000
780.820567
780.871300
781.303500
781.377300
781.471767
781.556733
781.609100
781.741267
781.836633
781.877867
781.879867
781.912633
782.005867
782.157400
782.178767
782.333100
782.618767
782.633267
782.662200
782.748233
782.807700
783.396967
783.579800
783.607100
783.684867
783.705200
783.817433
783.962667
784.010567
784.103733
784.216267
784.392733
784.459400
784.486400
784.496300
784.837433
784.948233
785.081233
785.131600
785.713567
785.880233
785.933067
785.972900
786.062033
786.124467
786.215467
786.320967
786.374900
786.466133
786.632833
786.649067
786.970600
787.093633
787.439200
787.618933
787.900667
787.961233
788.106633
788.184767
788.284000
788.351833
788.390933
788.435000
788.460033
788.516633
788.619433
788.699400
788.987000
789.260667
789.404633
789.900967
790.250633
790.577533
790.814367
790.823633
790.861867
790.946867
791.027733
791.083900
791.167267
791.224500
791.255500
791.413967
791.642300
792.036000
792.189733
792.368733
792.577167
792.668900
792.766133
792.891867
793.064233
793.114167
793.148800
793.238433
793.427267
793.543533
793.777400
793.958633
794.092967
794.182733
794.319567
794.635600
794.997667
795.078867
795.265200
795.646100
795.769833
796.032700
796.251700
796.269033
796.475500
796.908267
796.993933
797.218667
797.336700
797.432000
797.446900
797.460667
797.514067
797.544267
797.651167
797.752333
797.768700
797.879200
797.893667
797.981800
798.076700
798.103067
798.198567
798.362567
798.410200
798.539867
798.615800
798.702233
798.908533
799.406200
800.876233
800.896700
802.072333
802.238567
802.332600
802.662500
802.785433
802.802267
802.908000
802.991733
803.116300
803.218900
803.387833
803.445533
803.486833
803.524500
803.560200
803.573367
803.674067
803.997033
804.414500
804.575833
804.672033
804.970367
805.006067
805.449800
805.776333
805.874333
806.606233
806.660700
807.667567
807.838833
808.053300
808.227367
808.319033
809.511700
809.561067
809.765400
810.527800
810.761433
811.303100
811.367100
811.421667
811.541900
811.891333
811.921933
811.971167
812.059300
812.093300
812.134400
812.368400
812.487367
812.595633
812.661733
812.710667
813.028000
813.122100
813.182667
813.294700
813.478367
813.527567
813.812467
813.870833
813.962867
814.001967
814.037867
814.312333
814.531567
815.303000
815.331100
815.450167
815.512400
815.641467
815.693200
815.895200
815.969900
816.104833
816.132467
816.223533
816.262767
816.578933
816.598600
816.632900
816.758133
816.925367
817.792567
817.874100
818.139767
818.200100
818.228500
818.366933
818.426000
818.443867
818.463067
818.634133
818.910033
819.105267
819.206933
819.351333
820.161200
820.325867
820.803967
820.999100
821.113867
821.342567
821.606000
821.724467
821.921467
821.953600
822.039133
822.181300
822.225867
822.379100
822.392600
822.444233
822.494500
822.562767
822.687133
822.863967
822.876967
822.887300
822.944767
823.198667
823.561000
823.699667
823.756900
823.864333
824.155833
824.298867
824.695833
824.886700
825.095700
825.556900
825.713033
825.803367
826.025000
826.463267
826.575167
826.650767
826.697833
826.740533
826.846033
826.890467
826.904000
827.101367
827.328667
827.443000
827.514733
827.757167
827.965000
828.526900
828.797533
828.911233
829.041167
829.104533
829.232700
829.344967
829.378467
829.460400
829.557633
829.572000
829.623100
829.685433
829.754067
829.872267
829.953233
829.991500
830.066467
830.112800
830.130367
830.223833
830.307733
830.483867
830.581700
830.734033
830.803800
830.894967
830.910533
830.990667
831.065467
831.176033
831.257967
831.378800
831.393733
831.430200
831.469533
831.531067
831.601667
831.647767
831.775800
831.807067
831.934300
832.006767
832.017600
832.109433
832.268733
832.357467
832.371033
832.461000
832.543567
832.599300
832.660733
832.747400
833.017067
833.381967
833.500767
833.548867
833.677200
833.772733
834.476533
834.725667
834.824900
834.929467
834.994767
835.121600
835.167600
835.322000
835.617467
836.042467
836.150600
836.209700
836.360400
836.599967
836.904233
836.974933
836.982433
837.082367
837.091667
837.204833
837.463633
837.550633
837.590867
837.639133
837.816067
838.364067
838.500567
838.554267
838.869633
838.914500
839.095233
839.261200
839.444100
839.449167
839.496167
839.951233
839.966000
840.163967
840.869533
841.065133
841.141000
841.174900
841.206600
841.217433
841.344533
841.657067
841.701167
841.963633
843.775500
843.833200
843.956200
844.358700
845.414600
845.420367
845.493333
845.584300
845.710900
845.809233
846.622433
846.692633
846.745233
846.791900
846.976633
847.010533
847.133733
847.211000
847.377200
847.404133
847.420733
847.443033
847.499700
847.537500
847.567467
847.747200
847.845567
847.923633
848.401133
848.705433
848.807733
849.259433
849.845100
850.054933
850.347767
850.399633
850.404700
850.814433
850.840267
850.898500
851.096567
851.497433
852.023633
852.428800
852.488000
852.723500
852.785400
852.885000
853.046900
853.879800
854.154367
854.412100
854.902867
855.008933
855.510500
855.750400
855.837333
855.993533
856.248300
856.578567
856.691500
856.854367
857.131267
857.279200
857.392867
857.532600
857.570300
857.677500
858.122133
858.323900
858.573767
858.584867
858.679467
858.746267
858.883933
859.237867
859.428967
859.926633
860.398167
860.496167
860.536900
860.579300
860.634767
860.790233
861.143867
861.243500
861.382567
861.443967
861.578733
861.589667
861.684367
861.713233
861.765533
862.789600
862.985900
863.037900
863.193133
863.216867
863.283367
863.322133
863.525700
864.217567
864.309467
864.392600
864.424100
864.454867
864.641933
864.685000
864.774967
864.863767
864.969600
865.168700
865.352400
865.394033
865.534900
865.694900
865.759667
865.907567
866.015400
866.142133
866.218500
866.393933
866.458933
866.691667
866.754067
866.830000
867.113100
867.392800
867.478133
867.526867
868.194500
868.420633
868.514433
868.721867
868.923233
868.934033
868.963433
869.405667
870.545733
870.732900
872.198933
872.255933
872.729300
872.761233
872.806133
872.851200
872.909167
873.002200
873.318567
873.468733
873.573233
873.791367
873.811067
873.862867
873.873533
873.959700
874.059200
874.220967
874.338533
874.350000
874.508367
874.658933
874.868533
875.115367
875.239500
875.684967
875.921733
875.978233
876.048733
876.151533
876.401933
876.670667
876.720733
876.840467
876.845767
876.924700
876.989767
877.153633
877.359100
877.671567
877.796567
877.935300
878.085967
878.143267
878.272667
878.384133
878.412533
878.565100
878.682500
878.941967
879.168800
879.800600
879.817400
879.852633
880.012833
880.711367
880.783300
881.026233
881.224367
881.506100
881.611033
881.638533
881.649833
881.698567
881.753133
881.781100
881.890067
882.081833
882.132400
882.173967
882.336767
882.490533
882.516800
882.749967
882.906233
883.083133
883.146600
883.163767
883.219633
883.228633
883.322433
883.333200
883.491167
883.636067
883.746433
883.883833
883.889900
884.341333
884.397533
884.435600
884.647633
884.695867
884.815800
884.896300
884.922900
884.944767
884.964967
885.053600
885.074267
885.084133
885.098933
885.175533
885.459333
885.538333
885.605200
885.635367
885.888767
886.146600
886.195500
886.432900
886.725967
887.144500
888.385667
888.810000
888.934733
889.089433
889.307700
889.548433
889.647967
889.801133
889.989933
890.064833
890.111333
890.199800
890.318633
890.402000
890.658400
891.083367
891.301767
891.337000
891.341833
891.658933
891.830933
891.945367
892.033133
892.201100
892.238733
892.288700
892.354600
892.379533
892.471100
892.499000
892.543600
892.553133
892.647833
892.769400
892.818367
892.925933
892.961767
892.973233
893.205533
893.407533
893.537467
893.620533
893.712233
893.827567
893.875967
893.926600
893.971267
894.367867
894.464033
894.478900
894.564933
894.674333
895.002167
895.149467
895.233633
895.560300
895.829700
895.885667
895.981500
896.021533
896.335067
896.511667
896.532600
896.828433
897.097800
897.281867
897.399000
897.508800
897.563467
897.635633
897.669967
897.941767
897.981633
898.107133
898.220600
898.282700
898.350100
898.470667
898.521367
898.766433
898.796300
898.845233
898.872967
898.885433
898.945433
898.958533
899.104533
899.184700
899.256767
899.585433
900.052367
900.114933
900.200900
900.367700
900.412600
900.480000
900.621067
900.759800
900.846000
900.901533
901.399400
902.726700
902.946533
903.020467
903.149367
903.210333
903.452100
903.456800
903.582833
903.985633
904.028900
904.079333
904.141967
904.149833
904.218600
904.268200
904.402533
904.503900
904.573533
904.702367
904.776167
904.792267
904.814767
904.882067
904.894033
905.029333
905.254300
905.377933
905.399000
905.414967
905.592733
905.636200
905.790867
905.947333
906.126067
906.200667
906.262733
906.478767
906.561967
906.753633
906.942467
907.005600
907.125433
907.216300
907.282767
907.360000
907.755700
907.775000
907.810067
907.815300
907.941067
908.005800
908.048133
908.127600
908.525867
908.924500
909.080167
909.263233
909.335933
909.395467
910.386833
910.432467
910.437233
910.488967
910.563500
910.591733
910.738967
911.082767
911.152967
911.165533
911.171700
911.992900
912.062100
912.112800
912.284300
912.371267
912.388067
912.449433
912.470167
912.493867
912.716267
913.084800
913.090067
913.422100
913.833833
913.967367
914.010000
914.225600
914.502100
915.242967
915.458967
915.542267
915.569300
915.636000
915.721600
915.812033
916.139400
916.154533
916.226867
916.389033
916.417267
916.639200
919.147267
919.159433
919.645533
920.013967
920.141467
920.439467
920.492267
920.575767
920.810133
920.888433
921.014567
921.132033
921.359333
921.478167
921.834500
921.888233
921.938633
921.998767
922.096433
922.183433
922.274300
922.976967
924.356967
924.368633
924.586900
924.709567
924.714867
924.957200
924.974500
925.015433
925.029200
925.233833
925.352867
925.384500
925.403600
925.518933
925.623100
925.692600
926.562067
926.909033
927.004400
927.015767
927.183867
927.393433
927.461300
927.468300
927.628300
927.725600
927.798133
927.947800
928.115567
928.448533
928.859867
928.992867
929.011567
929.098233
929.232200
929.688867
929.816533
929.863833
929.946300
930.005633
930.441467
930.501033
930.598633
930.655633
930.900933
931.043733
931.147900
931.178633
931.620400
931.700000
931.901367
931.979200
932.101533
932.195100
932.241233
932.364600
932.415033
932.612433
932.686767
932.795500
932.902600
932.971900
933.015600
933.055867
933.160067
933.218167
933.392100
933.434967
933.626233
933.802367
934.041467
934.287600
934.394967
934.459400
934.580800
934.606367
934.768000
934.885000
935.222733
935.363333
935.404433
935.469600
935.495333
935.526200
935.580767
935.708100
935.863300
935.916867
935.948067
936.002033
936.060100
936.325467
936.387533
936.933467
936.964100
937.194800
937.207000
937.318867
937.384067
937.471600
937.534267
937.712433
937.979333
938.085733
938.205833
938.498900
938.526500
938.594900
938.698600
938.773033
938.808733
938.887600
938.935467
939.034633
939.070233
939.384333
939.564400
939.626600
939.665000
940.002533
940.454033
940.623800
940.842867
940.899300
941.084633
941.186733
941.256700
941.282367
941.371867
941.420733
941.484367
941.598400
941.649433
941.660833
941.674467
941.790967
941.864667
942.061167
942.170900
942.210067
942.323267
942.382900
942.415533
942.431467
942.516967
942.520567
942.715433
942.795767
942.827967
942.863667
942.989667
943.057800
943.212367
943.310667
943.375533
943.442633
943.511167
943.749967
943.781700
943.859833
943.924033
944.050100
944.146967
944.363633
944.469600
944.660733
944.951367
945.085667
945.091900
945.359200
945.526300
945.679567
945.715533
945.759667
946.243700
946.437467
946.459100
946.562300
946.616767
946.652900
946.845400
946.945100
946.999833
947.088267
947.333867
947.589900
947.691100
947.823600
947.940967
948.021767
948.070467
948.155233
948.448000
948.558133
948.582133
948.621933
948.761200
949.089400
949.154900
949.427367
949.903033
949.973400
950.472700
950.575400
950.653500
950.781600
950.961100
951.011433
951.029167
951.078500
951.103967
951.193400
951.248933
951.336133
951.493933
951.622567
951.782167
951.885900
952.093633
952.202933
952.252467
952.342033
952.460567
952.520933
952.693667
952.921700
952.999633
953.059367
953.967200
954.413367
954.433333
954.650867
955.623633
955.800933
955.947667
956.027800
956.348733
956.424867
956.444800
956.482800
956.529500
957.038000
957.272167
957.504300
957.577133
957.593533
957.712967
957.795600
957.933333
957.996533
958.117167
958.281433
958.349167
958.416500
958.506233
958.700167
958.898500
958.962467
959.227900
959.356600
959.526433
959.641733
959.764867
959.953567
960.125567
960.131233
960.274033
960.340933
960.477000
960.549967
960.564167
960.636367
960.712533
960.788433
960.842400
960.924067
960.978033
961.107367
961.591933
961.649600
961.655100
961.691333
961.928500
962.071500
962.104900
962.339600
962.365167
962.410200
962.541533
962.799200
962.887933
963.051100
963.159000
963.348867
963.483533
963.674767
963.862500
963.925800
964.026667
964.147633
964.190067
964.228700
964.267433
964.280900
964.384700
964.827200
964.879533
965.103700
965.235167
965.325833
965.429733
965.801200
965.942667
966.102733
966.247433
966.275733
966.379400
966.673933
966.745433
966.926733
967.303300
967.405400
967.460733
967.531500
967.671033
968.653833
968.695367
968.851167
969.442200
969.507000
969.864833
969.970567
971.208367
971.279300
971.541967
971.574467
971.584100
972.183367
972.206933
972.366400
972.447100
972.798900
972.820367
972.967733
972.986000
973.038300
973.118000
973.160567
973.205800
973.333667
973.470167
973.552367
973.732700
973.797033
973.858200
973.877500
973.971033
974.323333
974.562567
974.667500
974.701700
974.767467
974.899133
975.084700
976.649967
976.789167
977.857033
977.920133
977.939400
978.022767
978.032400
978.068133
978.115033
978.244500
978.300233
978.343800
978.375733
978.389967
978.695200
978.716100
978.977333
979.202900
979.222567
979.251800
979.379733
979.428300
979.529400
979.709167
979.721933
979.766133
979.961800
980.240900
980.736100
980.759867
980.768767
980.807400
980.989033
981.035233
981.555167
981.638467
982.053533
982.192033
982.238467
982.310633
982.402867
982.449767
982.565200
982.608400
982.789200
983.041367
983.061433
983.423833
983.475533
983.834000
983.938633
984.024667
984.058833
984.077733
984.134967
984.175433
984.451400
984.487067
984.572033
984.581467
984.701900
984.743833
984.915000
985.408133
985.860100
986.091433
986.213967
986.369767
986.490300
986.769767
986.978633
987.053233
987.168467
987.215933
987.363000
987.565000
987.734167
988.293300
988.306967
988.671233
988.735333
988.741433
988.816700
988.867833
988.927700
988.988700
989.035367
989.090033
989.101933
989.309667
989.592900
990.137633
990.377267
990.519867
990.552833
990.624400
990.758600
991.773800
992.615067
992.849967
993.138633
993.323867
993.356733
993.375667
993.468767
993.494133
993.704900
993.859900
993.951100
993.983867
994.036800
994.162600
994.175000
994.252167
994.286900
994.327900
994.393733
994.413567
994.517400
994.604800
994.648767
994.672400
994.793600
994.829867
994.881133
994.908333
994.962867
995.013133
995.430167
995.522233
995.535333
995.691833
995.749867
995.842733
995.926167
996.067433
996.216333
996.644833
996.742433
996.792033
996.952000
997.038600
997.066067
997.218033
997.286400
997.350433
997.445533
997.495767
997.562000
997.755833
997.856800
997.960367
998.201567
998.214667
998.868033
999.868833
999.969267
1000.170800
1000.338667
1000.457567
1000.555800
1000.622367
1000.700000
1000.802433
1000.905133
1000.927300
1001.107500
1001.217067
1001.262900
1001.296633
1001.363567
1001.419233
1001.441133
1001.514767
1001.542333
1001.615633
1001.655100
1001.703667
1001.810367
1001.843800
1001.861600
1002.368167
1002.440767
1002.683233
1002.923033
1003.076467
1003.325300
1003.421067
1003.480233
1003.742033
1003.775367
1004.111067
1004.158133
1004.574900
1004.602633
1004.940967
1005.305333
1005.369167
1005.389233
1005.453367
1005.498333
1005.560133
1005.608067
1005.698267
1005.794767
1005.918633
1005.997367
1006.091833
1006.100367
1006.166000
1006.218567
1006.303067
1006.389633
1006.586767
1006.629133
1006.687467
1006.732567
1006.904700
1007.032567
1007.048467
1007.081333
1007.122333
1007.137633
1007.148233
1007.282567
1007.367733
1007.513367
1007.598200
1008.171867
1008.233400
1008.269167
1008.451100
1008.558467
1008.590100
1008.651900
1008.749500
1008.882133
1009.009367
1009.386633
1009.409067
1009.512467
1009.541900
1009.576667
1009.646567
1009.663733
1009.827967
1009.946433
1010.717000
1011.848300
1011.992200
1012.650833
1012.874667
1013.079100
1013.272367
1013.335867
1013.487733
1013.596200
1013.620333
1013.709933
1013.718700
1013.814600
1013.894767
1013.958433
1013.991000
1014.138400
1014.193700
1014.649367
1014.811633
1015.197900
1015.422433
1015.569200
1015.751600
1015.755967
1015.832067
1015.910833
1015.967867
1016.074033
1016.127267
1016.249200
1016.303833
1016.357700
1016.729867
1017.096367
1017.168933
1017.264200
1017.302933
1017.616500
1017.715400
1017.758567
1017.988167
1018.062933
1018.092000
1018.349033
1018.430600
1018.669767
1019.009900
1019.102533
1019.207000
1019.259667
1019.387667
1019.432633
1019.563967
1019.804900
1019.830100
1019.854600
1019.988867
1020.023667
1020.212733
1020.289167
1020.357800
1020.377767
1020.471400
1020.498567
1020.606267
1020.647867
1020.861333
1020.881400
1020.939933
1021.058467
1021.152000
1021.306667
1021.687433
1022.124833
1022.323600
1022.396633
1022.462233
1022.483300
1023.338900
1023.440733
1023.468967
1023.496733
1023.577733
1023.608767
1023.681267
1023.788167
1023.839033
1023.868900
1023.885167
1023.936267
1023.992867
1024.048633
1024.092400
1024.587267
1024.765567
1025.065067
1025.540833
1025.692267
1025.838667
1025.863200
1025.951700
1026.201100
1026.303833
1026.394200
1026.689233
1026.729733
1026.789533
1026.828733
1026.872267
1026.944267
1026.976833
1027.149900
1027.419400
1027.477800
1027.567967
1027.837167
1028.027500
1028.056300
1028.093600
1028.120433
1028.182267
1028.254467
1028.339833
1028.469833
1028.916033
1029.029300
1029.080767
1029.139533
1029.149900
1029.488067
1029.519033
1029.807500
1029.915800
1029.977033
1030.008067
1030.326567
1030.360300
1030.416367
1030.540367
1030.582967
1030.641333
1030.682067
1030.842133
1031.178033
1031.440733
1031.584333
1031.910367
1031.954767
1032.029633
1032.180633
1032.210000
1032.332467
1032.491033
1032.666700
1032.868133
1032.908500
1032.931600
1033.095800
1033.194700
1033.291667
1033.887800
1033.997200
1034.144333
1034.708500
1034.736933
1034.808400
1034.867733
1034.877800
1034.908233
1035.523967
1035.986333
1036.080400
1036.186500
1036.324700
1036.331567
1036.766467
1036.927600
1037.108333
1037.326667
1037.418567
1037.488067
1037.584433
1037.600633
1037.804667
1037.839267
1037.855600
1037.903767
1037.917600
1037.956400
1037.974133
1038.196333
1038.225200
1038.236567
1038.320667
1038.477600
1038.540200
1038.670400
1038.783633
1038.831800
1038.887167
1039.207067
1039.536167
1040.072467
1040.213967
1040.378533
1040.424133
1040.540800
1040.600867
1040.664433
1040.818900
1041.283267
1041.510433
1041.666367
1042.014967
1042.095200
1042.149667
1042.231033
1042.250767
1042.412400
1042.599700
1042.761800
1042.786533
1042.865000
1043.272767
1043.465600
1043.740200
1043.811000
1044.076000
1044.152400
1044.263800
1044.342367
1044.355667
1044.522733
1044.755767
1044.820233
1044.840300
1045.009300
1045.116900
1045.188567
1045.216967
1045.394133
1045.412167
1045.510200
1045.553700
1045.616700
1045.687500
1045.912067
1045.949800
1046.217733
1046.309867
1046.394667
1046.426833
1046.498533
1046.555967
1046.583567
1046.896800
1047.140633
1047.474000
1048.315700
1048.368400
1048.884533
1048.933100
1049.057933
1049.302167
1049.459967
1049.536267
1049.576133
1049.726633
1049.846900
1049.991067
1050.088067
1050.178700
1050.367567
1050.509433
1050.667033
1050.921867
1051.176533
1051.290200
1051.666467
1051.732067
1051.795733
1052.142533
1052.306133
1052.716567
1052.732000
1053.224133
1053.268733
1053.559100
1053.639767
1054.228833
1054.482333
1054.555833
1054.621300
1054.847033
1054.934433
1055.092500
1055.524167
1055.765467
1055.851867
1055.904167
1055.999033
1056.248733
1056.269767
1056.485633
1056.523500
1056.690500
1056.733167
1056.774300
1056.790700
1056.809000
1056.829333
1056.864067
1056.923633
1056.990133
1057.043733
1057.068033
1057.102000
1057.178233
1057.322467
1057.421600
1057.514167
1057.859633
1057.876933
1057.943600
1058.011033
1058.049267
1058.152400
1058.340267
1058.622800
1058.726567
1058.764267
1058.991367
1059.029700
1059.162200
1059.300533
1059.522967
1060.252867
1060.286533
1060.430267
1060.510367
1060.584467
1060.750333
1060.768200
1060.859367
1060.874967
1060.931967
1060.992100
1061.088800
1061.171200
1061.310967
1061.423133
1061.577300
1061.685900
1062.010967
1062.119833
1062.284067
1062.506533
1063.021833
1063.149467
1063.250300
1063.556300
1063.587733
1063.927367
1064.298567
1064.472900
1064.578767
1064.786333
1064.846100
1064.898867
1065.133100
1065.315967
1065.615067
1065.901033
1066.657433
1066.781500
1066.969933
1067.130900
1067.884433
1068.215067
1068.360900
1068.409100
1068.539833
1068.911700
1069.157833
1069.650233
1069.732567
1069.879667
1069.918100
1069.977100
1070.131233
1070.253767
1070.263167
1070.318333
1071.029267
1071.087333
1071.279667
1071.448667
1071.674833
1071.896533
1071.922900
1072.052400
1072.121300
1072.246767
1072.292167
1072.321067
1072.485467
1072.557400
1072.723800
1073.424567
1073.559967
1074.022267
1074.077667
1074.134933
1074.167067
1074.407000
1074.561500
1074.778933
1074.846700
1074.963033
1075.140833
1075.431033
1075.525567
1075.539767
1076.220367
1076.908167
1077.291167
1077.615933
1077.650800
1077.694267
1077.735867
1077.797700
1077.889400
1077.970600
1078.228967
1078.386133
1078.657700
1078.734600
1078.747133
1078.754833
1078.789067
1078.860400
1078.955333
1079.005633
1079.216167
1079.342733
1079.410433
1079.614600
1079.823967
1079.851533
1080.079533
1080.213200
1080.301400
1080.315567
1080.401967
1080.418067
1080.731400
1080.881667
1081.094067
1081.125367
1081.151867
1081.227433
1081.273600
1081.364467
1081.598267
1081.622867
1081.743533
1081.985700
1082.476467
1082.594533
1082.841233
1083.672767
1084.755300
1085.017533
1085.212767
1085.360733
1085.470700
1085.646367
1085.856233
1086.152600
1086.396033
1086.532867
1086.584633
1086.724967
1086.763300
1086.859067
1086.938800
1087.122267
1087.571900
1087.715900
1087.853067
1087.894733
1088.055800
1088.118133
1088.140167
1088.411867
1088.531467
1088.605567
1088.633767
1088.691967
1088.722600
1088.776367
1088.845700
1088.952900
1089.691533
1089.865033
1090.375667
1090.876800
1090.948467
1091.123967
1091.188333
1091.742500
1092.246500
1092.375033
1092.481033
1092.549467
1092.870900
1092.916300
1092.989833
1092.997400
1093.107933
1093.122533
1093.290700
1093.436800
1093.501333
1093.529833
1093.680900
1093.765433
1093.927467
1093.986667
1094.024533
1094.106567
1094.170233
1094.197500
1094.279533
1094.455400
1094.528467
1094.561833
1094.584267
1094.622800
1094.639433
1094.746567
1094.784900
1094.825233
1094.889800
1095.170100
1095.280433
1095.408067
1095.475433
1095.514300
1095.551167
1095.560167
1095.606800
1096.017400
1096.350633
1096.534067
1096.568433
1096.611800
1096.660500
1096.778133
1096.898100
1096.968900
1097.008567
1097.315500
1097.437333
1097.492567
1097.555433
1097.651200
1097.755233
1097.796333
1097.880800
1098.918467
1098.987367
1099.796433
1099.893167
1099.923900
1099.985067
1100.095833
1100.129867
1100.162167
1100.229033
1100.328367
1100.408233
1100.453933
1100.501000
1100.575400
1100.679833
1100.792533
1100.820867
1101.172267
1101.203567
1101.209600
1101.301467
1101.375767
1101.426467
1101.455133
1101.517933
1101.583767
1101.808433
1102.008333
1102.287033
1102.408933
1102.468267
1102.512767
1102.781733
1102.864933
1102.905167
1102.995667
1103.017800
1103.142867
1103.433000
1103.524333
1103.626200
1103.719400
1103.908500
1104.030900
1104.162267
1104.177633
1104.209867
1104.235167
1104.313467
1104.552267
1104.585200
1104.613000
1104.692633
1104.736733
1104.833900
1104.842233
1104.885067
1104.970400
1105.062567
1105.087833
1105.115733
1105.127200
1105.164833
1105.181200
1105.221900
1105.257533
1105.520367
1105.543767
1105.625167
1105.878600
1105.929400
1105.951200
1105.983767
1106.011000
1106.114167
1106.169133
1106.251533
1106.337833
1106.449900
1106.734433
1106.816000
1106.880367
1107.049867
1107.178000
1107.268667
1107.284300
1107.312233
1107.556567
1107.608133
1107.655900
1107.711267
1107.778633
1107.994367
1108.215767
1108.246667
1108.349267
1108.500700
1108.811133
1108.845633
1108.962667
1108.990033
1109.073700
1109.176433
1109.322300
1109.339200
1109.367333
1109.404633
1109.597967
1109.683700
1109.870400
1110.023033
1110.091333
1110.642833
1110.711500
1110.787000
1110.873467
1110.983367
1111.000033
1111.049500
1111.146300
1111.306800
1111.393767
1111.490467
1111.758333
1111.900967
1111.968500
1112.021600
1112.132600
1112.327333
1112.359967
1112.435000
1112.477367
1112.625900
1112.644833
1112.782700
1112.803733
1112.857900
1112.956333
1113.087133
1113.117900
1113.509867
1113.524500
1113.561133
1113.582700
1113.770200
1113.920833
1114.123100
1114.161933
1114.459567
1114.494300
1114.593433
1114.650233
1114.994800
1115.125167
1115.140200
1115.323833
1115.624333
1115.820900
1116.184767
1116.393600
1116.446933
1116.519967
1116.530667
1116.587600
1116.630200
1116.802633
1116.828033
1116.931733
1117.027267
1117.110800
1117.217567
1117.253900
1117.351667
1117.408933
1117.452567
1117.705733
1117.937433
1117.992967
1118.146767
1118.251567
1118.432567
1118.565500
1118.763200
1119.009300
1119.059800
1119.206833
1119.288600
1119.558600
1119.588000
1119.779200
1119.804367
1119.853933
1119.910933
1120.122900
1120.331267
1120.632633
1120.672333
1120.745533
1120.886067
1121.007800
1121.158633
1121.374667
1121.723667
1121.748433
1121.807033
1122.133733
1122.273667
1122.450600
1122.505033
1122.576733
1122.597000
1122.698467
1122.847433
1122.993067
1123.195833
1123.388267
1123.726667
1124.035833
1124.214467
1124.261200
1124.265333
1124.335733
1124.701600
1124.931667
1125.089267
1125.404533
1125.542533
1125.603833
1125.620100
1125.771133
1125.960933
1126.253700
1126.497967
1126.725767
1126.805033
1127.308067
1127.383067
1127.398833
1127.445100
1127.471400
1128.085833
1128.143800
1128.185867
1128.268567
1128.299100
1128.557667
1128.649767
1128.828133
1129.194933
1129.420900
1129.497533
1129.700300
1130.298933
1130.393767
1130.588333
1131.129167
1131.171533
1131.407200
1131.485400
1131.732133
1132.208667
1132.383200
1132.445567
1132.495667
1132.557967
1132.578433
1132.604967
1132.673800
1132.871800
1132.906133
1133.016700
1133.828400
1134.045167
1134.167867
1134.461233
1134.832467
1135.753833
1136.086433
1136.311967
1136.396667
1136.663833
1136.804400
1136.830733
1136.908000
1136.980933
1136.990633
1137.114600
1137.139500
1137.302500
1137.341867
1138.247433
1138.929600
1139.344667
1139.541233
1139.624333
1139.760933
1139.956667
1139.976667
1140.019400
1140.200900
1140.216000
1140.279233
1140.449233
1140.692533
1140.950067
1141.158267
1141.266867
1141.596533
1141.658933
1141.787767
1141.877800
1142.162433
1142.226233
1142.446200
1142.480200
1142.541333
1142.674700
1142.708333
1142.822633
1142.963600
1143.095133
1143.197933
1143.369433
1143.457933
1143.624567
1143.996900
1144.218933
1144.455533
1144.485433
1144.599467
1144.855700
1144.888367
1145.014567
1145.273900
1145.708867
1145.766500
1146.089733
1146.398767
1146.499300
1146.580000
1146.767767
1146.844900
1147.088000
1147.224333
1147.289267
1147.507667
1147.681500
1147.752133
1147.786767
1147.856767
1148.186800
1149.111267
1149.335967
1149.365400
1149.548000
1149.590133
1149.779533
1149.823233
1149.848733
1150.005967
1150.171333
1150.479400
1150.646800
1150.731667
1151.237967
1151.283200
1151.446167
1151.514233
1151.564433
1151.724033
1151.783433
1151.812667
1151.887833
1152.243500
1152.401333
1152.454933
1152.849467
1153.202367
1153.275533
1153.554100
1153.588000
1153.647667
1153.823533
1154.310900
1154.477267
1154.551067
1154.614633
1154.670833
1154.792433
1154.878533
1154.991433
1155.065067
1155.367800
1155.932767
1156.017867
1156.067633
1156.133433
1156.250700
1156.414067
1156.461367
1156.562100
1156.869533
1157.313167
1157.403867
1157.444367
1157.524200
1157.571900
1157.642033
1157.721600
1157.739400
1157.852933
1157.910833
1157.991233
1158.034367
1158.072033
1158.189533
1158.481467
1158.552800
1158.654233
1158.915667
1159.200733
1159.395867
1159.402833
1159.514300
1159.663900
1159.773233
1159.849900
1159.913600
1160.251700
1160.347967
1160.432233
1160.463533
1160.582267
1160.606600
1160.636200
1160.679233
1160.917700
1161.393833
1161.702200
1161.790900
1161.868467
1161.979200
1162.059933
1162.131400
1162.801733
1162.929733
1163.068667
1163.103767
1163.106300
1163.185267
1163.305433
1163.406033
1163.552667
1163.613367
1163.756433
1164.138000
1164.379833
1164.418900
1164.508667
1164.650833
1164.809167
1165.105167
1165.166067
1165.233067
1165.632733
1165.766367
1165.810800
1165.826233
1165.902033
1165.905967
1165.994200
1166.052733
1166.138867
1166.161633
1166.355567
1166.446533
1166.584033
1166.636400
1166.814167
1166.854900
1166.910700
1167.320567
1167.362733
1167.435133
1167.465067
1167.820933
1168.632167
1168.958933
1169.010067
1169.100767
1169.109833
1169.280933
1169.335967
1169.392800
1169.488067
1169.534400
1169.807600
1169.851233
1169.940733
1170.017467
1170.212967
1170.222467
1170.276000
1170.304367
1170.469000
1170.584300
1170.708900
1170.894533
1170.985233
1171.153267
1171.344767
1171.468667
1171.569767
1171.631300
1171.714367
1171.785767
1171.793767
1171.866100
1171.923100
1171.951700
1172.140567
1172.208833
1173.055033
1173.163433
1173.239900
1173.279567
1173.296233
1173.350000
1173.409300
1173.475133
1173.527567
1173.589100
1173.649267
1173.745733
1173.876100
1174.196833
1174.257333
1174.280033
1174.318367
1174.393400
1174.413800
1174.712300
1174.959067
1175.087133
1175.162800
1175.530867
1176.234200
1176.279700
1176.555700
1176.671800
1176.723567
1176.800300
1176.993100
1177.244200
1177.455600
1177.569267
1177.593600
1177.794033
1177.826967
1177.914233
1177.976533
1178.404267
1178.554733
1178.603967
1178.692000
1178.811300
1178.920167
1178.950100
1179.004967
1179.201733
1179.225900
1179.297700
1179.389633
1179.461200
1179.471900
1179.623767
1179.717700
1179.778700
1179.836467
1179.904700
1180.036467
1180.086600
1180.155933
1180.336133
1180.434067
1180.462267
1180.520233
1180.650367
1180.707433
1180.984600
1181.515767
1181.716900
1181.804433
1181.823733
1181.861167
1182.070267
1182.080767
1182.214667
1182.304100
1182.354333
1182.540700
1182.656867
1183.249433
1183.654000
1183.690000
1183.784733
1183.882467
1184.213533
1184.375967
1184.585500
1184.658800
1184.850967
1184.864300
1185.204200
1185.759700
1185.936800
1186.117600
1186.173367
1186.227033
1186.807333
1186.934833
1186.998400
1187.518100
1187.624600
1187.661633
1187.735167
1187.791433
1187.841600
1188.013833
1188.063733
1188.072333
1188.165233
1188.211433
1188.217267
1188.292000
1188.337033
1188.741333
1188.818333
1189.042867
1189.377833
1189.456333
1189.916967
1189.969867
1190.345167
1190.811767
1191.093467
1191.311233
1192.215867
1192.274233
1192.728667
1193.169467
1193.184367
1193.364900
1193.425033
1193.486967
1193.879833
1194.391933
1194.587167
1195.571133
1195.675467
1195.893533
1196.098100
1196.172900
1196.298600
1196.323533
1196.483633
1196.512000
1196.566000
1196.643267
1196.878533
1196.939933
1197.213867
1197.279667
1197.324300
1197.343600
1197.427267
1197.506133
1197.566967
1197.659367
1197.689233
1197.759567
1197.824800
1197.842267
1197.880467
1197.994433
1198.055867
1198.273367
1198.407767
1198.490433
1198.551800
1198.691333
1198.804267
1198.970300
1199.049733
1199.195067
1199.247800
1199.309067
1199.357067
1199.380533
1199.467967
1199.498667
1199.586900
1199.918000
1200.507833
1200.630067
1200.639533
1200.826067
1201.049133
1201.209633
1201.471000
1201.624233
1201.631367
1201.846667
1201.929433
1202.113267
1202.198233
1202.238833
1202.287467
1202.309233
1202.738800
1202.935067
1203.041000
1203.534733
1203.681667
1203.847333
1203.958400
1204.173467
1204.361133
1204.409467
1204.440300
1204.504667
1204.570167
1204.665767
1204.711467
1205.435367
1205.575867
1205.780233
1205.849133
1206.464300
1206.732633
1206.747000
1207.090133
1207.188567
1207.678500
1207.759667
1207.790467
1207.882033
1208.054067
1208.224300
1208.300733
1208.756967
1208.811133
1208.835800
1208.903700
1209.106400
1209.484100
1209.488800
1209.880467
1209.995567
1210.110067
1210.387200
1210.406833
1210.896433
1210.909333
1210.924700
1211.675467
1211.734600
1211.790300
1211.863733
1212.539767
1212.682800
1212.820367
1212.858333
1213.112967
1213.124433
1213.126233
1213.135600
1213.202200
1213.323167
1213.546033
1213.651267
1213.729367
1215.186700
1215.538500
1215.564933
1215.592500
1215.704700
1215.717733
1215.812867
1216.158833
1216.176800
1216.381633
1216.475533
1216.509167
1216.528033
1217.331567
1217.645100
1217.739600
1217.966233
1218.017200
1218.083233
1218.176233
1218.216700
1218.235667
1218.254300
1218.499700
1218.512167
1218.532767
1218.644133
1219.133067
1219.138033
1219.164033
1219.192167
1219.270167
1219.299167
1219.520167
1219.580933
1219.620133
1219.739733
1220.041533
1220.133900
1220.268767
1220.337033
1220.354900
1220.429933
1220.437367
1221.030533
1221.143867
1221.229900
1221.316033
1222.056933
1222.116500
1222.200000
1222.255533
1222.321067
1222.392800
1222.499400
1222.533500
1222.677267
1222.714533
1222.728567
1222.772767
1223.161767
1223.308233
1223.475567
1223.525000
1223.556267
1223.775267
1224.042867
1224.160733
1224.301233
1224.601267
1225.319267
1225.535933
1225.594067
1225.669867
1225.823367
1226.040667
1226.350967
1226.422200
1226.430900
1226.458767
1226.492967
1226.499933
1226.589133
1226.714133
1226.823067
1226.961333
1228.091167
1228.207033
1228.227367
1228.257500
1228.483367
1228.582400
1228.644300
1228.777933
1228.822467
1228.860900
1228.900567
1228.948667
1228.996433
1229.025200
1229.055667
1229.123200
1229.243200
1229.315400
1229.357167
1229.384167
1229.431200
1229.543000
1229.574033
1229.647700
1229.664700
1229.714733
1229.749167
1229.804933
1229.989933
1230.044933
1230.165400
1230.282567
1231.020767
1231.151867
1231.316967
1231.410133
1231.504233
1231.510800
1231.578600
1231.653233
1231.710633
1231.752367
1231.780067
1231.874033
1231.976267
1232.125300
1232.324500
1232.331100
1232.410833
1232.488667
1232.550433
1232.571867
1232.647633
1232.994733
1233.136333
1233.178767
1233.191300
1233.267133
1233.288400
1233.616600
1233.667600
1233.714533
1233.842467
1233.993900
1234.079867
1234.137367
1234.264600
1234.570700
1234.792900
1234.990833
1235.101533
1235.127100
1235.691467
1235.738500
1236.123500
1236.362000
1236.625800
1236.859467
1236.925300
1236.954300
1236.958067
1237.018733
1237.064867
1237.067167
1237.145000
1237.218733
1237.287033
1237.376133
1237.606833
1237.645800
1238.144267
1238.629533
1238.637033
1238.735967
1238.873800
1238.895000
1239.331533
1239.410333
1239.456867
1239.656300
1239.892533
1239.964100
1239.996400
1240.091433
1240.260833
1240.366300
1240.557800
1240.638933
1240.764300
1240.822967
1240.850100
1240.942333
1241.126100
1241.206833
1241.268733
1241.331533
1241.523700
1241.742367
1241.766200
1241.888233
1241.949133
1242.132533
1242.397667
1242.430800
1242.449933
1242.606833
1242.989833
1243.023767
1243.089467
1243.221933
1243.253933
1243.433767
1243.490567
1243.872767
1244.048167
1244.157667
1244.418633
1244.442100
1244.670933
1244.748200
1244.754300
1244.835033
1244.885700
1245.190467
1245.407100
1245.671067
1245.703633
1246.105567
1247.400200
1247.515667
1247.668700
1247.834867
1247.988333
1248.011467
1248.134133
1248.265967
1248.371667
1248.467600
1248.528133
1248.675700
1248.734500
1248.845767
1248.924500
1249.006067
1249.338967
1249.396533
1249.504733
1249.737567
1249.881300
1249.977833
1250.072767
1250.228667
1250.278433
1250.320433
1250.398567
1250.425433
1250.538933
1250.672500
1250.868333
1250.931433
1251.057300
1251.304967
1251.399267
1251.503600
1251.508500
1251.538833
1251.567933
1251.593967
1251.654800
1251.709300
1251.888167
1252.221667
1252.290467
1252.577167
1252.924067
1253.101333
1253.269567
1253.406633
1253.450500
1253.470833
1254.196400
1254.302800
1254.352733
1254.435133
1254.503800
1254.529833
1254.599533
1254.618533
1254.687533
1254.878533
1254.906933
1254.962800
1255.041467
1255.297700
1255.402933
1255.581733
1255.616100
1255.709167
1255.772300
1255.840767
1256.016000
1256.085333
1256.504600
1256.538033
1256.632833
1256.709467
1256.724333
1256.853000
1256.974867
1257.021400
1257.140433
1257.426400
1257.947433
1258.352633
1258.495967
1258.652933
1258.707000
1258.738833
1258.750000
1258.977300
1259.047167
1259.157300
1259.288500
1259.359800
1259.421333
1259.557800
1259.977767
1260.090867
1260.355067
1260.393800
1260.548033
1260.652567
1260.742767
1260.959900
1261.004567
1261.062200
1261.074467
1261.122700
1261.240867
1261.369533
1261.645367
1261.870867
1262.444833
1262.567900
1262.614267
1262.661100
1262.675567
1262.862133
1263.038200
1263.254767
1263.269700
1263.336667
1263.438233
1263.620233
1263.748533
1263.838200
1263.931367
1264.178800
1264.211600
1264.255967
1264.707800
1264.849767
1264.932967
1265.630700
1265.698967
1265.731100
1265.902267
1265.967533
1266.246067
1266.315700
1266.376500
1266.420533
1266.463767
1266.513533
1266.524800
1267.076133
1267.359267
1268.010033
1268.424467
1268.608567
1268.736333
1268.771133
1269.994467
1270.016767
1270.025100
1270.129967
1270.152467
1270.186233
1270.194367
1270.253633
1270.325667
1270.547500
1270.583033
1271.438367
1271.539933
1271.778767
1272.039567
1272.146600
1272.372633
1272.523867
1272.543367
1272.640333
1273.354900
1273.441867
1273.656067
1273.757167
1273.844233
1273.937133
1274.042900
1274.052533
1274.196967
1274.317800
1274.415233
1274.449500
1274.552233
1274.646167
1274.786167
1274.928767
1275.111133
1275.253900
1275.408667
1275.582533
1275.636333
1275.743133
1275.920767
1276.103133
1276.327800
1276.661767
1277.354067
1277.376933
1277.480800
1277.741033
1277.750233
1277.876833
1277.917733
1277.932500
1278.011667
1278.212500
1278.234733
1278.424500
1278.515333
1278.908200
1279.473667
1279.507167
1279.652900
1279.674233
1280.465167
1280.551900
1280.601733
1280.792100
1280.835033
1280.849333
1280.902367
1280.930367
1281.132733
1281.177533
1281.250800
1281.314300
1281.410833
1281.433767
1281.547967
1281.569133
1281.629100
1281.701067
1281.849867
1282.125433
1282.278233
1282.328600
1282.348967
1282.561333
1282.723867
1282.846033
1283.181267
1283.477733
1283.619733
1283.784867
1283.812367
1283.897133
1283.996567
1284.329600
1284.566533
1284.749400
1284.806967
1284.861500
1285.345167
1285.463367
1285.502000
1285.525900
1285.592733
1285.755267
1285.995467
1286.076200
1286.087767
1286.177500
1286.193600
1286.221300
1286.285633
1286.309167
1286.342600
1286.409233
1286.416000
1286.510333
1286.557267
1286.624700
1286.634400
1286.687600
1286.705467
1286.735067
1287.134933
1287.204333
1287.249333
1287.298800
1287.379200
1287.387733
1287.497967
1287.906333
1288.027100
1288.067133
1288.105033
1288.167600
1288.393933
1288.444833
1288.544400
1288.568200
1288.618467
1288.704067
1288.788967
1288.835467
1288.902000
1288.930500
1289.036800
1289.109600
1289.423300
1289.443733
1289.725667
1289.874400
1290.072033
1290.520367
1290.701400
1290.737267
1290.821500
1291.158800
1291.199433
1291.217067
1291.283600
1291.496900
1291.538800
1291.773700
1291.925200
1291.958100
1292.032267
1292.336100
1292.349267
1292.416233
1292.495267
1292.517233
1292.545433
1292.573833
1292.603700
1292.727767
1292.771167
1292.827767
1292.950433
1293.160333
1293.210667
1293.261800
1293.293400
1293.368867
1293.405300
1293.408100
1293.452367
1293.598833
1293.602000
1293.704200
1293.722000
1293.751433
1293.794333
1294.072133
1294.163233
1294.201767
1294.280867
1294.294533
1294.381733
1294.599133
1294.746067
1294.810100
1295.061967
1295.197567
1295.258733
1295.340333
1295.351667
1295.403233
1295.463933
1295.479900
1295.571600
1295.736367
1296.024733
1296.101700
1296.127733
1296.160700
1296.279333
1296.319367
1296.335933
1296.464533
1296.511267
1296.616400
1296.696567
1296.840667
1296.899000
1296.959133
1297.006933
1297.163667
1297.226333
1297.271967
1297.303900
1297.345900
1297.399033
1297.568933
1297.743033
1297.762933
1297.805100
1297.895533
1297.969500
1298.001700
1298.093700
1298.294933
1298.440800
1298.548633
1298.618100
1298.672000
1298.738667
1298.836900
1298.936467
1299.629133
1299.683000
1299.722200
1299.911200
1299.961533
1300.367467
1300.417567
1300.741633
1300.743900
1301.573567
1301.693833
1301.745067
1301.978567
1302.207367
1302.268900
1302.332833
1302.570067
1302.609600
1302.773000
1302.850867
1302.885867
1303.209933
1303.249600
1303.287833
1303.346733
1303.418633
1303.479200
1303.526100
1303.579433
1303.624067
1303.707733
1303.785567
1303.812133
1303.917333
1303.932700
1304.221500
1304.363000
1304.422367
1304.546733
1304.997867
1305.863067
1305.897967
1305.927467
1305.959133
1306.067333
1306.251333
1306.561467
1306.733033
1307.178733
1307.352267
1307.518233
1307.593467
1307.679767
1307.873433
1308.399467
1308.636467
1309.109333
1309.150267
1309.313367
1309.477133
1309.588400
1309.946600
1310.059533
1310.223000
1310.249533
1310.370200
1310.405067
1310.605767
1310.615967
1310.821133
1310.949133
1310.999733
1311.150733
1311.274967
1311.364100
1311.541400
1312.099433
1312.835167
1313.337133
1313.362867
1313.442667
1313.511833
1313.736733
1313.857600
1313.972067
