0.403267
0.569133
1.076133
3.779333
3.841367
4.522433
9.422500
13.570367
14.296333
18.760400
25.024100
25.501500
27.501133
32.117433
32.142500
39.208867
39.251400
40.849367
46.155300
47.543500
49.637733
50.486133
51.897633
53.434667
55.719833
59.722233
61.103100
66.998933
68.628667
72.767100
106.763533
108.885800
109.915400
110.093133
115.805267
120.207600
121.067967
125.354900
133.249600
133.288867
133.453933
134.514800
136.891800
136.958633
137.016067
137.357000
137.435533
138.302200
139.278467
141.376900
141.432900
143.380000
145.023833
145.341367
147.443833
148.096300
153.485900
154.732467
160.089700
160.178767
163.447800
163.980033
175.290533
177.813033
177.971733
178.754400
179.120833
179.203700
189.226933
197.112133
200.830233
209.336933
210.058900
211.407900
211.731933
219.372133
219.543100
226.403533
227.435667
233.295167
233.566233
233.891700
234.240467
235.944100
245.603200
248.149900
253.334167
255.583633
258.133633
258.225633
264.827200
265.529100
266.387100
266.939267
268.160700
268.348667
272.856300
283.320733
283.390433
284.187567
289.278500
289.990167
304.294800
320.495733
325.332100
335.773700
350.905633
351.742467
352.117500
354.761833
355.147367
361.998100
362.983700
363.592433
364.940267
366.230867
366.642267
373.736733
397.890067
399.134900
401.312100
414.362167
417.257033
424.124333
427.005233
432.426267
433.562667
440.221833
447.072133
448.286900
451.555833
453.383067
454.191800
455.289433
455.350367
455.506367
455.563767
455.686733
455.736867
456.831733
458.129600
466.216333
469.410067
472.420800
475.307267
476.702933
479.393167
482.751433
489.433833
489.968200
496.003967
496.109233
496.133033
496.592367
497.448800
501.425767
502.922633
504.632633
504.823167
510.508633
515.642100
524.794900
535.680967
543.125767
547.716867
548.383400
548.702900
549.849000
550.535000
551.511600
556.282300
556.549033
556.899033
557.745967
558.161267
560.627867
562.051667
570.098733
571.881833
572.383600
573.485600
577.794733
578.335100
586.398100
586.570433
586.677800
586.735967
587.540933
587.544767
587.547433
587.854767
587.866067
587.868667
588.348733
588.531567
588.753967
589.053867
599.673833
601.676500
601.884733
610.975867
615.702433
615.897133
617.283933
620.809200
621.707833
628.296633
630.045533
631.227667
631.739267
633.391300
635.269033
635.485133
636.823167
637.945533
638.001100
642.189967
646.090733
654.036067
655.613167
655.672200
655.793533
655.882800
656.399267
656.454000
656.531467
657.436800
657.845900
667.185767
669.099000
670.700700
672.626167
674.997333
675.457433
676.060200
679.388767
679.995733
686.614067
687.441833
689.034200
694.129633
697.091800
700.074600
700.124167
701.269033
703.614933
704.288733
704.643133
704.686967
704.759867
708.829900
714.031067
714.191133
714.373700
714.694833
714.711367
715.958833
719.669333
722.192533
722.988100
723.500333
723.528167
723.677800
723.749467
723.974433
723.990633
724.420067
724.424800
724.544667
724.668167
724.679667
724.689333
724.762900
724.821600
725.212600
725.288233
725.754900
726.000900
732.038233
735.363833
743.782767
744.966133
746.438600
746.764667
747.086567
750.386933
753.690867
753.967967
754.141467
755.183733
756.410500
757.513367
758.434333
758.478400
759.069267
760.055700
771.767333
774.578333
775.211533
776.973133
778.417433
778.855900
779.173800
781.310767
786.077067
789.021633
789.385733
789.532667
790.791533
797.551733
798.653933
798.696467
799.282600
799.768433
799.881633
801.718733
827.167167
827.386867
831.107100
835.288900
840.689300
841.464333
849.110533
850.450233
857.229233
858.278833
858.353000
862.781567
869.995267
874.005200
876.184733
881.228667
881.468733
882.090500
885.181833
892.010833
908.012567
909.775833
912.077867
912.282600
912.696167
912.899400
913.015500
913.110967
913.299100
913.328367
913.597667
913.636667
913.743767
914.164800
914.168600
914.455967
914.713667
914.923033
915.493867
915.661667
915.682800
915.757067
915.780700
915.871167
916.287433
921.047200
934.632533
937.612867
938.444533
938.594833
939.974033
941.054500
941.855100
946.562767
949.393300
949.729100
953.799000
962.613167
973.185767
973.404267
974.717333
978.145300
978.355867
979.283933
984.143200
984.266833
987.540200
991.532467
994.791333
998.013200
998.556567
998.976967
1000.522500
1002.611733
1008.243967
1009.009767
1013.471067
1014.016000
1018.484167
1019.974500
1022.593467
1028.283733
1028.530633
1028.705933
1029.306633
1029.365700
1029.489300
1030.888300
1032.710833
1032.733200
1032.836733
1032.951300
1032.982500
1033.069967
1033.099433
1033.149833
1033.203233
1033.206800
1033.285600
1033.931033
1034.422467
1034.429233
1034.455400
1034.481000
1034.824000
1034.862600
1034.904667
1034.938633
1034.971933
1035.026933
1035.096900
1035.165067
1035.215033
1035.220200
1035.222300
1035.246300
1035.309100
1035.393100
1036.869867
1045.121467
1045.463267
1045.948633
1046.498267
1049.563867
1049.768967
1053.463900
1060.324400
1062.307067
1062.880600
1070.065433
1073.703233
1073.710067
1073.712333
1073.843400
1076.410200
1085.904967
1087.089300
1092.726333
1097.307467
1099.391400
1101.472167
1109.726400
1111.847600
1111.970467
1113.807200
1114.911800
1116.878867
1117.667233
1118.028600
1121.669767
1124.653367
1124.675633
1124.730167
1125.421733
1126.882467
1127.108667
1128.884567
1134.226333
1134.817167
1136.626267
1136.652433
1136.981933
1137.327133
1137.423467
1143.214867
1146.690700
1146.837500
1147.313867
1147.619733
1147.940167
1148.222233
1148.297967
1148.475100
1154.264133
1155.085633
1155.597633
1157.297167
1159.790433
1161.959200
1162.270767
1164.391567
1164.497467
1165.420667
1166.235500
1166.299733
1169.158067
1171.678167
1178.091667
1179.452233
1179.454667
1180.013833
1187.364800
1195.282300
1196.311133
1197.145100
1205.206767
1208.793500
1209.819133
1214.621233
1218.968800
1219.203333
1222.297200
1222.925933
1223.109767
1223.246433
1239.777400
1240.149500
1244.134300
1244.398733
1245.138567
1245.354933
1245.526400
1248.210600
1248.311967
1248.905333
1249.958133
1250.370167
1255.394867
1256.791833
1260.793100
1261.451400
1262.053967
1262.143100
1262.220467
1262.298067
1262.378867
1262.992300
1263.007100
1263.663067
1264.003467
1264.005700
1264.294967
1264.363267
1265.594200
1265.944033
1266.019100
1266.076633
1266.133667
1266.136900
1266.283133
1266.452767
1266.649333
1266.671500
1266.695333
1266.753767
1267.262000
1267.417567
1268.002233
1269.857500
1271.388333
1271.711300
1277.074633
1277.202567
1281.686233
1284.637833
1287.951000
1288.360367
1288.652367
1295.872567
1299.047467
1302.172233
1302.312500
1303.812267
1308.363167
1309.464233
1309.635533
1313.929233
