0.484533
0.676600
1.324833
1.385533
1.445600
1.567067
1.913367
2.645267
2.902133
3.044433
4.187433
4.671933
5.237267
5.291333
6.052300
6.112067
6.172433
6.304600
6.657567
9.492067
10.816200
12.201833
13.390733
13.473700
14.673600
14.960200
16.017100
16.087033
16.380100
16.442967
16.834267
16.839167
17.490800
17.553567
17.570667
17.595233
17.619433
17.833200
17.871100
17.896233
17.960200
18.000467
18.044267
18.120067
18.276600
18.400900
18.455600
18.466433
18.525800
18.857400
18.899133
19.039167
19.045367
19.077267
19.117667
19.124433
19.182200
19.274267
19.300100
19.724933
19.797900
20.050800
20.297500
20.940467
21.114667
21.237200
21.326333
21.343433
21.414367
21.453367
21.471433
21.513900
21.756167
22.123567
22.194067
22.228133
22.252533
22.287500
22.304600
22.479133
22.518867
22.534733
22.572333
22.594167
22.622867
22.641933
22.672367
22.703500
22.745533
22.765233
22.800733
22.852433
22.964600
23.084867
23.181800
23.235633
23.502667
23.528067
23.542267
23.553867
23.606100
23.657900
23.730633
24.129267
25.779733
26.375133
27.883633
27.994833
28.079767
28.197100
28.249533
28.313567
28.508633
28.617633
28.880867
29.491067
30.299900
30.735367
31.586733
31.716900
31.805200
31.890433
32.279900
32.463167
36.816033
36.987633
40.497567
40.516233
40.556100
40.967633
41.563900
41.941400
42.120167
42.152500
42.193367
42.218467
42.249100
43.391167
46.541100
46.654667
47.081733
47.377800
47.413400
47.434067
47.517667
47.597967
47.640100
47.682700
47.695000
47.711900
47.739933
47.759933
47.824433
47.880733
48.202167
48.231500
48.275300
48.291733
48.317833
48.370833
48.380533
48.420667
48.428367
48.448800
48.481800
48.512467
48.581300
48.602067
48.613433
48.634367
48.648900
48.656567
48.692300
48.797067
48.977800
49.018200
49.147500
49.236300
50.596600
52.525500
52.752067
56.208533
56.486567
57.664967
59.310867
59.551400
59.575367
59.654133
59.687867
60.065933
60.119633
60.138900
60.167767
60.190500
60.206333
60.227700
60.230433
60.248467
60.250867
60.263267
60.268300
60.282433
60.289967
60.293500
60.302333
60.318600
60.330200
60.347500
60.353533
60.368200
60.394567
60.399767
60.410767
60.436100
60.451600
60.468567
60.525700
60.571233
61.588600
61.614733
61.639400
61.685200
61.697533
61.720567
61.738667
62.301267
62.660700
62.779000
62.926467
63.115233
64.884733
65.640967
65.687667
65.879300
65.940433
66.001633
70.365667
70.511100
70.644500
71.326933
72.646500
72.695467
72.714733
72.736200
72.790700
72.793233
72.821800
72.849900
72.870400
72.884700
72.901367
72.929500
72.945733
72.960767
72.991267
72.996633
73.032933
73.042500
73.104500
73.173633
73.199567
73.216700
73.299667
73.339067
73.569867
73.701733
73.832567
73.851667
81.441267
84.593367
84.642733
84.695233
84.756333
84.834567
87.470967
87.579900
87.754833
87.782800
87.953367
88.077867
88.188200
88.640567
88.840133
88.917967
89.008067
89.647633
89.750933
89.804000
90.370533
90.422933
90.475867
90.749100
90.811267
90.840267
90.871933
90.927200
90.960000
91.073433
91.107100
91.172300
91.240433
91.382033
91.464367
91.474000
91.562033
91.613167
91.724100
91.845867
91.900700
92.003967
92.042367
92.078700
92.105100
92.135867
92.141500
92.238533
92.282733
92.327433
92.385867
92.442633
92.503467
92.554667
92.585133
92.610400
92.658367
92.679833
92.729700
92.757367
92.786167
92.820967
92.824667
92.875167
92.906400
92.940567
92.976867
93.008633
93.076833
93.154967
93.193500
93.234433
93.263000
93.288333
93.323300
93.359733
93.388933
93.418133
93.472867
93.520733
93.548367
93.616800
93.652533
93.704000
93.725667
93.748433
93.780433
93.805767
93.838433
93.883500
93.916667
93.969900
93.990333
94.018600
94.052867
94.065567
94.092833
94.121600
94.135233
94.191967
94.231667
94.265267
94.284967
94.321567
94.358900
94.375333
94.397200
94.419133
94.469800
94.503200
94.568733
94.592400
94.637767
94.667433
94.700400
94.746900
94.798200
94.895000
94.923767
94.952033
94.989100
95.022033
95.095267
95.182367
95.275867
95.347800
95.380100
95.428167
95.482533
95.607133
95.665167
95.735700
95.922667
96.135200
96.184700
96.227367
96.246700
96.297467
96.320000
96.348867
96.361733
96.380833
96.454600
96.477933
96.552500
96.600933
99.206400
99.535500
102.207233
102.307833
102.447367
102.662500
105.822633
105.861700
106.375367
106.631167
106.681467
106.721900
106.751433
106.773967
106.797633
106.855933
106.879167
106.908133
106.933300
106.973000
107.030033
107.061100
107.080033
107.101167
107.148767
108.969367
110.148667
110.331333
110.470000
110.552433
111.694700
111.871633
111.996967
112.641833
112.690400
112.740300
114.008833
114.073833
114.139233
114.379500
114.425033
114.457667
114.474000
114.488433
114.530000
114.570833
114.618733
115.102433
115.105500
115.171800
115.197067
115.263433
115.294800
115.429600
115.488667
115.506467
115.660433
115.768367
115.868267
115.907700
117.834867
118.440967
120.035700
120.919500
121.257100
122.385867
122.432233
122.761433
122.856467
122.889100
123.020867
123.060400
123.121967
123.182000
123.291933
123.356833
123.506833
123.741800
125.269500
126.490967
126.566333
126.625233
127.215433
127.367500
127.443767
127.514200
127.597967
127.671833
127.703800
127.753867
129.377733
129.427367
129.519867
129.611167
129.695300
129.986367
130.845233
130.883367
132.372000
132.587733
133.738933
134.065033
134.168700
134.263567
134.812700
134.853867
134.896733
134.937767
135.166000
135.339267
135.407667
135.482300
135.590400
136.612767
136.702167
138.356133
138.753267
138.798200
138.832667
139.651633
140.922833
142.287633
143.720167
143.810533
148.125133
148.158633
148.605133
148.659767
149.225367
149.411933
149.500600
149.576067
149.736933
151.907767
151.952333
151.978767
151.990267
152.014667
152.024733
152.029200
152.046433
152.053933
152.072267
152.090167
152.103800
152.107967
152.111867
152.119233
152.131333
152.142733
152.144867
152.153600
152.164300
152.171767
152.183467
152.197500
152.202600
152.213867
152.219700
152.253267
152.263800
152.288567
152.300867
152.312633
152.323667
152.358633
152.363100
152.388700
153.151833
153.193233
153.231633
153.315900
153.688833
154.777367
154.849833
155.400367
155.465300
155.689533
155.743167
155.804467
155.823633
155.908533
156.012200
156.314767
156.373133
159.618467
159.679500
160.587267
160.639233
161.670133
161.680467
162.397733
164.049267
165.903700
166.422767
166.482333
166.509667
166.550667
166.574867
166.629433
166.911700
166.945167
166.977000
167.010867
168.705767
168.740900
169.277367
169.362367
170.192933
170.522467
171.023133
171.092967
171.137733
171.247633
173.115667
173.181167
173.303900
173.412233
173.488533
173.573800
173.855967
174.030433
174.085667
174.288733
174.337367
174.405267
174.450867
174.554833
174.616100
174.757433
174.789067
174.879333
174.931467
175.069700
175.123533
175.166000
175.318200
175.541100
177.409167
177.482533
177.548133
177.595700
177.674467
177.701567
177.724633
177.742067
177.761833
177.800500
177.866467
177.914067
177.954233
177.971867
177.998933
178.041300
178.078567
178.365267
178.389967
178.431233
178.445467
178.453100
178.497833
178.655933
178.684300
178.723133
178.734600
178.795433
178.803800
178.830533
178.843800
178.889100
178.922400
178.947633
178.992100
179.009767
179.027767
179.044667
179.073800
179.096533
179.162033
179.219467
179.269300
179.298633
179.309633
179.328500
179.385733
179.410100
179.433167
179.459033
179.480300
179.523300
179.545667
179.655400
179.897833
180.035467
180.056300
180.094400
180.159967
180.613033
181.590667
184.244200
184.316833
185.353200
185.696233
185.845367
186.432600
187.334833
187.529133
188.207433
188.244267
188.292033
188.340633
188.415733
188.618667
188.683800
188.763733
188.957967
189.363867
189.489633
190.341200
190.432433
190.456933
190.515800
190.561100
190.607167
190.656000
190.683333
190.720100
191.380833
191.537033
191.631133
191.706400
193.335433
193.423533
193.652667
193.686233
193.699733
193.739467
193.766700
193.821333
193.854200
193.929367
195.022300
195.045467
197.848300
197.895067
197.954600
198.000033
198.031200
198.114300
198.138833
198.205800
198.240067
198.254267
198.297267
198.312900
198.331633
198.357333
198.371933
198.392400
198.431300
198.464200
198.506700
198.520800
198.550333
198.562867
198.618767
198.673433
198.720900
198.739000
198.778233
198.842167
198.872967
200.653333
200.801900
200.915233
200.952200
201.115500
201.183667
201.295933
201.349767
201.401033
201.428367
201.464533
201.524433
201.565533
201.740200
205.158600
205.196200
205.214700
205.248733
205.287433
205.299433
205.332700
205.429967
205.434600
205.481700
205.497900
205.511867
205.583533
205.655367
205.681100
205.774400
205.834333
206.062000
206.101833
206.116500
206.127367
206.143100
206.205800
206.348600
207.147733
207.186033
207.330933
207.357600
207.415767
208.007267
208.074300
208.133467
208.383633
208.424867
208.635700
208.693333
210.228600
210.239333
211.981167
212.787133
212.821100
212.823433
212.928867
212.976600
213.023767
213.503967
213.583933
214.938333
215.099567
215.137300
215.184267
215.223200
215.652733
219.111933
219.574667
219.921767
220.000200
221.146767
221.209900
221.237133
223.531133
223.565033
224.418100
224.444433
224.996433
225.384733
226.068833
226.612400
226.654100
226.747167
226.816200
226.905100
226.955767
226.993600
227.013233
227.023533
227.087333
227.101633
227.151033
227.210267
227.276133
227.796367
227.811500
227.990467
228.021833
228.040767
228.052667
228.066000
228.083300
228.104200
228.120700
228.151900
228.165433
228.168700
228.187967
228.211467
228.218933
228.289467
228.306900
228.472000
228.493933
228.533367
228.613667
228.646567
231.621000
232.896967
234.138667
234.366867
234.483967
234.531933
234.716100
234.764500
234.797567
234.816400
234.858267
234.918900
235.090633
235.150000
235.356433
235.612533
235.880333
235.942167
236.203000
236.248133
237.815800
238.806700
238.898200
239.092467
239.348467
240.051600
240.897967
241.964500
242.157833
242.405000
242.460733
242.483733
242.644933
242.701800
243.142733
243.248933
243.276633
243.288800
243.309767
243.335833
243.407733
243.698900
244.094500
244.386067
244.402267
244.802467
244.852333
244.861200
244.935500
245.007200
245.049033
245.139600
245.288667
245.369900
245.582500
245.600133
245.638700
245.688467
245.727033
246.161100
246.691267
246.786200
246.839767
246.958800
247.015600
247.048800
247.088600
247.120833
247.169600
247.193667
247.242667
249.597600
252.308233
253.288100
253.413933
253.692000
254.317433
256.850400
257.667267
257.755033
257.797067
257.810700
257.913967
257.951167
258.199367
258.477567
260.527867
260.587933
260.640933
260.709700
261.692767
261.861133
261.941067
261.994400
262.060300
262.103733
262.122300
262.172233
262.203333
262.311200
263.361367
263.508533
263.571467
263.596967
263.676133
263.705767
263.763667
263.781600
263.824867
263.827733
263.896267
263.919400
263.936900
263.955667
263.991133
264.017500
264.051167
264.084867
264.122533
264.152333
264.188400
264.216633
264.251133
264.324600
264.375300
264.430367
264.454600
264.480633
264.503133
264.506700
264.534700
264.557233
264.580600
264.591000
264.613800
264.630500
264.644033
264.703967
264.738733
264.762533
264.789367
264.807167
264.826500
264.864833
264.879567
264.942567
265.020700
265.055300
265.111600
265.136100
265.223300
265.286567
265.391533
265.449300
265.482833
265.522967
266.424000
266.802367
266.878467
268.061333
268.307333
269.089367
269.244067
269.673567
271.060033
271.090833
273.225600
274.129233
274.187100
274.212767
274.251233
274.734567
274.782667
274.790633
274.840367
274.875800
274.905767
274.950167
274.961100
275.005433
275.519567
275.622667
275.840833
275.897867
275.945700
275.968367
276.012967
276.048267
276.071633
276.095533
276.108467
276.130533
276.142000
276.159600
276.174800
276.176900
276.194100
276.206900
276.233933
276.247167
276.258067
276.300433
276.319900
276.328333
276.348033
276.357767
276.471000
276.496600
276.596133
276.627000
276.631567
276.706967
276.768633
276.847233
276.909967
278.804233
279.530933
279.646933
281.894333
282.304133
283.366233
283.783500
285.647133
287.089233
288.604033
288.806867
289.170000
289.773100
290.885467
291.470733
291.634833
291.682367
291.716433
291.732800
291.773500
291.792733
292.122333
295.983533
296.043633
296.257033
296.319400
297.673033
297.769733
297.856067
297.913400
297.998500
298.072667
298.452467
298.496333
298.573900
298.706300
298.748900
299.144533
300.802600
300.856333
300.898233
300.956267
300.996000
301.525900
301.697900
301.767233
302.998633
304.375267
304.598900
304.731200
307.718533
308.418167
308.503667
308.524533
308.568700
308.821300
308.842033
309.551367
309.609300
309.630733
309.699400
309.761133
309.810833
309.861500
310.375900
310.840100
310.926633
313.356100
313.641400
313.687333
315.317900
315.342567
315.385900
315.436300
315.470467
315.547133
315.630700
315.701833
315.903333
316.241900
316.370367
316.518367
316.751733
316.814800
316.933800
319.939100
319.989033
320.510067
320.544300
320.571267
320.596833
320.647433
320.695600
320.770367
320.807767
321.266100
321.407600
321.435767
321.915067
321.985833
322.040067
322.291700
322.412700
322.512833
324.401633
325.626800
325.671000
326.199333
326.338100
326.409367
326.475233
326.576667
326.807467
326.860833
327.753133
328.104933
328.204467
328.237600
328.264167
331.114100
331.143233
331.314200
331.550967
331.766733
333.496400
334.151200
335.110800
335.165967
335.230367
336.315467
336.395833
336.453467
336.511833
336.965733
338.083333
339.054567
339.376233
339.545633
339.589000
339.631067
339.690967
339.757133
339.788267
339.811867
339.847467
339.916667
339.958200
340.111700
340.741900
340.966467
341.562733
341.630900
341.698433
341.768967
341.932067
342.325133
342.383133
342.445200
342.511900
342.552200
342.589267
342.629933
342.703167
342.733000
342.805133
342.845533
342.954767
344.455700
344.994333
347.379367
349.790500
352.187367
353.398767
354.946067
355.229867
355.325633
355.698333
355.737233
355.827667
355.868400
355.911667
355.937800
355.987533
356.063200
356.090167
357.125833
357.467900
357.619867
358.053167
359.254800
359.781467
359.881367
360.469967
360.606633
360.826600
361.199733
361.256667
361.347567
361.684900
361.825633
361.868367
361.907067
362.180533
362.253133
362.317233
362.355533
362.397733
362.494133
362.621167
363.269033
363.333833
364.223500
364.248233
364.344300
364.420300
364.467000
364.523267
364.574333
364.660267
364.713733
364.746800
364.848367
365.554167
365.587900
365.702800
365.820967
365.889433
365.966133
366.107967
366.173267
366.193333
366.240567
366.259433
366.288533
366.329833
366.362800
366.396233
366.437667
366.475067
366.523900
366.585533
366.616367
366.666367
366.692633
366.729533
366.735900
366.764767
366.798333
366.801333
366.818767
366.831533
366.877233
366.908833
366.954100
367.002467
367.093733
367.146400
367.187333
367.235600
367.272333
371.691667
375.834167
377.058033
377.587033
377.731500
378.529000
378.589167
378.676800
379.054933
380.059233
380.437533
382.414700
382.509267
382.567700
387.277167
388.761800
388.850200
388.898600
389.401433
391.605000
391.758100
391.806933
391.848600
391.903567
391.962767
392.498433
392.534533
392.699933
392.972367
393.155467
393.565900
393.698867
395.792900
397.762700
398.360867
398.406500
398.559167
398.943467
399.409833
399.428467
399.460233
399.536233
399.636000
399.799967
399.857133
399.896933
399.934800
399.978033
400.031433
400.055733
400.103067
400.129933
400.241700
400.269600
400.417900
400.465133
400.533600
400.565233
400.590300
400.675567
400.764800
400.804567
400.957533
401.227933
401.508600
402.604367
402.660167
404.051467
406.180500
406.297533
406.363800
406.395633
406.825033
407.341100
408.075200
408.126000
408.163600
408.217967
408.584533
408.880500
410.458167
411.846667
412.284567
412.401300
412.456567
412.627467
413.765300
416.113967
416.768233
417.178800
417.266167
417.303067
417.352400
417.358233
417.434200
417.518267
418.156067
418.293767
419.168833
419.211067
419.300133
419.461167
420.392167
420.466700
420.498167
420.561167
420.598633
420.637067
420.703967
420.775167
420.831100
420.850467
420.909200
420.973333
421.037833
421.484933
421.712300
421.973000
422.003833
422.124533
422.534367
422.571300
423.036000
424.396467
424.479400
424.495567
425.167900
425.332667
425.408800
425.977700
426.149033
426.334933
426.414067
426.428067
426.576000
427.291467
427.379333
427.478367
429.396900
429.496767
429.555767
429.598767
429.741000
429.804133
430.082333
430.420700
433.821767
434.530367
434.558600
434.568400
436.001267
436.928000
436.958867
437.031200
437.092633
437.163433
437.280567
437.286933
437.338567
437.416667
438.264667
441.655267
442.816567
442.870300
442.972233
443.461833
445.276200
445.668033
446.334200
446.385800
446.642200
446.691267
446.816533
446.852933
446.886600
446.919967
447.278833
449.226267
449.295533
451.232000
451.276133
451.303567
451.349133
451.637600
451.696833
451.708033
451.844967
452.071867
452.922800
453.252133
453.290433
454.972567
455.065067
455.207633
455.529100
455.650333
455.665967
455.724567
455.740133
455.761500
455.777967
455.791867
455.827067
455.850833
455.863367
455.883767
455.885300
455.896433
455.904400
455.916833
455.962533
455.978500
455.993300
455.999800
456.040433
456.069767
456.542733
458.593567
460.082033
460.860900
461.050533
461.087067
461.108933
461.131900
461.150833
461.162933
461.173133
461.268533
461.288967
461.307600
461.336467
461.352200
461.392633
462.150833
463.110433
463.187367
463.212167
463.252467
463.487967
463.509667
463.537100
463.557900
463.631300
463.690833
464.399467
464.568433
466.930067
467.068667
467.099700
467.163433
467.190967
467.306767
467.340733
467.405967
467.449167
467.479833
467.588133
467.619233
467.651267
467.669300
467.679100
467.724067
467.735900
467.757933
467.775400
467.808367
467.819467
467.944733
468.005800
468.070533
468.112200
468.124500
468.223433
468.239300
468.315800
468.351767
472.796900
472.842233
472.949333
473.098633
473.661467
474.245167
474.521300
474.569033
474.598433
474.676667
474.692900
474.722133
474.727267
474.749333
474.769200
474.808100
475.108733
477.248833
478.366133
478.377433
478.441800
478.495867
478.552833
478.571767
478.641633
478.656067
478.674467
478.720633
478.753933
478.816233
481.115867
481.365267
482.151467
482.515000
482.619367
482.685000
482.736333
482.754833
482.759400
482.784600
482.898833
482.951667
482.975433
483.001700
483.042300
483.057433
483.080100
483.099433
483.109233
483.137167
483.145000
483.186767
483.211567
483.225600
483.257867
483.283667
483.312600
483.348867
483.375133
483.426533
483.482067
483.504033
483.538767
483.633167
483.655233
483.707100
483.741033
483.761867
483.785767
483.816267
484.212233
485.150567
485.493633
485.516133
485.562667
485.589333
485.625433
485.648067
485.657967
485.692900
485.705600
485.719067
485.737500
485.767567
485.810733
485.908800
486.722167
487.319333
489.841200
489.899567
489.941233
490.035133
490.087967
490.199367
490.472833
490.595033
490.668533
493.564133
494.529200
495.148800
497.370633
497.841400
497.935900
498.124000
498.689500
499.604833
500.552967
500.603667
500.653100
500.694467
500.734133
500.778600
500.843433
500.869567
501.494433
502.436000
502.466733
502.484533
503.435533
505.011733
505.077367
505.551400
506.041567
506.413900
506.759033
506.986433
507.474467
507.484933
507.495933
508.179933
508.413767
508.450600
508.512133
508.575200
508.610033
508.648700
508.703500
508.733700
508.783767
508.975700
509.033167
509.096400
509.461667
509.622767
509.662700
510.204333
510.787333
510.936533
511.021433
511.869400
512.143733
512.558367
512.629500
512.687233
512.689300
513.373367
513.904067
514.004700
514.753800
515.296200
515.318900
515.342833
515.373433
515.487467
515.563933
515.649233
515.712300
515.740833
515.806067
515.833733
515.856367
515.896633
515.932067
515.936567
515.951300
515.989800
516.017033
516.090900
516.582100
519.454267
521.408433
521.460600
521.522600
521.983700
522.135600
522.155967
522.203033
522.273667
522.313900
522.328867
522.394700
522.475500
522.480667
522.527667
522.535333
522.546767
522.592600
523.339100
523.509067
523.547267
523.585767
523.638933
523.693567
524.002900
524.083633
524.143700
526.970933
527.117267
527.200800
527.274667
527.313367
528.114067
528.162767
528.303000
529.469733
529.527533
530.937733
530.974367
531.102367
531.125800
531.167100
531.213667
531.255567
531.309900
531.326000
531.371400
531.382567
531.414200
531.450533
531.492133
532.033200
532.075900
532.090867
532.128567
532.161467
532.171433
532.208767
532.230567
532.240267
532.264933
534.459433
534.487467
534.682133
534.687767
535.325633
536.189367
536.195533
536.247633
536.333033
536.404000
536.471900
539.367700
539.407500
539.450667
539.453933
539.472933
539.506533
539.538700
539.574900
542.501500
542.508433
542.522233
543.597833
543.800800
543.825100
544.485533
544.696100
544.743433
544.787533
544.825000
544.980733
544.998567
545.065700
545.108600
545.160433
545.179267
545.301467
545.321233
545.353433
545.410933
545.450433
545.479533
545.505633
545.803133
546.268233
546.373067
547.312200
548.947333
549.731067
550.995267
551.158733
551.412567
553.943100
554.530167
554.604900
554.961500
555.337133
556.039700
556.327433
558.652733
558.687367
558.715833
558.792433
558.860000
558.908067
558.948833
559.019200
559.083833
559.134800
559.181467
559.207200
559.290900
559.371200
559.404867
559.451533
559.506733
559.540633
559.641867
559.718100
559.841067
559.878200
560.101433
560.177600
560.339467
560.920167
560.935633
560.958867
561.796033
561.823367
561.911867
563.315967
563.361867
563.385267
563.425267
563.462400
563.475833
563.492500
563.524033
563.550300
563.580733
563.585200
563.609533
563.629400
563.665000
563.681100
563.717633
563.743933
563.925800
564.524300
564.608700
564.945100
564.978300
564.982133
565.480300
565.568800
565.690567
565.748700
565.816967
565.853700
565.938367
565.977267
566.033933
566.064033
566.085467
566.126933
566.164700
566.239867
566.291633
566.342133
566.470667
566.610733
567.536500
567.587533
567.653333
567.688800
567.693400
567.744367
567.747100
567.790833
567.821333
567.842067
567.867033
567.885467
567.968200
568.024400
568.093867
568.210067
568.306067
568.633567
569.276200
569.493967
569.518267
570.071033
570.172833
570.193533
570.248667
570.359067
570.545267
570.666000
570.770667
571.794067
572.073733
572.090400
572.139600
572.163733
572.230000
572.251667
572.294433
572.320033
572.351100
572.357700
572.416100
572.473667
572.534000
572.664033
572.736733
572.865833
573.053133
573.121367
576.040533
576.360033
576.618467
576.784800
576.849400
577.009900
578.257100
578.743100
578.805000
578.891500
578.905100
578.935967
579.102167
579.875267
579.910900
579.970700
580.293167
581.694400
581.735433
581.772267
581.895167
582.545800
582.583200
582.603833
582.638500
582.654667
582.670000
582.675800
582.704567
582.711533
582.738400
582.780467
582.807467
582.839233
582.886700
582.905167
582.916700
582.946833
582.972667
583.003533
583.026000
583.055300
583.118967
583.155033
583.217000
583.280400
583.303533
583.354867
583.368100
583.437333
583.471400
583.516300
583.537333
583.565933
583.597133
583.621533
583.652700
583.664633
583.671533
583.696500
583.711633
583.725000
583.755067
583.771267
583.779033
583.802467
584.029767
584.164100
584.171933
584.183433
584.241133
584.263067
584.282733
584.304200
584.311567
584.325667
584.362567
584.394900
584.405933
584.412400
584.451400
584.463167
584.482800
584.487067
584.518833
584.540033
584.643233
584.660833
584.709300
584.758133
584.786633
584.804067
584.821900
585.022200
585.053767
585.099600
585.132500
585.171700
585.194300
585.214833
585.224400
585.238200
585.248667
585.255733
585.273567
585.281667
585.290367
585.302833
585.318800
585.367367
585.386433
585.401300
585.447133
585.467433
585.491467
585.513567
585.536767
585.573800
585.587500
585.607767
585.631267
585.658567
585.682700
585.696800
585.723667
585.740767
585.763067
585.787500
585.807767
585.828300
585.851667
585.862633
585.909633
585.951633
585.962833
585.994600
586.037500
586.043633
586.154800
586.236700
586.404567
586.420433
586.564167
586.657833
587.545767
587.930567
588.071967
588.437867
588.812633
589.332433
589.492900
589.602000
589.651433
589.708567
589.774333
589.814900
589.837933
589.855700
589.872033
589.878333
589.899333
589.922833
589.944800
589.960067
589.963000
589.986467
590.011800
590.032700
590.050967
590.076167
590.103833
590.116633
590.124300
590.149333
590.157867
590.165333
590.179000
590.229200
590.246533
590.263000
590.337067
590.387733
590.432000
590.448967
590.494700
590.643867
591.237433
591.370567
591.454633
592.216933
592.317533
592.372433
592.513000
592.586233
592.675900
593.452867
593.522733
593.590033
593.685733
593.771867
593.812267
593.881400
593.929833
593.974500
594.031733
594.095067
595.020100
596.047700
596.101400
596.116833
596.218067
596.295067
596.378633
596.446300
598.372933
600.220100
600.246933
600.267333
600.286800
600.369200
600.403067
600.443000
600.515800
600.558933
600.616067
601.751833
602.010300
602.014800
602.564700
604.183600
604.234567
604.274167
604.313033
604.361467
604.383000
604.481900
604.540267
604.571333
604.954300
605.484867
605.490133
606.075633
606.269967
606.338900
606.883867
607.420800
607.464100
607.479900
607.492367
607.550233
607.593167
607.645567
607.689433
607.778867
607.809733
607.871600
607.900567
607.999700
608.107033
608.174833
608.262433
608.936767
609.600900
609.670167
609.723067
610.450033
610.943867
611.045333
612.338433
614.129100
615.122100
615.209433
615.348800
615.962100
616.096967
616.294200
617.025433
617.184633
617.233533
617.267567
617.329733
617.391433
617.714367
617.776767
617.920900
617.929667
617.966400
618.034267
618.083000
618.085433
618.116600
618.134100
618.168933
618.211867
618.248367
618.265800
618.270233
618.289500
618.307200
621.169767
621.471033
621.497967
621.514600
621.635267
621.776033
621.852433
621.871300
621.877933
621.925367
621.981900
622.037467
622.043100
622.059433
622.084433
622.108767
622.114867
622.135900
622.182600
622.195867
622.198700
622.220400
622.258833
622.295833
622.309500
622.422900
622.466133
622.469567
622.474500
622.489900
622.500033
622.522533
622.574567
622.585667
622.682367
623.445000
625.295200
625.332400
625.379567
625.914500
625.999267
627.679533
627.738367
628.680433
628.801533
630.541767
630.610067
632.698800
633.028967
633.528700
633.541200
633.556967
633.595700
633.615833
633.646433
634.045633
636.144200
636.254933
636.589933
637.793000
637.835600
637.865300
637.892900
637.937900
637.945700
637.973433
637.995767
638.019867
638.043133
638.092600
638.113267
638.145000
638.164700
638.201767
638.410067
638.598067
639.729233
640.335000
640.490367
640.618900
640.772733
641.000933
641.007667
641.944633
641.990433
641.995600
641.997333
642.047733
642.057700
642.083233
642.089900
642.131767
642.166600
642.198933
642.257067
642.524733
642.572667
642.696200
642.717433
642.774967
642.847567
642.903367
643.006267
643.555233
643.663667
643.780567
644.028167
644.541133
645.198000
645.255067
645.827733
646.569867
647.071800
647.227400
647.284533
647.298333
647.330200
647.339533
647.366667
647.385700
647.407000
647.491367
647.501933
647.515400
647.540600
647.619567
647.641233
647.668167
647.691400
647.858967
651.358733
651.568267
651.916800
653.427600
653.791633
654.885467
654.984867
655.068633
655.404700
655.472800
655.510033
655.613933
655.731367
655.756467
655.880500
656.018500
656.851233
656.902067
656.959300
657.258133
657.705933
658.477067
659.630767
659.708700
659.733733
659.768900
659.812700
659.889567
659.946667
659.980367
660.315033
660.489200
660.549133
660.591267
660.663500
660.955167
662.062300
663.346367
663.404933
663.474033
663.595467
663.808800
664.157367
664.223033
664.278300
664.351233
664.474167
665.074767
666.577000
667.094333
667.958567
668.296200
668.504133
668.553267
668.630033
668.693233
668.747600
669.442900
669.457767
669.739533
669.821867
670.012233
670.053567
670.086433
670.156167
670.209633
670.268233
670.305400
670.364833
670.390600
670.420433
670.575133
670.615633
670.677800
670.747300
671.020867
672.016600
672.057400
672.112467
672.140067
672.259700
672.332767
672.369500
672.399333
672.429000
672.436233
672.478600
672.743200
672.819500
672.852867
672.889100
672.908300
672.938533
672.969133
673.000033
673.018567
673.035767
673.076667
673.114367
673.155567
673.205667
673.246333
673.270967
673.339700
673.460267
673.541000
674.335900
674.427967
674.496767
674.558700
675.374933
675.520633
678.733533
679.280267
679.453200
679.465867
679.790467
679.939600
680.516133
683.997633
684.090400
684.299067
684.321867
684.370000
684.408967
684.430300
684.464933
684.502033
684.533400
684.584467
684.587800
684.591133
684.630933
684.637867
684.654767
684.678400
684.725433
684.729633
684.752333
684.782333
684.792433
684.842433
684.876300
684.899600
684.910400
684.941500
684.984600
685.058967
685.900933
687.417000
688.904867
690.230467
690.476433
695.381500
695.456467
695.543633
695.636933
695.820967
696.969300
697.013567
697.047900
697.479067
697.646000
697.692800
697.695167
697.710367
697.749933
697.763800
697.779100
697.855367
697.899600
697.954433
697.966067
698.042567
698.067400
698.116300
698.127167
698.148400
698.155867
698.175733
698.597833
698.878467
698.908867
698.929033
698.978733
699.107600
699.124367
699.134200
699.172567
699.205300
699.222267
699.239300
699.296533
699.329867
699.370467
699.405867
699.431733
699.466733
699.503100
699.513867
699.762100
699.808233
699.904367
700.153733
700.363533
700.429033
701.606367
701.663133
701.827333
701.864300
701.911700
701.969167
702.071133
702.148133
703.666767
706.079200
706.314433
706.357200
706.426967
706.467133
706.586233
706.731633
707.257200
707.340567
707.864400
708.648433
708.903267
709.889000
711.122600
711.295833
711.343400
711.397367
711.413933
711.814067
712.018167
712.042167
712.072333
712.081733
712.103300
712.131900
712.173233
712.500633
712.533700
712.710567
713.003167
713.061767
713.086733
713.123467
713.175033
714.862633
714.903200
714.919400
714.935633
714.966100
714.972567
714.987500
714.997633
715.021533
715.071867
715.138133
715.182500
715.205100
715.256367
715.287300
715.319700
715.327133
715.364800
715.383467
715.552867
715.662967
715.696300
715.761033
715.817833
715.867967
715.885200
715.920833
716.109333
716.263567
716.323433
716.354767
716.421700
716.492000
716.625167
716.659700
716.710867
716.811967
716.841500
716.880000
716.927333
716.966733
717.064067
717.113333
717.171967
717.235233
717.292100
717.367333
717.659133
717.761100
717.859167
718.316167
718.349633
718.406333
718.447400
718.837233
718.929633
718.973533
719.022400
719.104133
719.169067
719.276867
719.355300
719.410667
719.542600
719.588733
719.616933
719.670033
719.885633
719.942567
720.004567
720.054733
720.092100
720.106500
720.170767
720.222400
720.286567
720.395300
720.497667
721.367233
721.452267
721.555600
721.638333
721.677833
721.746200
721.802033
721.868400
721.983467
722.034067
722.082600
722.129133
722.182100
722.224767
722.268267
722.292800
722.341900
722.363067
722.393400
722.426367
722.522433
722.540700
722.579467
722.604367
722.612467
722.697733
722.718933
722.747367
722.789500
722.810967
722.878500
722.924000
722.972233
723.005233
723.084867
723.096767
723.130633
723.162067
723.196567
723.267200
723.300300
723.334100
723.350533
723.414933
723.498800
723.574067
723.640233
723.686600
723.887033
723.926633
724.132900
724.378633
724.408900
724.468933
724.571233
724.659400
724.795033
724.854833
724.898867
724.963433
724.987200
725.076667
725.362000
725.464700
725.662300
725.739533
725.743600
725.984733
727.354267
727.381700
727.418800
727.518400
728.437833
728.737500
729.059133
729.116233
729.412233
731.521633
731.565700
731.589367
731.627200
731.697500
731.748867
731.795000
731.838133
731.926700
732.011833
732.054000
732.073633
732.087000
732.125500
732.136000
732.220300
732.252300
732.322167
733.169500
733.409033
733.573433
733.670933
733.707133
733.771500
733.868200
734.634100
734.949600
735.816533
736.994667
737.116267
738.286433
738.998633
739.103500
739.713800
739.752300
740.110633
740.644200
740.730433
740.800067
740.928967
740.986700
741.069867
741.157967
741.227133
741.402733
741.483767
741.562600
741.657300
741.681833
741.774400
741.832600
742.044200
742.144267
742.236300
742.458700
742.566067
742.912200
743.049167
743.092100
743.114833
743.243100
743.301700
743.438167
743.598233
743.948067
744.564633
744.636667
744.965867
744.974567
745.691533
745.717833
745.755800
745.794233
746.293367
747.175033
747.237167
747.444433
747.495033
747.521933
747.555900
747.566200
747.585567
747.618533
747.661233
747.718000
747.760767
747.808767
747.934233
748.168633
748.211633
748.255633
748.300400
748.353867
748.399700
748.530167
748.673933
748.869033
748.889033
748.932400
748.973267
748.997400
749.099867
749.167667
749.200033
749.312567
749.388400
749.451500
749.457600
749.525867
749.643933
749.715233
750.543867
750.591200
750.629700
750.762367
750.926833
753.163167
753.873133
753.903800
753.928633
753.946433
753.984800
753.992000
754.029833
754.061133
754.122733
754.160900
754.191833
754.232767
754.288067
754.931567
755.836800
755.900533
756.141600
756.158600
756.160833
757.326333
758.306500
758.410133
758.465733
758.495467
758.559867
758.570900
758.588567
758.627467
758.713400
758.836967
759.197467
759.355733
760.205900
761.096367
761.457433
761.508433
762.680967
763.577667
763.986933
764.434433
765.023433
765.070867
765.333000
765.351300
765.386033
769.418667
769.472833
769.496100
769.545133
769.597433
769.707667
770.368300
770.747300
770.784033
770.839067
770.946733
771.498200
771.686067
771.740800
771.897000
772.114500
772.157633
773.393200
773.421433
773.604833
773.646200
773.665167
773.698167
773.725633
773.777733
773.858633
775.075167
775.202167
775.402033
775.688167
775.729400
775.741000
775.750567
775.768233
775.786333
775.807767
775.821167
775.855867
775.907067
775.922733
775.962933
775.981300
776.020233
776.052433
776.118500
776.197100
778.574467
778.605333
778.700700
780.728267
780.869400
782.384700
783.387367
783.453200
783.865900
784.006567
784.127000
784.385200
784.467800
784.493367
784.526867
784.567867
784.587667
784.611500
784.680133
784.703333
784.758300
784.806733
784.911667
784.988167
785.027000
785.103233
785.185433
785.250367
785.310433
786.476667
786.545700
786.673700
786.762833
786.825867
787.078767
787.137400
787.168500
787.224867
787.316600
787.339967
787.367267
787.393867
787.428733
787.496200
787.575533
787.598033
787.654833
787.722000
787.763333
787.854200
787.887633
787.910967
787.931800
787.950433
787.961900
789.097067
789.402033
789.536500
789.584333
789.615233
789.643567
789.662300
789.704633
789.745800
790.209867
790.271433
790.306700
790.329700
790.331600
790.357667
790.391633
790.429500
790.553533
790.596467
790.693833
790.750867
790.804100
790.864067
790.936533
790.972400
791.004833
791.025300
791.054800
791.107000
791.135400
791.154400
791.185300
791.210900
791.239567
791.263100
791.284533
791.327100
791.346467
791.360367
791.372000
791.402733
791.441800
791.493867
791.546967
791.636367
791.662300
791.743133
791.803233
792.180367
792.241400
793.121300
793.161300
793.220333
793.259500
793.363033
793.575833
794.261633
794.601367
795.584133
795.655000
795.741167
796.086533
796.392000
797.601367
797.959700
798.063967
798.107700
798.206100
798.434200
798.579433
798.620300
798.663600
798.708100
798.757333
798.854100
798.906567
798.925033
798.952567
798.964267
799.024167
799.086833
799.570467
799.588200
799.597067
799.632500
799.657033
799.672733
799.690133
799.706633
799.755033
799.812367
799.837433
799.910800
799.914433
799.918633
799.934833
799.998967
800.011933
800.065500
800.563200
802.475233
802.625600
803.747267
803.858400
805.091300
805.164167
805.240067
805.424300
805.485200
807.110033
808.014100
808.147933
809.495800
809.852067
811.437400
811.532033
811.573367
811.700767
811.762333
812.818833
812.866967
812.908600
813.632067
814.048600
814.667200
814.707900
814.752567
814.785600
814.837500
814.854733
815.370600
815.403133
815.591133
816.171400
816.217633
816.259600
816.387133
816.533600
816.580933
816.683633
816.795467
816.819000
816.831467
816.850233
816.877600
816.902100
816.928633
816.955600
816.983100
817.017900
817.050733
817.132300
818.163700
818.215333
819.758800
820.860333
822.684333
822.727633
822.833500
826.110133
826.153833
826.162833
826.201000
826.215033
826.227233
826.258367
826.285967
826.326533
826.409467
828.296367
830.098267
830.154967
830.188933
830.232200
831.177967
831.292333
831.357333
831.439267
831.691900
832.570833
832.616300
833.236467
833.738867
833.820967
834.258933
834.352233
834.478567
834.538767
834.646600
834.737200
834.857400
835.630900
835.900167
836.400667
837.839767
838.406533
838.453967
838.674933
838.707267
838.734600
838.936500
839.241067
839.290867
839.314033
839.338800
839.365200
839.388633
839.431867
839.510000
839.555267
839.572833
839.602033
839.631967
839.649033
839.705967
841.076767
841.147333
841.162033
841.197833
841.212500
841.227200
841.674200
841.716867
841.757467
841.759700
841.775633
841.812733
841.843133
841.853767
844.107033
844.395933
844.513900
844.669567
845.117467
845.212900
845.260200
845.311167
846.536300
846.587500
846.854633
846.958600
847.018933
847.093800
847.296967
848.279800
848.370933
848.734533
851.477033
852.149967
852.656767
854.700033
857.508733
859.832867
860.067233
860.643767
860.686800
860.813800
860.987633
861.032867
861.052800
861.085700
861.157833
861.181633
861.224233
862.820767
864.514633
864.956067
865.899133
866.251967
866.860467
867.080500
867.510800
867.634267
868.049967
868.422800
868.465700
868.509333
868.647400
868.794000
868.818833
868.854567
868.914300
868.934433
868.967133
868.997633
869.125233
869.133000
869.165833
869.188833
869.214400
869.252633
869.261600
869.287667
869.337967
869.356267
869.383200
869.435567
869.486633
869.512800
869.528767
869.556433
869.581667
869.601000
869.617367
869.659300
871.544067
872.270100
873.270100
873.835267
875.060800
875.091533
875.155000
875.503967
875.604067
875.646500
876.539167
876.614000
877.416900
877.505667
877.882167
878.528100
878.716633
878.941833
879.259900
879.314933
879.337300
879.414400
879.636667
880.000833
880.164267
881.907167
882.557433
882.712867
882.797000
883.010867
883.045500
883.096833
883.261133
883.295033
883.338033
883.367967
883.442767
884.046200
884.070333
885.560267
885.605133
885.964733
886.360867
886.568533
886.629300
886.758667
887.724633
887.852000
888.307467
888.335300
888.400467
888.439867
888.471500
888.620233
888.748500
888.995333
891.345933
892.668633
893.124833
893.234133
893.351567
893.384600
893.464367
893.524667
893.639167
893.703733
898.807200
899.247967
899.286667
899.787933
899.891200
899.959033
900.075700
900.163533
900.247367
900.335900
900.832200
900.856267
900.885467
900.925967
901.000033
901.071933
901.172433
901.442867
901.736300
903.216833
904.440800
904.542900
905.268733
905.439567
906.070000
906.157800
906.457733
906.484267
906.537367
906.584467
906.643100
906.699067
907.102100
907.216467
907.407100
907.474900
907.721267
907.911733
908.479767
908.712567
908.892067
908.938600
908.968800
908.992800
909.079367
909.164467
909.208000
909.315867
909.364967
909.414100
909.426833
909.458700
909.484733
909.522600
909.553933
909.565400
909.578067
909.595533
909.601700
909.629033
909.638367
909.656900
909.689867
909.706667
909.734733
909.749367
909.755733
909.778900
909.807067
909.814933
909.853667
909.866467
909.877100
909.924800
909.972000
910.030367
910.061467
910.177400
910.250033
910.294233
910.500933
910.538267
910.587600
910.608600
910.627000
910.633933
910.659900
910.694267
910.708100
910.727500
910.753067
910.778200
910.796633
910.816900
910.849633
910.873000
910.899500
910.933500
910.947333
910.970000
911.003300
911.027733
911.107267
911.117100
911.161933
911.192667
911.223867
911.249067
911.272733
911.308133
911.331633
911.355733
911.379733
911.406233
911.425133
911.436633
911.466000
911.490700
911.520167
911.540000
911.554167
911.593733
911.625233
911.645700
911.698167
911.717433
911.740300
911.773733
911.798000
911.922633
912.283767
912.667467
912.748500
913.475267
914.023867
914.042400
914.146433
914.173167
914.184733
914.277267
914.295633
914.304867
914.313900
914.321433
914.330333
914.340067
914.351567
914.360100
914.401633
914.421333
914.434033
914.450500
914.459667
914.481367
914.506200
914.508833
914.526833
914.565700
914.608667
914.710733
914.738367
914.783067
914.810300
914.848000
914.995100
915.377033
916.221033
916.291767
916.358167
916.446267
916.473633
916.503833
916.551233
916.905833
916.929367
916.946367
916.962633
916.983933
917.064367
917.184300
917.306600
919.507333
919.591200
919.648433
919.770733
919.830267
920.666233
920.878200
920.929467
920.978767
921.206733
923.466067
925.036200
925.849700
925.894233
925.906633
925.934500
925.958967
925.982367
926.047533
926.081600
926.115000
926.139233
926.213800
926.243467
926.311567
926.371867
928.160467
929.345000
929.722767
930.023533
930.122267
930.188367
931.038100
931.184333
931.623100
931.721000
931.770900
931.823133
932.280800
933.088767
933.234333
933.315467
934.151100
935.275667
935.323133
935.554867
935.618100
935.651267
935.683733
938.124433
938.188167
938.206700
938.231767
938.281500
938.309067
938.399200
938.427867
938.443300
938.473500
938.480200
938.545133
938.604767
938.771900
939.152233
939.251667
940.229500
940.258100
940.304167
940.340800
940.387933
940.426433
940.504867
941.798400
943.014700
943.118700
943.219367
943.318667
943.392667
943.411467
945.989200
946.110133
946.144067
947.341267
947.428200
947.867033
947.939700
948.097367
948.193467
948.227833
948.756100
948.767367
948.793467
948.881633
948.955367
950.260967
950.507733
950.542833
950.575700
950.617733
950.923667
952.860167
952.895633
952.945667
952.974033
953.007267
953.082567
953.103700
953.152033
953.178567
953.187433
953.196767
953.232100
953.307500
953.310700
953.387033
953.392400
953.457167
953.580533
953.630900
953.633233
953.821533
953.866033
953.894133
953.912633
953.962400
954.019333
954.055467
954.082867
954.137133
954.147333
954.168167
954.173167
954.193933
954.234500
954.251833
954.258100
954.274733
954.294633
954.306367
954.319867
954.322700
954.335167
954.346400
954.362233
954.369333
954.371033
954.422767
954.431733
954.446333
954.458267
954.471600
954.482267
954.509033
954.521433
954.536533
954.732633
958.629433
958.937267
960.653333
963.040867
967.314033
967.562400
968.766033
968.952400
969.360100
969.414533
969.497933
969.547967
969.635000
969.691233
969.756100
969.823400
969.841333
969.886933
969.957233
969.992833
974.753633
978.277900
978.596433
981.248600
981.345267
981.777733
981.848500
982.547867
982.669867
982.901633
982.907467
983.546967
984.405367
984.801667
984.872367
984.896133
984.915933
984.983767
985.029333
985.116700
986.694967
986.836533
987.031600
987.137667
987.249000
987.355300
987.522067
987.660100
987.710700
988.009100
989.326867
990.310767
990.827800
990.847800
990.936700
990.964900
991.053267
991.084367
993.410033
993.593100
994.986500
995.362033
995.391400
995.937933
996.023733
996.153000
996.229033
996.265967
996.291700
996.351233
996.418933
996.497900
997.519100
997.652567
998.451767
1001.116167
1001.826067
1002.285900
1002.514567
1003.095200
1003.898600
1003.969700
1004.176367
1005.400167
1005.893700
1008.858867
1009.462233
1009.469200
1009.600400
1009.712700
1009.733467
1009.749200
1009.823467
1010.453133
1010.535633
1010.564333
1010.618133
1010.631900
1010.668767
1010.717100
1010.812367
1010.871367
1010.940867
1010.975100
1010.991733
1011.075633
1012.997433
1015.264700
1015.907367
1016.791400
1016.819467
1016.844433
1017.126400
1017.163033
1017.189700
1017.239333
1017.266533
1017.296867
1017.364200
1017.911667
1019.269033
1020.450533
1021.364067
1021.427467
1021.474667
1021.574533
1021.632267
1021.772267
1023.172167
1023.192533
1023.224433
1023.302867
1024.024300
1024.052333
1024.107367
1024.130000
1024.185700
1024.192567
1024.217400
1024.250800
1026.565867
1026.810033
1026.831733
1027.063000
1027.106867
1027.155767
1027.447100
1027.526100
1027.582967
1027.616067
1027.654100
1027.736067
1027.834233
1027.878567
1028.488800
1028.579167
1028.618300
1028.954100
1029.086500
1029.153800
1029.209867
1029.278467
1029.398367
1029.488967
1029.525433
1029.568133
1029.648733
1029.718600
1029.746667
1029.776767
1029.837767
1029.909000
1029.966400
1030.017067
1030.079433
1030.289533
1030.422700
1030.470033
1030.545800
1030.564167
1030.600533
1030.648000
1030.690033
1030.776700
1030.823033
1030.862400
1030.922333
1030.978933
1031.054700
1031.232467
1031.286967
1031.311067
1031.369333
1031.380233
1031.416300
1031.473200
1031.536833
1031.563267
1031.652167
1031.730633
1031.853800
1031.890433
1032.174767
1032.221467
1032.273700
1032.317800
1032.788267
1032.875767
1033.753300
1033.890533
1033.932433
1033.991033
1034.298167
1034.486700
1034.583667
1034.636033
1034.702333
1034.740233
1034.776067
1034.857967
1034.903600
1034.910333
1034.968533
1034.988833
1035.025867
1035.115967
1035.157767
1035.199867
1035.342700
1035.460767
1035.532400
1035.640900
1035.713700
1035.887767
1036.071667
1036.165833
1036.339900
1036.416733
1036.467033
1036.509900
1036.566300
1036.657067
1036.689700
1036.725500
1036.774933
1036.795467
1036.816133
1036.855933
1037.028400
1038.223467
1038.339800
1038.400967
1038.483400
1038.568300
1038.650433
1038.960000
1040.706300
1040.762267
1045.488133
1045.750133
1046.068967
1046.191433
1049.617033
1050.326267
1050.494200
1050.781300
1050.828867
1050.946800
1050.981133
1051.085000
1051.374733
1053.086500
1054.044167
1054.103533
1054.150500
1054.196500
1054.256300
1054.295267
1054.347300
1054.407500
1054.515033
1055.432267
1055.678933
1056.271867
1056.492633
1056.583800
1057.066600
1057.684433
1057.741800
1057.812600
1057.847333
1057.881067
1058.307400
1058.398400
1058.427467
1058.459733
1058.462600
1058.464567
1058.489633
1058.507567
1058.544433
1058.624800
1058.663900
1059.378900
1059.441833
1059.504300
1059.761533
1060.213100
1061.188033
1062.408200
1062.435100
1062.453933
1062.537833
1062.604467
1062.638300
1062.688733
1062.732967
1062.763133
1063.443833
1065.037667
1065.477400
1065.545100
1066.052133
1066.580467
1066.715300
1069.121233
1069.575267
1069.644033
1070.434800
1070.495800
1070.590733
1070.659267
1070.721100
1070.792000
1070.955467
1071.745333
1071.817767
1071.849733
1071.880367
1071.908633
1072.228500
1072.407600
1072.464633
1072.480400
1072.520067
1072.564600
1072.602700
1072.646033
1072.699800
1072.757667
1072.820967
1072.857367
1072.942633
1073.335100
1073.806800
1074.382800
1074.528533
1075.343867
1075.596467
1075.716633
1075.873167
1075.973367
1076.086700
1078.937933
1078.976500
1079.030567
1079.053067
1079.396833
1079.560200
1081.984100
1082.057233
1082.180733
1082.211300
1082.255033
1082.299700
1083.196433
1083.239000
1083.294133
1083.315333
1083.325467
1083.349200
1083.380500
1083.394167
1083.410700
1083.444200
1083.468700
1083.485033
1083.526567
1085.272600
1086.153267
1086.225167
1086.244267
1086.249667
1086.284367
1086.319400
1086.347733
1086.375000
1086.820800
1088.050233
1088.155667
1088.212133
1088.316267
1088.401533
1088.457700
1088.578067
1088.645400
1089.411500
1091.277867
1091.438867
1091.495467
1091.539100
1091.754167
1092.652333
1093.124133
1093.798233
1093.979567
1094.656900
1096.680800
1097.587033
1100.065067
1100.144433
1100.429533
1100.709467
1100.769867
1100.870533
1101.060000
1101.637433
1104.241333
1106.308067
1107.904500
1108.778567
1108.844033
1108.916000
1108.973433
1109.249900
1109.276633
1109.364233
1109.973767
1110.032067
1110.247000
1110.381167
1110.401000
1110.415600
1111.024867
1111.084833
1111.151867
1111.253067
1111.378600
1111.827567
1111.901200
1112.046833
1112.242733
1112.305400
1112.914600
1113.002667
1113.039667
1113.095900
1113.123133
1113.168633
1113.202267
1113.232067
1113.269167
1113.356700
1113.400833
1114.150433
1114.460667
1116.418267
1116.553033
1116.578700
1116.625867
1116.680600
1117.365933
1117.404800
1117.441633
1117.671367
1117.675500
1118.275033
1118.561200
1119.362900
1119.405100
1120.035633
1120.205800
1120.265800
1120.550767
1120.821167
1121.219400
1121.885067
1123.542733
1124.179767
1124.675967
1124.840100
1124.890433
1125.091067
1125.772567
1126.397500
1127.534333
1127.582867
1127.670733
1127.706433
1127.753033
1127.806133
1129.052167
1129.113500
1129.205967
1129.219867
1129.304400
1129.407333
1131.661533
1132.473100
1133.103367
1133.570167
1133.617400
1133.771433
1133.856967
1134.614133
1135.760033
1135.963967
1136.273833
1136.741967
1136.883000
1138.087733
1138.733933
1138.810133
1139.658833
1141.872167
1141.902400
1141.918400
1142.063333
1144.585133
1144.916267
1145.028367
1146.083000
1146.137900
1146.466767
1146.585400
1146.694800
1146.726300
1146.789733
1146.883433
1146.947667
1146.996600
1147.060200
1147.276167
1147.941700
1147.973700
1148.035367
1148.075267
1148.279000
1148.297467
1148.701433
1148.731333
1148.744633
1148.795600
1148.823033
1148.842267
1148.910867
1148.935167
1148.962600
1149.019700
1149.086667
1149.144033
1149.471867
1149.652000
1149.732167
1149.791967
1149.839400
1150.588533
1150.663067
1150.679000
1150.715033
1150.739700
1150.769267
1150.816033
1150.849233
1150.880267
1150.934867
1151.032900
1151.123833
1151.242567
1151.366067
1151.542400
1151.643967
1151.757233
1152.112467
1152.250100
1152.299467
1153.027500
1154.685467
1154.807667
1156.311000
1156.421400
1156.454500
1156.646033
1156.690900
1156.768933
1156.805500
1156.845667
1156.958867
1157.135733
1158.965367
1159.132667
1159.573067
1160.313233
1160.758200
1160.821833
1160.924367
1161.024700
1161.077767
1161.115667
1161.163967
1161.204867
1161.233300
1161.368333
1161.533200
1161.610467
1161.866000
1161.897833
1161.925933
1161.971400
1162.409900
1162.715700
1163.832433
1165.166100
1165.233800
1165.339933
1165.376133
1165.392967
1165.437867
1165.577833
1165.649633
1166.148767
1166.535533
1166.748300
1166.773100
1166.809100
1166.844900
1166.874600
1166.920167
1166.970233
1167.443300
1167.468433
1167.526433
1167.647567
1167.915367
1169.000167
1169.941667
1172.033533
1172.122900
1172.156200
1172.177667
1172.201767
1172.223200
1172.260133
1172.284400
1172.331233
1172.372300
1172.443567
1172.492433
1172.541300
1172.688767
1172.781500
1172.992900
1173.106667
1173.275833
1173.341133
1173.472700
1173.564567
1173.624533
1173.862833
1174.586367
1174.624433
1174.652800
1174.666767
1174.680867
1175.614167
1175.636100
1175.698900
1175.783267
1175.834433
1175.884500
1176.086200
1176.149867
1176.239900
1176.451400
1177.841667
1177.980567
1178.063467
1178.097600
1178.124433
1178.152167
1178.180533
1178.214100
1178.280333
1178.331333
1178.362033
1178.401500
1178.427167
1178.454867
1178.487267
1178.542967
1178.616267
1178.626400
1178.726033
1178.756900
1179.071733
1179.234333
1179.336333
1179.506067
1179.561733
1179.808967
1180.134067
1180.185567
1180.402600
1180.473267
1181.219933
1182.059433
1182.583200
1182.682567
1182.692400
1182.747333
1182.787000
1182.841067
1182.983833
1183.086367
1183.116200
1183.184233
1183.291733
1183.365367
1184.333833
1184.390200
1184.800633
1185.013067
1185.301067
1185.934467
1186.046033
1186.064500
1187.276133
1188.358767
1188.440233
1188.510633
1188.559100
1188.588200
1188.705767
1188.751333
1188.776567
1188.835033
1188.860967
1188.922900
1188.972033
1189.004067
1189.053500
1189.085233
1189.132733
1189.244700
1189.263033
1189.309700
1189.399333
1189.848333
1189.898367
1189.941133
1189.965400
1190.009300
1190.072233
1190.120200
1190.159200
1190.181700
1190.199500
1190.246167
1190.272633
1190.304567
1190.311267
1190.342567
1190.356767
1190.372033
1190.399933
1191.986000
1195.898733
1196.082967
1196.927300
1197.092400
1197.268867
1197.498833
1198.523800
1198.999600
1199.601467
1199.749900
1199.822600
1199.971567
1200.145500
1200.439800
1200.733800
1202.429500
1202.469267
1202.498967
1203.942600
1205.586667
1205.750733
1205.976067
1206.046067
1206.074200
1206.104667
1206.130267
1206.150700
1206.184467
1206.220633
1206.279900
1206.362367
1206.857767
1210.228667
1210.330200
1210.383167
1210.409567
1210.429833
1210.454100
1210.479533
1210.512167
1210.534433
1210.544033
1210.555000
1210.598333
1210.639600
1210.754500
1210.778700
1210.826700
1210.879267
1210.935567
1211.007200
1211.078900
1211.121300
1211.211167
1211.258967
1211.315500
1211.394333
1211.502867
1211.667900
1211.845300
1211.889167
1211.981400
1212.073133
1212.145567
1212.194733
1213.477100
1213.550300
1217.699900
1218.084300
1218.484167
1219.117633
1220.474767
1220.621400
1221.171833
1223.179400
1223.229833
1223.391400
1223.441800
1223.562933
1223.634533
1223.691167
1223.760700
1223.857867
1224.115800
1226.855600
1226.879500
1226.906067
1226.935267
1227.017367
1227.144867
1227.269633
1227.467267
1227.586733
1227.615833
1227.643767
1227.660100
1227.708400
1227.805533
1227.859200
1227.912533
1228.023100
1230.126567
1230.161000
1230.199367
1230.852167
1230.913167
1231.064500
1231.133533
1232.535733
1232.589333
1232.702700
1232.756367
1232.984600
1233.052100
1233.502433
1233.508633
1233.914500
1234.316067
1234.387733
1234.676067
1234.758900
1234.839300
1237.137767
1237.649667
1237.703633
1237.765033
1237.797633
1237.815967
1237.820600
1237.829233
1237.852433
1237.912867
1237.932433
1237.955667
1237.984500
1238.014867
1238.030633
1238.072533
1238.118933
1238.128100
1238.131867
1238.159400
1238.162100
1238.176500
1238.191033
1238.245600
1238.266433
1238.289400
1238.324900
1238.340633
1238.372367
1238.397100
1238.418500
1238.445067
1238.457133
1238.485733
1238.507500
1238.524100
1238.539133
1238.588200
1238.605000
1238.630300
1238.643800
1238.666233
1238.682700
1238.712367
1238.726533
1238.742600
1238.771300
1238.787033
1238.812233
1238.831067
1238.849933
1238.894000
1238.943367
1238.986167
1239.007900
1239.047500
1239.084600
1239.139033
1239.151400
1239.169700
1239.205933
1239.266700
1239.271700
1239.311733
1239.376667
1239.422400
1239.455900
1239.526100
1239.556867
1239.608333
1240.722233
1242.031900
1242.448367
1243.372033
1243.906667
1243.942733
1243.994000
1244.023100
1244.047767
1244.069967
1244.168333
1244.933400
1244.978100
1247.596033
1247.673833
1247.712967
1247.760267
1247.787900
1247.870467
1247.933533
1248.094333
1248.463700
1249.147867
1249.206333
1249.283767
1250.398800
1250.500067
1250.610800
1250.666633
1250.771833
1250.840900
1252.000800
1253.105800
1254.499233
1254.857767
1254.974033
1255.108800
1255.149433
1255.160733
1255.169867
1255.232000
1255.323133
1255.386467
1255.420133
1255.441967
1255.499200
1255.553767
1255.640633
1255.762700
1255.837067
1255.917867
1256.937600
1257.004433
1257.053067
1257.100867
1257.133700
1257.200167
1257.223633
1257.287700
1258.129067
1258.204667
1258.232300
1258.300067
1258.346467
1258.451467
1258.614833
1258.632133
1258.678567
1258.682267
1258.741467
1258.775367
1258.803633
1258.832267
1258.874567
1258.921433
1258.959867
1258.994500
1259.019500
1259.055100
1259.184533
1259.196233
1259.228767
1259.259833
1259.290133
1259.345467
1259.377067
1259.411600
1259.430700
1259.462067
1259.490600
1259.507333
1259.522333
1259.545700
1259.561900
1259.575700
1259.592867
1259.644433
1259.665200
1259.672467
1259.709500
1259.736000
1259.748600
1259.767500
1259.822267
1259.854933
1259.900800
1259.911200
1259.952000
1259.985700
1260.074100
1260.130900
1260.143233
1260.193967
1260.213100
1260.233833
1260.252633
1260.269467
1260.279867
1260.308300
1260.327033
1260.349133
1260.374567
1260.389733
1260.402133
1260.461200
1260.481367
1260.512267
1260.548533
1260.589633
1260.656433
1260.702900
1260.762900
1260.777900
1260.800567
1260.859233
1260.886567
1260.925100
1260.975133
1261.009800
1261.048200
1261.113900
1261.140067
1261.244600
1261.392467
1261.439967
1261.509833
1261.574900
1261.602000
1261.637133
1261.677200
1261.733367
1261.799467
1261.923500
1262.044667
1262.081167
1262.149300
1262.172367
1262.203233
1262.282767
1262.315100
1262.343600
1262.565400
1262.630900
1262.720833
1262.939733
1263.324867
1263.457000
1263.670367
1264.191000
1264.259833
1264.704667
1264.803467
1264.856600
1264.911767
1265.122033
1265.209733
1265.283600
1265.333400
1265.393933
1265.450767
1265.575667
1265.821633
1265.911133
1265.942533
1265.998767
1267.289067
1267.998933
1268.482000
1268.572200
1268.616633
1268.661233
1268.695667
1268.747167
1268.822000
1268.836200
1268.861100
1268.890533
1268.911900
1268.938733
1268.993900
1269.018167
1269.046467
1269.085167
1269.136367
1269.185333
1269.789900
1269.848033
1269.894267
1269.922833
1269.926333
1269.949933
1269.961200
1269.971933
1269.988033
1270.025333
1270.054400
1270.119133
1270.121467
1270.141767
1270.172767
1270.196333
1270.225400
1270.238000
1270.253567
1270.262367
1270.276867
1270.308833
1270.317400
1270.331867
1270.349400
1270.371067
1270.409733
1270.422700
1270.446667
1270.465200
1270.479333
1270.513333
1270.550167
1270.579800
1270.605600
1270.638933
1270.687833
1270.719633
1271.603833
1271.635400
1271.686000
1271.716400
1271.753167
1271.768567
1271.789733
1271.804567
1271.823267
1271.841867
1271.856233
1271.871033
1271.876367
1271.888800
1271.894867
1271.904167
1271.930633
1271.942933
1271.968433
1271.987533
1271.991500
1272.004700
1272.012533
1272.031967
1272.034033
1272.051333
1272.060667
1272.067533
1272.077267
1272.090000
1272.102200
1272.112600
1272.130500
1272.155600
1272.175700
1272.184967
1272.189333
1272.206167
1272.215733
1272.236967
1272.245433
1272.297800
1272.303200
1272.314000
1272.330333
1272.341167
1272.355633
1272.372600
1272.382533
1272.396567
1272.447267
1272.487100
1272.511100
1272.591433
1272.649467
1272.683700
1272.717700
1272.798833
1273.652700
1274.631200
1275.233933
1275.634833
1275.733733
1276.437400
1276.693267
1277.222800
1278.711100
1278.763333
1278.813833
1278.862900
1278.914067
1278.961267
1278.980033
1279.002333
1279.023700
1279.043033
1279.059067
1279.076767
1279.102833
1279.126633
1279.145033
1279.172433
1279.193933
1279.217700
1279.258067
1279.327200
1279.436033
1282.503533
1283.711100
1284.460367
1284.545867
1284.563600
1284.670800
1284.745633
1284.811033
1284.892833
1285.467200
1285.627467
1285.692800
1285.758600
1285.851000
1286.010467
1286.135967
1286.778833
1286.858733
1286.862033
1287.840100
1288.473233
1288.571100
1288.828400
1288.913567
1289.018167
1289.099567
1289.189100
1289.225933
1289.284167
1289.371667
1289.483067
1289.644100
1289.733867
1289.815567
1290.315200
1290.372033
1290.571133
1291.216133
1291.386700
1293.859067
1294.106867
1294.375067
1294.405133
1294.474633
1295.446467
1295.493433
1295.571467
1295.612667
1295.892300
1297.583800
1297.664067
1297.961900
1298.035800
1298.071733
1298.096800
1298.147867
1298.185500
1298.218433
1298.237733
1298.262900
1298.291900
1298.316200
1298.350133
1298.398433
1298.422467
1298.468167
1298.518200
1298.561800
1298.658300
1298.709600
1298.805233
1298.951967
1299.529267
1299.655333
1299.752300
1299.845233
1300.071200
1300.093533
1300.169900
1300.407200
1301.562567
1301.658633
1301.715867
1301.857000
1301.960233
1302.423367
1302.605833
1302.964867
1303.074900
1303.868533
1303.942167
1303.962400
1304.176433
1306.225333
1307.337300
1307.498700
1307.863900
1307.942267
1307.956900
1307.973100
1307.994167
1308.014833
1308.023067
1308.063367
1308.066867
1308.078433
1308.124100
1308.134300
1308.188967
1308.338867
1308.367933
1308.385533
1308.408200
1308.422400
1308.433500
1308.456400
1308.487867
1308.542867
1308.600100
1309.685800
1310.099667
1310.469333
1310.500367
1310.511433
1310.552700
1310.582100
1310.880433
1310.926467
1311.922200
1313.217867
1313.433133
1313.689500
