0.019067
0.078300
0.188833
0.263333
1.125667
1.172300
1.186733
1.215233
2.588733
2.610433
2.642233
2.669800
2.679900
2.729600
2.758667
2.929033
3.028167
3.067000
3.093200
3.651933
3.980333
4.034367
4.051233
4.093567
4.118100
4.126200
4.165000
4.375667
4.480200
4.488633
4.501200
4.531033
4.567600
4.593100
4.625900
4.677133
5.873933
5.922100
5.939500
5.942400
5.985500
5.999900
6.008200
6.026400
6.030933
6.059000
6.072067
6.088367
6.139133
6.186867
6.226500
6.250600
6.276100
6.326467
6.337867
6.435967
6.472433
6.507567
6.518533
6.549633
6.605233
6.636300
6.660833
6.690467
6.717100
6.751300
7.280200
7.613533
7.643267
7.686400
7.760133
7.784033
7.820833
7.862533
7.898900
8.010433
8.140633
8.184000
8.230900
8.311267
8.330300
8.364467
8.389367
8.424633
8.462367
8.605567
8.637733
9.745033
9.769000
9.778400
9.854167
9.879267
9.916533
9.961800
10.053233
10.153967
10.406167
10.430367
10.489767
10.496267
10.524900
10.554133
10.572500
10.620533
10.695767
10.712433
10.761533
10.829933
10.850033
10.871333
10.876033
10.906300
10.944200
10.961400
10.974667
11.004100
11.027000
11.062133
11.089233
11.118533
11.181067
11.222100
11.232433
11.268100
11.277167
11.337967
11.371667
11.427400
12.435333
12.456333
12.621000
12.663333
16.282400
19.974567
20.522100
20.708467
20.751667
20.839367
21.948767
22.010400
22.036000
22.058900
22.062600
22.087767
22.098433
22.113267
22.143133
22.167267
22.195900
22.253400
22.491800
22.818133
22.837167
23.301300
23.305133
23.348467
23.365967
23.393333
23.420933
23.447000
23.499967
23.531233
23.697900
23.732733
23.748033
23.779133
23.800833
23.824500
23.837933
23.852767
23.865100
23.875467
23.898900
23.908000
23.914967
23.933500
23.965500
24.002500
24.007933
24.030633
24.049033
24.070433
24.088300
24.108633
24.133967
24.147933
24.180867
24.209533
24.223167
24.257000
24.281367
24.352800
24.416167
24.514567
24.616267
24.705033
24.715233
25.117133
25.136667
25.165167
25.190133
25.270833
25.337033
25.435233
26.684233
26.830733
27.363900
27.430933
27.455700
27.615667
27.746233
27.815533
27.841633
27.897667
28.011367
28.036333
28.054900
28.081000
28.165133
28.225767
28.265200
28.573333
28.616267
28.907467
29.375033
30.704500
30.730367
30.759967
30.773033
30.789967
30.805233
30.844500
30.856567
30.870867
30.893067
30.918467
30.967933
31.129667
31.135833
31.264733
31.298300
31.308300
31.396533
31.689700
31.774633
31.799167
31.926600
32.064433
32.097733
32.131633
32.142300
32.145333
32.149600
32.194000
32.261867
32.293133
32.377600
32.412900
32.449567
32.484800
32.790567
32.861300
33.160967
33.366600
34.007833
34.059400
34.145633
34.177767
34.207367
34.255100
34.298300
34.327733
34.372400
34.392500
34.412933
34.429100
34.438100
34.441567
34.490533
34.535167
34.553767
34.766300
34.820533
35.090667
35.321433
35.728533
35.749100
36.773300
36.801267
37.577467
37.696467
37.754300
38.757933
38.815767
38.832000
39.273200
39.343167
39.684433
39.727333
39.926467
39.957933
40.102233
40.128333
40.158633
40.174900
40.180033
40.221567
40.245667
40.265100
40.294700
40.339400
41.167100
41.609067
42.027133
42.038933
42.103733
42.127700
42.287200
42.363300
42.440500
42.535233
43.237367
43.351867
43.391167
43.424900
43.459267
43.470100
43.514000
43.656467
44.052067
44.137533
44.185167
44.357200
44.438933
44.448367
44.718800
44.792733
44.798433
44.829633
44.866800
44.871267
44.901433
44.916567
44.934133
44.958900
44.979867
45.034433
45.049900
45.078200
45.128733
45.137467
45.163267
45.196633
45.238400
45.269100
45.286900
45.312233
45.379533
45.436300
45.466900
45.534433
45.650033
45.806967
45.856933
45.863967
46.659500
46.882733
47.731700
48.052000
50.028100
50.059533
50.081933
50.099300
50.148567
50.153333
50.171667
50.184033
50.208533
50.237867
50.249633
50.268700
50.293967
50.334233
50.342500
50.371733
50.401067
50.414667
50.464233
50.495200
50.513367
50.533867
50.538767
50.564800
50.595433
50.630667
50.697600
51.116000
51.246500
51.719000
51.777100
51.837900
52.368467
52.417100
52.753033
52.800500
53.003533
53.050933
53.067233
53.134333
53.182867
53.231033
53.248833
53.285500
53.353500
53.368267
53.378433
53.400967
53.432133
53.459300
53.487100
53.512000
53.548333
53.615500
53.658767
53.692267
53.709633
53.722700
53.737133
53.772800
53.802667
53.822300
53.858400
53.884800
53.913533
53.925667
53.983133
54.012033
54.256367
55.202033
55.314100
56.337700
56.406800
56.464733
56.500800
56.522400
56.582200
56.744200
57.946100
57.950267
57.953633
57.997200
58.026667
58.057000
59.709433
60.903667
60.946633
61.324200
61.433200
61.942100
61.996767
62.035533
62.071600
62.148367
62.398133
62.445700
62.476267
62.541333
62.587400
62.590200
62.623300
62.625500
62.666567
62.697100
62.724333
62.749800
62.757333
62.805200
62.891200
62.918767
63.005267
63.027100
63.053667
63.100100
63.116567
63.135633
63.163700
63.489733
63.516200
63.522567
63.585167
63.614500
63.644833
63.651933
63.689933
63.736400
63.761000
64.358433
64.426400
64.712133
64.778067
65.541700
65.770000
66.099933
66.133733
66.153700
66.190600
66.258667
66.315400
66.342567
66.364533
66.378767
66.389200
66.404800
66.437400
66.456933
66.509133
66.517067
66.539600
66.552300
66.567567
66.582433
66.595833
67.168800
67.922267
67.935167
67.989833
68.028667
68.045700
68.143800
68.163233
68.480900
68.580167
68.589700
68.648033
68.723633
68.749833
68.804300
68.875467
68.916667
68.938000
68.954867
68.997733
69.005167
69.062833
69.099000
69.140200
69.155033
69.195700
69.290567
69.315467
69.374367
69.415333
69.475433
69.485733
69.554033
70.362933
70.382833
70.400700
70.523100
70.936933
71.478800
71.933933
72.111167
72.142967
72.267000
74.627533
74.676700
74.726233
74.746100
74.762700
74.771133
74.864033
74.982633
75.339333
75.620700
76.775667
76.842533
76.897033
76.921067
76.944433
76.995100
77.030600
77.075000
77.121767
77.144900
77.182100
77.240700
77.274767
77.295867
77.332100
77.341967
77.354900
77.373067
77.436200
77.463533
77.502967
78.090267
79.148100
79.163100
83.487933
84.514067
84.977333
85.084300
85.099133
85.143100
85.182833
85.208933
85.222700
85.234333
85.243033
85.247233
85.260333
85.264767
85.299433
85.305067
85.309967
85.343467
85.357000
85.397633
85.434767
85.467167
85.526967
85.566033
85.585633
85.588533
85.622733
85.718233
86.160433
86.172633
86.249067
86.256067
86.291100
87.340533
87.397867
87.486733
87.864867
87.910767
87.981833
87.994700
88.359667
88.986667
89.065767
90.162033
90.262800
94.555900
96.783167
96.785433
96.827933
96.849167
96.880900
96.902633
96.936000
96.939600
96.969333
97.011800
97.033333
97.063533
97.094900
97.150933
98.195567
98.199733
98.260733
98.307367
98.341967
98.403100
98.434233
98.486833
98.552333
99.626133
100.327600
101.603667
101.936233
101.980167
102.009067
102.065867
102.408767
102.411133
102.473300
102.479433
102.626167
102.675000
102.757333
102.768100
102.778067
102.787967
102.836000
102.860067
102.878733
102.964500
102.967233
103.544633
104.211233
104.533067
104.847200
104.911800
105.492567
105.663467
106.223767
107.422867
107.633300
107.644567
108.462367
108.558600
108.759233
108.792100
108.857367
108.882433
109.202000
109.291333
109.324333
109.586633
110.071900
110.389367
110.487667
110.520467
110.671300
110.683167
111.333567
111.419867
112.483967
112.573467
112.743433
112.768800
112.838967
113.263833
116.616367
116.708500
116.747000
116.757933
116.787767
116.808767
116.824133
116.827667
116.850133
116.856067
116.889333
116.912400
116.988433
117.209467
117.214400
117.267600
117.282400
117.460767
117.743700
117.757967
117.840467
118.168500
118.677300
118.820433
118.843833
118.921600
118.934000
118.959233
118.967733
118.979900
118.995300
119.003567
119.037833
119.043667
119.059933
119.120533
119.153500
119.241800
119.367567
119.415433
119.477567
119.483333
119.881700
119.973167
120.937867
122.114267
122.175467
122.213267
122.217567
122.265467
122.309833
122.408400
122.506067
122.678367
122.716333
123.084467
124.820167
124.942300
124.967400
125.006700
125.082933
125.123133
125.204400
125.220500
125.293133
125.339367
125.420100
125.456200
125.534233
126.986233
127.050033
127.124267
127.190267
127.219100
127.248700
127.252000
127.275433
127.304133
127.320100
127.328667
127.373000
127.455233
127.487967
127.537367
127.584133
127.610333
127.647733
127.684400
127.717100
127.749700
127.803000
128.510033
129.114600
129.145867
129.245633
129.559033
129.869367
129.933200
130.097700
130.139667
130.164467
130.279200
130.282100
130.285067
130.316667
130.334167
130.337667
130.364767
130.403300
130.448300
130.451200
130.454933
130.489300
130.508833
130.541867
130.570900
130.624567
130.643467
130.661733
130.665100
130.682533
130.719200
130.815367
130.871100
130.908433
130.951033
131.011900
131.052533
131.083733
131.089567
131.117933
131.147433
131.175900
131.227767
131.273467
131.371967
131.588067
132.525667
132.727467
132.735633
132.845733
132.869300
132.906600
132.938833
133.281333
134.089800
134.098833
134.183367
134.356467
134.398900
134.408433
134.415967
134.436033
134.554367
135.194067
135.327000
135.484700
135.594133
135.600767
135.637767
135.650733
135.658600
136.484633
136.561100
136.586733
136.601233
137.493600
137.505233
137.657567
138.109167
138.188200
138.199733
138.213233
138.272433
138.449533
138.516033
138.521000
138.578433
138.734167
138.788267
138.904033
138.965667
138.976267
139.033167
139.050367
139.079600
139.082367
139.163567
139.166600
139.226767
139.234133
139.302367
139.332867
139.412100
139.429267
139.448400
139.474100
139.479700
139.483400
139.501733
139.524567
139.541233
139.559767
139.577400
139.607567
139.647367
139.683767
139.705033
139.722867
139.757067
139.785900
139.817500
139.838533
139.886833
139.891433
139.929300
139.957300
139.985267
140.019233
140.059967
140.084267
140.103400
140.110700
140.120167
140.138600
140.254433
140.261633
140.320167
140.763467
140.922100
140.924500
140.950567
141.185133
141.291967
141.296267
141.301667
141.398200
141.428700
141.502033
141.544833
141.578700
141.585800
141.645167
141.738800
141.748667
141.973467
142.001900
142.064800
142.087367
142.131033
142.225267
142.240800
142.306367
142.443533
142.508833
142.538933
142.552567
142.584300
142.654167
142.662167
142.705133
142.731733
142.760467
142.775367
142.890067
142.906733
142.911000
142.941867
142.994433
143.011167
143.641700
143.659300
143.674667
143.678467
143.732767
143.874467
144.253733
145.233800
145.329300
145.362667
145.407533
145.410033
145.412867
145.434833
145.446600
145.470500
145.489500
145.519500
145.545400
145.562900
145.587100
145.596800
145.627033
145.664967
145.685167
145.725100
145.758600
145.778167
145.827567
145.858567
145.964533
146.437333
146.840633
146.876800
147.312700
149.041167
149.050867
149.116333
149.710133
149.790733
149.822233
149.849600
149.870467
149.887033
149.901500
149.942267
149.998567
150.037867
151.387233
151.487867
151.526333
151.534533
152.951567
153.486433
153.530100
153.586933
153.680767
153.795267
154.019233
154.667900
154.688067
154.767233
154.800933
154.874433
154.914400
154.966067
154.979300
155.020767
155.065600
156.489467
156.577200
156.597733
156.674833
156.754900
156.806133
156.821367
156.840933
156.872933
156.957100
156.984400
157.026400
157.067700
157.108000
157.203133
157.230967
157.267067
157.337333
157.420100
157.813767
158.157567
159.291533
159.296133
159.334467
159.391067
159.479400
160.563867
160.963733
160.999733
161.022733
161.044800
161.064667
161.079667
161.664300
161.670033
161.764000
161.802633
161.824467
161.860233
161.875667
162.309033
162.429467
162.441700
163.128800
163.281767
163.985400
164.106867
164.921467
164.957867
165.025333
165.111267
165.117200
165.146533
165.200800
165.224367
165.245533
165.293400
165.352300
165.357533
165.839967
166.207367
166.346800
166.351867
166.453200
166.790433
167.092300
167.176800
167.180900
167.196267
167.228600
167.262467
167.267533
167.271267
167.289833
167.336300
167.364233
167.377467
167.403967
169.764700
169.803200
170.899300
171.315733
171.585067
171.780633
172.493667
172.775633
172.780033
172.903833
173.261333
173.292900
173.327900
173.424167
173.516367
173.572067
173.607400
173.651133
173.680233
173.743000
173.753767
173.775700
173.804667
173.819500
173.833167
173.853000
173.883667
173.919200
173.937533
174.095100
174.164033
174.181900
174.212400
174.239433
174.277467
174.291733
174.300767
174.305333
174.347933
174.379167
174.446067
174.556033
174.677600
174.703133
174.848000
175.202433
175.212000
175.271167
175.276167
175.346000
175.352633
175.389500
175.451167
175.471567
175.560767
175.626233
175.695900
175.725033
175.735533
175.741867
175.802767
175.825400
175.853433
175.875567
175.894733
175.946767
175.965833
175.986333
176.010333
176.020500
176.031200
176.067700
176.116400
176.148100
176.222400
176.252900
176.278000
176.305400
176.333267
176.768467
179.833600
179.947200
179.985533
180.525833
180.732633
180.784433
180.834100
180.885633
180.923000
181.095033
181.155033
181.182667
181.203100
181.231867
181.244600
181.302300
181.314533
181.333733
181.349667
181.408233
181.476033
181.515333
182.187467
182.202867
182.215033
182.244467
182.247600
182.269467
182.277200
182.295967
182.300267
182.379067
182.504733
182.976567
183.195467
183.253233
183.459333
183.635633
183.713333
184.048867
184.121733
184.291233
186.522967
186.649100
187.221167
187.468500
187.752467
188.455933
188.523767
188.575400
188.579200
188.587667
188.612100
188.625667
188.666600
188.845400
188.896333
188.948133
189.009700
189.095300
189.930100
190.870133
191.800767
191.841033
191.870800
191.883200
191.898533
191.916900
191.950433
191.961500
191.967700
191.983567
191.986167
192.016533
192.041567
192.063200
192.107733
192.131233
192.167300
192.230467
192.238033
192.254267
192.368767
192.417633
192.501033
192.554267
192.578567
192.636167
193.002733
193.455700
193.503600
193.598667
193.711333
193.937467
194.006100
194.012233
194.067100
194.987533
197.711867
198.020800
198.138600
198.569833
198.620800
198.744500
198.778600
198.955533
199.862433
200.158967
200.174633
200.863200
200.986733
201.007100
201.116133
201.228500
201.287167
201.335200
201.366600
201.398700
201.409033
201.413767
201.459933
201.518100
201.533500
201.584067
201.610800
201.647300
201.691133
201.713133
201.733133
201.740567
201.762667
201.778267
201.801167
201.827400
201.836767
202.744167
203.523467
203.576233
204.826300
204.888900
208.774333
208.882300
208.914933
208.933600
208.937467
208.952900
208.958633
208.968400
209.017700
209.067233
209.105400
209.111000
209.350333
209.545700
209.630733
209.709133
209.783733
210.935700
211.473767
213.188667
213.232867
213.363367
213.383633
213.449300
213.465967
213.498800
213.581900
213.586333
213.625367
213.713300
215.557867
215.753900
215.806567
215.870767
215.897700
215.907267
215.939233
215.953133
216.015600
216.043833
216.096600
216.110233
216.123633
216.196267
216.283600
216.359733
216.435567
217.065333
217.733700
217.979433
220.521400
220.586500
220.641967
220.661700
220.882067
221.310467
221.396100
221.424933
221.482300
221.515833
221.608933
221.750800
222.068533
222.098067
222.141167
222.192433
222.396133
222.436067
223.635567
223.767000
223.776300
224.308700
224.866733
225.371900
226.035033
226.054000
226.253267
226.896767
227.061767
229.976900
230.044733
230.150667
230.166567
230.236500
230.266800
230.273300
230.330667
230.372533
230.409133
230.419933
230.439100
230.457033
230.480467
230.502400
230.516633
230.523367
230.526300
230.556000
230.571800
230.589233
230.593900
230.619667
230.638667
230.644067
230.703667
230.719500
230.791067
230.981600
231.090700
231.117933
231.154067
231.167733
231.193900
231.206067
231.586567
233.101800
233.250567
233.310967
233.419700
233.473200
233.496300
233.815967
233.857133
234.161967
234.238233
234.408500
234.478033
234.491267
234.504033
234.559700
234.623733
234.701900
234.744033
234.803033
234.871367
235.040533
235.079400
235.111933
235.140933
235.174933
235.198767
235.317633
235.393367
235.527000
236.032733
236.061700
236.087833
236.113967
236.122167
236.153500
236.238200
237.147067
237.657033
238.602767
238.984500
239.048067
241.466067
242.660400
242.759300
242.943433
243.547900
243.623167
244.253533
246.049633
246.272100
246.345400
246.483900
246.501433
246.521400
246.538667
246.564200
246.619833
246.935600
246.982067
246.999467
247.042267
247.299367
247.410000
247.544900
247.564567
247.576833
247.591267
247.601400
247.626300
247.636333
247.645167
247.649933
247.663400
247.676233
247.685700
247.724933
247.792433
247.820067
247.883600
247.926800
247.972567
247.999100
248.034033
248.053567
248.088000
248.107167
248.166000
248.816167
248.850467
248.854833
248.976833
248.996433
249.130867
249.178233
249.200800
250.034600
250.102400
250.147633
250.151167
250.165000
250.180767
250.203367
251.252033
251.312200
252.196367
252.497367
253.379067
253.463400
253.610900
253.618967
253.650733
253.690167
253.804667
254.179000
254.891233
254.898867
254.986833
255.648000
255.691867
255.770500
255.824467
256.749033
257.090733
257.144700
257.162100
257.186567
257.206767
257.235567
257.322233
257.560533
257.586433
257.606433
258.675800
258.690500
258.717600
258.746867
258.751067
258.783833
258.789333
258.801833
258.829300
258.841500
258.855300
258.876267
258.885633
258.900833
258.918800
258.957333
258.968900
258.989333
259.021700
259.025267
259.046233
259.105967
259.156233
259.167400
259.197167
259.203500
259.364867
259.402467
259.430300
259.455833
259.482300
259.520200
260.982567
262.505833
262.515733
262.546400
262.551700
262.608600
263.299400
263.341500
263.357300
263.414000
265.526133
265.546033
265.559433
265.575367
265.582000
265.614133
265.626067
265.635300
265.664800
265.671667
265.678533
265.697600
265.707100
265.751767
266.204967
266.681633
266.711767
266.728833
266.787467
267.126333
267.556767
267.579067
267.622533
267.638833
267.690967
268.015867
268.084433
268.131600
268.378233
268.411467
268.452800
268.471267
268.499900
268.547133
268.571533
268.595467
268.601133
268.633700
268.673667
268.700133
268.808833
268.819500
268.865033
268.887400
268.894467
268.901667
268.964867
269.006300
269.016767
269.055967
269.064500
269.150967
269.257800
269.275300
269.311700
269.327467
269.345733
269.378267
269.390567
269.412133
269.450000
269.475400
269.486133
269.494533
269.512533
269.516867
269.527400
269.549933
269.559367
269.578133
269.591200
270.364233
270.697733
270.784367
270.850033
270.860300
270.873133
270.950733
271.017000
271.049200
271.380633
271.403900
271.482367
271.548767
271.633633
271.689567
271.735933
271.864400
271.943400
271.978600
272.030900
272.053600
272.077367
272.087167
272.165300
272.194933
272.255333
273.359433
273.426633
273.485867
273.517700
273.549933
273.573733
273.580467
273.607900
273.902200
273.928700
273.989600
274.019067
274.047600
274.084833
274.093133
274.126767
274.157900
274.165633
274.203333
274.261067
274.291067
274.327233
274.392267
274.446367
274.461600
274.504000
274.512767
274.601167
274.643300
274.656333
274.696767
274.754267
276.195767
277.488567
277.932367
278.103667
278.130467
278.174700
278.221800
278.238867
278.272100
278.289300
278.327200
278.335700
278.351833
278.401733
279.074200
279.379133
279.502033
279.623367
279.658667
279.711700
279.762033
279.953033
280.046967
280.096900
280.123533
280.158633
280.520300
280.684800
280.709300
280.736600
280.769267
280.806000
280.863067
281.012867
281.081367
281.155400
281.186033
281.227100
281.235967
281.276000
281.314100
281.328233
281.395900
281.424400
281.489700
281.507667
281.523267
281.595833
281.782600
281.919367
283.061267
283.100700
283.112400
283.691900
283.709767
285.873100
285.941033
285.976033
286.000433
286.035933
286.043900
286.073600
286.105133
286.147167
286.158167
286.232633
286.342367
286.680333
286.719300
287.126300
287.138200
287.185400
287.409067
287.423067
287.448400
287.483067
288.013633
291.979467
292.372000
292.380367
292.444600
292.451900
292.511267
292.514000
292.531567
292.559267
292.573267
292.607467
292.682400
293.948133
296.351433
296.724867
296.751300
296.788200
296.812833
298.444967
300.402167
300.589300
301.237200
301.320600
301.354500
301.817933
301.912500
301.945533
301.962067
301.994200
302.000000
302.003400
302.032700
302.039700
302.080233
302.084633
302.124533
302.149067
302.173067
302.195367
302.198933
302.229467
302.245333
302.254467
302.268300
302.295333
302.301667
302.324467
302.335367
302.471933
302.560667
302.695233
302.780000
302.896933
303.622133
303.686300
304.152100
305.126333
305.151700
305.196467
305.232633
305.253700
305.268800
305.310367
305.317900
305.362867
305.372567
305.406167
305.441200
305.479700
306.159300
306.919433
306.991467
308.279433
310.105733
310.119000
310.587467
310.611467
310.640367
310.663667
310.711767
311.108367
311.126867
311.186800
311.238233
311.318800
311.338567
311.363067
311.373733
311.394733
311.398567
311.419667
311.444967
311.471733
311.487933
311.581067
311.693300
311.830100
311.857033
311.880833
312.507567
314.284333
314.979733
315.044100
315.105167
315.217033
315.288467
316.274033
316.395133
316.651100
316.764967
316.769233
316.773433
317.063567
317.112667
317.127100
317.139667
317.159600
317.192333
317.230600
317.250767
317.275233
317.298600
317.320533
317.360100
317.419667
317.493433
318.050433
318.445500
319.462167
319.564367
319.690200
319.760000
320.417067
322.639500
322.720400
322.736367
322.756667
322.778300
322.838800
322.841633
322.868200
322.884067
322.906733
322.934833
322.963333
322.979067
323.033300
323.136700
323.188867
323.224700
323.244667
323.292267
323.335833
323.364633
325.640300
325.671767
326.705233
327.439300
328.418833
328.481200
328.526167
328.558133
328.573133
328.577600
328.580300
328.607200
328.638800
328.642067
328.650133
328.700200
328.718100
328.993400
329.086500
329.796733
330.707067
330.915767
331.849733
331.898600
331.923400
331.931533
331.975533
331.982700
331.988767
332.004667
332.010900
332.032400
332.071533
332.139267
332.166067
332.172733
332.176233
332.200567
332.204633
332.305733
332.308567
332.338767
332.385533
332.419967
332.443200
332.487233
332.521033
332.524500
332.545133
332.586967
332.984467
333.113633
333.299867
334.335400
334.924367
335.292900
335.403667
336.092333
336.242900
337.106933
337.640833
338.020467
338.347467
340.315500
342.534067
343.147667
343.168067
343.340133
343.356067
343.393433
343.456900
343.976367
344.035000
344.079100
344.582200
344.682933
344.707533
344.906867
344.976867
345.003600
345.061667
345.097200
345.121367
345.146133
345.172433
345.181333
345.221000
345.237467
345.265033
345.292267
345.302967
345.328600
345.349367
345.354933
345.360000
345.377900
345.427600
345.497367
345.540567
345.664667
345.800933
345.811933
345.826100
345.860333
346.164333
346.326533
346.368267
346.429733
347.189833
347.264067
347.270500
347.306900
348.312333
348.358400
348.406533
348.414167
348.452200
348.459167
348.466600
348.519933
348.543400
348.583600
348.703433
348.755733
348.774533
348.781900
348.845733
348.880867
348.896133
348.931667
348.955733
348.983767
349.008800
349.011033
349.052900
349.093300
349.098533
349.130333
349.411333
349.426667
349.463233
349.507900
350.087367
350.527767
350.903733
351.722100
352.583967
352.656600
352.673733
352.677100
352.773233
352.783233
356.177433
356.272167
356.314800
356.329700
356.353567
356.380433
356.404667
356.409467
356.436400
356.493500
356.513633
356.549233
356.677600
356.735133
357.005667
357.084067
357.111000
358.962467
359.016167
359.022200
359.071400
359.093567
359.142767
359.150233
359.176867
359.219167
359.254533
359.326433
360.335267
360.467900
360.541900
360.710467
361.257400
362.207633
363.718667
363.725333
363.787867
364.401733
367.479267
367.482300
367.571067
368.432900
368.446367
368.536267
368.551333
368.574367
368.597433
368.636633
368.641867
368.664300
368.710267
368.723367
368.730900
368.748567
368.774000
368.780133
368.813767
368.849667
368.923633
368.963700
368.972600
369.007700
369.044033
369.061833
369.119167
369.146933
369.185333
369.193733
369.245233
369.285533
369.318433
369.344033
369.449533
369.895133
370.112333
370.322400
370.571733
371.120767
371.169067
371.232533
371.270667
371.273600
371.311467
371.323200
371.347700
371.366833
371.391933
371.399400
371.441533
371.471600
371.487733
371.498433
371.545167
371.557800
371.575067
371.608167
371.633367
371.651733
371.683233
371.744567
371.781767
371.816633
371.824633
371.853700
371.878067
371.932900
372.001367
372.078200
372.188900
372.207233
372.255533
372.273433
372.554333
372.735767
372.761233
372.816400
372.875633
373.139700
373.177900
373.496500
373.534633
373.574467
373.605633
373.760167
374.207300
374.219233
374.417133
377.317300
377.325667
377.357833
377.479767
378.478967
378.548933
378.596533
378.610600
378.846100
378.870767
379.103000
379.129733
379.134600
379.200700
379.225167
379.236333
379.276567
379.297367
381.591333
381.673400
382.384200
383.061033
383.098933
383.150667
383.153800
383.157933
383.234767
383.255100
383.275500
383.306933
383.320000
383.321567
383.326833
383.367067
383.371267
383.394967
385.116100
385.227300
385.299633
385.363267
385.420900
385.437567
385.440800
385.471300
385.511000
385.529167
385.545333
385.565900
385.590733
386.117167
387.422167
387.463300
387.628867
387.695267
387.757367
387.770833
387.830200
387.862267
388.286467
388.722967
389.456567
389.509767
392.009700
392.688167
392.940433
392.948467
392.959700
392.968300
394.615433
394.731633
394.762400
394.769233
394.786333
394.825233
394.855633
394.886033
394.911500
394.931533
394.944233
394.979367
395.014267
395.029433
395.033067
395.037067
395.051900
395.403200
395.583500
395.668100
395.689900
395.861267
396.374467
396.653967
396.692300
397.458433
397.506233
397.598467
398.690167
401.568067
401.659500
401.692233
402.023733
402.082633
402.095467
402.132900
402.149367
402.155133
402.184900
402.210433
402.228167
402.243200
402.289867
402.316900
402.735467
402.837433
402.853900
403.111567
403.161067
403.184400
403.549400
403.613100
403.689133
404.071300
404.142533
404.312067
404.334000
404.414500
404.436667
404.464867
404.497933
404.513333
404.551867
404.559200
404.591433
404.602367
404.642567
404.676533
404.731567
404.737600
404.880400
405.660033
405.854033
406.442933
406.667167
406.684733
406.721133
408.387667
408.706933
408.764033
408.808400
408.817700
408.854133
408.871467
408.914933
408.930867
408.935600
408.995433
409.097733
409.131333
409.148167
409.212500
409.226033
409.241667
409.291333
409.355633
409.362533
409.396767
409.416800
409.506833
409.553300
410.809867
410.818433
410.824000
412.653967
413.046167
413.155900
413.200233
413.265600
413.356433
413.405000
413.445533
413.501267
413.541200
413.595667
413.735633
413.828300
414.605567
414.816767
414.913567
415.998933
416.627067
416.889700
416.892933
417.180300
418.960367
418.999733
419.430533
419.443867
419.469800
419.530933
419.584033
419.603600
419.609933
420.253400
420.312233
423.799467
423.812633
423.837267
423.846700
423.864300
423.892067
423.896367
423.901600
423.941633
423.945133
423.949033
423.960467
423.963833
423.978267
423.996400
424.028100
424.075267
424.352567
425.333200
425.419067
425.524867
426.517233
426.755533
427.552833
428.630033
429.899533
430.127633
430.149100
430.301367
430.381400
430.504933
430.584233
430.598100
430.610233
430.646133
430.668800
430.685600
430.709000
430.763567
431.976133
432.195567
432.682600
432.770300
432.826167
432.869667
432.951867
432.960367
432.971267
433.131733
433.165033
433.168667
433.344433
433.900533
434.419733
434.479033
434.646733
434.664633
435.717733
436.691200
437.461933
437.598000
437.655400
437.673133
437.683267
437.716067
438.243133
438.273867
438.298933
438.302333
438.346333
438.375167
438.407367
438.466267
438.481700
438.509633
438.982933
439.373100
439.416800
439.436033
439.465600
439.476200
439.500133
439.510333
439.539867
439.563900
439.595200
439.615500
439.655500
439.660167
439.693500
439.717533
439.770900
439.802300
439.826767
439.845867
439.872967
439.915533
439.941433
439.996733
440.003267
440.042100
440.097633
440.107200
440.115300
440.164900
440.221100
440.540200
440.576633
440.603133
440.876633
441.584867
441.692867
441.717767
441.791800
441.833767
441.959867
442.011800
442.280667
442.427100
443.032000
443.182167
444.458633
445.736633
446.261933
447.561733
447.599667
449.606333
449.756600
449.814700
449.822900
449.917700
449.922300
450.028533
450.070500
450.074400
450.128000
450.242600
450.279167
450.281800
450.350133
450.498967
450.508100
450.605067
450.679433
450.794967
450.816700
450.895367
450.902867
450.933900
450.943833
450.976767
451.008200
451.041233
451.059533
451.080767
451.106600
451.149800
451.163833
451.187733
451.230967
451.256500
451.263333
451.293233
451.296933
451.327633
451.336933
451.380133
451.407867
451.439633
451.471233
451.495667
451.507067
451.510867
451.535467
451.567833
451.618033
451.639533
451.656000
451.670433
451.673800
451.829700
451.861667
451.895633
451.901100
451.928067
452.057200
452.241867
452.733467
452.934333
452.976700
453.905533
453.967600
454.256567
454.482333
454.577933
454.647267
454.671033
454.674600
454.684567
454.806800
454.830433
454.933900
454.992000
455.051200
455.668567
456.829400
456.878967
456.918667
456.943833
456.949267
456.977767
456.992667
457.027700
457.047733
457.068100
457.111500
457.167933
457.724300
458.066867
458.078500
458.551400
458.579500
459.778167
459.878300
460.696633
461.114000
461.495800
461.661933
461.724700
462.300733
462.512533
462.852233
462.934600
462.974100
463.024500
463.061067
463.067267
463.090200
463.108467
463.137233
463.141667
463.189300
463.233767
463.290567
463.295400
463.308033
463.351433
463.363100
463.372533
463.430267
463.434867
463.539633
463.543967
463.591700
463.599433
463.632100
463.660033
463.665900
463.680067
463.711967
463.762000
463.770633
463.816433
463.872000
464.017933
467.599567
468.745400
468.785833
468.809533
468.823567
468.850333
468.859900
468.885700
468.902433
468.905433
468.947433
468.950000
468.956567
468.971600
468.991100
469.027000
469.475067
469.586800
470.242000
470.462833
470.545533
470.596667
470.641567
470.658467
470.674367
470.765433
470.905267
471.028567
471.668900
471.764000
472.067700
473.074500
473.126400
473.185367
473.215167
473.250667
473.367267
473.384300
473.396033
473.443567
473.453767
473.511433
473.569300
473.588800
473.687767
474.330267
475.461133
475.463100
475.509533
475.559733
475.572367
475.595967
475.618033
475.625400
475.627733
475.674833
475.715733
475.736700
475.780867
475.822400
475.867767
475.873633
475.919333
475.961267
475.980000
475.982467
476.115267
476.535333
477.639400
479.339300
479.355967
479.383867
479.396100
479.422800
479.426600
479.452767
479.501000
479.617033
479.650333
479.827000
479.864700
479.997133
480.164033
480.692700
480.740167
480.835800
482.174400
482.438233
482.468967
482.478267
482.518967
482.544433
485.502400
485.506133
486.182367
486.254133
486.268800
486.294767
486.315567
486.334400
486.361967
486.373000
486.376133
486.378433
486.423000
486.470500
486.487033
486.512400
486.536567
486.583533
486.600867
486.860000
487.041033
487.091567
487.232533
487.237800
487.268200
487.862467
488.818300
489.015800
489.043033
489.110333
489.636467
489.762333
489.939967
490.038100
490.249933
490.292500
490.317667
490.364467
490.458267
490.497967
490.526067
490.602433
490.606833
490.684267
492.535033
492.756300
492.787600
492.915267
492.952200
492.962467
492.985833
493.010267
493.014900
493.055033
493.069567
493.105833
493.132400
493.176167
493.190600
493.206400
493.215333
493.230333
493.254833
493.285733
493.353667
493.358200
493.417200
493.614933
493.659667
494.336467
494.344600
494.383600
494.424633
494.486833
494.522667
494.589600
494.610133
494.641600
495.443000
495.872733
497.131700
497.510800
497.726900
498.269933
498.540833
498.649533
498.717600
498.740767
498.810033
498.888900
498.897133
498.922733
498.952100
498.959467
498.964533
498.984500
498.990367
499.016700
499.045967
499.069767
499.106267
499.116767
499.837133
499.931133
500.894800
502.092867
502.112000
502.126767
502.154433
502.175767
502.210033
502.257833
503.785467
504.923467
504.975233
504.979000
505.089867
505.216733
507.562733
507.782733
508.615900
509.464067
509.531000
510.555467
510.641600
510.690933
510.770033
510.794667
510.817567
510.995667
511.448600
512.851533
513.987633
514.090133
514.205967
515.163900
516.462967
517.085133
517.133567
517.161700
517.604133
517.635067
517.655033
517.710333
517.717567
518.292800
518.400200
518.529767
518.593600
519.227333
519.260100
519.297167
519.317400
519.333367
519.340667
519.355133
519.378400
519.383700
519.430100
519.435933
519.439733
519.461600
519.502267
519.506467
519.526733
519.558300
519.570933
519.585333
519.608500
519.623400
519.637000
519.645833
519.648233
519.689300
519.707700
519.729400
519.753333
519.814933
519.837433
519.878900
519.918233
521.039833
521.135733
521.278000
521.361433
521.837867
521.959567
521.983267
522.810533
522.822300
522.886033
522.917900
522.922833
522.936533
522.952700
522.976600
522.987600
523.035300
523.047500
523.064500
523.078167
523.097167
523.109667
523.138233
523.193367
523.248433
523.302833
523.321000
523.431800
523.510967
523.524233
523.583867
524.319533
524.380700
524.439400
524.795667
525.391500
525.509000
526.167167
526.279133
527.528033
528.288067
528.479767
528.825667
528.887367
529.265167
529.301133
529.326000
529.349933
529.374133
529.399500
529.424633
529.441100
529.464500
529.472567
529.504300
529.525400
529.551467
529.566667
529.577733
529.584267
529.588600
529.616167
529.645067
529.662600
529.667800
529.671700
529.696933
529.742233
529.760233
529.765667
529.791367
529.822067
529.846333
529.864800
529.873567
529.906800
530.631700
532.811833
532.832400
532.864633
532.911133
532.967967
532.992400
533.006467
533.021067
533.067467
533.082967
533.104633
533.107400
533.144833
533.176900
533.298933
533.330000
533.346267
533.553900
533.603100
533.614600
533.664467
533.701400
533.786000
534.150533
534.199033
534.232333
534.263900
534.306500
534.397700
534.701533
534.751167
535.626733
535.682433
536.109300
536.370467
536.481100
536.611833
538.393133
538.562867
538.620933
538.731900
538.786833
538.813300
538.869567
538.892200
538.931567
538.960900
538.965200
539.016933
539.033967
539.044867
539.053933
539.084200
539.117667
539.171833
539.188900
539.258033
539.338367
539.437100
539.448933
539.503200
539.665533
539.750700
540.035967
540.270400
540.759400
541.346333
541.732900
542.146500
542.205767
544.366667
544.510133
544.632833
544.636233
544.850700
544.899733
544.959367
545.545200
545.595533
545.620300
545.632433
545.677100
545.694533
545.713100
546.334600
546.401000
546.416100
546.445867
546.485300
546.667533
546.771067
546.807200
546.828367
546.855333
546.901367
546.921333
546.936967
546.957333
546.998733
547.012900
547.018567
547.060067
547.117700
547.202000
547.385533
547.459433
547.534300
547.566133
547.640667
547.671567
547.695500
547.759200
547.817833
547.825067
547.881867
547.919000
547.925767
547.959400
547.973600
548.022733
548.030733
548.045333
548.080033
548.191333
548.224367
548.262033
548.292700
548.299467
548.306067
548.321233
548.378767
548.418267
548.432733
548.518333
548.529433
548.551833
548.606367
548.636500
548.667000
548.916200
548.966400
549.024933
549.205367
549.349700
550.954433
551.540333
551.574567
552.469700
552.496767
552.518800
552.559100
552.574700
552.619467
552.629000
552.669967
552.927433
552.962200
552.992333
553.021900
553.036267
553.045533
553.182767
553.864667
554.030800
555.448067
555.971900
555.992733
556.003367
556.031167
556.077500
556.122933
556.126433
556.177600
556.345533
556.727067
557.098500
557.154400
557.780933
557.815100
558.294400
558.466700
558.608167
558.785967
559.175700
560.547867
560.943100
561.120000
561.658000
561.690400
562.117100
562.475633
562.739933
562.791833
562.938700
563.322833
563.796833
563.874967
563.883100
563.924833
563.973267
564.037233
564.058967
564.125633
564.595733
564.973233
565.071867
566.215800
566.343300
566.437067
566.567533
566.673800
567.291900
567.985633
568.032433
568.110033
568.114433
568.172000
568.176700
568.190333
568.243333
568.247633
568.334933
568.348733
568.377633
568.564933
568.635767
569.173300
569.188867
569.715967
569.763667
570.732967
570.762867
570.784600
570.821000
570.928967
570.975933
570.978467
571.051667
571.347467
571.461333
571.699000
571.968800
572.067100
572.895033
572.906033
572.958833
572.980600
573.017367
573.075400
573.091533
573.104700
573.175933
573.244733
575.046433
575.064567
575.100333
575.155433
575.178167
575.220600
575.223867
575.242367
575.264667
575.269867
575.293467
575.335867
575.344600
575.364500
575.374500
575.398800
575.414667
575.417533
575.495500
575.547867
575.563733
575.736333
575.802767
575.984767
576.153767
576.290567
576.293133
577.863400
578.475100
578.759700
578.805367
579.295633
579.371833
579.416667
579.433900
579.484033
579.497233
579.565000
579.584867
579.603133
579.678500
579.825233
581.621000
581.844367
582.157767
582.171400
582.177567
582.215633
582.227433
582.229700
582.268967
582.281633
584.051100
584.253233
585.138500
586.033267
589.040500
590.505000
590.542833
590.640567
590.666967
590.688767
590.736267
590.761067
590.782100
590.829333
590.848267
590.897400
590.950300
591.118667
591.182167
591.237967
591.247067
591.347633
591.378833
591.766467
591.809467
591.853867
591.856633
591.961033
592.043200
592.142900
592.150367
592.189300
592.194600
592.213533
592.248100
592.273667
592.296600
592.308733
592.346733
592.363567
592.371133
592.419067
592.481533
592.488767
592.556567
592.808033
592.927167
593.114300
593.291367
593.351300
593.398900
593.404533
593.446233
593.490367
593.496867
593.520333
593.550467
593.570100
593.609533
593.649967
593.704033
593.744467
593.788300
593.833167
593.905600
593.946533
594.005767
594.033300
594.066700
594.093100
594.108967
594.135267
594.154300
594.183900
594.199900
594.207467
594.233667
594.242167
594.260300
594.273867
594.285167
594.308200
594.313433
594.332500
594.346133
594.387500
594.434867
594.454433
594.505067
594.512667
594.552500
594.559333
594.604233
594.615433
594.635667
594.660867
594.704167
594.749200
594.807167
594.843367
594.900800
594.952267
595.002300
595.204967
595.750733
595.768000
595.838233
596.420600
596.742133
596.917000
597.149200
597.201933
597.206767
597.393267
597.415400
597.509133
597.572633
597.660000
597.667000
597.706100
597.772800
597.816100
597.827733
597.892133
597.918167
597.937667
597.998900
598.020033
598.061400
598.094500
598.118333
598.150867
598.161267
598.186867
598.204400
598.220333
598.241367
598.247467
598.291300
598.302700
598.338733
598.372300
598.386267
598.409533
598.451733
598.481800
598.513500
598.560467
598.590900
598.610000
598.658600
598.699167
598.855767
598.934700
599.016833
599.236200
599.445600
599.551133
599.946700
599.976333
599.980733
600.571533
600.585000
600.785167
601.651333
601.707533
601.732267
601.754500
601.824867
601.858533
603.917067
604.165967
605.534800
605.562433
606.297800
607.061500
607.143067
607.244367
607.643533
607.802233
608.101500
608.125467
608.129267
608.186333
608.237567
608.883333
608.908767
609.317733
609.371033
609.393733
610.352867
610.396167
610.550800
610.574833
611.572567
611.613733
611.637900
611.681367
611.708800
611.720367
611.741267
611.767200
611.774700
611.807100
611.830900
611.889733
611.925400
611.931300
611.948467
612.017400
612.054267
612.081000
612.109567
612.175000
612.280833
612.431000
612.580333
613.408333
613.697533
614.272700
614.380200
614.422733
615.400067
615.427500
615.477900
615.489033
615.519967
616.276167
616.371300
618.443867
618.458300
618.485533
618.502167
618.517033
618.540967
618.557467
618.571200
618.584967
618.596200
618.604700
618.619900
618.645400
618.670867
618.746333
618.750267
618.768200
618.793867
618.797033
619.018900
619.228867
619.261100
619.308333
619.333500
620.619200
622.727533
623.331300
623.591833
623.623533
623.672467
623.679433
623.722633
623.741067
623.763200
623.769067
623.772600
623.779567
623.799400
623.827033
623.854800
623.884400
624.138400
624.308367
624.468833
624.664367
624.670733
624.687133
625.294533
625.854567
625.885433
625.891767
625.895500
625.941900
625.996567
626.178500
626.225467
626.244600
626.278400
626.309267
626.325400
626.339400
626.349367
626.386167
626.447267
626.473800
626.478367
626.510433
626.596433
626.624833
626.796500
626.827900
626.858700
626.904733
626.954133
627.044733
627.832500
627.844167
627.852633
628.826933
628.858100
628.866333
629.604833
629.770467
630.398833
631.970067
632.009467
632.054767
632.502967
632.521533
632.551567
632.571833
632.617467
632.656067
632.670133
632.710600
632.732300
632.770833
632.778533
632.814100
632.829333
632.847567
632.860967
632.875400
632.889333
632.900600
632.925033
633.226100
633.315167
633.388667
633.435433
633.510867
633.531733
633.571900
633.844033
633.858233
633.889933
633.905300
633.931567
633.943500
633.951333
633.954567
633.985100
634.002067
634.015700
634.046367
634.061433
634.082933
634.192833
634.209967
634.228933
634.246833
634.266500
634.277700
634.283000
634.303433
634.317400
634.323600
634.345633
634.352833
634.363767
634.369300
634.391333
634.415333
634.419900
634.432300
634.464300
635.066400
635.237633
635.397800
635.451767
635.643100
636.294833
636.567000
636.603433
636.632767
636.702833
636.756967
636.885000
637.235833
637.557133
637.606933
638.270267
638.294800
638.371767
638.447567
638.487267
638.514533
638.544033
638.547267
638.605533
638.613967
639.334567
639.357133
639.802367
640.189733
640.209933
640.803300
641.847533
642.371267
642.408167
642.440933
642.513667
642.554600
642.561267
642.614167
642.638467
642.659867
642.696933
642.717967
642.741667
642.749867
642.803433
642.823367
642.864633
642.870900
643.001100
643.047033
643.053333
643.078533
643.112200
643.130333
643.560800
643.704333
643.736967
643.858367
643.905067
643.930367
643.975200
644.435967
646.055567
646.104967
646.238333
646.975267
647.351133
647.389133
647.585367
647.939667
647.982567
648.205800
648.245333
648.331700
648.358067
648.386400
648.413767
648.427833
648.454900
648.476200
648.486267
648.499100
648.509467
648.565867
648.602633
648.677733
649.015233
649.073867
649.077667
649.094167
649.133833
649.210033
649.486533
649.588867
649.664067
649.707967
649.720033
649.724433
649.765333
649.823100
649.869367
649.959200
650.001000
650.106033
650.113500
650.184000
650.330833
650.353933
650.396033
650.417867
650.450233
650.466167
650.490000
650.496000
650.514633
650.529800
650.562267
650.571600
650.622067
650.646367
650.681667
650.688100
650.713300
650.719700
650.741100
650.757833
650.809367
650.817367
650.836800
650.853167
650.975200
651.109067
651.714467
652.845567
653.023367
653.790333
655.128200
655.149900
655.168300
655.185000
655.693433
655.963100
656.218300
656.824400
656.861867
658.904833
658.916567
658.927467
658.970500
658.975367
659.025467
659.035300
659.043167
659.081000
659.441600
659.485400
659.928933
660.113567
660.155600
660.167200
660.177100
660.266067
660.284633
660.307533
660.317500
660.328933
660.357133
660.435167
660.442433
660.489200
660.516200
660.556367
662.233233
662.377433
662.424000
662.438067
662.458567
662.470367
662.512400
662.535867
662.548267
662.550900
662.579133
662.600767
662.619467
662.638933
662.661100
662.693067
662.721867
662.747467
662.767367
662.815867
662.836267
662.861633
662.891500
662.933200
663.002367
663.074900
663.409067
663.658100
663.886333
665.558833
665.593633
665.921000
666.546433
666.703067
666.789000
666.836933
666.847900
666.864267
666.909400
666.938700
666.971267
666.981667
667.035933
667.109333
667.144700
667.242500
667.272200
667.291300
667.431367
667.455967
667.492233
667.582700
667.622467
667.668267
667.838967
667.855167
669.474167
669.678367
670.153733
670.227233
670.710200
672.279767
672.985267
672.993733
673.095800
673.425633
673.451700
673.491767
673.495600
673.517300
673.538567
673.560333
673.565500
673.592367
673.607733
673.611533
673.616233
673.618267
673.664200
673.689933
673.707267
673.754400
673.790967
674.236167
674.317967
674.345433
674.368267
674.374367
674.413500
674.561200
674.566600
675.674967
675.709767
675.768667
676.495467
676.571967
676.604900
676.621667
676.678633
676.700633
676.753567
676.766133
676.801867
676.808600
676.865033
676.893467
676.915667
676.944167
676.964300
677.011433
677.020267
677.023033
677.038633
677.052367
677.077967
677.087233
677.094067
677.110567
677.144733
677.181800
677.196833
677.233067
677.306400
677.377867
677.444167
677.576367
677.578033
677.581800
677.615567
677.661867
679.293533
679.394367
680.021600
680.226767
682.104200
684.181667
686.539233
686.595067
686.648133
686.676033
686.703800
686.714467
686.739500
686.756267
686.792133
686.817533
686.875467
686.913767
686.935533
686.985833
686.996467
687.109200
687.193400
687.226767
687.293267
687.686867
687.794000
687.810900
687.920900
687.954967
687.977600
687.985833
688.029933
688.071767
688.105533
688.113367
688.119400
688.180900
688.865533
689.275467
689.354567
689.996167
690.166833
690.233567
690.271900
690.280467
690.340467
690.693733
691.017567
691.273067
691.695867
691.699667
691.932233
691.992800
692.078833
692.141333
692.175233
692.195533
692.251367
692.313033
692.338867
692.366633
692.408500
692.415567
692.441667
692.450500
692.480767
692.515633
692.552367
692.582700
692.604067
692.641267
692.672133
692.684767
692.739633
692.759200
692.769533
692.804567
692.813467
692.851667
692.870433
692.886133
692.957033
693.007967
693.010400
693.166300
693.991700
694.000300
694.391633
694.847033
695.087000
695.088833
695.100133
695.123833
695.173700
695.915100
696.051933
696.343700
696.391800
696.465533
697.371700
697.705367
698.024967
698.756933
698.917800
698.945633
698.994800
699.002167
699.103400
699.116467
699.153167
699.213867
699.275433
699.355133
699.494400
699.590667
699.630267
699.659367
699.697333
699.710367
699.731267
699.755200
699.792233
699.807933
699.817000
699.853400
699.882100
699.905567
699.919900
699.926367
699.969067
699.984700
700.018667
700.056267
700.074833
700.087133
700.103300
700.108267
700.118600
700.126067
700.129900
700.133500
700.149800
700.187133
700.210267
700.263900
700.326300
700.523500
700.915033
701.172500
701.201700
701.250567
701.283467
701.351667
701.375933
701.390133
701.418900
701.434233
701.521267
701.586733
701.673133
702.196167
702.244700
702.292067
702.341500
702.357300
702.439533
702.459967
702.478167
702.519900
702.841800
702.905333
703.490833
703.620833
703.623533
703.677567
703.681133
703.711633
703.727667
703.769300
703.809767
703.842400
703.960300
703.971567
704.001767
704.019433
704.077967
704.086600
704.119533
704.133267
704.152067
704.184767
704.220467
704.285800
704.362067
704.439000
704.483000
704.528500
704.672500
705.014400
705.056967
706.472933
707.542800
707.972400
707.990867
708.011300
708.057900
708.075600
708.099433
708.117867
708.145100
708.193167
708.216433
708.240700
708.277200
708.299567
708.352133
708.503233
708.547900
708.572400
708.600533
708.607467
708.627000
708.644267
708.648200
708.667967
708.698200
708.724700
708.738300
708.765300
708.768700
708.786533
708.801767
708.852300
708.896467
708.927867
708.963700
708.996333
709.045533
709.151900
709.182533
709.373800
709.893633
709.987100
710.046333
710.149633
711.042133
711.133667
711.189833
711.215767
711.233200
711.247033
712.716833
712.740900
712.745600
712.749967
712.769633
712.774100
712.792500
713.586233
714.174367
714.186800
714.212733
714.215400
714.311333
714.361933
718.086800
718.091967
718.134767
718.205067
718.271900
718.769267
718.772900
721.835333
721.928500
721.935700
722.395033
722.440867
725.971167
726.054000
726.137067
726.177800
726.194233
726.265367
726.508400
726.617733
726.794867
727.002467
727.066333
727.119867
727.327333
727.360633
727.368867
727.584700
727.780467
728.211400
728.267933
728.357933
728.658833
728.753300
728.831467
728.899267
728.930200
728.937767
729.028567
729.130067
729.155833
729.206700
729.238633
729.243633
729.304767
729.348267
729.376233
729.397367
729.422000
729.461767
729.469567
729.500833
729.528600
729.535200
729.564667
729.579433
729.604300
729.631000
729.649233
729.707600
729.720367
729.755200
729.777333
729.787900
729.803767
729.827200
729.840033
729.866167
729.899767
729.902833
729.925033
729.964100
729.985633
730.053433
730.081933
730.098067
730.121433
730.258133
730.327867
730.629733
730.715833
731.262900
731.294267
731.858400
732.259033
732.369133
732.404267
732.464700
732.504200
732.561567
732.640000
732.697733
732.752967
732.785200
732.810467
732.846733
732.887800
733.026633
733.068733
733.089567
733.121267
733.207967
733.352733
733.369567
733.400333
733.456833
733.472300
733.511933
733.557433
733.576500
733.616933
733.630367
733.658100
733.695833
733.712633
733.724267
733.763200
733.767400
733.787967
733.806867
733.819267
733.826500
733.831133
733.865233
733.882667
733.897633
733.926233
733.950633
733.954633
733.984967
733.994200
734.032700
734.048433
734.078200
734.125467
734.145800
734.155400
734.168400
734.186433
734.271600
734.318100
734.331133
734.556133
734.601967
734.801600
734.948233
735.122533
735.185833
735.616467
735.678067
736.056933
736.535700
736.900467
738.736733
739.570033
739.645867
739.658733
740.084967
740.461167
740.967200
741.278000
741.624100
741.655167
741.751133
741.822500
741.875433
741.907133
741.942733
741.986067
741.996100
742.041033
742.105900
742.120900
742.171100
742.206033
742.235233
742.262767
742.269100
742.299400
742.327667
742.375867
742.410567
743.033200
743.036600
743.593400
743.611333
743.653333
743.738933
743.806500
743.863367
743.914900
744.381867
744.460133
744.475333
744.555933
744.635867
744.724467
744.850900
745.049000
745.149433
746.096067
746.167000
747.291567
747.365433
747.486500
747.711467
747.817333
747.910333
748.025467
748.092200
748.103633
748.150333
748.169500
748.190967
748.214367
748.263167
748.302233
748.347367
748.374700
748.396933
749.829767
749.847900
749.886700
750.011333
750.036067
750.164567
750.290000
750.314367
750.562900
750.613833
750.652933
750.662367
750.744300
750.762667
750.802567
750.838833
750.886833
750.931067
750.982033
751.003500
751.040300
751.064967
751.090200
751.105100
751.117333
751.133633
751.147467
751.194800
751.224100
751.258933
751.289433
751.303967
751.310267
751.346400
751.376300
751.403200
751.421467
751.479000
751.597333
751.718133
751.913467
752.013200
753.058467
753.235300
753.272533
753.289433
753.393333
753.403533
753.425433
753.463667
754.831300
754.924700
755.074867
755.107500
755.119700
755.252333
755.444633
755.521467
755.667167
755.700000
755.757467
755.777200
756.015133
756.188533
756.200200
756.891067
757.544633
757.723467
757.861633
757.949000
757.986600
758.027800
758.367200
759.009067
759.172400
759.193967
759.225967
759.253467
759.262433
759.294400
759.339733
760.265767
760.294100
760.833500
760.997600
761.039700
761.058200
761.074733
761.081800
761.096500
761.110533
761.119000
761.123100
761.143400
761.166533
761.178467
761.181867
761.202067
761.237400
761.242067
761.251700
761.254533
761.264067
761.268667
761.294333
761.298733
761.338500
761.384467
761.449033
761.496867
761.536067
761.594067
761.627167
761.639500
761.676000
761.693400
761.708133
761.711900
761.756133
761.786733
761.843200
761.890600
761.902633
762.045133
762.322933
762.728200
763.481200
763.528200
763.650700
763.666000
763.707633
763.728533
763.750567
763.865000
764.068467
764.437133
764.455400
764.509767
764.549500
764.595833
764.612933
764.649667
764.683067
764.706900
764.736967
764.794067
764.823967
764.841867
764.851100
764.889300
764.950967
765.109733
766.208267
766.216900
766.574533
766.979833
767.219100
767.423500
767.636000
767.685800
768.038700
768.079567
768.120267
768.169533
768.406467
768.431567
768.494100
768.513700
768.551367
768.583533
768.720567
768.776733
768.828367
768.838367
768.895000
768.933467
769.046933
769.498167
770.604100
770.627200
772.295467
773.128500
773.517600
773.570433
773.681067
773.767133
773.815567
773.828833
773.937533
773.988200
774.106433
774.139167
774.172867
774.206333
774.222567
774.264233
774.291833
774.297067
774.324400
774.421133
774.915267
774.987733
775.003600
775.658100
776.217800
776.242267
776.345367
776.366200
776.383800
776.405200
776.424200
776.428533
776.445400
776.476167
776.492967
776.549700
777.178300
777.212033
777.222800
777.289600
777.303500
777.388800
777.863067
777.871067
777.985800
778.009500
778.030833
778.108933
778.318600
778.731633
778.782233
778.822067
778.867067
778.889233
778.909867
778.933200
778.938300
778.960800
778.993567
779.003500
779.032500
779.040133
779.065233
779.070800
779.074900
779.099667
779.108667
779.132367
779.170767
779.283400
779.339500
779.387233
779.415033
779.436633
779.487167
779.492067
779.531267
779.640500
780.520900
780.598933
780.605500
781.344933
781.972300
783.124100
783.324733
783.875667
783.945067
784.019367
784.045333
784.091967
784.139867
784.221300
784.275200
784.339733
784.722800
787.895700
788.193167
788.237933
788.285933
789.509900
789.698233
789.721200
789.764367
789.855300
790.456300
791.522533
791.554333
791.598500
791.679400
791.718933
791.753533
791.791433
791.817733
791.844800
791.868667
791.897433
791.979700
792.122533
792.195667
792.223167
792.312333
792.745800
792.973900
793.000767
793.463067
793.494533
793.507833
794.179267
794.219133
794.280267
794.291700
794.371767
794.650367
794.879933
796.040333
796.973033
797.056567
797.076033
797.120367
797.248133
798.449900
798.540500
801.037633
801.039833
801.065500
801.091000
801.128900
801.143833
801.170367
801.174433
801.176967
801.208600
801.213133
801.218600
801.221600
801.258200
801.270133
801.279500
801.302233
801.311433
801.314933
801.331167
801.375933
801.418533
801.461200
801.541900
801.603533
801.662867
801.711467
801.727767
801.792767
801.834233
801.880533
801.911633
802.016567
802.602133
802.624367
802.664433
802.690667
802.771633
802.924033
803.024200
803.316800
803.391100
803.532800
803.586000
803.625033
803.639800
803.668467
803.730500
803.747833
803.962067
803.968433
803.976067
804.023200
804.096667
804.127233
804.134600
804.199967
804.229500
804.272267
804.279067
804.304733
804.399600
804.455267
804.497467
804.535133
804.559133
804.573267
804.605733
804.622500
804.644433
804.646833
804.678700
804.705433
804.719967
804.802200
804.829000
804.857200
804.897767
804.943200
805.017367
805.023000
805.108233
805.199267
805.237167
805.240500
805.285067
805.298800
805.337267
805.475867
805.508967
805.551600
805.641400
805.688633
805.772867
805.792133
805.855800
805.865933
805.912333
805.933300
806.046567
806.222167
806.265733
806.316433
806.554433
806.647800
806.684000
806.711067
806.759467
806.781300
806.872100
806.908200
806.936900
809.768567
809.938633
809.971567
810.003367
810.043600
810.107533
810.118433
810.163800
810.185667
810.314500
810.319667
810.348033
810.354800
810.427133
810.553400
810.593167
810.624400
810.823567
811.345933
811.690900
811.717700
812.276867
812.777700
812.794167
814.001233
814.018433
814.164733
815.090167
817.223700
817.236033
817.284033
817.304700
817.324333
817.372033
817.387367
817.469433
817.534867
818.097933
819.102700
819.866833
820.157967
820.231000
820.240533
820.334367
820.385900
820.410433
820.439467
820.446767
820.450333
820.477733
820.494800
820.533433
820.559833
820.597567
820.618400
820.645133
820.666367
820.690000
820.959700
821.020233
821.657867
821.691100
822.494600
822.518033
822.557767
822.560433
822.652267
822.660467
823.337267
823.445567
823.872200
823.904533
823.920300
823.975100
824.007433
824.058067
824.086600
824.109867
824.139767
824.150467
824.165133
824.199800
824.209833
824.233300
824.239967
824.272367
824.294033
824.301000
824.335333
824.377367
824.401000
824.431433
824.622733
824.674767
824.724467
824.747533
824.791733
824.804467
824.820033
824.958367
824.969733
825.443600
825.453267
825.469467
826.345000
826.382467
826.385400
826.388500
827.523467
828.439633
828.668933
828.869767
828.889500
828.913567
828.975567
829.051933
829.165500
829.356533
829.361533
829.824033
829.868200
831.763067
832.677967
832.857300
832.883133
833.822700
833.872667
833.967633
834.021967
834.105033
834.159467
834.442567
834.559500
834.569767
834.649600
834.693300
834.741733
835.691200
836.003867
836.158900
836.494633
836.642267
836.716600
836.720500
836.882500
836.925400
836.954733
836.964133
836.967733
837.004667
837.025700
837.054567
837.082700
837.097100
837.108167
837.133533
837.168767
837.217733
837.289133
837.372067
837.427367
837.493400
837.539533
837.560367
838.138700
840.279467
840.325600
840.716767
840.885633
840.906500
840.959167
841.055500
842.718200
842.985800
843.035333
843.069200
843.133033
843.165033
843.218967
843.251433
843.344267
843.399400
843.802467
843.957800
843.982700
845.438600
845.544567
845.578900
845.600300
845.615667
845.626100
845.693167
845.700333
845.721267
845.734833
845.741233
845.756067
845.769533
845.808833
845.825367
845.852700
845.866100
845.909067
845.957933
845.962600
846.516067
846.569100
846.804633
846.858067
846.953833
847.042667
847.045733
847.385033
847.838700
847.874400
847.885800
847.955300
849.185900
850.256467
850.396600
850.401067
850.479733
850.499467
850.539200
850.560900
850.610600
850.620233
850.705967
850.760367
850.763933
850.828333
850.854933
852.801200
852.931200
852.970100
853.003900
853.010467
853.044900
853.852767
853.881500
853.921333
853.939500
853.964533
853.991900
854.034167
854.078667
854.131200
854.167067
854.173733
854.234200
854.300433
854.359700
854.422133
854.511933
854.606167
854.652033
855.386367
856.376000
856.671433
856.749767
856.842767
856.904400
857.842933
857.877133
857.945300
857.972033
858.016633
858.060033
858.081500
858.091600
861.378000
861.407333
861.451100
861.512800
861.556367
861.562467
861.604700
861.652400
861.658467
862.509533
862.532033
862.930200
863.028667
864.182400
865.041667
865.086600
866.802833
867.015667
867.127033
867.153233
870.415467
870.500933
870.549200
870.564167
870.597000
870.600700
870.615967
870.636167
870.642733
870.649233
870.673400
870.680267
870.700300
870.744667
870.774333
870.871333
870.903100
870.941067
870.987133
871.090900
871.444233
871.557367
871.611333
872.973233
873.037033
873.105233
873.159600
873.283733
873.440633
873.637567
873.671667
873.709933
873.770367
873.802600
873.812233
873.855800
873.870700
873.909267
873.926867
873.930267
873.957500
873.985567
874.010533
874.064833
874.067800
874.085467
874.119600
874.153933
875.485967
876.525600
877.305567
877.452800
877.476300
877.944267
877.986567
878.061300
878.074433
878.108667
878.509633
878.689500
879.248200
879.291900
879.361633
879.425300
879.467333
879.947733
879.992300
880.127933
881.283600
882.009667
884.737767
884.812633
884.841300
884.860000
885.575633
887.480767
887.499100
887.597567
887.894867
887.968233
887.981333
888.017433
888.093533
888.128800
888.151267
888.882867
888.998633
889.032567
889.063467
889.072233
889.097267
889.114967
889.152700
889.173867
889.185067
889.214333
889.229533
889.254067
889.272500
889.287533
889.290533
889.301733
889.317167
889.353033
889.388100
889.391600
889.408200
889.451200
889.462933
889.504333
890.320400
890.401100
890.456000
891.781467
892.003333
892.047633
892.083767
892.222233
892.251100
892.309467
892.790600
894.389533
894.453067
894.472967
894.500833
894.515900
894.524167
894.621233
894.658133
894.686333
894.882433
894.995400
895.063200
895.098733
895.149067
895.181667
895.254800
895.301400
895.346467
895.397933
895.418133
895.451300
895.457133
895.461800
895.494033
895.504700
895.537433
895.546967
895.571967
895.614300
895.766700
895.802333
895.882033
896.138867
896.169333
896.270833
897.622933
897.758200
897.791667
897.839800
897.860333
897.894633
898.602500
899.094367
899.193167
899.316533
899.320733
899.829200
899.842500
899.851733
899.856533
899.907667
899.922667
899.936200
899.952200
899.972267
900.018000
900.021533
900.183900
901.514133
901.601767
901.643600
901.990367
902.030367
902.070733
902.125433
902.128033
902.174267
902.210200
902.236600
902.269333
902.272767
902.315867
902.354467
902.384000
902.433867
902.480033
902.505900
902.683633
902.852367
903.106867
903.153733
903.188267
903.492567
903.617800
905.187200
905.328467
906.838067
906.846833
906.907400
906.965633
907.006533
907.034067
907.050267
907.070700
907.104567
907.205633
907.226167
907.326767
907.342633
910.285300
911.906733
915.146133
916.516867
916.547267
916.633467
916.661700
916.690533
916.725133
916.765233
916.835733
916.838600
916.857433
916.882867
916.886767
916.922800
916.933867
916.938500
916.966667
916.981633
917.001900
917.029433
917.057933
917.063567
917.145700
917.149167
917.179033
917.198967
917.264633
917.278867
917.296467
917.542333
917.578600
917.593867
917.688700
917.853333
917.906867
917.994433
918.085633
918.314000
918.342833
918.377000
918.508667
918.557733
918.617367
918.729700
918.773700
918.800533
918.860167
918.974500
919.027867
919.049133
919.099333
919.115700
919.135600
919.230533
919.250500
919.328933
919.911533
919.967333
920.046833
920.086767
920.116600
920.136133
920.180033
920.196567
920.236400
920.246000
920.287000
920.300800
920.324700
920.353967
920.392400
920.395933
920.638000
920.668200
920.759633
921.313400
921.337233
921.421867
921.441233
921.477133
921.513533
921.529633
921.553867
921.600067
921.615200
921.621933
921.671900
921.719733
921.821000
921.863933
921.888600
922.219933
922.256000
922.431267
922.525867
922.626733
922.717067
922.808967
922.836233
922.911467
923.038067
923.126200
923.301600
923.461600
923.595433
923.657033
923.791867
923.804900
923.876933
923.916967
923.956267
923.999100
924.042833
924.072033
924.075433
924.144000
924.221967
924.247100
924.309300
924.347233
924.385400
924.433167
924.470500
924.479467
924.513700
924.873333
925.453233
925.928767
926.028733
926.358333
926.404233
926.442200
926.457967
926.564500
926.990267
928.025900
928.355333
928.418267
928.451600
928.479767
928.498000
928.508400
928.524067
928.572767
928.612300
928.626500
928.762233
928.851367
928.891433
929.021200
929.191533
929.268733
929.374167
929.587200
929.634167
929.771533
929.813733
931.005767
931.051933
931.079900
931.086433
931.102633
931.227100
932.412167
932.499400
932.601600
932.649333
932.706700
932.780600
932.922333
933.286033
933.320033
933.410667
933.564633
934.417233
934.636400
935.674200
935.736933
935.804600
935.826400
935.850567
935.869567
935.907700
935.913067
935.943433
935.965433
935.988833
936.017433
936.027067
936.045933
936.053700
936.086167
936.129800
936.139133
936.197133
936.253767
936.340500
936.345133
936.376600
936.419667
936.473633
936.505033
936.678600
936.701567
936.716200
936.741000
936.826000
936.900200
937.020067
937.119167
937.508033
937.636600
937.700267
937.707167
937.752200
937.784300
938.964433
939.015400
939.128200
939.332033
940.518233
940.576000
940.615300
940.643300
940.649100
940.655667
940.678933
940.693200
940.725300
940.747833
940.784500
940.846767
940.878367
940.897167
942.536833
942.758533
943.235733
943.345133
943.401033
943.428067
943.442000
943.480600
943.521900
943.598133
943.627033
943.696267
943.733067
943.762967
943.832467
944.055467
944.118500
944.204067
944.220733
944.262067
944.340667
944.543167
944.913567
944.953200
945.144033
945.183233
945.730067
945.752500
946.401333
946.407600
946.505133
946.603633
946.712967
946.718600
946.729400
946.784500
946.863700
946.881200
946.953700
947.016767
947.140067
949.249867
949.383933
949.418333
949.451167
949.767733
950.114333
950.293633
951.846567
954.191433
954.869267
954.892833
954.925567
954.941033
954.962967
955.000867
955.033500
955.075533
955.117267
955.151800
955.186233
955.201033
955.247933
955.344633
955.367833
955.383367
955.427900
955.438333
955.449333
955.469700
955.478700
955.614500
955.644433
955.657033
955.747567
955.781867
955.830900
955.875233
955.882567
956.226633
956.722033
956.937867
956.965733
957.675100
957.727567
958.783933
958.858600
960.661433
961.136267
961.182433
962.258100
962.379700
962.433833
963.235467
963.281000
963.362567
963.392500
963.495800
966.024333
966.098500
966.106900
966.141300
966.180100
966.315700
966.341633
966.458033
966.492367
966.530800
966.681200
966.690800
966.843900
966.897100
966.908800
967.476467
967.692033
967.895433
968.521533
968.657267
968.792133
968.813333
968.863667
970.514067
971.086333
971.360567
971.434167
971.458767
971.471933
971.517700
971.537167
971.571533
971.579567
971.633767
971.666967
971.719733
972.001867
972.105133
972.128300
972.146733
972.227533
972.254533
972.327200
973.510333
973.556467
973.658300
973.910667
974.110200
974.586300
974.658600
974.662767
974.726567
974.777867
974.782467
974.906667
975.003300
975.145700
975.203200
975.241033
975.265800
975.273067
975.293533
975.296467
975.334833
975.358300
975.403067
975.416867
975.438333
975.480367
975.498800
975.527567
975.547367
975.585267
975.599900
975.623233
975.653467
975.674133
975.690800
975.730767
975.761800
975.776867
975.792167
975.846633
975.863767
975.908867
975.920933
975.937133
975.988933
976.023467
976.093233
977.872300
978.218267
978.315133
978.511200
981.047100
981.111100
981.144767
981.337833
981.405367
981.477800
981.532667
981.709400
982.071400
982.813900
982.865967
982.955233
984.656000
984.731400
984.818733
984.996567
985.199000
985.266333
985.316967
985.339733
985.393533
985.448833
985.487033
985.555000
985.557467
985.560633
985.574867
985.609667
985.649433
985.763567
985.842267
987.144800
987.315233
987.374267
987.387800
987.424500
987.439900
987.479433
987.520733
987.555267
987.590500
987.596700
987.606467
987.610500
987.650533
987.663033
987.690633
987.736600
987.741300
987.772133
987.807500
987.826467
987.928000
987.936800
987.986067
987.997667
988.032167
988.055933
988.079633
988.123767
988.160667
988.198467
988.249900
988.259133
988.297167
988.439500
988.490533
990.090533
990.247433
990.349400
991.835867
991.840533
991.889700
991.901167
991.906533
991.928633
991.943167
991.959133
991.979933
992.040533
992.061067
992.093100
992.117067
992.169100
992.265867
992.295833
992.320967
992.342533
992.480367
992.689200
992.759133
992.840033
993.252900
993.273233
993.380800
993.626367
993.883700
994.000833
995.633633
996.051167
996.109600
996.153667
996.188367
996.335667
996.526500
997.225167
997.593467
997.811833
998.889933
998.922867
998.956133
998.974300
999.002700
999.010800
999.032700
999.078500
999.085400
999.110867
999.129800
999.135800
999.161367
999.173533
999.197767
999.204633
999.240800
999.246200
999.257633
999.264367
999.286133
999.295300
999.317800
999.383500
999.404100
999.431933
999.546800
999.594867
999.782767
999.844433
1000.446733
1000.461700
1000.899133
1001.037800
1002.375867
1002.427333
1002.496133
1002.658333
1003.456433
1003.488500
1004.133100
1004.176767
1004.208933
1004.233233
1004.258267
1004.261400
1004.294867
1004.310367
1004.313233
1004.356600
1004.361300
1004.383100
1004.414700
1004.475133
1004.502067
1004.516600
1004.627633
1004.734800
1006.957200
1008.026700
1010.936367
1011.164100
1011.186600
1011.244167
1011.327367
1011.347233
1011.391300
1011.414800
1011.573333
1011.681367
1011.901967
1011.967267
1012.242367
1012.305100
1012.333167
1012.341000
1012.376467
1012.394033
1012.410400
1012.431667
1012.453267
1012.469767
1012.490033
1012.509933
1012.522800
1012.530067
1012.549100
1012.576700
1012.592233
1012.595800
1012.907733
1013.000667
1013.109833
1013.171267
1014.571433
1014.644500
1014.690333
1014.771600
1014.794500
1014.864467
1014.949500
1015.005767
1015.145933
1015.182767
1015.237700
1015.264033
1015.287467
1015.328033
1015.347400
1015.353000
1015.359933
1015.380900
1015.395267
1015.417600
1015.421133
1015.472667
1015.489433
1015.522567
1015.525633
1016.446833
1016.535267
1017.556667
1017.874333
1018.265400
1018.366800
1018.399100
1019.378367
1019.382133
1019.439300
1019.506567
1019.590567
1019.767500
1019.784300
1019.821167
1019.870600
1019.883167
1019.897033
1019.918667
1019.927600
1019.955000
1019.963300
1020.001767
1020.027867
1020.069400
1020.089000
1020.160700
1021.005533
1022.063333
1022.090633
1022.236067
1022.276000
1022.314367
1023.281633
1024.006600
1024.542000
1024.618600
1024.673433
1024.729733
1026.131700
1026.212700
1026.221200
1026.304000
1026.402733
1027.428767
1037.265633
1037.776433
1037.888867
1037.920800
1037.929933
1037.947433
1037.995733
1038.058000
1038.087167
1038.099400
1038.108400
1038.124000
1038.137967
1038.158733
1038.173567
1038.194733
1038.249700
1038.256333
1038.265900
1038.297833
1038.324900
1038.329633
1038.387367
1038.496467
1038.579900
1038.663200
1038.778933
1038.802233
1038.827800
1038.891033
1038.918600
1038.976700
1039.039400
1039.100133
1039.187933
1039.249600
1039.281433
1039.317067
1039.325000
1039.386233
1039.408867
1039.433867
1039.454500
1039.475667
1039.508267
1039.538900
1039.542867
1039.600233
1039.620533
1039.674133
1039.691167
1039.737700
1039.742567
1039.767267
1039.778400
1039.801100
1039.808867
1039.835533
1039.842167
1039.870000
1039.888933
1039.904800
1039.920600
1039.979167
1040.004567
1040.410733
1040.455900
1040.486300
1040.603500
1040.788200
1040.912600
1040.956333
1041.120133
1041.132700
1041.256400
1041.393600
1041.467933
1041.524533
1041.705233
1041.769867
1041.828800
1041.858267
1041.881733
1041.914333
1041.922100
1041.944367
1041.967300
1041.986367
1042.004333
1042.036600
1042.059567
1042.080567
1042.095033
1042.120633
1042.156200
1042.176800
1042.202667
1042.221133
1042.245900
1042.318567
1042.328400
1042.401867
1042.405667
1042.446267
1042.480733
1042.509167
1042.557833
1042.612967
1042.879633
1042.903133
1042.951600
1042.966333
1043.099400
1043.196267
1043.209200
1043.230933
1043.259133
1043.299200
1043.361633
1043.372200
1043.400000
1043.450933
1044.386833
1044.403233
1044.414733
1044.425333
1044.442933
1047.617567
1047.711833
1047.718533
1047.749467
1047.774533
1047.789833
1047.820033
1047.874500
1047.902000
1047.928667
1047.958233
1048.002233
1048.023300
1048.042000
1048.071900
1048.087467
1048.105200
1048.141567
1048.185267
1048.243233
1048.472767
1048.500767
1048.545967
1048.569000
1048.591267
1048.612333
1048.647267
1048.737533
1048.806367
1049.274833
1049.304500
1049.312733
1050.043833
1050.449967
1050.707067
1051.630733
1054.005400
1054.120100
1054.314933
1054.361567
1054.480433
1054.881467
1055.302100
1055.649433
1056.552033
1057.505933
1057.727133
1057.769467
1057.836100
1058.155733
1058.302833
1058.354500
1058.361567
1058.406367
1058.606333
1058.690767
1059.293933
1059.418500
1059.534667
1060.419200
1060.599767
1060.648900
1060.689233
1060.696700
1060.783600
1060.786533
1060.813567
1060.818167
1060.846333
1060.859800
1060.885467
1060.913500
1060.927367
1060.950333
1060.973167
1060.978733
1061.036300
1061.066500
1061.103033
1061.139433
1061.234500
1061.307567
1061.332300
1061.395333
1061.426867
1061.522167
1061.553600
1061.661167
1061.710833
1061.811100
1061.837700
1061.929333
1061.994200
1062.048400
1063.450900
1063.532833
1063.561800
1064.460133
1064.582433
1065.242533
1065.305000
1065.316933
1065.358633
1065.900733
1066.244767
1066.288400
1066.322633
1066.340333
1066.358067
1066.375267
1066.413533
1066.442233
1066.461333
1066.470500
1066.473300
1066.532067
1066.543367
1066.644900
1066.680867
1066.753867
1067.081167
1067.149767
1067.227133
1067.289867
1067.401367
1067.458800
1067.499500
1067.542433
1067.924733
1068.755800
1068.801033
1071.970967
1071.976033
1071.981167
1072.046033
1072.051500
1075.727567
1075.955867
1076.044133
1076.139200
1076.267433
1076.290933
1076.301633
1076.314933
1076.335200
1076.357533
1076.372633
1076.420800
1076.441900
1076.463367
1076.472567
1076.495400
1076.536733
1076.565533
1076.606200
1076.668867
1076.679633
1076.740667
1076.803000
1076.916233
1076.961800
1077.011667
1077.050667
1077.093500
1077.172633
1077.213700
1078.819333
1079.668600
1079.689933
1079.741300
1079.770400
1079.799500
1079.812867
1079.823400
1079.847600
1079.854600
1079.881400
1079.928700
1080.007500
1080.442233
1080.539300
1080.575933
1080.612867
1081.253600
1083.366300
1083.569433
1084.040767
1084.067000
1084.231433
1084.363833
1084.382167
1084.409267
1084.446367
1084.481100
1084.513633
1084.588567
1084.655933
1084.690700
1084.739033
1084.950867
1085.174433
1085.192100
1085.224067
1085.290167
1085.324033
1085.360000
1085.475767
1085.829567
1085.906433
1086.150100
1086.496733
1086.562400
1086.626800
1086.648000
1086.708433
1086.722633
1086.756733
1086.774500
1086.816667
1086.843067
1086.961033
1086.981600
1087.039333
1087.739033
1088.568633
1089.549400
1089.588500
1089.640933
1089.744667
1089.840067
1089.888600
1089.923533
1089.940333
1089.962167
1089.993167
1090.002533
1090.018033
1090.039333
1090.069400
1090.157100
1090.197533
1090.201900
1090.243433
1090.262167
1090.319900
1090.350867
1090.392233
1090.398800
1090.432667
1090.462400
1090.555167
1090.584933
1090.633267
1090.681100
1090.748067
1092.046367
1092.484833
1092.490067
1092.650967
1092.720133
1092.782700
1093.163833
1093.194400
1094.098500
1094.273033
1094.340833
1094.476967
1094.496700
1094.556433
1094.646600
1094.688567
1095.087700
1095.144433
1095.186800
1095.210500
1095.253033
1095.286100
1095.293533
1095.306300
1095.350133
1095.423533
1095.428600
1095.469333
1095.484767
1095.492133
1095.546700
1095.561933
1095.593933
1095.606667
1095.650267
1095.677233
1095.682067
1095.698433
1095.719800
1095.771433
1095.784867
1095.826100
1095.840067
1095.842967
1095.945567
1096.047233
1096.065600
1096.095333
1096.180967
1096.800700
1097.914967
1098.719967
1098.728333
1098.820167
1098.849333
1098.940900
1099.148433
1099.300633
1099.402100
1099.423833
1099.532200
1099.718900
1100.233500
1100.354367
1102.058267
1102.149633
1102.389733
1102.534067
1102.812333
1102.916600
1102.965100
1103.037100
1103.088400
1103.101633
1103.185133
1103.198567
1103.207233
1103.286800
1103.339800
1103.368333
1103.397567
1103.470633
1103.532667
1103.585667
1103.612600
1103.645400
1103.652400
1103.683700
1103.969367
1105.120600
1105.159600
1106.326533
1106.504400
1107.919933
1108.009200
1110.466100
1110.521600
1110.544800
1112.457433
1114.224867
1114.884967
1114.920000
1114.939167
1114.993200
1115.006500
1115.009467
1115.016733
1115.024000
1115.041533
1115.082000
1115.095867
1115.112200
1115.118667
1115.136367
1115.158833
1115.175167
1115.188533
1115.195067
1115.214033
1115.248100
1115.251933
1115.273100
1115.279200
1115.302733
1115.335800
1115.372600
1115.407000
1115.438733
1115.482867
1115.514100
1115.542800
1115.548967
1115.632267
1115.711533
1115.929000
1117.795300
1117.812400
1118.011033
1118.889767
1120.468300
1120.484433
1120.528733
1120.535500
1120.568233
1120.579700
1120.670933
1120.685033
1120.766400
1120.825033
1122.126333
1122.355900
1123.053400
1123.108900
1123.157400
1123.194867
1123.262300
1123.292867
1123.321000
1123.406833
1123.446300
1123.537767
1123.559167
1123.581433
1123.604967
1123.618300
1123.629467
1123.687800
1123.705400
1123.709267
1123.717033
1123.736700
1123.770333
1123.797533
1123.819567
1123.855800
1123.862167
1123.871600
1123.905500
1123.911233
1123.942800
1123.949967
1123.961500
1123.982767
1123.987933
1124.040800
1125.190000
1126.546633
1126.726067
1126.799433
1127.207067
1127.491800
1127.583967
1127.661000
1127.875267
1127.928000
1128.004100
1129.313100
1129.317967
1129.385367
1129.556000
1129.604633
1130.431567
1130.568233
1130.774500
1130.838500
1130.872733
1130.905067
1130.937900
1130.993300
1131.013700
1131.074133
1131.194600
1131.259367
1131.500800
1131.537300
1133.486733
1134.051200
1134.249167
1134.900833
1134.956000
1134.979033
1135.026000
1135.051767
1135.079400
1135.122333
1135.165000
1135.194567
1135.223967
1135.272267
1135.298700
1135.327233
1135.375267
1135.408033
1135.411600
1135.527767
1135.770667
1135.824067
1135.854367
1135.937400
1137.014833
1137.102267
1137.134300
1137.186300
1137.308233
1137.329467
1137.356933
1137.377100
1137.420567
1137.483333
1137.543667
1137.565600
1138.178800
1138.231633
1138.252033
1138.299633
1138.324633
1138.390967
1138.457633
1138.499100
1138.531833
1138.566300
1138.591933
1138.623000
1138.627033
1138.646267
1138.667533
1138.717000
1138.720567
1138.743200
1138.779300
1138.811967
1138.840433
1138.856533
1138.868467
1138.883300
1138.912567
1138.934867
1138.963100
1138.977333
1139.010433
1139.078733
1139.101200
1139.210867
1139.256967
1139.531733
1140.538800
1141.395333
1141.410933
1141.418367
1141.438867
1141.482733
1141.995600
1142.069233
1142.076900
1142.288467
1142.376200
1142.948533
1143.064900
1143.107967
1143.112667
1143.170967
1143.181400
1143.917400
1143.970900
1143.981433
1144.041633
1144.069100
1144.089033
1144.119200
1144.122267
1144.415767
1144.645667
1144.716200
1144.764867
1144.791800
1144.903733
1144.935633
1144.966633
1145.199767
1145.257967
1145.262300
1145.301667
1145.316433
1145.339033
1145.357667
1145.381767
1145.446800
1145.546100
1145.572633
1147.704733
1147.810367
1147.911200
1148.050767
1148.350467
1148.406633
1150.278133
1150.360667
1150.758800
1150.906067
1150.935867
1150.959000
1150.965133
1151.005267
1151.007733
1151.046033
1151.547000
1151.564567
1151.608633
1152.783967
1153.567967
1153.589167
1153.614900
1153.706233
1153.736367
1153.756967
1153.767367
1153.773233
1153.791133
1153.824633
1154.446667
1154.481300
1154.531367
1154.980200
1155.025133
1155.154167
1155.171667
1155.210433
1155.302567
1155.319800
1155.325767
1155.332967
1155.342033
1155.359433
1155.380367
1155.384467
1155.418467
1155.426600
1155.449867
1155.488267
1155.526367
1155.559567
1155.576367
1155.587700
1155.634667
1155.690700
1155.716133
1155.788233
1155.846167
1155.890500
1155.969967
1156.673067
1158.088200
1158.348967
1158.500533
1161.972933
1162.669433
1162.698367
1162.721300
1162.748633
1162.772867
1162.797700
1162.807033
1163.152333
1163.196700
1163.340667
1163.953200
1164.024133
1164.041533
1164.054900
1164.080367
1164.122033
1164.139133
1164.162200
1164.379900
1164.568200
1164.656500
1165.620300
1166.683767
1167.158967
1167.312867
1167.592400
1167.664567
1167.680400
1167.691100
1167.720467
1167.803067
1167.806867
1167.816933
1167.894167
1167.902133
1167.907267
1167.948133
1168.066733
1168.089100
1168.111833
1168.252200
1168.286333
1168.331033
1168.371600
1168.406300
1168.421067
1168.440400
1168.468100
1168.475667
1168.503700
1168.586667
1168.593367
1168.638567
1169.974433
1172.697600
1172.785067
1172.825633
1172.964067
1173.035467
1174.282667
1174.910067
1174.992233
1174.995200
1175.078667
1175.832633
1175.904400
1176.085233
1176.240200
1176.362133
1176.414167
1176.534533
1176.600700
1176.631367
1176.661633
1176.724267
1176.776800
1176.826067
1176.831333
1176.851967
1176.867767
1176.878633
1176.893633
1176.923833
1176.940000
1176.950300
1176.978633
1176.989533
1176.993733
1177.006867
1177.051500
1178.783433
1179.889267
1179.977900
1180.014500
1180.042167
1180.056233
1180.103933
1180.598733
1180.842133
1182.803300
1182.949900
1183.632667
1184.330267
1184.704433
1184.724367
1184.736367
1184.804600
1184.893133
1185.046300
1185.752233
1185.794233
1185.815733
1186.096633
1186.105900
1187.139533
1187.218167
1187.268100
1187.299767
1187.334467
1188.718000
1191.097333
1191.121633
1191.154867
1191.169333
1191.207833
1191.222233
1191.252633
1191.258367
1191.275033
1191.291167
1191.342867
1191.352100
1191.375433
1191.399767
1191.420233
1191.441933
1191.460467
1191.471833
1191.473833
1191.479000
1191.522933
1191.529667
1191.776900
1191.904200
1191.965867
1192.506000
1192.644133
1192.881600
1193.878233
1194.025167
1194.046167
1194.071233
1194.118867
1194.133667
1194.193533
1194.221400
1194.436400
1194.780100
1195.036533
1195.702800
1196.137833
1196.246967
1197.371533
1199.819267
1199.853733
1200.035400
1200.098900
1200.237867
1201.547233
1202.398367
1202.468333
1202.542767
1202.586667
1203.798300
1204.583233
1204.745700
1204.985800
1205.038500
1205.147733
1205.782867
1206.389500
1206.429467
1206.506767
1206.731033
1206.916933
1206.993767
1207.161367
1210.428800
1210.494633
1210.548433
1210.622233
1210.816667
1210.915100
1211.082633
1211.139967
1211.265167
1211.396133
1211.446133
1211.470000
1211.548000
1212.250567
1212.503300
1212.600933
1212.626867
1212.682533
1212.758500
1212.880700
1212.898033
1212.942033
1213.046033
1213.069767
1213.154967
1213.214200
1213.316433
1213.326067
1213.352733
1213.443967
1213.488200
1213.522233
1213.574833
1213.598600
1213.643800
1213.667867
1213.709667
1213.723167
1213.791467
1213.810667
1213.849767
1213.906767
1213.961633
1213.993933
1214.049833
1214.077533
1214.121167
1214.147333
1214.168400
1214.197400
1214.235900
1214.261733
1214.298367
1214.337400
1214.343367
1214.373800
1214.381133
1214.408767
1214.434800
1214.463933
1214.493800
1214.560633
1214.588100
1214.653300
1214.695367
1214.723900
1214.819667
1214.872267
1214.886167
1214.905400
1214.918333
1214.959867
1214.967700
1214.999600
1215.051500
1215.082967
1215.137567
1215.192567
1215.221267
1215.277133
1215.299633
1216.227500
1216.292733
1216.439933
1216.468967
1217.164033
1218.357700
1221.213667
1221.472867
1221.521733
1221.642767
1222.515867
1222.560467
1223.456467
1223.538133
1223.589833
1223.723700
1223.800733
1224.294300
1224.372733
1225.109233
1225.128467
1225.157467
1225.200700
1225.207100
1225.407067
1225.449367
1225.613400
1225.732167
1225.797700
1225.872133
1225.879300
1225.888733
1225.903933
1225.932833
1225.968300
1225.997733
1226.126200
1226.265733
1226.322867
1226.388133
1226.484367
1226.700333
1227.766067
1227.878333
1227.938433
1227.962933
1228.762833
1228.804133
1228.830867
1228.857900
1228.919367
1228.938200
1228.981733
1229.113667
1229.127200
1229.130300
1229.506200
1229.933633
1229.962300
1229.985700
1230.024800
1230.058033
1230.102600
1230.200267
1230.933633
1231.442300
1231.704567
1231.725800
1231.985967
1231.997967
1232.050033
1232.095567
1232.171167
1232.390167
1232.461367
1232.798567
1232.814200
1232.857200
1232.907333
1232.952333
1233.100700
1233.611033
1233.614033
1234.603800
1234.627567
1235.142433
1235.150867
1235.230000
1235.254533
1235.265100
1235.311833
1235.327967
1235.376133
1235.424267
1235.466767
1235.514567
1235.570667
1235.632367
1235.808700
1235.862367
1235.983267
1236.869300
1236.958767
1237.011100
1237.342133
1237.364700
1237.372733
1237.970767
1238.024167
1239.164767
1239.762333
1239.815167
1239.918900
1239.978567
1240.016733
1240.046667
1240.673900
1240.697867
1240.855133
1241.406833
1241.453100
1241.510000
1241.548400
1241.576500
1241.628100
1241.752967
1241.804333
1241.871533
1241.918433
1241.969333
1242.107167
1242.140567
1242.200967
1242.249100
1242.256333
1242.334400
1242.392433
1242.426033
1242.452067
1242.493167
1242.562800
1242.579133
1242.626300
1242.662833
1242.709200
1242.758133
1242.959567
1242.999600
1243.238633
1243.464267
1243.495767
1243.515400
1243.594167
1243.622500
1243.657567
1244.804300
1245.356500
1246.796933
1246.902867
1247.075900
1247.497600
1249.286400
1249.615500
1250.113833
1250.224633
1250.603633
1250.710733
1250.736633
1250.762667
1250.801700
1250.839100
1250.845533
1250.879267
1250.889700
1250.907833
1250.920800
1250.927133
1250.980233
1250.985967
1251.031733
1251.052900
1251.121133
1251.145200
1251.150467
1251.213533
1252.216033
1253.510567
1253.540467
1253.562767
1253.578667
1254.922633
1254.954800
1255.804500
1255.917433
1255.932333
1255.940500
1255.954767
1255.996233
1256.000167
1256.123633
1256.128200
1256.144967
1256.166733
1256.195933
1256.219233
1256.230900
1257.994600
1258.048400
1258.156700
1261.008933
1263.194533
1264.369667
1266.926567
1268.624967
1272.062267
1272.209433
1272.313100
1272.337867
1272.395033
1272.465900
1272.506067
1272.781867
1273.554567
1273.792133
1274.097333
1274.105833
1274.156500
1274.164267
1274.244267
1274.271667
1274.338233
1274.366267
1274.437300
1274.566300
1274.722133
1274.747867
1274.774467
1274.794867
1274.823800
1274.839767
1274.857733
1274.894600
1274.919867
1274.943600
1275.001700
1275.061833
1275.101067
1275.140933
1275.200500
1275.236567
1275.251733
1275.281133
1275.340067
1275.353367
1275.362533
1275.398767
1275.427000
1275.462000
1275.543900
1275.862367
1276.466433
1276.665233
1276.748867
1277.558733
1277.735233
1277.758967
1277.875400
1277.978900
1278.059233
1278.085100
1278.108333
1278.246067
1278.709133
1278.970500
1279.284467
1279.501167
1279.527833
1279.605767
1279.665033
1279.709100
1279.755700
1279.811167
1279.850833
1279.879500
1279.945900
1279.955400
1280.059867
1280.082467
1280.120300
1280.150167
1280.229900
1280.971367
1281.241367
1281.368467
1281.900400
1282.090100
1282.370100
1282.443200
1282.533233
1282.563333
1282.583533
1282.605600
1282.652033
1282.667067
1282.675833
1282.733967
1282.766000
1282.793767
1282.829667
1282.879933
1282.921667
1282.948000
1282.983533
1283.042700
1283.103267
1283.168267
1283.218567
1283.224533
1283.248933
1283.308300
1283.398567
1284.224667
1284.227533
1287.000067
1288.770500
1288.843433
1288.903733
1288.941533
1288.997933
1289.007300
1289.104633
1289.112800
1289.192467
1289.548500
1289.573667
1289.581900
1289.656733
1289.732100
1289.996167
1290.015400
1290.036800
1290.599400
1291.311500
1291.555567
1291.598867
1291.604500
1291.677800
1291.762600
1291.810933
1291.861667
1291.894600
1291.912100
1291.925433
1291.930767
1291.958000
1291.970100
1292.103633
1294.092233
1294.102033
1294.143900
1294.216967
1295.786933
1296.823333
1297.090000
1297.739933
1297.935100
1298.119567
1298.199367
1298.246300
1298.307100
1298.323200
1298.326433
1298.364933
1298.392933
1298.542233
1298.574233
1298.676467
1298.709667
1299.163533
1299.226900
1299.245600
1299.439367
1299.454500
1299.920967
1299.992900
1300.050833
1300.092333
1300.103500
1300.130933
1300.192067
1300.211133
1300.287433
1300.346400
1300.391100
1300.429833
1300.436100
1300.465867
1300.499333
1300.524300
1300.528533
1300.561400
1300.578200
1300.590067
1300.619067
1300.631367
1300.672767
1300.677467
1300.710633
1300.780767
1300.923267
1300.989600
1301.034800
1301.055533
1301.071300
1301.321267
1303.323533
1303.413567
1303.566233
1303.609133
1303.770100
1303.883467
1303.951200
1304.007400
1304.075067
1304.113067
1304.172367
1304.179967
1304.211533
1304.233133
1304.264733
1304.315933
1304.352767
1304.372800
1304.392433
1304.397967
1304.420400
1304.431467
1304.444800
1304.466867
1304.476033
1304.497167
1304.515567
1304.546533
1304.553167
1304.619300
1304.650133
1304.671533
1304.697633
1304.767467
1304.772600
1305.076300
1305.148967
1305.173600
1305.215300
1305.270833
1305.275800
1305.286400
1306.394033
1306.402433
1306.435067
1306.463300
1306.499933
1306.517233
1306.597567
1306.665200
1307.666133
1307.706767
1308.239067
1308.680100
1308.773500
1308.782100
1308.842333
1308.866533
1308.891600
1309.352700
1309.641367
1309.712867
1309.791833
1311.116800
1311.137133
1311.216267
1311.241700
1311.346300
1311.378867
1311.393533
1311.423000
1311.451567
1311.496167
1311.506467
1311.533000
1311.617767
1312.035167
1312.281500
1312.311900
1312.358133
1312.389933
1312.460700
1312.487900
1312.529600
1312.539033
1312.574767
1313.038667
1313.174167
1313.576100
1313.995800
