0.357167
2.716200
2.774233
5.159633
6.047133
6.118433
6.277667
6.298267
6.315133
6.374267
6.449267
6.491433
6.603633
6.655467
6.716600
6.761100
7.101500
7.755367
7.779500
8.044100
8.478467
8.678867
8.707500
9.897867
10.427367
10.625233
10.635567
10.748033
10.823700
11.189300
11.294900
11.318133
11.530167
11.561700
11.590500
11.633800
11.642900
11.725667
12.266467
12.580267
12.636100
12.701267
13.619300
13.740567
13.768500
13.851067
14.264933
14.292367
14.303667
16.556933
16.802567
17.163867
17.993333
18.070367
18.081833
18.247400
19.201633
20.238433
20.580033
20.764400
21.351800
21.759700
23.016933
23.343233
23.750767
23.756100
23.942533
23.955733
24.201000
24.208600
24.729900
24.741033
25.240667
27.025500
27.350400
28.224900
28.605900
28.745300
28.882733
32.097200
32.165300
32.343767
32.437467
32.591733
32.778433
33.001167
34.494133
34.549467
34.649700
34.671300
34.711433
34.743467
34.849500
35.007067
35.101300
35.259133
35.384467
35.392667
35.500900
35.602133
36.194833
36.313233
36.879400
36.909467
37.531867
38.584933
38.620500
38.800433
39.050933
40.078733
41.911467
42.431900
42.477133
43.775700
43.782233
45.476867
45.720067
45.861133
45.929667
45.939767
46.362967
46.871167
47.413867
47.988767
48.370433
48.895467
48.928200
50.345400
51.087433
51.228567
51.288267
51.300400
51.387567
51.751833
52.070267
53.569167
53.677167
53.807633
53.903867
53.979933
54.048567
54.551433
54.584300
54.698433
54.725133
54.970967
54.975333
55.110500
55.248033
55.347933
55.989200
56.291100
56.436333
56.474067
56.570567
56.726233
56.884100
57.567467
57.693033
57.714333
57.731233
58.036800
58.112067
59.807033
59.831333
59.854833
60.166600
60.268333
60.319400
60.357833
60.633233
60.687333
60.805333
61.063600
61.149733
61.300033
61.423033
61.464433
61.702833
61.865800
63.016133
64.913367
66.298300
66.594900
66.646733
67.028267
67.864433
68.690433
69.139133
69.239367
69.244933
69.437033
69.808000
70.122067
70.187067
70.437433
72.630467
72.855067
73.229067
74.239933
74.296733
77.214533
77.425600
77.524333
77.804333
77.995500
78.153667
78.183267
78.339200
79.223933
81.043633
81.551033
81.921300
82.425300
82.457333
82.523567
83.325300
83.403200
83.585300
85.051033
85.260367
85.318000
85.470700
85.475267
85.525633
85.638333
86.230600
86.326900
86.931867
87.297567
87.913800
87.987400
88.377033
88.524700
88.577933
88.997400
89.049100
90.758033
92.092900
92.237467
92.383500
92.666200
92.826833
93.403900
93.974900
94.254233
94.648067
95.008900
95.270300
95.775833
96.557533
96.999633
98.173967
98.208633
98.586433
100.822633
102.044300
102.154033
102.800600
102.845200
102.871567
103.387300
103.481967
103.758400
106.401233
106.424233
106.505633
106.653267
106.719867
106.732367
106.802533
106.961433
107.041433
107.217600
107.357933
107.673533
107.742100
107.793900
107.842500
107.934100
108.147467
108.237367
108.259833
108.413233
108.425100
108.478267
108.656333
113.427300
113.542467
113.613033
113.807300
114.112800
114.257100
114.864600
114.913467
115.090733
115.262133
115.647500
117.142200
119.968733
121.607767
121.746133
121.808800
122.035167
122.157567
122.371333
123.062167
123.383567
123.522433
123.583300
123.606833
123.653367
125.456167
125.625667
125.892900
126.947333
126.983833
127.284167
128.317433
128.508500
128.869667
130.467067
130.502633
130.526900
130.708000
131.348067
131.352633
131.458833
132.827300
132.911767
133.381367
134.198033
134.411800
135.363300
135.496500
136.530167
136.539133
136.566700
137.208733
137.913133
139.146967
139.174467
139.419433
139.519867
139.903667
140.040533
140.097067
140.267400
140.819600
142.340800
142.459000
142.891800
142.959467
142.985967
143.034533
145.009300
145.090300
145.554467
145.740167
145.755733
145.922967
145.931100
146.011833
146.149900
146.378200
146.847300
146.913467
147.012967
147.125500
147.203067
148.069967
149.088667
149.716233
149.882600
150.086367
150.159000
150.423633
151.119833
151.529167
151.676867
151.687333
151.699267
151.861933
151.941600
152.079100
152.440767
152.794767
153.116600
153.151800
153.800833
153.829767
155.066167
155.104600
155.116733
155.128133
155.308000
156.197400
156.576767
156.810533
157.054600
157.076833
157.158333
157.183033
157.279733
157.362067
157.665000
157.684467
157.776900
157.882033
157.955633
157.980300
158.250267
159.482800
159.551267
159.726267
159.775300
159.818300
160.410800
160.878400
162.070367
162.072300
162.430367
162.448700
165.436633
165.479433
165.557500
165.887267
167.245733
167.786033
167.895200
168.025467
168.219100
169.077967
170.801200
170.915633
174.137967
174.553733
174.604367
175.100133
175.408600
176.268067
176.367700
176.995833
177.643600
177.827100
178.840800
181.135733
182.161300
182.561333
182.645300
182.691667
183.163900
183.173233
183.248167
184.096400
184.141633
184.296267
184.835267
187.029800
187.645200
188.348067
189.103433
189.229267
189.337267
189.429300
190.763467
190.779500
192.040267
192.207133
192.320700
192.483733
192.517867
192.530933
192.584433
192.619267
192.675567
193.389533
195.668800
195.847033
196.285400
197.656000
198.399233
198.767200
198.875333
199.002200
199.166767
199.229733
199.411900
199.430267
199.560900
200.901033
201.475867
203.471067
203.568800
204.162033
204.255000
204.713400
205.359833
207.133700
207.153867
208.490267
209.488433
209.641800
209.897967
210.115167
210.995200
211.619567
212.119767
212.179167
212.505933
212.613800
213.647700
213.729767
213.888333
214.064033
214.157467
214.339800
216.156067
216.184667
216.206367
216.266900
216.278667
216.302400
216.425833
216.558600
216.754000
216.825033
216.932200
216.997467
217.105700
217.297767
217.349800
217.555100
217.960400
218.084267
218.233633
218.485433
219.063133
221.504333
222.274267
222.346767
222.575100
223.310933
223.440733
223.615167
223.729700
223.736633
224.553300
224.643067
225.315067
226.429733
227.258667
227.821000
228.102100
228.149867
228.249700
228.530967
228.773533
229.518400
229.717867
230.058700
230.119300
230.422067
230.547933
230.632267
230.639300
230.748467
230.753567
231.195467
233.254867
233.693867
233.829867
234.320133
234.566967
234.764667
235.409900
235.477133
236.021233
236.232600
238.180600
238.474567
238.812400
238.956900
238.986800
239.027100
239.099200
239.271500
239.504033
240.948067
242.276333
242.391300
242.520300
242.777533
242.895833
243.163067
243.846467
245.381667
245.424367
245.842500
245.885633
246.300600
246.391400
246.770700
247.149700
247.448033
247.560367
247.720467
247.734633
247.818533
248.036367
248.149267
248.280167
248.327533
248.669200
248.699067
248.732867
248.808800
249.091200
249.179967
249.185367
249.200367
249.207667
249.978267
250.113200
250.183633
250.396233
250.472133
251.044500
253.691767
254.326433
254.461200
254.878933
255.834100
256.868667
257.581267
258.405333
258.903333
258.951667
259.153067
259.251867
259.259533
259.623167
260.256533
260.330133
260.602233
260.763567
260.878367
260.995767
261.014067
261.093800
261.130200
261.192567
261.194367
261.352667
261.634267
262.392933
262.468633
262.530867
264.399067
266.616433
267.428967
268.636200
269.326333
269.555500
270.203033
271.523667
273.889767
274.406367
274.660833
275.431633
275.515067
275.722000
275.983133
276.138067
276.346200
276.756667
276.825067
277.014700
277.505800
278.333400
278.986300
279.168100
279.254567
279.605100
279.689233
280.093000
280.263000
280.495167
280.628533
280.726233
280.736567
281.295567
281.425600
281.768233
281.882933
281.898867
282.165767
282.253300
282.608767
282.740633
282.896600
282.902300
282.927267
283.038833
283.999433
284.157900
286.107867
286.404733
286.663600
286.674033
287.104333
287.310533
288.769133
290.548667
291.006233
292.751967
292.846600
293.777200
295.554867
295.845033
296.269700
296.317533
296.439267
296.947267
297.105200
298.807067
298.872833
298.951767
299.758000
300.589833
302.677100
302.727767
302.733133
302.922600
303.015000
303.334133
303.595200
304.067467
304.167367
305.839300
305.866167
306.000767
306.321433
306.813467
307.676467
308.892900
309.545133
311.272067
311.458833
311.464467
311.822133
311.890967
311.976800
312.506700
313.957500
314.168633
315.121200
315.349833
316.847500
316.986933
317.256667
318.656000
320.887133
320.983867
321.029000
322.678167
322.838567
322.867933
323.134600
323.161333
323.376700
323.514833
323.525067
323.572400
323.725767
324.606233
324.646500
324.681100
324.694600
324.763200
324.794833
324.839233
324.869600
324.897133
324.993433
325.170100
325.398167
325.508800
326.583967
326.647300
327.256467
327.497233
327.556400
327.654533
327.814900
327.894133
328.551567
328.844500
329.308500
329.400300
329.525633
330.499000
330.564267
332.150833
332.756300
333.816600
333.975300
334.075600
334.311367
334.325600
335.108600
337.401633
337.444800
338.091767
338.353500
338.361267
339.366367
341.496700
341.867033
343.104000
343.207367
343.838167
345.074533
345.688600
346.057500
346.146600
346.170133
346.374133
346.421367
346.708667
346.817167
347.177400
347.322300
348.869033
348.959367
349.092267
349.581533
349.587400
349.614833
349.719067
350.372700
350.466633
350.548933
351.223300
351.263467
351.409300
351.416833
351.486133
351.586400
352.756300
353.393800
361.111167
361.990533
362.176400
362.429233
362.573400
362.717833
362.800367
363.602633
365.367500
365.818500
366.382400
366.606167
366.829500
366.843100
366.942067
368.407200
369.055633
369.554500
369.716300
370.119133
371.565100
371.658167
371.719400
371.753167
371.867833
371.876567
372.065233
372.111733
372.154100
372.198167
372.238000
372.625867
372.750900
373.211967
373.383400
373.463367
373.626000
373.661633
373.705067
374.427367
374.705633
376.376400
378.337967
378.620833
378.965033
379.157833
379.534100
380.257400
381.716833
381.825267
382.247300
383.033167
383.125900
383.201500
383.543933
383.923233
384.544367
385.154167
385.467133
385.556767
385.595933
385.710867
385.902733
386.040700
386.489300
386.686700
387.619967
388.665433
389.015767
390.610533
391.081467
391.822233
391.883533
392.592567
392.883933
393.677300
394.862133
394.979233
395.307300
395.451267
395.860500
396.457567
396.604600
397.144700
397.352200
398.320633
398.565067
399.985267
402.229467
402.306967
402.972300
403.162500
403.802000
404.164733
404.538700
404.543967
404.618700
405.049500
405.287000
405.355633
407.348900
409.563533
409.681767
409.771367
410.514200
412.005200
412.156200
412.348567
413.328033
413.342433
413.522567
416.578300
417.005033
417.085300
417.830433
417.930767
417.964800
418.169933
418.238900
418.607833
418.611567
418.860433
418.868700
419.123733
419.626500
420.396833
421.266500
421.666467
421.907900
423.913633
424.184067
424.200400
424.465400
424.515767
424.654133
425.515833
425.518867
427.447633
427.477667
427.849600
427.925300
428.657867
429.382500
429.593167
429.771567
429.964133
430.212133
430.646867
430.781500
431.876300
432.197933
433.219700
433.248867
433.634933
434.469667
434.588767
435.108267
435.127767
435.465100
435.573833
435.936800
436.004600
437.639333
438.323233
438.397500
438.798767
439.439267
439.727100
439.927200
440.087133
441.565267
441.689233
442.078333
442.438000
442.568533
442.658333
442.837600
443.119200
443.995267
444.070967
444.425567
444.448433
445.465933
446.022900
446.362500
446.425800
446.507733
446.593400
446.733133
446.795033
446.867367
446.941333
446.945833
447.045033
447.066467
447.077900
447.110267
447.423400
447.520500
449.863567
451.519133
452.444800
453.825900
453.873267
455.489100
455.701500
455.952767
456.103833
457.060167
457.109967
457.203467
457.460933
457.723133
457.745967
457.772667
461.055233
461.266367
461.879867
462.531000
463.549333
463.763567
464.104867
464.348400
465.043633
465.246833
465.434700
465.498233
465.956267
465.966933
466.225300
466.374133
467.269400
469.039067
469.735100
469.739167
470.029233
471.193367
471.628800
472.548367
472.904767
473.091500
473.522500
473.595633
473.713333
473.794533
474.519067
474.834500
475.774033
475.780167
475.866600
475.903300
476.119300
476.452200
476.469700
476.578200
477.466467
478.718700
479.370233
479.493467
479.601967
479.798067
479.805333
479.961733
479.998233
480.103300
480.135467
480.168433
480.201233
480.513200
480.574267
482.551567
484.201267
484.426700
486.226467
488.061567
489.076533
489.587767
489.754333
489.917333
490.132800
490.218433
490.554667
490.658200
490.897033
491.023733
491.533367
492.847200
493.041133
493.317000
493.386700
493.495967
493.529033
493.853500
494.571833
495.382700
495.497000
495.843233
495.853700
496.739200
497.576900
498.418333
499.441633
499.566133
499.783267
499.790233
499.964467
502.397433
503.541167
504.473400
504.569967
504.845200
504.883167
505.103833
505.627333
506.246167
506.515033
508.546767
510.035833
510.050900
510.059333
510.581033
510.823533
510.829200
510.843600
510.916167
511.100000
511.228567
511.454167
511.920633
515.225633
515.399267
515.785400
516.095133
516.167967
516.312300
516.475833
516.694867
516.733800
516.901267
516.979533
516.998933
517.136967
517.145633
517.266033
517.844967
518.191033
519.284867
519.378267
519.765167
520.987600
521.351767
522.052667
522.833800
522.861933
523.156733
523.165333
523.255700
523.299000
523.318200
523.528233
523.663800
523.789567
523.902033
524.038733
524.320200
524.983967
525.104400
525.503333
525.519500
527.108600
527.635133
527.968833
529.680767
530.647400
530.948067
531.056167
531.830333
531.878000
532.243633
532.874233
533.179367
533.925200
534.230267
535.625567
536.908700
537.845433
538.714300
538.997633
539.206500
539.799567
540.370200
540.598900
540.823867
541.302633
541.502467
542.717667
544.274567
544.770367
544.862033
545.673800
545.680633
545.754967
545.858233
547.317467
547.367500
548.440267
548.729667
548.803367
548.837467
549.181133
549.303967
549.524900
550.041867
551.098733
552.792100
553.569667
553.674300
553.735000
553.895633
554.789700
556.417833
556.811267
557.846633
558.568900
559.272400
559.724267
559.767833
559.771067
560.168167
560.303433
560.588567
560.595533
562.589767
562.827467
564.169600
564.609700
564.853400
564.965100
566.120500
566.889033
566.968400
567.377667
567.494567
567.977167
568.220700
568.427200
568.499667
569.118000
569.782367
571.242900
571.556867
571.736933
571.957900
572.041067
572.073433
572.134833
572.217000
572.588700
572.596800
573.121833
573.198433
573.259400
573.296300
573.299933
573.332767
575.173867
575.212367
575.803433
575.870233
575.936600
576.008700
576.668133
577.864433
579.586133
579.848100
582.331433
582.417967
582.534367
584.236633
584.351200
584.354133
584.818233
585.106400
585.577300
585.833233
585.942800
586.000533
586.216233
586.219567
586.571967
586.862067
586.916167
586.952767
587.479933
587.877400
588.286033
588.813600
588.962133
588.973367
589.192833
589.210500
589.306500
589.585300
589.662833
589.880833
594.211833
594.239333
594.279333
594.400300
594.449767
594.579867
594.592100
594.838233
595.075733
595.181800
595.286700
595.313300
598.008267
598.321867
598.547100
598.752833
598.763000
598.829833
598.838700
598.854100
599.000267
599.053233
599.140833
599.631367
601.715533
602.458367
602.631200
604.373267
604.527500
604.945133
606.774967
607.006033
607.727033
607.735733
607.864867
607.870033
609.485867
609.524133
611.347533
611.833700
612.098233
612.100133
612.449300
612.488167
612.751333
612.893833
612.912767
613.035867
613.223500
613.511767
613.548133
613.553967
613.874500
613.888033
613.955200
614.232133
614.338067
614.804033
614.950767
615.227067
615.381400
617.224367
617.349533
617.681733
617.687267
617.824500
618.006733
618.393167
618.532533
618.887133
619.177567
619.253767
619.320067
619.333000
619.346933
619.924600
620.277567
620.409467
620.574600
622.748133
623.788633
623.795600
624.069933
624.371500
624.430167
625.005533
626.086967
627.020200
627.030600
627.672000
627.904133
628.526133
628.736400
628.785133
629.500267
630.859667
631.976267
632.195900
633.566533
633.974700
634.013633
634.163033
634.324067
637.438800
637.533667
638.277767
638.502133
638.801900
638.843067
639.235900
639.259167
639.308933
639.766600
640.557100
641.111133
642.296567
642.366767
643.395133
643.470500
645.749567
646.150033
646.801800
648.769600
649.589733
649.731500
649.741767
649.803200
650.280967
650.633733
650.662800
650.673633
650.695033
650.711967
650.960633
651.022133
651.192967
651.276400
651.584967
651.668800
652.452700
652.601433
652.791900
653.014500
653.070100
653.191300
653.273267
653.521367
653.773767
653.788367
653.909200
654.004400
654.442300
654.673467
655.007100
655.220133
657.994733
658.613067
658.821933
658.990467
659.985633
660.198633
660.624033
660.759067
660.844433
661.218700
662.854433
662.892533
663.859600
665.496167
666.665667
666.960533
667.355833
667.567767
667.976033
668.791233
669.467767
669.543767
671.195033
673.887800
674.392267
674.396533
674.487767
676.078033
676.952367
677.520000
677.556933
677.656200
677.761033
677.900933
678.614233
680.819567
681.125033
681.390767
682.047100
682.337567
682.646200
682.660100
682.816400
682.877567
682.936733
683.156300
683.986267
684.073400
684.210900
684.873667
687.148267
687.343167
687.813667
688.224833
688.965567
688.972500
689.097833
689.334733
689.368667
689.476200
689.494167
690.953667
692.016133
692.438133
692.789667
692.981467
693.131233
693.323167
693.560867
693.783967
693.854400
694.143700
694.146100
694.940267
698.060833
702.119333
702.196700
704.545900
704.993100
705.096233
705.260433
705.434333
705.585133
705.685033
705.946800
706.593933
706.611033
706.780233
708.587367
708.603467
708.790167
708.793067
708.896400
709.112867
709.125100
709.179567
709.301767
709.309567
709.384367
709.591167
709.898300
710.093567
710.548100
710.754167
710.977000
711.030400
711.124700
711.185633
711.341200
711.370033
711.550400
711.554967
711.915700
712.110633
712.125767
712.368867
715.791233
717.367433
717.407633
717.465767
717.824767
718.043967
718.145767
720.072767
720.076467
720.172333
720.847967
721.528733
721.614267
721.617300
721.855767
722.208633
722.215533
722.222700
722.321600
722.336067
722.419000
722.709433
722.951667
723.354033
723.508533
723.582333
723.673333
723.743367
723.874367
724.083967
724.359367
724.375800
724.408467
724.482833
724.677267
724.916033
725.044433
725.292267
725.425533
725.774833
727.263133
728.058767
729.611300
730.301800
730.360233
730.549967
730.647900
731.200167
733.680833
733.915500
734.146167
734.207067
734.985967
735.751967
736.511700
736.587167
736.676400
736.806567
736.868200
738.803300
739.159567
740.265300
740.310667
741.849000
742.861567
743.288233
744.264733
745.130000
746.338400
746.673033
746.768833
746.774167
747.902767
747.959400
748.345433
748.462433
748.817733
750.065900
750.411533
750.888400
750.921667
751.005367
751.121567
751.271467
751.291900
751.491967
751.562300
751.613500
751.759033
751.772833
752.072533
752.082500
752.124700
752.279400
753.162167
753.217033
753.346667
753.375533
753.382867
754.481133
754.569333
754.610100
754.645033
755.036200
755.827300
757.302167
757.595033
757.646233
758.384500
758.567167
759.690900
759.763733
760.888733
760.892367
761.349600
761.469400
761.490800
761.618033
761.643200
761.746933
761.855667
762.050567
762.156400
763.548833
763.836700
764.681900
767.632733
768.266033
768.835167
768.873133
768.980700
771.738033
773.577733
774.038600
774.465167
776.017067
776.224800
776.375833
777.795067
778.459900
778.956133
779.140600
779.250133
779.316933
779.505933
779.585900
779.671633
779.955500
780.324600
780.496767
780.506533
781.441733
781.863067
783.198267
785.197233
786.979100
787.468667
788.027000
790.613900
791.037367
791.107500
791.443867
791.532300
792.109900
792.117800
792.183733
792.196167
792.268633
792.565433
792.576133
792.582300
794.799167
796.220233
796.232267
796.282433
796.457867
797.008633
797.127733
797.240133
797.727767
798.599333
798.966600
798.975600
799.486300
800.306800
800.725000
801.242500
801.812233
802.087800
803.297300
803.456867
803.831233
804.031267
804.202267
805.140700
805.587567
805.694500
805.731300
806.102167
806.944400
806.956133
810.369167
810.469700
810.603400
810.609300
810.777433
810.922167
810.926000
811.270600
812.180633
814.187133
814.706467
814.807733
814.898533
815.116267
815.395367
816.673500
817.071500
817.198867
817.769767
817.921300
818.045300
818.401800
818.808133
820.532233
820.713967
820.747133
820.781967
821.138833
821.260133
821.296067
821.799167
821.904833
822.960167
824.047633
824.249867
824.288267
824.420033
824.522933
824.636100
824.686433
824.742367
824.820067
824.847100
824.909233
824.979633
825.380600
825.396600
827.932900
829.401667
829.501433
829.842967
829.920267
831.328733
831.435167
833.115967
833.487767
834.304333
834.373767
834.385467
834.618233
834.622267
834.738567
834.765233
835.299900
836.017700
836.271200
836.865667
837.406833
837.516000
837.660633
838.615567
839.148200
839.270367
839.456500
839.594567
840.666867
840.966900
841.036467
841.295867
841.423033
841.437700
841.528733
841.630733
842.356100
843.418367
844.184667
845.319867
845.840900
846.989867
847.051033
847.115933
847.263067
847.466500
848.067767
848.076967
848.221167
850.001600
850.204067
850.457233
850.650033
850.857867
851.072633
851.288633
851.453067
851.914167
854.080367
854.100633
854.207833
854.230433
854.257533
854.430067
854.576600
854.580433
854.656000
854.732100
854.735633
854.781933
854.798133
855.084667
855.120967
856.632000
856.687267
856.768967
857.326767
857.754633
857.764467
858.049400
859.497000
861.428500
861.943133
864.230767
865.013167
865.028500
865.373600
865.435300
865.460167
865.546200
865.666633
865.705233
866.392033
866.405733
866.944867
866.999067
867.075600
867.397867
867.441967
867.777133
869.179500
869.279533
870.201800
870.466367
870.722967
871.130233
871.696300
871.975967
872.370667
872.575733
872.829267
873.326367
874.119533
874.752900
874.762200
875.739433
877.251567
877.363467
878.316233
878.594600
878.680633
880.028167
880.071867
881.815333
881.841133
881.847200
881.864033
881.872367
881.917067
881.925633
881.939833
882.075667
882.100367
882.320233
882.669500
882.717800
882.943100
883.529800
883.733500
883.838167
885.550100
887.767233
889.532833
890.005067
890.610833
890.891467
892.312933
892.549367
892.626433
893.039800
893.336400
893.892867
894.179167
894.396100
894.437600
894.566733
894.584167
894.875567
895.677733
895.698600
895.740800
895.760200
896.037000
896.318367
896.358267
896.367700
896.564400
896.608333
896.671300
896.730833
896.768267
896.817967
897.523700
897.694133
897.768600
897.847967
897.902267
900.071833
900.202533
900.274567
902.261467
903.902133
904.451867
904.501500
905.000800
905.385867
905.917167
908.786033
908.917833
909.270400
909.848533
909.866667
910.023000
910.266000
910.813700
911.117233
911.655400
912.372200
912.530067
913.590633
913.857767
913.893467
914.265300
914.378867
914.696333
914.864867
915.062367
915.141300
915.151033
915.568733
915.744000
915.874567
916.001367
916.075067
916.277767
916.342967
918.545667
918.567400
918.774900
918.912800
918.993900
920.335100
921.846333
922.879200
924.020600
924.261833
924.556067
924.609667
924.616733
924.696500
924.908967
924.952867
925.388500
926.163267
928.587733
929.034500
929.107767
929.386500
929.442800
929.445233
929.561800
929.696833
930.970300
931.241867
933.232700
933.333067
933.361633
933.380367
933.520367
933.528700
933.590867
933.760933
933.770267
935.688833
936.073733
936.205933
936.342600
936.364100
936.457533
936.505833
936.629133
936.651500
936.693133
936.992600
939.768933
940.359300
940.418767
940.450833
941.413133
942.141233
942.943033
943.516833
943.799400
943.935467
944.195200
944.960233
945.095933
945.320867
945.678433
946.337033
946.375567
946.463267
948.185633
948.939167
949.616267
949.773700
951.176633
951.192700
951.294433
951.648200
951.655733
952.668367
952.815700
953.298267
953.408033
954.728033
955.343533
955.603800
955.708833
956.895800
957.630333
957.682400
957.895867
957.998867
958.401667
958.925767
959.853233
960.395467
960.581800
962.426100
962.504533
962.688667
962.878267
963.624700
963.721700
963.756133
963.873600
963.968467
964.002600
964.034700
964.429367
964.984667
966.316233
966.363567
966.453733
966.488733
966.535633
966.792367
966.813400
967.065167
967.839033
967.994667
970.858133
971.328267
971.541467
971.657233
971.848400
972.200433
973.258700
975.571633
975.676700
975.770367
975.817733
976.130967
976.189100
976.309800
978.003600
978.415367
980.086333
980.351333
980.441800
980.741367
981.108267
981.300200
981.455800
981.594733
981.688233
982.480967
985.597833
985.891400
986.286000
987.602533
987.793900
987.928533
988.091267
988.245400
988.340567
988.478033
988.514467
989.724467
990.727667
990.946667
991.434333
991.502700
992.549700
994.393100
996.388800
996.501967
997.054067
998.957467
998.973033
999.339467
999.363500
999.471500
999.542567
999.631700
999.728133
999.794500
999.846467
1000.462633
1000.772933
1000.912667
1001.610467
1002.267400
1004.274167
1004.719267
1004.898100
1005.524800
1005.618800
1005.911400
1006.030467
1006.112167
1006.691133
1006.793967
1007.602000
1007.624833
1007.736067
1008.127900
1008.557500
1010.437200
1010.455667
1010.498000
1010.517767
1011.206333
1012.364433
1012.860833
1015.367200
1015.423000
1015.470067
1015.597067
1015.996700
1016.272033
1016.539867
1016.575700
1018.888667
1020.121367
1020.209667
1020.851633
1020.910633
1020.973867
1021.008367
1022.085233
1022.875033
1023.229967
1023.553000
1023.867400
1024.006400
1024.252633
1024.408733
1025.435233
1026.693533
1026.784267
1027.156733
1027.298300
1029.973300
1030.169200
1030.244400
1030.869933
1030.954367
1031.824333
1032.246100
1032.367800
1032.374967
1033.048933
1033.112933
1033.162633
1033.170467
1033.570633
1033.580800
1034.067433
1034.172167
1034.329267
1034.464733
1034.678867
1034.853167
1034.932833
1035.106000
1036.448267
1036.709933
1036.713867
1037.050967
1037.132800
1037.263067
1037.564300
1039.217367
1039.735200
1040.311100
1042.094533
1042.851800
1042.933167
1043.189200
1043.248700
1043.256667
1043.304300
1044.361633
1044.449267
1045.645067
1045.936433
1046.240000
1047.961800
1048.677200
1050.134567
1051.715133
1053.918900
1053.964333
1054.035967
1054.138500
1054.197167
1054.262100
1054.443167
1054.683067
1054.765033
1054.871100
1055.455767
1058.155767
1058.187033
1058.644433
1058.656933
1058.765567
1058.768067
1059.116933
1059.371333
1059.476833
1059.927067
1060.807100
1061.194800
1061.221867
1061.438533
1061.458967
1061.543000
1061.549900
1061.665800
1061.672067
1061.740200
1061.761133
1061.770067
1061.959600
1063.095533
1063.247333
1063.348467
1065.150033
1065.179767
1066.264467
1066.547767
1067.309100
1067.374100
1067.527100
1067.623033
1067.627767
1067.675133
1067.700400
1067.715733
1068.788200
1069.384400
1070.581533
1070.723900
1070.767400
1072.526133
1072.990400
1073.278500
1074.705333
1074.712233
1074.853400
1074.959500
1075.233800
1075.517333
1075.853767
1076.564733
1076.592900
1076.929400
1076.970033
1077.078967
1077.176233
1077.197233
1077.478900
1079.515067
1080.742800
1081.060033
1082.039867
1083.013967
1083.711733
1084.155733
1084.190533
1084.204367
1084.806500
1085.260733
1085.395400
1086.301867
1086.674567
1086.796400
1087.711600
1087.846067
1087.867200
1087.924700
1088.140433
1088.297967
1088.310333
1088.378167
1089.710267
1089.924367
1090.247000
1090.279733
1090.416300
1090.516100
1090.521800
1090.675233
1090.756433
1090.771800
1090.957633
1090.978400
1092.087033
1092.409067
1092.528833
1092.555133
1092.649900
1092.715267
1093.084733
1093.095533
1094.305100
1095.714700
1095.773667
1095.777033
1096.274933
1097.317200
1098.768800
1099.135000
1099.338600
1099.398733
1100.410433
1100.453500
1102.780267
1103.220267
1103.321900
1103.338167
1103.397033
1103.440867
1103.705333
1103.887833
1104.338767
1105.131733
1105.203433
1105.623933
1105.698200
1105.987167
1106.108800
1106.383767
1106.672400
1106.884167
1107.010367
1107.099633
1107.312600
1107.352233
1107.810067
1108.398900
1108.406433
1108.547900
1109.053133
1109.277033
1109.289133
1109.938600
1112.541500
1112.690700
1112.827300
1113.239233
1113.291400
1113.456333
1113.622533
1113.688800
1113.758467
1114.585400
1114.766733
1114.798100
1115.037233
1115.559700
1115.664167
1115.767133
1115.796267
1115.808500
1115.838200
1115.911100
1115.948600
1115.967300
1117.052500
1117.552233
1117.707900
1117.743600
1117.746833
1119.004567
1119.125733
1119.618733
1119.627867
1120.153400
1120.468633
1120.745300
1121.058367
1121.118433
1122.626867
1123.089067
1123.780000
1126.395567
1126.967700
1127.123167
1128.885133
1129.088133
1129.140400
1129.177000
1129.350433
1129.412767
1129.555267
1131.298167
1131.760667
1132.453033
1133.194567
1133.361267
1133.374000
1133.401400
1134.034567
1135.312267
1135.790600
1135.861767
1135.959100
1136.048667
1136.089000
1138.157300
1138.351333
1138.532633
1138.651933
1139.108700
1139.159767
1139.338633
1139.352667
1139.565100
1139.621033
1139.649467
1139.696533
1139.772600
1139.816467
1140.072833
1140.528467
1140.760600
1141.470200
1143.868700
1144.871467
1145.114533
1145.431200
1145.467167
1145.514600
1145.682467
1145.962067
1146.230800
1146.506267
1146.552467
1146.929767
1147.166367
1147.859100
1148.935267
1150.492300
1150.768167
1151.237433
1151.382900
1151.478767
1151.661900
1151.703567
1151.757633
1153.043367
1153.313867
1155.212800
1155.293433
1155.308233
1155.481533
1155.556433
1155.575133
1155.821233
1155.858233
1155.915567
1155.951267
1155.977767
1156.758067
1156.917800
1157.257333
1158.904700
1159.781133
1161.039500
1161.099700
1161.171800
1161.414833
1161.432800
1161.646933
1161.752533
1162.683533
1162.882400
1164.071167
1164.813700
1164.819400
1164.942467
1165.903900
1166.022933
1166.201200
1167.556700
1167.681467
1167.751567
1167.760667
1168.369867
1168.545533
1169.246800
1169.740400
1171.452933
1172.167667
1172.412733
1172.795733
1172.949433
1172.957833
1173.017933
1173.231233
1173.507400
1179.316833
1182.438900
1182.734500
1183.237533
1183.324033
1183.388367
1183.430567
1184.653533
1184.928833
1185.050433
1185.118067
1187.543367
1187.585000
1188.886333
1190.141467
1190.217467
1190.351567
1190.357133
1190.643067
1191.411433
1191.561400
1192.130367
1192.340033
1194.108633
1194.208000
1194.239700
1194.343300
1194.397400
1194.659867
1194.688800
1194.817033
1194.890900
1196.743733
1196.862567
1197.251900
1198.732367
1199.626500
1199.750633
1199.951133
1200.279300
1200.709933
1200.746367
1200.912033
1200.999333
1202.097500
1202.468867
1202.524167
1202.722167
1203.746733
1204.850933
1204.871300
1204.953200
1205.257467
1205.650900
1205.969467
1206.293367
1206.524867
1206.654367
1206.930700
1207.033033
1207.037667
1207.145733
1207.180867
1209.579900
1209.860533
1209.996600
1210.638800
1210.779600
1211.099967
1211.143367
1211.169133
1211.190100
1212.319800
1212.414000
1212.507633
1212.842100
1213.219267
1213.717200
1214.802267
1215.239833
1215.257800
1215.267467
1215.682767
1215.991400
1216.121933
1216.254300
1216.358600
1216.570100
1216.577267
1217.061667
1217.145000
1217.219233
1217.542167
1217.788367
1218.013067
1218.470000
1218.833100
1219.406833
1220.816967
1221.002200
1222.712900
1223.421867
1225.764300
1225.865133
1226.039900
1226.284200
1226.746700
1227.482967
1227.772500
1227.889600
1230.148167
1230.967567
1231.016367
1232.838600
1234.145467
1234.251400
1235.417533
1235.487667
1235.515533
1235.652767
1235.795900
1236.000600
1236.081433
1236.090800
1236.820667
1236.842300
1237.288267
1239.725233
1239.958067
1240.898933
1241.375667
1241.995933
1242.064200
1242.342867
1242.497767
1242.551500
1242.680300
1242.697133
1243.363267
1243.371067
1243.422800
1243.464800
1243.490833
1244.891167
1245.751833
1246.194033
1246.848467
1246.944100
1247.272833
1247.448933
1248.024267
1248.864400
1249.019833
1250.390067
1250.897200
1250.997567
1251.014267
1251.126567
1251.305267
1251.589267
1252.105467
1252.431267
1253.044333
1253.464800
1253.682333
1254.017467
1254.166267
1254.296733
1254.316267
1254.817867
1255.903900
1256.669067
1258.123067
1259.450400
1259.696500
1259.807000
1259.810633
1260.831933
1260.955500
1261.429033
1261.506433
1261.914200
1262.922267
1262.990833
1263.010467
1263.303367
1263.310800
1263.448967
1263.519733
1263.869800
1263.879433
1264.099067
1264.217267
1264.464200
1264.516267
1264.893400
1265.186567
1265.833767
1266.159600
1266.302100
1266.368300
1267.587000
1268.354567
1268.929567
1269.023133
1269.075933
1269.196133
1269.289267
1269.646267
1269.794467
1270.086967
1270.296533
1270.392333
1270.526300
1270.564900
1270.574933
1270.586267
1270.759100
1271.050667
1271.299267
1271.507200
1271.803233
1271.832867
1271.917067
1272.243900
1272.336300
1272.529067
1272.627767
1272.943700
1273.002200
1273.082500
1274.267100
1274.693567
1275.021167
1277.135200
1278.483067
1279.486900
1279.774167
1279.880533
1279.910500
1279.960933
1280.043600
1280.052200
1280.226333
1282.616000
1282.713067
1282.751900
1282.946000
1283.384533
1283.735000
1283.869400
1283.898467
1284.183367
1284.256067
1287.238733
1288.281500
1288.758800
1289.287500
1289.577067
1289.586333
1289.964267
1290.113333
1290.595333
1291.413733
1292.014867
1292.028300
1292.130267
1293.613667
1294.102533
1294.759600
1295.623900
1295.631433
1298.406533
1298.592500
1300.057167
1300.323733
1300.501533
1300.611433
1300.913033
1301.049533
1301.054867
1301.124933
1301.185667
1301.794733
1304.390900
1304.546467
1304.642767
1304.792867
1304.867000
1304.904767
1304.997800
1305.034567
1305.340067
1305.664567
1305.956767
1306.132900
1306.351633
1306.514933
1306.544667
1307.444167
1307.973500
1309.488067
1309.850133
1311.763800
1312.034933
1312.317733
1312.426700
1312.450067
