0.373100
1.240967
2.647300
2.712533
3.483067
3.785000
4.130267
5.522133
7.149833
7.378000
7.986833
8.165300
9.970500
10.176967
10.803567
10.931933
11.026300
12.178100
15.731467
15.739700
16.039133
16.185400
16.979733
17.204133
22.827800
26.468067
26.880200
28.587733
29.432833
29.887267
30.268433
31.279033
31.857933
32.066733
32.645567
32.830367
33.483067
34.184367
35.234900
35.904000
36.124700
36.834800
37.046900
37.111533
37.235500
37.335933
38.754867
39.027367
39.960333
40.200033
40.722367
41.456267
42.009733
42.288133
42.316267
42.383367
43.420067
43.643267
43.863033
44.563833
44.594233
44.770900
45.097567
49.062033
49.253800
52.249900
52.998033
55.493067
55.512700
56.025533
56.278700
56.689867
56.723000
57.222167
57.485067
59.308900
62.031900
62.452700
64.175233
64.663733
64.721200
65.859833
67.805200
68.127533
68.424500
68.483533
71.627900
72.219333
73.581833
75.314833
75.843133
76.975767
77.701867
78.343933
80.093433
80.809967
81.995933
83.009767
85.628067
85.742167
85.972000
86.622200
86.900133
87.705067
87.883900
88.151667
88.627400
89.172200
90.110533
90.271467
90.505667
90.865433
91.108467
91.596833
91.697567
91.805500
92.722067
92.765567
93.260633
94.488833
94.673600
94.796600
94.822067
94.919200
96.548700
96.896000
97.710167
98.333933
98.962800
99.354600
100.431567
101.536467
102.008367
102.594867
110.533733
110.638933
111.536100
112.785533
113.294800
113.619400
116.974500
117.272900
118.028600
118.283900
119.263100
119.654000
119.915500
122.851767
123.881533
125.043700
125.618167
127.183833
128.313633
129.310633
129.846900
130.782500
132.422167
133.025967
133.084000
133.705367
133.773333
135.084233
135.198000
135.497667
136.654767
137.914633
138.470600
139.291333
139.628100
140.905967
141.259633
141.317300
142.160833
142.728100
143.930000
144.648900
145.222400
146.181833
147.734667
148.203800
149.224800
149.758533
149.885667
152.399967
153.480667
153.682767
159.659767
159.662733
162.442633
162.728300
163.036100
163.582367
164.529833
164.532500
165.510800
165.529833
166.376033
167.046633
168.667133
170.977600
171.626667
172.256267
172.438133
173.047967
174.168833
174.746267
174.855700
175.284233
175.458467
176.473933
177.355333
179.570167
181.501500
181.506700
182.347133
187.494300
188.744567
189.964500
190.730333
191.125000
191.398033
191.536600
193.430300
194.583633
194.862000
195.152900
195.719467
195.791700
196.100933
198.536300
198.546500
199.872100
200.312467
201.103467
202.928067
203.692967
204.379700
207.187533
210.406467
211.105300
211.162767
211.482767
212.523700
213.236900
213.414200
214.322367
214.823167
215.601400
215.624933
215.835633
216.888467
216.974733
217.385433
217.480933
217.843200
217.895600
218.470733
218.675633
220.077267
220.240667
220.662833
221.873700
222.257133
224.081867
224.553267
224.624667
224.716300
225.803533
226.025267
226.301133
226.344333
226.543100
226.905300
228.766500
229.988167
231.980367
235.268200
235.422067
236.986667
239.737367
240.425100
242.329733
242.855467
244.379233
244.611400
245.238700
247.036033
247.121633
250.087433
250.680333
250.743767
251.040233
251.475900
251.750767
254.066967
254.452800
255.082167
255.109200
256.057800
256.716400
257.440600
257.637233
258.614700
258.710233
258.751100
258.760367
261.157167
261.290200
261.586267
261.645233
261.812933
262.339100
264.246067
264.917100
265.624000
266.372133
266.499533
267.771067
268.180800
268.273700
268.776533
270.315633
270.763800
271.294933
271.919733
272.192433
272.518000
272.554467
274.254867
274.320367
274.729333
275.684267
278.722467
280.000200
280.474867
280.537433
282.660633
284.076900
284.515800
284.718400
284.977067
285.069133
285.660533
285.734967
285.966667
288.750300
288.756233
289.564333
291.211633
292.426900
292.607633
293.925200
294.243600
294.679400
294.901000
296.188667
297.284133
297.378800
297.793167
299.760300
300.190000
300.900733
301.966833
302.759333
302.916533
303.482733
304.131467
304.364700
304.618467
304.811900
305.161167
306.355400
307.507267
307.653300
308.286700
310.166833
310.289400
311.683967
312.512567
312.805967
314.746400
315.526700
316.863100
317.206367
317.295933
317.907433
318.151500
318.346900
318.597833
318.788400
319.168567
319.895333
320.666500
320.681167
320.995067
321.132500
321.253533
323.208500
325.304633
325.489767
325.826333
329.025800
329.031067
329.250867
329.338567
330.392333
331.775200
332.689233
334.028567
334.085667
334.663200
335.876300
336.275300
336.547933
336.724100
337.869067
338.112367
339.492567
340.363033
343.226400
343.999700
344.039800
345.427900
349.412800
349.987400
350.510667
351.923667
352.845700
352.963100
353.011367
353.877633
354.253933
355.429033
357.354233
357.899000
358.789000
359.318867
359.540767
360.458300
360.842600
361.977067
362.959700
362.987033
363.341933
363.770033
364.839433
365.906933
367.233967
367.322033
367.566633
368.414233
368.853667
369.342800
369.352233
370.374100
372.879933
373.137200
373.161600
373.377367
373.414533
374.510867
375.080433
375.763067
375.976800
376.339133
377.018800
378.734333
378.860767
379.786633
379.972767
380.074667
381.172500
381.358467
383.023300
384.065000
384.368033
386.412133
386.826167
387.621900
387.777100
389.982633
390.103733
392.067233
392.637233
392.970100
396.143500
396.600800
396.937400
396.980167
397.339467
397.550533
397.650400
398.056300
398.104267
402.925967
403.568000
403.643367
404.024033
404.351033
405.075867
405.692933
406.218633
406.430267
407.278133
407.603200
407.847700
407.921467
407.984033
409.948600
410.374567
410.725367
411.241467
411.377567
412.035400
412.223200
412.271067
412.528267
413.025300
413.542067
414.178067
414.754433
414.759467
415.440433
415.581533
415.989667
416.691300
417.200667
417.252233
421.391967
421.906133
421.991133
422.702467
422.957900
425.232000
427.794133
431.189767
431.949267
432.250533
433.101233
433.142267
433.476767
434.074600
436.313367
437.109433
438.480767
439.301100
440.109267
441.585867
441.768467
442.159633
443.426000
443.481200
443.548267
443.940000
444.775633
444.795133
446.466467
447.960733
449.233800
453.408000
453.508400
454.253900
454.800133
454.896767
457.640767
459.389600
459.576667
459.625067
459.995167
461.338933
463.030733
463.621000
464.524400
467.002133
468.121533
470.040167
470.421800
470.565200
471.326233
472.051767
472.087167
473.536067
475.475500
475.525033
477.220167
481.535167
482.200233
483.234633
484.321400
484.526867
484.631867
487.403967
487.543533
487.819767
489.797167
489.909800
490.551700
491.628133
492.192667
494.053767
494.160700
496.230033
496.382267
499.052433
499.627200
499.984333
500.528867
503.160633
503.365867
504.691067
506.294100
507.737333
508.089767
508.100533
508.241433
508.375167
508.935367
510.555833
510.599233
510.711667
511.412600
511.571400
511.785467
512.153200
513.020167
513.167033
513.585533
514.116500
514.857500
515.484367
519.220667
519.950167
520.161133
521.618967
522.195500
522.476200
523.356033
526.747700
526.829667
527.398600
530.614867
532.397200
534.219667
534.453833
535.071433
535.830033
535.928267
536.075633
536.747633
536.792233
537.262000
537.600433
537.621867
537.878100
538.154833
538.901233
541.678300
541.973933
542.321767
543.317367
544.888167
544.938667
545.728767
545.998833
546.113500
547.583733
548.230100
548.570600
550.522067
550.864333
551.186800
551.426133
551.540533
552.181933
552.347600
552.424767
553.930767
555.008833
555.277100
555.333500
556.600867
556.654200
558.767600
562.090267
562.317600
562.861067
564.104600
564.327633
564.793667
564.991667
565.054067
565.749867
567.016133
567.094233
567.204733
568.165800
568.737367
569.404100
569.464333
569.708200
569.768000
570.333267
570.701000
570.871900
572.652900
573.046900
573.616467
573.792667
574.112667
574.709033
578.960433
579.080767
579.181400
579.467233
580.049200
580.686033
581.579733
581.984133
582.790067
585.511767
586.229167
586.529867
586.770233
588.140900
588.175267
588.334467
589.972533
591.418767
591.640600
591.891833
592.082000
593.263067
595.133267
601.319867
601.723800
602.172133
602.314067
605.184700
605.444533
605.759267
605.926033
607.208867
608.449633
608.801533
608.979600
609.262700
610.808900
611.401833
612.715167
612.960200
613.580533
613.803133
616.163300
616.767167
620.277433
622.094833
624.434833
625.083967
625.164033
625.349167
625.466833
625.985000
627.916233
628.743533
629.078833
629.164567
629.369200
630.883967
631.296567
631.632533
631.912667
632.405400
632.678033
632.974100
633.013900
633.137233
633.553167
636.254967
637.777967
638.099267
638.152400
639.140733
640.317833
642.246933
645.300233
645.735100
645.771500
645.860500
646.883767
650.299633
652.574133
652.629700
653.091867
654.164100
654.771033
655.091567
655.519700
655.821633
656.790233
657.218367
657.355667
657.769967
658.612400
659.619500
659.862567
660.177600
662.354967
662.437133
663.638033
663.755667
664.663267
665.556500
666.947400
669.403467
669.693967
669.867267
670.223167
670.382400
674.170767
675.319700
675.379333
676.400233
676.857067
677.266300
678.462267
679.284733
680.136933
680.233333
682.598733
682.660267
683.613133
683.773000
683.845733
684.049833
686.642267
688.420367
688.551633
689.534467
689.635900
691.448833
692.133800
694.584500
695.384833
696.073933
696.137033
696.146433
696.720433
696.839733
696.998433
697.662133
698.902633
699.711233
699.884767
700.299400
700.357333
700.367067
700.566700
701.934433
702.166267
703.525533
704.435400
707.039300
709.523300
711.720400
712.275367
712.685867
712.814400
714.158367
714.511400
716.850967
717.549000
719.001833
719.678267
720.044900
720.161300
720.388833
722.417233
722.815833
723.361533
723.571333
723.579000
723.943667
724.195433
725.039833
725.560433
725.707067
726.335333
728.173867
728.370600
728.799700
728.970633
731.970933
733.379300
733.656333
735.833000
736.949833
737.567567
739.043633
739.232033
740.759600
741.949767
742.093367
742.333267
742.432700
743.270433
743.531367
743.903200
744.638300
745.002967
745.335033
745.930333
747.010933
747.165400
747.428833
747.905267
747.949900
748.224900
749.051433
750.536133
752.652433
752.814567
753.969067
754.165133
754.989033
755.151800
755.609600
756.124700
756.136967
756.565133
756.628433
758.275267
758.482667
758.547400
758.730267
759.215133
759.747100
760.346567
760.827000
760.988933
762.382133
762.740800
763.010200
763.071633
763.334367
764.123200
764.150100
764.909967
765.388400
765.898133
766.386100
766.544333
767.335100
767.478467
768.195867
769.683567
770.204200
770.430533
770.604867
771.518500
771.829733
774.179767
774.360367
775.228133
777.081267
778.375333
780.422833
783.058033
783.236500
783.275833
783.410367
783.612733
784.179700
784.680233
784.826867
785.063533
785.074167
786.170833
786.309300
788.161200
788.490233
788.899333
789.323767
789.458800
789.761867
789.998767
790.892333
792.708700
794.083067
794.928033
794.970900
795.475600
795.726433
796.621000
797.594500
797.774400
798.560267
799.276533
803.612300
806.136933
806.579833
806.817700
807.767600
807.821867
807.977833
808.219700
808.642700
809.637867
811.358433
812.572633
813.069333
813.090567
813.611000
814.560300
814.633867
815.721533
816.402767
816.710733
816.812933
821.087733
821.477333
823.646733
823.680733
824.235333
826.443100
826.961433
828.487067
829.932400
830.044367
833.946967
834.047767
834.276767
835.409167
835.480500
836.562233
840.284000
841.077433
845.475533
847.026667
847.440833
847.563467
847.790067
848.344200
848.587567
848.596833
849.595800
849.624467
850.545833
851.383333
852.174433
852.803900
852.901300
852.963867
853.083000
856.879967
857.077333
857.168800
857.285033
857.432333
857.740500
858.814700
858.868567
859.296167
859.831300
860.068567
860.198500
861.973067
862.646633
862.685667
863.197167
865.752700
866.005733
867.226033
867.698900
867.772000
867.988467
868.017933
871.355900
871.368933
872.359067
872.472733
873.619633
876.918433
877.350333
877.492700
877.580033
878.696800
879.410700
880.441467
880.508033
880.686033
881.891867
882.617100
882.738067
882.808833
884.598733
884.837833
885.281467
885.730900
886.444700
887.520700
888.771733
890.770133
891.049300
892.546433
892.712133
893.139567
894.194867
894.648967
896.496300
896.653133
896.840700
896.948767
897.402133
898.001600
898.110967
898.261733
898.543700
898.783300
898.920667
899.002167
899.874567
899.946900
900.139300
901.538233
902.944100
903.442300
905.276067
906.088733
906.920667
907.060500
908.042933
908.152467
908.542133
909.535067
909.897333
910.348500
912.112100
913.160500
915.922400
918.603467
918.789567
918.902067
919.715467
920.014867
921.173833
921.492433
921.797067
921.833200
922.426633
923.096267
923.554100
925.052333
926.089033
926.457733
927.092867
927.373433
927.461667
927.830833
928.276567
929.423500
929.811733
929.930100
930.076567
930.300867
930.366800
930.743100
933.270800
933.925133
934.488600
937.812033
939.409667
939.718067
939.865233
940.254167
940.319333
944.454833
945.102033
945.256400
945.528100
945.584933
946.445933
946.486700
946.683933
947.194267
947.215000
947.579567
948.115767
948.193767
950.824467
951.574967
951.881067
951.934267
953.944200
954.210000
956.372267
956.583033
956.688667
958.871733
959.401333
960.208800
960.331467
960.414467
960.659467
960.792933
962.144933
962.743267
964.165200
964.895867
965.124533
965.910700
966.547567
966.770533
967.134533
968.203233
968.754567
969.231000
970.314200
971.866600
971.882800
971.955233
972.025100
972.559300
972.775833
973.062200
973.111567
973.218933
973.288733
973.843333
974.268267
975.150000
978.632067
978.663867
979.747400
981.082067
981.568500
981.632033
981.694367
981.773667
982.476800
982.590333
983.149100
983.462933
984.641967
985.219633
985.367200
985.987100
986.415733
986.611233
990.398733
990.849200
991.380800
993.368900
993.823233
994.287367
996.084900
996.590433
997.764300
997.797333
997.890133
997.987733
998.038867
1000.125267
1000.774800
1001.782733
1001.908433
1001.986533
1002.343000
1003.220933
1003.911000
1004.268867
1006.693900
1006.806567
1007.059800
1008.290900
1008.764567
1011.749133
1013.002700
1013.442800
1014.530367
1015.261100
1016.326867
1017.867467
1017.976333
1019.147800
1019.716367
1022.088000
1022.669900
1023.419967
1023.722467
1023.932400
1024.889933
1024.964967
1025.166367
1025.239533
1025.772667
1026.455500
1027.388167
1027.701633
1027.983333
1028.178300
1028.514300
1028.592300
1029.105433
1029.137900
1029.574433
1029.890533
1029.921000
1031.152267
1032.768500
1032.796133
1033.010767
1034.922867
1036.435467
1036.680800
1037.528667
1037.641067
1044.881867
1045.220067
1045.613033
1047.034733
1047.556467
1048.858900
1052.874067
1054.903733
1055.642267
1055.882567
1056.400133
1056.803433
1058.495067
1059.117867
1060.328033
1060.520833
1060.560600
1062.936867
1064.206500
1064.398900
1064.727267
1065.599867
1065.660200
1066.321700
1069.442300
1070.302867
1070.525167
1070.845167
1071.818300
1072.106567
1072.680567
1073.493167
1073.752567
1073.908167
1074.924133
1075.347967
1075.712367
1077.424367
1078.115133
1078.502900
1078.839100
1081.171333
1081.763733
1081.833733
1082.060367
1085.135167
1085.267967
1085.490833
1088.277333
1088.577433
1088.647733
1090.106333
1090.987733
1091.652800
1091.675967
1093.175867
1093.540700
1094.102533
1096.393533
1096.504300
1096.656933
1096.903300
1096.936833
1097.032867
1097.600100
1100.089667
1100.768800
1101.788367
1102.013767
1102.047600
1103.502967
1105.845800
1109.370567
1109.533233
1109.972933
1110.352333
1110.379867
1110.868500
1111.727567
1111.901000
1113.074667
1113.671733
1113.692433
1116.172600
1116.362433
1116.540933
1117.028067
1117.603133
1120.489800
1121.663867
1121.861833
1122.139667
1123.164167
1125.675033
1130.105767
1131.190500
1133.748233
1136.253600
1137.681133
1140.379133
1140.826533
1140.851433
1142.792967
1142.910167
1143.616400
1146.557733
1147.303700
1147.604400
1147.953133
1148.280000
1148.351933
1148.779633
1148.938833
1151.048333
1152.344633
1152.988633
1154.005200
1154.910300
1158.121567
1158.530733
1161.168867
1163.026033
1163.193700
1163.979633
1165.571400
1165.779900
1166.027167
1166.237933
1166.335900
1166.415700
1167.609500
1168.049467
1169.179567
1169.665967
1169.711300
1170.647967
1171.591867
1171.802600
1172.321567
1172.436867
1172.782067
1173.617500
1173.756967
1175.954800
1176.581033
1177.417867
1179.544900
1179.546867
1180.767633
1180.976533
1181.553367
1183.245567
1183.946400
1183.998900
1185.577300
1185.609700
1185.973000
1186.270333
1188.567167
1190.210200
1195.087967
1197.145733
1198.410833
1202.010133
1202.458333
1202.691133
1203.003933
1204.348033
1204.729533
1204.946967
1205.827867
1205.868667
1206.766733
1206.923233
1207.946833
1209.491267
1210.468600
1210.880100
1211.082433
1213.988467
1214.490167
1214.531700
1216.188967
1217.171200
1217.278067
1217.463333
1218.495633
1218.536267
1220.704633
1220.785767
1222.264867
1222.779933
1223.188200
1223.652367
1223.993933
1224.804600
1226.230767
1226.296167
1228.252933
1228.920867
1229.019100
1229.479900
1230.863933
1232.201333
1232.920367
1233.452700
1233.767933
1234.642733
1234.927300
1236.878833
1236.924867
1237.500267
1238.937700
1239.169933
1239.499300
1239.986800
1240.953833
1241.879100
1241.951000
1242.088300
1242.156267
1244.554700
1244.952433
1248.388933
1248.554967
1248.773333
1248.992433
1249.379400
1249.596033
1250.040333
1250.695600
1251.051533
1251.569400
1251.634667
1252.968433
1254.142633
1256.446333
1257.205833
1257.505867
1257.849767
1258.444533
1258.874300
1259.651233
1260.732467
1260.762600
1260.895500
1263.909667
1263.953733
1265.307733
1265.404800
1265.461633
1267.067333
1267.358700
1267.602400
1267.863633
1269.288767
1270.042433
1270.196900
1270.922433
1271.107400
1273.838833
1275.462500
1275.696533
1275.735267
1275.875800
1276.354667
1280.950233
1281.074167
1283.776567
1285.198733
1285.299633
1286.613967
1287.187100
1290.516900
1291.020900
1291.805167
1294.337067
1294.507767
1294.817967
1295.330567
1295.866033
1296.718300
1296.968600
1298.911367
1299.078000
1299.282733
1300.265333
1301.038233
1301.312033
1301.386500
1301.667800
1302.369733
1302.479567
1302.608167
1302.665567
1302.872833
1303.077933
1303.561900
1306.744167
1306.832867
1307.214000
1307.449500
1310.630200
1310.831400
