0.050133
0.103500
0.141567
0.193033
0.294033
0.345267
2.889800
2.973867
2.983133
3.046367
3.119567
5.191933
5.221500
5.482200
6.191667
6.249933
6.681900
6.842167
6.888333
7.002833
7.071133
7.140567
7.213833
7.426033
7.457600
7.664700
8.047733
8.103400
8.150367
8.357800
8.416333
8.462300
8.512567
8.634400
9.007900
9.178067
9.460767
10.082133
10.329867
10.426133
10.503667
10.550333
10.740333
11.309767
11.344767
11.375067
11.379033
11.465633
11.469800
11.484167
11.527267
11.612800
11.694167
11.776567
11.857967
11.863767
11.893667
12.016200
12.021900
12.060167
12.079333
12.102233
12.182033
12.204500
12.219967
12.229933
12.256367
12.319500
12.334733
12.398533
12.428467
12.466633
12.497333
12.525867
12.632900
12.883267
12.991933
13.428500
13.586400
13.678267
13.704700
13.723533
13.834600
14.049467
14.175100
14.185367
14.213767
14.254000
14.302900
14.720300
14.930800
15.221700
15.293400
15.618900
15.661867
16.386700
16.526033
16.633633
16.693967
16.849667
17.031367
17.165967
17.280633
17.335800
17.351867
17.450900
17.826867
17.856100
17.886367
17.910933
18.013567
18.048567
18.173533
18.352667
18.361333
18.380533
18.605633
18.846933
18.879200
18.909733
18.986067
19.058767
19.644167
20.315133
20.684367
21.130833
22.190933
22.360967
22.859933
23.945000
23.988267
24.080767
24.134967
24.205033
24.251933
24.290800
24.461233
24.613067
24.692000
24.913133
24.962667
24.973333
25.001300
25.051600
25.355167
25.424433
25.657000
26.244967
26.287100
26.355267
26.630033
26.644533
26.697100
26.757733
26.787867
26.891700
26.934333
26.976433
27.013600
27.088233
28.140100
28.222633
28.299567
28.348300
28.412167
28.453033
28.483200
28.504133
28.540067
28.563900
28.632367
28.718333
28.835567
28.862133
28.907333
28.948400
28.979967
29.138300
29.484133
29.837133
30.224533
30.353033
30.648000
30.686367
30.826667
30.870400
30.982267
31.676400
32.033067
32.072367
32.096233
32.125233
32.274667
32.311000
32.352667
32.387367
32.416433
32.471200
32.637100
32.720567
32.753067
32.814833
32.847867
32.858967
32.924700
32.956267
33.032667
33.154400
33.305500
33.351533
33.372600
34.034167
34.037500
34.223567
34.366200
34.538833
34.676933
34.724167
34.886500
34.911467
35.017367
35.162967
35.189700
35.298800
35.402400
35.443867
35.477633
35.487967
35.525667
35.579133
35.611467
35.659033
35.685100
35.836233
35.867567
35.980100
36.075267
36.091800
36.245767
36.378467
36.571100
36.724133
36.832567
36.910767
37.082933
37.253400
37.770567
39.089933
39.106567
39.253733
39.558767
39.588667
39.612167
39.644367
39.736267
39.764367
39.794333
39.994067
40.340333
40.358467
40.401333
40.506333
40.543500
40.570200
40.830900
40.882333
41.410367
41.444433
41.894167
41.950800
41.995300
42.025100
42.180967
42.236333
42.296633
42.360200
42.421667
42.453233
42.466367
42.481033
42.505033
42.530067
42.610667
42.714967
42.746433
43.033733
43.172600
43.371767
43.443000
43.728433
44.970167
45.272700
45.301367
45.359400
45.446933
45.504533
45.793567
45.843567
45.868700
46.121200
46.165667
46.501667
46.779467
47.109433
47.670300
47.724233
47.728533
47.742867
47.769000
47.814733
47.842600
47.897767
48.011933
48.042100
48.549100
48.668733
49.495733
49.872100
50.209067
50.358333
50.426867
50.462767
50.481400
50.542767
50.790133
50.900233
50.929067
51.229167
51.267300
51.294500
51.331300
51.383600
51.562067
51.655133
51.887400
51.959633
52.189967
52.374367
52.495100
52.928233
52.962500
53.130400
53.179100
53.192167
53.289167
53.353567
53.412900
53.445267
53.499367
53.539500
53.557800
53.588567
53.632500
53.710700
53.747667
53.782100
53.804367
53.840133
53.910833
53.948500
54.007567
54.036800
54.079267
54.119767
54.133067
54.169867
54.233500
54.352700
54.495400
54.802267
54.906200
54.992333
55.040733
55.068633
55.092400
55.140733
55.169633
55.200633
55.235000
55.303833
55.363100
56.135667
56.204800
56.251233
56.324767
56.344100
56.371400
56.398567
56.430600
56.432400
56.465900
56.497233
56.553933
56.577833
56.639867
56.673800
56.715533
56.808100
56.813167
56.872067
56.911733
56.958067
57.225733
57.264433
57.404267
57.638833
57.692967
57.741300
57.862467
57.889167
57.914433
57.987167
58.017067
58.056433
58.301700
58.359567
58.405933
58.455133
58.776500
58.803633
59.219533
59.275300
59.357867
59.422600
59.447400
59.464633
59.530933
59.562600
59.659500
59.664367
59.693967
60.272767
60.596533
60.605633
60.871133
60.933300
61.200367
61.671900
61.701233
61.727833
61.769567
61.804300
61.839533
61.888267
61.919467
62.070733
62.333200
62.363667
62.395133
62.573000
62.627700
62.757700
62.791800
62.817433
62.998100
63.042400
63.355600
63.586700
63.630767
63.767867
63.801900
63.807333
63.885200
63.925833
63.975833
64.019633
64.062633
64.066967
64.285267
64.436433
64.713600
64.920867
64.962667
65.445500
65.501033
65.533367
65.637500
65.670533
65.726367
66.043600
66.071700
66.246167
66.608000
66.721700
66.816533
66.969933
67.044900
67.128233
67.209333
67.242367
67.346133
67.378333
67.439167
67.649833
67.652800
67.833967
67.932067
68.026400
68.081733
68.178733
68.220633
68.275033
68.622467
68.719100
68.789300
69.195767
69.250333
69.487200
69.540667
69.605533
69.631967
69.677567
69.697833
69.775133
69.843667
69.926300
69.954900
70.027933
70.034633
70.406033
70.569367
70.654800
70.720767
70.972800
71.013867
71.151567
71.280133
71.466433
72.476800
72.609933
72.661167
72.745567
72.786200
72.818733
72.837067
72.890033
73.000400
73.125267
73.441667
73.505933
73.682433
73.983400
74.194900
74.260967
74.376200
74.569933
74.690400
74.870967
75.115867
75.249067
75.409100
75.618367
75.686000
75.694300
76.518133
76.697867
77.134467
77.483233
77.589933
77.709200
77.874300
77.899467
77.961800
77.993467
78.023867
78.120333
78.159900
78.242233
78.321667
78.433400
78.648867
79.182067
79.366167
80.337767
80.561700
80.661867
81.369733
81.418167
81.532367
81.709167
81.830900
81.873167
81.943133
82.329300
82.872267
83.197567
83.325333
83.452500
83.512267
85.252500
85.297867
85.858267
85.900000
85.981367
86.017800
86.043600
86.174567
86.235067
86.301700
86.983100
87.158433
87.171800
87.668333
89.746767
89.798933
90.052033
90.720233
90.761033
90.832867
90.881100
90.889200
91.315300
91.596467
91.877167
92.310467
92.572900
92.993167
93.229900
94.052233
94.098133
94.107967
96.807600
96.854900
96.949367
96.998700
97.023033
97.081967
97.944333
98.103333
98.246367
98.273433
98.339533
98.380567
98.425167
98.481800
98.849467
98.993600
99.234667
100.632067
100.870867
100.921800
100.923833
101.092833
101.647267
102.572900
102.658267
102.712267
103.186100
103.456200
103.485800
103.495767
103.544167
103.581200
103.913167
103.947033
103.975467
104.102067
105.195967
105.348967
105.416100
105.640767
105.684700
105.705900
105.767267
105.842167
105.996067
106.094067
106.284500
106.327467
107.070133
107.117933
107.141567
107.197567
107.598933
107.968300
108.015800
108.150833
108.179667
108.485767
108.507733
108.523433
108.612967
108.686100
108.710367
108.765767
108.819833
108.859533
108.900200
108.957800
109.002733
109.202967
109.241000
109.266967
109.302800
109.420667
109.481533
109.588667
109.731767
109.759933
109.905333
109.991433
110.057067
110.118833
110.372767
110.468167
110.741400
110.748667
110.954700
111.046100
111.094267
111.312600
111.372500
111.472600
111.518500
111.815933
111.859533
111.949633
111.981200
112.042767
112.612267
112.645000
112.721233
112.826100
112.960100
113.074567
113.106033
113.211033
113.286567
113.320600
113.361333
113.375333
113.449067
113.488933
113.633233
113.675533
113.694167
113.777833
113.879167
114.217600
114.264267
114.481733
114.633400
114.737033
114.806167
114.841100
115.086267
116.409667
116.417600
118.280167
118.407133
118.489267
119.051033
119.119967
119.256000
119.301467
119.474933
119.689300
120.177267
120.967033
121.105700
121.145600
121.900833
122.023267
122.059133
122.131100
122.203033
122.310167
122.771400
122.930500
122.978967
123.004067
123.107067
123.156400
123.237633
123.267533
123.299800
123.327333
123.386833
123.423700
123.518133
123.576200
123.637933
123.822867
123.849300
123.969200
124.268067
124.311833
124.360700
124.454133
124.645700
124.761667
125.148600
125.262500
125.406233
125.514800
125.596267
125.654133
125.753000
125.799667
125.990300
126.009967
126.048900
126.460333
126.527900
127.405000
127.532967
127.562167
127.681133
127.717833
127.764400
128.039433
128.105600
128.257067
128.651267
128.681267
128.722333
128.833667
128.850333
129.213133
129.223767
130.145533
130.235233
130.599867
130.898267
131.120233
131.160000
131.324667
131.414667
131.435233
131.480633
131.483133
131.564333
131.574433
131.790700
131.906800
132.322000
132.375900
132.416367
132.561200
132.568167
132.601967
132.644400
132.654267
132.694233
132.729533
132.766500
132.785433
132.819633
132.881467
133.227267
133.310467
133.521500
133.536300
133.732200
134.058667
134.063800
134.099300
134.134900
134.256467
134.320267
134.395733
134.510067
134.678633
134.913033
135.364633
135.479200
137.244900
137.686067
137.736167
137.809300
137.831233
138.032367
138.150300
138.878900
139.888167
140.012033
140.183300
140.644000
140.684500
141.266133
141.553467
141.681967
141.895333
142.358500
142.492100
142.635567
142.669367
142.708200
142.751967
142.767867
142.840800
142.910733
142.950233
143.042400
143.118800
143.250000
143.405200
143.408467
143.439100
143.490333
143.506233
143.605333
143.787200
144.504700
144.573633
144.621233
145.216533
145.782800
145.853800
145.891933
145.915533
145.954933
146.042100
146.136400
146.180400
146.274267
146.330767
146.496767
146.512533
146.802200
146.833400
146.860700
146.952000
147.013067
147.060467
147.083533
147.104700
147.132533
147.251033
147.304400
147.512300
147.868433
147.899800
148.032900
148.160567
149.889100
149.966600
150.027433
150.096767
150.155167
150.235367
150.272333
150.357967
150.418700
150.458933
150.565633
150.624000
150.665800
150.756667
150.919200
150.981533
151.196067
151.217333
151.875867
152.079533
152.919900
152.930433
152.956800
153.025567
153.123767
153.192700
153.209133
153.247867
153.255800
153.282400
153.374433
153.414667
153.432333
153.456033
153.481467
153.553633
153.711967
153.766267
153.786633
153.807267
153.856467
153.918100
153.964967
153.994967
154.043133
154.101100
154.138000
154.220433
154.274733
154.331333
154.504467
154.620300
154.661267
155.098567
155.148167
155.222500
155.269200
155.349633
155.372533
155.407400
155.437667
155.469200
155.504333
155.522433
155.726333
155.762333
155.811400
155.929800
155.976233
155.997133
156.035700
156.118733
156.311633
156.334567
156.387067
156.546667
156.847933
156.893800
156.969033
156.991567
157.021900
157.067333
157.091667
157.119933
157.162967
157.209200
157.240767
157.273367
157.294267
157.320300
157.358267
157.392500
157.399800
157.434533
157.477833
157.631167
157.947367
157.972867
157.988900
158.051533
158.055200
158.578633
158.632433
158.641033
158.694400
158.703600
158.745367
158.842433
158.983267
159.051100
159.090967
159.122733
159.229367
159.243067
159.253167
159.321700
159.443467
159.485667
159.526433
159.595133
159.672533
159.731533
159.763833
159.824467
159.966533
160.094333
160.173967
160.245367
160.298933
160.351133
160.405967
160.416767
160.464567
160.492433
160.510800
160.528133
160.565867
160.642133
160.673033
160.781800
160.841633
160.893967
160.994100
161.210933
161.360400
161.391033
161.833133
161.958933
162.355933
162.406733
162.459467
162.595200
162.785333
163.340700
163.634567
163.846400
164.468433
164.735633
164.774000
165.043100
165.146200
165.203233
165.420333
165.487567
165.509733
165.974033
166.064000
166.513333
166.588433
166.629267
166.819900
166.939667
167.032333
167.171933
167.191900
167.533500
167.586700
167.656267
167.701367
167.742000
167.803733
167.884233
167.955833
168.015633
168.082700
168.454567
168.925000
169.175167
169.417300
169.461900
169.594800
170.001367
170.057867
170.169167
170.263067
170.324033
170.452400
170.526967
170.638467
170.856200
170.863167
170.950167
170.978733
170.982500
171.018367
171.611667
171.736833
171.900467
172.057867
172.103767
172.131633
172.236900
172.272600
172.317933
172.356100
172.635267
172.701900
172.835600
173.244367
173.279033
173.613133
173.753400
174.046233
174.156933
174.226533
174.273967
174.376900
174.434767
174.480167
174.516467
174.560867
174.631233
174.739400
174.989000
174.994033
175.095500
175.221933
175.426000
175.692233
176.328267
176.374633
176.429033
176.442100
176.454400
176.470467
176.484300
176.494033
177.326867
177.330833
177.378633
177.442600
177.548167
177.759733
178.177500
178.349200
178.405400
178.475033
178.966500
179.153600
180.161500
180.357200
180.376900
180.503733
180.912200
182.553600
182.581733
182.608833
182.662567
182.772800
182.985800
183.089433
183.117300
183.200833
183.270733
183.531733
186.252067
186.657700
186.688200
186.735567
186.791067
186.815200
187.507667
187.669633
187.840900
188.131167
188.523767
188.618833
188.673967
188.831333
188.904133
188.962300
188.989367
189.033367
189.268000
189.311800
189.346233
189.553767
189.623233
189.695967
189.995400
190.195767
190.312633
190.446667
190.836267
190.956267
191.468200
191.673300
192.095300
192.145000
192.147133
192.222200
192.257367
192.295033
192.342533
192.417433
192.438500
192.479400
192.549900
192.610767
192.642667
192.686333
192.744633
193.904433
195.239600
195.353433
195.367433
195.522267
195.758100
196.019800
196.056233
196.105700
196.219433
196.471367
197.271800
197.314133
197.777867
197.832267
198.192100
198.211600
198.330300
198.352300
198.594033
198.791600
198.860667
198.877600
199.113600
199.135567
199.207633
199.292400
199.313267
199.339133
199.401267
199.641167
199.795867
199.966567
200.010400
200.201567
200.512200
200.628733
201.849700
201.900900
201.929667
202.204667
202.244700
202.252200
202.545033
202.591267
203.020333
203.059100
203.152300
203.309300
203.354067
203.418700
203.461267
203.505833
203.686133
203.985500
204.018367
204.033067
204.108333
204.394167
204.566833
204.614033
204.840233
204.919567
204.986367
205.073000
205.215867
205.280967
205.375733
205.605900
205.897900
206.066667
206.650133
206.722167
206.788067
207.004067
207.101267
207.152167
207.157333
207.299600
207.337067
207.397033
207.481467
207.599900
209.324333
209.440500
209.498800
209.543567
209.631767
209.702667
209.972900
210.186267
210.306400
210.426000
210.624967
210.628233
210.892200
211.005633
211.500800
211.562033
211.567033
211.630233
211.732100
212.153067
212.181867
212.277333
212.492067
212.581033
212.640467
212.680567
212.828233
213.139367
213.431533
213.479467
213.604267
213.621067
213.653667
213.707667
213.909400
213.966667
214.010333
214.225100
214.287100
214.402667
214.553333
214.658200
214.752133
214.859033
215.121100
215.672967
215.702000
216.132267
216.286600
216.392167
216.414433
216.448267
216.486467
216.560867
216.612100
216.670733
216.891800
216.943700
217.088767
217.121767
217.149100
217.190633
217.245133
217.293400
217.323933
217.355867
217.380800
217.399800
217.442467
217.474600
217.786367
217.822067
217.908467
218.408100
218.610500
218.811567
218.904033
219.050267
219.110700
219.138900
219.463500
219.511833
220.018333
220.155500
220.218767
220.329900
220.407867
220.449367
220.666900
220.673567
220.977267
221.191567
221.243100
221.402800
221.482667
221.527800
221.812633
222.025533
222.061933
222.178667
222.259967
222.906633
222.969033
223.013433
223.189233
223.352367
223.414600
223.442800
223.470433
223.536600
223.574300
223.635800
223.702733
223.719433
223.880833
224.027700
224.172833
224.241967
224.553067
225.241467
225.786767
225.842567
225.959667
226.566767
226.712000
226.916567
226.999767
227.038533
227.267233
227.331600
227.463133
227.494533
227.784000
227.916800
228.059367
228.866833
229.544067
229.742733
230.424133
230.620633
230.817667
231.106600
231.335000
231.621467
231.793200
231.882367
232.586967
233.160500
234.055433
234.215800
234.282067
234.552900
234.802833
234.938633
235.081567
235.107400
235.226900
235.447767
235.489500
235.575667
235.731533
235.734933
235.774700
235.830600
236.762700
236.775300
236.912133
237.150433
237.495933
237.558367
237.583533
237.635700
237.671500
237.715567
237.821700
238.294633
238.406667
238.660967
238.830567
238.895100
238.992800
239.152400
239.321533
240.015033
240.376767
241.062433
241.521933
241.673233
241.706267
241.805433
242.196633
242.437600
242.477333
242.806767
242.933067
243.323500
243.473667
243.559633
243.688200
244.355367
244.888567
245.179533
245.462633
245.543100
245.593900
245.624800
245.975067
246.292467
247.034533
247.057733
247.181500
247.746733
247.748367
247.818500
247.875033
247.900067
247.924200
247.977733
248.011900
248.066833
248.149800
248.181967
248.207500
248.240100
248.262367
248.546033
248.564967
248.661033
248.744467
248.805933
248.809233
248.858567
248.911633
248.938033
248.958600
248.993933
249.053067
249.077900
249.097533
249.124100
249.153033
249.279800
249.342967
249.542267
249.544400
249.591167
249.613200
249.945033
249.976500
250.008700
250.056667
250.085267
250.117300
250.204967
250.226567
250.264633
250.340867
250.422433
250.934733
251.268567
251.417900
251.489400
251.517467
252.094533
252.144300
252.146933
252.195300
252.448633
252.543967
252.628600
252.942433
253.328000
253.659000
254.313800
254.359300
254.566733
254.709400
254.775667
254.801433
254.841333
255.014700
255.221300
255.254133
255.263000
255.361900
255.770900
255.830300
256.129400
256.776300
256.854500
257.031967
257.099533
257.236367
257.808100
257.851400
257.927400
258.296767
258.741933
258.785733
258.893133
259.192333
259.211233
259.252900
259.265800
259.326000
259.357333
259.394333
259.449867
259.503667
259.537533
259.860400
260.232667
260.426767
260.454000
260.546833
260.631800
260.648467
260.709700
260.771167
260.810767
260.869400
261.158000
261.239100
261.605567
261.698667
261.821500
262.030033
262.427933
262.490933
262.502200
262.819467
263.885067
264.274400
264.840667
265.260633
266.387967
266.479000
266.726800
267.004867
267.094600
267.553133
268.127900
268.298000
268.611433
268.664433
269.037733
269.490967
269.550467
269.909533
270.219300
270.271500
271.503933
273.107533
273.179467
273.422200
273.486100
273.863300
273.939067
274.097067
274.141267
274.260600
274.328467
274.404433
274.457000
274.482767
274.490467
274.613733
274.701900
275.014067
275.230233
275.261967
275.452167
275.553933
275.644033
275.822100
275.912433
276.222000
276.342233
276.483533
276.818733
276.975200
278.149933
278.204733
278.545133
278.549233
278.589700
278.701700
278.847200
278.914133
278.926833
278.984933
279.020600
279.067033
279.188700
279.193000
279.433200
280.022433
280.293067
280.376967
280.420667
280.533233
280.552000
280.693367
281.123167
281.167733
281.191700
281.278433
281.313000
281.345433
281.404900
281.474433
281.549200
281.752300
281.776133
281.795367
281.846000
281.887133
281.899833
281.902567
281.925500
281.947200
282.009967
282.014633
282.113067
282.170667
282.333000
282.386867
282.429700
282.480367
282.670800
282.703300
282.727200
282.744367
282.984100
283.150200
283.956933
284.249333
284.727767
285.199867
285.301233
286.085967
286.127067
286.198233
286.261733
286.306767
286.596333
286.612067
286.632333
286.644600
286.673667
286.684700
286.695967
286.718567
286.789133
286.868800
286.914700
286.960000
286.972333
286.995267
287.016767
287.038467
287.081767
287.127333
287.218700
287.286467
287.384267
287.453267
287.618067
288.919900
289.004733
289.252233
289.439267
289.702067
289.990933
290.223867
290.270133
290.520133
290.564033
290.689967
290.915900
291.036333
291.470167
291.622800
291.724567
291.992633
292.091367
292.236267
292.666033
293.596533
294.172267
294.243267
294.393467
294.824800
294.948833
295.015567
295.041200
295.120900
295.296333
295.587567
296.383800
296.734600
296.791300
296.861400
296.905100
296.982933
297.176500
297.613267
298.387633
298.636633
298.709500
298.898933
299.049000
300.059733
300.932333
302.003333
302.376167
302.384633
302.409300
302.489700
302.699867
302.802400
302.838533
303.169800
303.191900
303.395500
303.413900
303.590467
303.647367
303.682700
303.861167
304.254633
305.399333
305.458000
305.736433
305.760400
305.885933
305.980433
306.004200
306.137233
306.171567
306.247700
306.286733
306.321500
306.371900
307.634900
308.088167
308.153767
308.379700
308.650167
308.687833
308.855200
308.927433
308.936967
308.972533
309.288933
309.348833
310.107600
310.564500
311.723733
312.561800
313.080800
313.402300
314.537967
315.104800
315.446033
315.588333
316.239367
316.388967
316.453300
316.982533
317.074067
318.207433
318.342700
318.591133
318.747133
319.235367
319.386800
321.777700
321.834867
321.938667
322.200500
322.406400
322.468533
322.514133
322.658967
322.728067
323.119167
323.129933
323.150733
323.180100
323.207733
323.273933
323.552667
323.614533
323.637733
323.746333
323.894933
324.145067
324.393233
324.542667
324.571833
324.619000
324.895033
325.609233
325.653933
325.715567
325.782967
325.868700
325.932133
325.980000
326.129433
326.576267
326.822800
327.300867
328.324700
328.724667
328.741000
328.881267
328.883200
328.936200
328.955433
329.232900
329.266833
329.292567
329.315867
329.351367
329.408467
329.441700
329.508633
329.615933
329.629100
329.743833
330.108200
330.245767
330.606233
330.727433
330.876233
331.173133
331.193200
331.240700
332.244300
332.348000
332.384767
332.481133
332.529367
332.582133
332.605767
332.644300
332.655533
332.688633
332.733633
332.750700
332.819767
332.864000
332.902900
333.138967
333.235000
333.368367
333.439600
333.481200
333.635767
333.811100
333.988633
334.057567
334.088867
334.247933
334.305300
334.578033
336.148467
336.353267
336.558133
336.652967
336.987233
337.141300
337.298067
337.802333
338.591100
338.834633
338.861767
338.929167
340.510900
340.851167
341.151767
341.911567
342.746900
343.808333
344.004600
344.824267
345.054933
345.377867
345.558733
345.589367
345.670367
345.819700
345.929267
346.076300
346.121600
346.664067
346.679967
346.981633
347.012833
347.095933
348.193200
348.203733
348.490133
348.648167
348.723800
348.847900
348.891633
348.977567
349.012700
349.052833
349.265433
349.333133
349.422633
349.487467
349.690900
349.984900
350.145533
350.206833
350.247467
350.284067
350.352467
350.401067
350.439600
350.485067
350.576200
350.688267
350.819533
350.905267
351.272667
351.302833
351.330533
351.348633
351.355633
351.373567
351.516100
351.552133
351.575967
351.963000
352.386333
353.046867
353.272933
353.326900
353.384067
353.471167
354.237500
355.395567
355.716667
356.352200
356.388867
356.455067
356.707267
357.094067
357.104233
357.477233
357.678333
358.015567
358.726300
359.803567
360.057633
360.217667
360.334800
361.002300
361.057667
361.760667
361.949033
362.003833
362.677000
364.653600
364.743000
364.759533
365.245467
365.579567
365.635367
365.714333
365.782467
366.257367
366.357600
367.524700
367.646367
367.961833
368.440467
369.847900
370.078167
370.282100
371.654433
371.750600
371.932533
372.058567
372.122167
372.180667
372.426767
372.485267
372.499400
372.519500
372.613367
373.300467
373.331167
373.393400
373.413700
373.479700
373.561633
373.909067
374.284200
374.310800
375.123567
375.896633
375.946467
376.435100
377.397000
377.786533
377.997133
378.386300
378.496500
378.541167
378.619300
378.666167
378.726733
378.785300
378.830100
378.872567
378.899900
378.946600
378.953633
378.986133
379.150633
379.194000
379.256500
379.346500
379.397300
379.728467
379.935600
380.160600
380.640367
380.952767
381.554433
381.582600
381.810433
381.844133
382.407700
382.502167
382.512000
382.594333
382.689567
382.922200
383.110667
383.222933
383.268067
383.305533
383.365600
383.760367
383.833200
384.155033
384.245700
384.692400
385.184633
385.432800
385.517300
385.875833
385.887533
386.095133
386.466867
386.507333
386.545100
386.583167
386.723900
386.727433
386.804200
386.814333
387.999467
388.229867
388.513400
388.554800
388.560433
388.682667
388.730100
388.762100
388.792367
388.868633
388.937167
389.237633
389.314867
389.783067
389.995067
390.632633
390.755133
390.980833
391.162333
391.216467
391.269567
391.369000
391.725900
391.774833
393.033433
393.125767
393.132633
393.296967
393.537933
393.569033
393.971833
393.995400
394.130700
394.134967
395.033800
395.105933
395.284067
395.325033
395.348500
395.403300
395.439333
395.481267
395.519667
395.534733
395.572733
395.703333
395.803167
396.113067
396.636367
397.334200
398.494500
398.665200
398.759000
399.133067
399.782833
399.820600
400.280900
400.477600
400.529800
400.821400
400.971933
401.727167
402.172467
402.331167
402.508567
402.746900
402.771300
402.872300
402.906667
403.062800
403.469067
403.656000
403.816833
403.835233
403.928867
404.120567
404.282000
404.299500
404.330467
404.411233
404.556267
404.583400
404.606667
404.643533
404.711933
404.743100
404.761900
404.796600
404.828933
404.872867
404.945600
404.987367
405.010767
405.036100
405.093433
405.119500
405.272567
405.840700
406.223067
407.108200
407.454433
407.908067
408.010233
408.100367
408.136600
408.193900
408.968000
409.065633
409.239033
409.354767
409.399200
409.427500
409.500033
409.523400
409.547200
409.585933
409.597900
409.621167
409.648300
409.804500
410.040500
410.399433
410.448367
410.453700
410.480567
410.512500
410.570100
410.665433
410.690633
410.932567
411.627633
411.650500
412.555400
412.733600
412.794867
413.053933
413.079600
413.113000
413.258800
413.314533
413.351467
413.988967
414.272067
414.407567
414.426600
414.433833
414.483567
414.582100
414.685500
414.831800
414.864067
415.233767
415.380600
415.737567
416.258633
416.449100
416.857500
417.244167
417.536667
417.580300
418.417133
418.465167
418.748500
419.826167
420.036667
420.254167
420.359000
420.503100
421.155300
421.226567
421.597267
422.194367
422.270900
422.819700
423.098033
423.454867
423.523033
423.685267
423.728633
423.785667
424.008833
424.075033
424.076867
424.143767
424.192867
424.251100
424.276633
424.305733
424.360433
424.389567
424.620633
424.645167
424.679133
424.709000
424.910967
424.947333
425.377900
425.909133
427.437033
427.482600
427.520800
428.026133
428.056933
428.444867
428.538333
428.612300
429.033867
429.062133
429.768267
431.149500
431.771567
431.865600
432.292933
432.408600
433.761167
433.837100
433.966800
434.497800
435.015633
435.246633
435.384367
435.553433
435.808600
435.838500
435.925633
436.077800
436.432067
436.502600
436.744200
436.858467
436.960767
437.023133
437.053300
437.177800
437.331833
437.373200
438.265533
439.380433
439.425167
439.814900
440.078833
440.084433
440.112900
440.142933
440.201333
440.225900
440.247300
440.355200
440.415267
440.468500
440.603133
440.641867
440.714067
440.770367
440.772033
440.951233
441.025533
441.097533
441.144733
441.160367
441.383667
441.473200
441.700433
441.752967
441.793767
441.860767
441.889800
441.921133
442.218000
442.322700
442.401433
442.505167
442.561800
443.596567
443.650733
443.779500
443.797900
443.832833
443.907533
443.950300
443.987167
444.017933
444.040367
444.051167
444.068500
444.083833
444.206767
444.420600
444.493500
444.947300
445.013500
445.266333
445.524067
445.963500
446.140933
446.309100
446.353567
446.391033
447.623600
448.152033
448.316200
448.320600
448.377100
448.503833
448.520200
448.547300
448.565833
448.579133
448.611367
448.633700
448.789833
448.814433
449.007600
449.039367
449.364567
449.516267
449.527000
449.562867
449.636400
449.697133
449.746100
449.940600
450.372233
450.687767
450.718200
450.960167
451.590700
451.864667
451.922333
452.027333
452.106767
452.130933
452.177133
452.215233
452.304500
452.367933
452.386033
452.446733
452.562533
452.630000
452.712100
452.765367
452.795167
452.862233
452.927400
452.958233
453.637733
454.142667
454.579000
454.883967
454.996467
455.024800
455.234900
455.348400
455.468467
455.503467
455.529733
455.613333
455.712333
455.755833
455.907167
456.047367
456.092533
456.424933
456.476967
456.530700
456.582433
456.653200
456.766167
456.802000
456.977133
457.011733
457.076167
457.355667
457.430400
457.765233
458.550833
458.581333
458.777533
458.856733
458.872400
459.203367
459.827400
460.105600
460.618033
460.674700
460.757367
461.011533
461.044033
461.080900
461.289900
461.674067
462.121767
462.159833
462.908333
463.093033
463.379800
463.485833
463.556467
463.571267
463.762567
463.827067
464.101367
464.185100
464.271033
464.401833
464.441467
464.514967
464.595333
464.704967
464.791433
465.196900
465.368900
465.491500
465.534033
465.621967
465.690333
465.745333
465.892800
466.489467
466.891333
467.146500
467.319600
467.458533
467.483467
467.555767
467.594500
467.711533
467.885733
468.239933
468.268767
468.620067
469.323400
469.369433
469.494633
469.655467
469.699933
470.668567
470.707700
471.351133
471.965567
472.068167
472.071800
472.129800
472.168933
472.241133
472.353667
472.681167
472.763967
472.940867
473.302867
473.364733
473.366867
473.496867
473.534733
473.575567
473.635633
474.145333
474.252367
474.293167
474.315700
474.637467
474.659900
474.749267
474.784067
474.913467
475.085667
475.243167
475.349933
475.361167
475.421133
475.433000
475.435300
475.691067
475.729633
475.847767
475.933500
475.967800
476.061033
476.132833
476.213500
476.229000
476.250600
476.255567
476.282133
476.303867
476.329067
476.354133
476.507533
476.542767
476.680000
476.924833
477.020000
477.212167
477.598533
477.736400
477.986367
478.629167
478.780633
479.331400
479.743900
479.794100
479.834367
479.869767
479.897900
479.963867
480.026700
480.127167
480.240200
480.430600
480.536967
480.712633
482.686933
482.885000
483.260967
484.054000
484.684333
485.823533
486.937467
487.665933
488.415433
489.985933
490.137067
490.216967
490.262367
490.358100
490.548100
490.581867
490.679067
490.727100
490.736133
490.745433
490.747500
490.757133
490.854967
490.924867
490.959667
490.970700
491.047500
491.073233
491.170100
491.279567
491.517333
491.521433
491.670367
491.832000
491.856833
491.934600
491.937267
492.081967
492.273500
492.383667
492.492100
492.633500
492.848700
492.864833
492.872867
492.975033
492.998533
493.100467
493.120133
493.173300
493.225433
493.522100
493.604967
493.660533
493.698267
493.740100
493.879233
494.152567
495.285833
495.364033
495.447767
495.483933
495.591500
495.627300
495.794300
495.842600
496.028500
496.550000
496.626800
497.530067
497.853233
498.005733
498.126367
498.664633
498.964067
498.981300
499.302100
499.314967
499.355267
499.397967
499.475400
499.514467
499.576467
499.704933
499.736100
500.301433
500.567467
501.343433
501.795967
502.074833
502.978267
503.642200
503.690567
503.790233
504.078167
504.109267
504.508267
505.080700
505.265933
505.470100
505.483800
505.533933
505.612200
505.740767
505.827900
505.860767
505.920433
506.038400
506.196067
506.720900
506.748633
506.973400
507.103500
507.904133
509.532633
509.957133
510.872167
510.916467
511.046133
511.128933
511.157233
511.268967
511.627733
512.221033
512.692400
513.809633
514.102433
514.255667
514.611767
514.681433
514.714600
514.773633
515.094167
515.933967
516.077367
516.157400
516.381967
516.617400
516.687500
517.070033
517.818667
517.890933
518.000800
518.119667
518.396167
518.457200
518.489633
518.852067
518.873733
518.897167
518.950533
518.965167
518.992133
519.011567
519.031000
519.116400
520.042467
520.432267
521.227267
521.305233
521.631333
521.989200
522.038800
522.138467
522.871400
522.891700
522.999633
523.013567
523.204633
523.263567
523.309833
523.341133
523.421033
523.942567
524.151667
524.185267
524.398033
524.692033
525.088000
525.272133
525.453533
525.754200
525.763900
525.857733
526.109433
526.170067
526.505433
526.530233
526.802367
526.902167
527.060600
527.212667
528.002167
528.631567
528.709967
528.979067
529.844000
530.142067
530.292800
530.478167
530.629533
530.816233
530.968333
531.282867
531.316233
531.367500
531.410133
531.454800
531.582600
531.865667
531.906367
531.982967
532.637367
533.153433
533.249533
533.512300
533.545200
534.784700
534.917100
535.927433
535.939700
535.997433
536.197900
536.205833
536.280700
536.291200
536.331467
536.541767
536.610267
537.036367
538.345133
538.471267
539.120733
539.142267
539.226033
539.255467
539.437633
539.557433
539.687300
539.720567
539.770467
539.905400
540.095167
540.397533
540.653667
541.448333
542.394600
542.525700
542.586700
542.742433
542.782200
542.935733
543.121667
543.777133
543.791867
543.893800
544.022700
544.144100
544.152967
544.748500
545.121333
545.348900
545.375067
545.421000
545.916200
546.257867
546.334800
546.753133
547.346067
547.394200
548.555167
548.661633
548.885167
548.912567
548.999200
549.023300
549.156633
549.622000
549.649600
549.747067
549.785000
549.848867
550.553733
550.800433
551.944467
552.003767
552.322933
552.396133
552.578767
552.613467
552.689167
552.708333
553.582567
553.600000
553.626367
553.659933
554.275500
554.485533
555.851300
556.284667
556.357167
556.894900
557.966767
558.547667
558.702167
558.950233
559.167000
559.629633
560.120333
560.250333
560.892200
561.221100
561.246700
561.963467
562.394200
562.566867
562.813500
563.012367
563.224367
563.526333
563.812033
563.918133
563.962700
563.986200
564.664467
564.706967
564.834900
565.008500
565.583333
565.781833
566.292967
566.312100
566.324100
566.518700
567.125900
567.236300
567.251433
567.395633
567.534400
567.991633
568.782600
569.133767
569.479567
569.727700
570.093467
570.584767
570.821867
571.684167
571.908567
572.026700
572.214900
572.665200
572.900633
573.103167
573.619567
573.734433
574.003900
574.267567
574.745367
574.806633
575.055233
575.149900
575.357033
575.494767
575.792633
575.848367
575.886400
576.036067
576.158600
577.140800
577.438733
577.745367
577.800833
577.849600
578.166600
578.792267
578.945767
579.070567
579.292300
579.346333
579.460700
579.577933
579.909567
580.109333
580.524933
581.190200
582.503533
582.537333
582.653500
582.825900
583.196033
583.292800
583.447333
583.551600
585.409667
585.887900
585.917767
585.988700
586.516500
586.686433
586.813967
586.916767
586.993833
587.776867
587.846067
587.849433
587.879267
587.949900
588.174933
588.270633
588.277233
588.525367
588.955933
589.037367
589.307000
589.906700
590.016000
591.040700
591.502200
594.375400
594.545833
594.717067
594.809500
594.934000
595.022767
595.085933
595.122833
595.194567
595.199400
595.258233
595.279233
595.318233
595.354833
595.422867
595.476300
595.605500
595.651067
596.003000
596.532700
598.152533
598.372433
598.437267
598.671500
598.754233
598.821600
598.860100
598.984833
599.012333
599.100167
599.160633
599.210833
599.246900
599.284533
599.303400
599.327467
599.752900
599.858600
599.977300
600.233033
601.501667
601.979500
602.022767
602.099667
602.201933
602.629033
602.644067
602.691767
602.909467
602.927600
603.325567
603.361733
603.376167
604.255500
604.888767
605.026933
605.501600
605.540567
606.493400
606.562900
606.810967
607.364500
607.999467
608.067900
608.184267
608.208133
608.233967
608.537900
608.539900
608.561333
608.601967
608.718567
608.749200
608.874833
608.901667
609.244400
609.332367
609.340400
609.489800
609.572933
610.168400
610.327967
611.047667
611.198800
611.602900
611.634467
611.814933
611.982267
612.034100
612.104600
612.313167
612.332133
612.353133
612.433800
612.468133
612.494033
612.597933
612.863967
613.793400
613.833500
613.956000
613.996033
614.016067
614.122267
614.281100
614.442867
614.546000
615.019233
615.283067
615.403000
615.489933
615.754533
616.544967
616.902900
617.299100
617.304767
617.345100
617.439800
617.604233
617.907367
618.145100
618.552733
618.759700
618.869567
618.882767
618.907133
619.044533
619.122800
619.159200
619.285767
619.373600
619.464333
619.499100
619.574867
619.890467
620.065600
620.176467
620.340000
620.357233
620.569633
621.484333
622.078100
622.741800
622.791433
622.877433
623.106767
623.271300
623.400833
623.612367
623.705067
623.738767
624.022000
624.941900
624.962167
625.566067
625.645633
625.777800
625.830667
626.015933
626.353600
626.663900
626.744967
626.767033
626.877200
627.007533
627.041367
627.179400
627.223400
627.275633
627.350433
627.401300
627.437033
627.495733
627.691267
627.779833
628.104333
628.288833
628.312700
628.516667
628.616333
628.825600
629.148767
629.220467
629.785633
630.550467
630.668300
630.761867
631.070767
631.242933
631.294700
632.234767
632.454100
632.518867
632.561500
633.354833
634.921000
635.387400
635.577133
635.708300
636.107867
637.060900
637.099800
637.254833
637.357700
637.376000
637.387967
637.607433
637.734833
637.987367
638.073667
638.210133
638.251833
638.615167
638.978100
639.061233
639.102567
639.212633
639.723133
639.795367
639.870500
640.613133
640.719467
640.998267
641.069067
641.078600
641.100567
641.290633
641.343833
641.456067
641.576600
642.067333
642.091167
642.101167
642.106133
642.369633
643.133400
643.593300
643.643067
643.738667
644.062733
644.359133
644.552667
644.839067
645.334267
645.391600
645.546100
645.643233
645.744833
645.956867
645.986433
646.198733
646.203767
646.342500
646.416967
646.420933
646.512833
647.355667
647.418233
647.440267
647.453633
647.515533
648.593900
648.726467
648.767867
649.030800
649.667167
649.707067
649.760633
649.933167
650.382767
650.717067
650.778033
650.850400
650.870500
650.963867
651.069800
651.090767
651.189333
651.511500
652.006900
652.122900
652.779233
652.869900
653.296033
653.306900
653.358367
653.394167
653.404933
653.437600
653.525700
653.650333
654.079733
654.108967
654.254433
654.641600
654.675167
654.746333
654.836267
654.871667
654.979700
656.791333
656.806033
657.114200
657.119167
657.174633
658.466533
658.529000
658.620333
658.752833
658.825233
659.607633
659.693933
660.001633
660.067767
660.196067
660.288600
660.323467
660.377133
660.422100
660.669333
660.709900
660.759500
660.938000
661.076800
661.152100
661.190433
661.300833
661.319433
661.462700
661.522867
661.939867
662.086067
662.891667
663.137600
663.210067
663.254667
663.458467
663.588633
663.682000
663.733500
663.801933
663.896400
663.955467
665.463533
665.758700
665.770867
667.036300
667.805600
668.295367
669.843500
671.640900
671.743133
671.797400
672.286867
672.481067
672.869833
673.092167
673.178667
673.256200
673.358333
673.400400
674.189267
674.368533
674.402233
674.555767
674.947000
674.968233
675.098200
675.397633
675.437233
675.459133
675.934667
676.387100
676.416300
676.852700
676.962600
676.966800
677.173733
677.406267
677.429367
677.563300
677.629700
677.656500
677.695933
677.738600
677.882767
678.177067
678.305033
679.345867
680.087700
680.382633
680.443200
680.504400
680.530133
680.608100
681.239033
681.542367
681.787933
682.164967
682.477867
682.612567
682.666267
682.688833
682.692500
682.721633
682.984067
683.116433
683.239300
683.343967
683.640133
683.708600
684.228333
685.615233
685.815567
686.080300
686.122700
686.513067
687.195600
688.198533
688.234967
688.890133
688.947600
689.053167
689.402100
689.527467
689.535100
689.558833
689.565033
689.665367
689.959633
690.164367
690.330367
690.461133
691.552000
691.900767
692.379800
692.535800
692.885867
693.041567
693.082633
693.100233
693.129700
693.306800
693.430333
693.513800
693.734633
693.749333
693.769933
693.950333
694.419667
694.553900
694.745300
694.793600
694.882600
695.343767
695.466733
695.994700
696.934667
697.003033
697.083200
697.159800
697.904200
698.113133
699.031467
699.681600
700.537767
700.917700
701.019200
701.116967
701.391667
701.672300
702.154733
702.312800
702.640733
702.790267
702.909433
703.427733
703.511067
703.548933
703.953200
704.685200
704.757567
704.946133
705.063933
705.136367
705.236600
705.269833
705.316233
705.426633
705.478733
706.046400
706.380200
706.845433
706.948433
707.402500
708.655233
709.047467
709.163600
709.234200
709.261267
709.393933
709.436467
709.635900
709.751733
709.772167
709.790233
709.827300
709.998133
710.028400
710.086233
710.124767
710.240433
710.400933
710.972400
711.470567
711.867500
712.009567
712.189400
712.526133
712.710000
713.787100
714.154067
714.304367
714.791800
714.908667
714.962200
715.203433
715.235667
715.249767
715.277067
715.324933
716.239033
716.329467
716.387167
716.631700
716.911900
717.664300
718.020800
718.028367
718.087767
718.700333
719.787767
721.694633
722.258467
723.011100
723.571333
723.669600
724.245600
724.407367
724.417533
724.420467
724.436267
724.605500
724.632767
725.355133
725.818367
725.824133
726.676400
728.076400
729.667033
729.731500
729.980967
730.056600
730.148200
730.286700
730.371300
730.404633
730.457367
730.518600
730.934433
731.002467
731.798300
732.237800
733.956233
734.016667
734.391867
734.446567
734.468600
734.548933
734.741700
734.766900
734.800367
734.825733
734.875333
734.919067
734.941533
734.959667
735.767900
736.296800
736.594900
736.630967
736.847033
737.065400
737.423967
737.843333
738.440933
738.980100
738.997933
739.779467
740.271833
740.332933
741.077267
741.234667
743.698400
743.781433
744.037133
744.677233
745.024833
745.518900
745.787733
746.183733
746.312400
746.341133
746.606933
747.485933
747.951700
748.184600
749.000767
749.084700
749.589300
749.593200
749.824133
750.102467
750.717433
750.925833
751.297400
751.334333
751.420467
751.440300
751.521133
751.538600
751.564400
751.658933
751.690900
751.756900
751.885767
751.904367
751.992167
752.217500
752.250233
752.288367
752.341733
752.537033
752.637867
752.900967
753.065600
753.132833
753.209167
754.339200
754.753367
754.859367
755.655767
756.199367
756.424100
756.474200
756.648833
756.702500
756.814467
757.267900
757.347733
758.109667
758.489900
758.507633
758.513567
759.081733
759.381767
759.505133
759.864833
760.073433
760.759767
760.840433
760.851833
760.985700
761.168933
761.714067
761.898467
761.925867
761.962033
762.008967
762.158967
762.216200
763.123133
763.257833
763.905867
763.991167
764.157533
764.677700
765.705200
765.810767
766.075467
766.582767
767.406067
768.270533
768.310400
768.636567
768.831000
769.267133
769.581133
769.848167
770.171100
770.334667
770.472000
770.505733
770.848167
772.636467
772.679000
772.688900
772.877700
773.845567
773.909633
775.141733
775.329100
775.367233
775.739833
775.906267
775.979767
776.028300
776.068400
776.308167
776.446500
776.849900
777.142067
777.190933
778.162600
778.491567
779.406767
779.502833
779.616200
779.676767
779.715533
779.747567
779.890100
780.465433
780.524700
780.682233
781.017300
782.384733
782.517867
782.550000
782.604700
782.766267
782.794467
783.121100
783.762400
784.709833
784.920067
785.539600
786.373733
786.523200
786.603367
786.637200
786.794900
786.935367
787.423400
787.607967
787.641400
788.940100
789.120267
789.369733
789.401367
790.091633
790.484167
791.931700
792.070267
792.072867
792.131733
792.246367
792.303200
792.983133
793.156967
793.227167
793.751367
794.687167
794.865233
794.913533
795.809233
796.459533
797.115400
797.380200
797.548967
797.737167
797.761567
797.814233
798.548133
798.635633
798.662033
798.723600
798.731033
798.812200
798.850200
798.930267
798.975333
799.701967
799.804333
799.982100
800.395100
800.860633
801.263633
801.568067
801.884000
802.588867
802.934433
803.795033
804.217433
804.320067
804.681700
804.849800
805.434100
805.524433
805.937000
806.331167
806.697300
806.992400
807.164933
807.365200
807.528433
807.719100
808.859933
809.946967
810.103500
810.323700
810.481367
810.897833
810.921533
810.949600
811.167933
811.945767
813.022900
814.520300
815.084600
815.262567
816.229333
816.232033
816.299300
816.832533
818.495167
818.974633
819.214400
819.248000
819.426633
820.171367
820.295267
820.530333
821.363200
821.561833
821.893267
822.676867
822.909200
823.088800
823.266667
824.208733
824.217567
824.512967
824.588667
824.686200
824.699533
825.103867
825.174167
825.183200
826.378533
827.290800
827.386467
827.490067
827.593067
827.682567
827.861867
828.491200
828.927600
829.310633
829.575700
829.790867
829.863800
829.991133
830.462633
830.718533
830.882900
831.196533
831.266200
831.426800
831.519467
831.567633
831.795000
831.947000
831.960167
832.023267
833.063433
833.117400
833.172333
834.268033
834.411233
834.492133
834.668767
835.060700
835.263300
835.344367
835.523600
835.945667
836.937933
837.105133
837.211967
837.418867
837.678067
837.716400
837.791367
837.892900
838.323467
838.432133
838.774233
839.510200
839.894133
840.490967
841.018500
841.229433
841.266367
841.612933
841.748733
841.793867
841.852967
842.015300
842.077033
842.360867
842.371333
842.896967
843.111167
843.291433
843.646833
844.121800
845.226800
845.771833
845.818433
846.341733
846.374133
846.450500
847.047200
847.285267
847.369667
847.512433
847.734367
848.010200
848.067667
848.321367
849.028300
849.769033
850.162933
850.522500
850.670467
851.262733
851.618367
851.654300
852.290900
852.315433
852.644067
853.466100
853.633267
854.382367
854.748233
854.816167
854.995833
856.198800
856.583300
856.748600
856.763367
857.644000
857.818767
857.922433
859.715067
860.197300
860.492200
860.992433
861.341667
861.437400
861.572033
861.605067
861.893567
862.487400
862.823833
863.493500
863.556467
863.658033
864.114267
864.446600
865.857800
866.350567
866.542200
867.005767
867.135300
867.433267
868.693500
868.796200
869.151867
869.744367
870.035100
870.258367
870.396800
870.840067
873.453000
873.619333
873.778667
873.872000
873.901667
873.990567
874.023933
874.198233
874.681000
875.208600
875.711467
876.876467
878.185933
878.387567
879.076500
879.342667
879.713900
879.989533
879.998667
880.665167
881.366633
882.021333
883.363233
883.519700
883.586533
884.142667
884.575200
884.991033
885.758233
886.396167
887.398233
887.514367
887.770233
887.956667
888.868667
889.024233
889.070467
889.676900
890.324000
891.111233
891.267367
891.439400
892.369767
892.798100
893.820067
893.984267
894.262600
895.371233
895.847533
895.950700
895.967567
896.007233
896.032967
896.077500
896.453067
896.485633
896.597300
897.558267
897.591767
897.935567
898.144267
898.250400
899.569433
900.972233
901.471067
901.828700
902.416433
902.658933
903.248900
903.387333
903.391700
903.822800
904.015500
905.127200
905.285333
905.578167
905.906000
906.232200
906.937767
908.922233
909.072467
909.586633
909.688233
911.719600
911.877167
911.997867
912.064300
912.134033
912.371267
912.386300
912.640367
913.156300
914.709333
914.761933
915.010833
915.043533
915.206233
915.225000
915.293700
915.467000
915.571167
915.685233
918.443833
920.415267
920.504267
920.770833
921.609167
922.189200
922.417967
923.315433
923.652667
924.092733
924.323533
924.449300
924.609133
924.864700
924.920833
925.029867
926.659933
926.929733
927.176000
928.703700
928.846867
929.490833
929.564500
929.746500
930.569000
930.917867
931.141500
931.227500
931.805700
932.070200
932.294667
932.346167
932.546067
933.492467
933.767033
933.827433
934.176300
934.391733
934.480733
934.517500
935.223567
936.546133
936.686233
936.958667
937.180733
937.245533
938.027100
940.010867
940.445467
941.297167
941.400200
941.568467
942.154533
942.645167
943.595100
944.104700
944.246733
944.657333
944.999900
945.081600
945.229433
945.262067
946.084133
946.825867
947.017767
947.918900
947.953900
948.770267
950.806300
951.005133
951.301467
951.390500
951.870233
951.910667
952.062200
952.655300
952.836333
952.841933
952.943867
953.473867
953.502900
953.577433
953.899367
954.015933
955.511667
955.619433
956.208667
956.325000
956.713033
956.754000
957.131333
957.431833
957.676400
957.694867
957.810933
958.131400
958.915367
959.989933
960.284800
960.733467
962.202667
962.526967
962.634567
963.054867
963.109733
963.638867
963.975400
964.002633
964.309633
965.547567
966.010800
966.300700
966.312400
966.553700
966.896500
967.043067
967.193833
967.575833
968.005833
968.312300
968.949467
969.291400
969.742267
969.886800
970.242767
970.547467
971.437233
971.561267
971.871233
973.029000
974.168433
975.053367
976.004700
976.084000
976.110767
976.275467
976.623800
976.928533
977.500367
978.044300
978.070400
979.003867
979.760633
980.139433
980.151867
980.200033
980.319933
980.332100
980.416167
980.564367
981.461467
981.614100
981.641700
981.780267
982.123133
982.404200
982.473500
982.804133
982.904333
983.646533
983.960533
984.199867
984.314933
984.448033
984.758433
985.668533
986.726433
986.930033
987.003233
987.587733
987.722467
988.176067
988.291400
988.330000
988.529833
988.841600
988.929500
989.380200
989.904700
991.412033
993.549000
993.666000
994.240667
994.830233
995.145100
995.445400
996.596200
996.785433
996.925500
997.478933
998.806367
998.979300
999.331467
999.554067
999.573067
999.777233
999.972433
1000.976433
1001.837600
1002.001267
1002.078033
1002.106300
1003.203267
1003.412833
1004.199100
1004.232867
1004.866200
1005.108833
1005.259267
1005.346267
1005.449567
1006.854300
1006.897600
1007.308800
1009.688867
1010.148767
1010.357533
1010.857133
1010.976200
1011.588033
1011.676700
1012.923733
1013.356133
1014.334667
1014.381000
1014.518000
1015.369167
1015.776500
1016.030400
1016.037633
1016.070733
1016.276367
1016.418467
1016.456233
1016.634967
1016.707067
1016.774167
1018.496467
1018.755567
1018.991333
1020.093033
1020.426600
1020.608467
1020.887567
1021.277500
1023.111767
1023.699667
1023.855467
1024.100500
1024.121000
1025.464800
1025.680300
1025.901600
1026.023333
1026.462500
1026.719433
1027.188300
1027.231433
1027.395067
1027.607433
1028.006567
1028.278767
1028.327967
1028.831600
1029.078533
1030.644933
1031.678833
1031.905133
1032.249000
1032.329467
1032.398267
1033.223567
1033.252433
1034.463900
1035.548500
1036.261633
1036.788900
1036.960800
1037.176133
1037.675133
1038.264433
1039.696000
1039.762633
1039.956533
1042.224100
1042.585300
1042.884667
1042.956633
1042.966167
1043.070167
1043.133300
1043.262100
1043.290033
1043.349033
1043.403667
1043.474967
1043.508267
1043.638567
1043.720400
1043.837267
1043.923533
1044.246033
1045.432067
1045.766567
1045.911667
1046.057300
1047.857367
1048.365233
1048.435000
1048.513133
1048.735800
1048.828200
1048.939200
1049.314700
1050.193367
1050.639800
1050.983300
1051.145833
1053.232067
1053.480633
1053.580267
1053.652300
1053.944767
1054.069500
1054.493800
1054.574200
1054.747100
1056.350233
1056.626133
1056.665700
1056.836933
1057.133000
1057.175600
1057.312567
1057.570867
1057.866533
1058.467700
1059.920367
1060.539233
1061.109333
1061.243767
1061.278900
1061.361933
1061.386800
1061.770200
1061.804567
1061.884133
1061.933900
1063.351033
1063.608933
1064.941267
1065.432333
1065.440833
1066.927200
1067.008300
1067.139433
1067.292267
1067.383733
1067.471233
1068.356133
1068.701833
1070.115800
1070.678567
1071.023333
1071.898333
1071.952167
1072.350067
1073.096067
1073.243433
1074.015867
1074.949500
1075.643200
1076.732633
1076.991733
1077.081733
1077.128767
1077.214067
1078.353567
1080.314467
1080.736133
1080.870600
1081.575500
1082.387767
1083.171100
1083.451033
1084.144767
1084.164100
1084.922433
1085.714700
1085.777833
1085.897500
1086.044433
1086.315800
1086.781133
1086.896467
1087.499800
1087.924967
1088.234200
1088.518100
1088.574633
1089.657967
1089.763167
1090.245500
1090.410067
1090.535967
1090.696733
1090.848433
1092.112667
1092.433300
1092.679233
1093.108633
1093.112533
1093.475967
1093.479267
1094.786700
1095.277633
1095.457433
1095.770733
1095.806633
1095.934000
1096.132933
1096.265533
1096.963400
1097.896300
1098.038833
1098.839700
1099.109167
1099.440633
1100.631633
1100.792200
1101.297000
1101.621933
1102.441667
1102.502967
1103.270367
1103.313367
1103.879300
1103.966967
1104.077567
1104.453133
1104.514767
1105.171400
1105.284367
1106.274333
1107.482467
1107.517967
1107.671367
1108.717233
1108.760667
1110.447767
1111.021467
1111.389733
1111.831367
1113.513067
1114.795833
1114.825233
1115.181467
1115.201467
1115.575333
1115.709567
1115.760700
1115.800800
1115.938233
1117.720367
1117.748900
1117.877967
1119.294467
1119.346067
1120.589000
1121.001567
1121.079267
1121.112300
1121.439700
1121.806633
1121.944000
1122.656233
1122.689667
1122.740900
1123.707000
1123.827433
1123.859167
1123.979067
1124.020900
1125.281300
1125.286967
1125.439500
1126.646900
1126.929500
1127.678167
1128.434333
1129.050733
1129.171500
1129.687500
1131.387133
1131.505100
1132.740267
1133.078867
1133.185000
1133.518867
1134.794733
1135.766300
1136.027367
1136.185533
1136.888600
1137.103100
1137.367967
1137.464600
1137.549500
1139.438833
1139.864133
1140.108600
1140.255167
1140.581200
1140.713067
1141.174967
1141.242300
1141.386367
1141.430867
1141.898200
1143.762800
1144.012467
1144.756667
1144.791567
1146.487733
1146.520933
1147.398900
1147.720767
1147.908500
1149.938800
1149.946633
1151.237100
1151.259267
1151.414667
1151.771133
1152.330500
1153.020700
1153.308567
1153.576200
1153.872167
1154.377467
1154.609300
1154.742567
1155.515033
1155.816333
1155.920733
1156.474133
1156.592267
1156.635067
1156.931100
1157.212667
1157.465367
1158.227733
1158.499033
1158.969533
1158.993033
1159.386633
1159.625367
1159.715633
1159.923100
1160.339167
1160.441000
1161.441667
1161.448867
1161.539367
1162.214200
1163.367300
1165.343867
1165.630300
1166.187367
1166.233800
1166.966333
1166.996000
1167.324033
1167.451867
1168.296667
1168.987767
1169.933800
1170.091800
1170.970067
1171.436467
1172.218300
1173.007367
1173.976733
1174.730033
1174.807467
1175.001333
1175.568100
1175.924067
1177.059433
1177.254067
1177.314367
1177.728867
1178.744867
1178.927933
1179.383800
1179.675533
1180.249333
1180.581633
1180.693733
1181.219300
1181.686267
1181.975367
1181.977867
1182.348733
1182.725033
1184.473500
1184.559167
1184.714533
1184.977167
1185.151900
1185.967233
1186.363833
1186.978333
1187.217600
1187.529700
1187.745267
1187.799633
1187.817367
1187.907633
1188.023967
1189.042067
1190.170633
1190.182600
1190.376967
1190.614900
1191.204533
1192.386467
1194.302667
1194.470767
1194.502700
1194.725067
1194.964167
1195.013633
1195.084067
1197.266967
1197.786267
1198.099867
1199.073267
1199.257000
1199.395467
1200.217767
1201.237300
1201.444867
1201.456600
1202.137100
1202.422000
1202.559933
1203.736267
1204.649133
1205.014633
1205.828233
1205.984267
1206.463033
1206.600633
1208.083733
1209.417300
1209.528000
1209.756133
1209.857833
1211.492133
1212.100900
1212.140100
1212.435933
1212.572600
1213.950567
1214.266967
1214.522800
1214.581967
1214.958267
1215.012600
1215.417967
1216.007300
1216.308500
1216.566033
1216.900433
1217.741500
1217.786300
1217.995533
1219.020233
1220.485800
1220.929567
1224.450567
1224.812333
1224.951333
1225.535033
1226.294933
1226.531367
1226.565233
1226.600533
1226.637367
1226.791767
1227.878767
1228.865800
1228.882167
1229.516033
1229.793133
1230.161000
1230.243600
1230.829367
1231.760833
1232.364133
1232.559767
1232.680933
1233.148000
1234.038933
1234.200033
1235.216433
1235.396400
1235.611000
1235.867533
1235.886167
1235.921400
1235.973567
1236.116033
1236.825333
1237.119267
1237.136267
1237.268567
1237.615167
1238.957367
1240.054167
1241.094700
1242.429000
1242.554167
1242.768767
1243.328567
1243.398567
1243.965033
1245.123867
1245.183767
1245.944533
1246.434833
1247.056167
1247.689667
1248.317467
1248.898700
1249.665067
1249.759300
1250.028700
1250.264700
1250.267733
1250.366033
1250.832533
1250.923367
1251.073733
1251.296700
1251.649333
1251.841833
1251.969933
1253.158433
1253.303867
1253.446300
1255.049467
1255.243767
1255.427000
1255.587233
1256.462200
1257.945800
1258.324033
1258.591533
1259.190400
1260.182767
1260.547167
1260.829667
1260.942967
1261.480733
1261.824233
1261.906900
1262.522767
1262.814000
1264.445067
1264.994367
1265.083000
1265.170367
1266.084433
1266.099267
1266.283900
1266.294533
1266.408700
1267.211867
1268.818567
1269.061433
1269.539467
1273.129800
1273.423767
1273.963633
1276.493000
1276.531933
1276.958800
1277.641000
1278.590567
1278.652133
1279.040200
1279.295733
1279.327767
1279.706200
1279.939900
1280.023333
1280.129900
1280.429667
1280.874333
1282.548400
1283.363500
1283.561633
1283.818833
1283.870100
1283.915033
1285.048067
1285.051567
1285.647100
1285.779500
1286.651900
1287.433800
1289.559267
1289.665533
1289.727233
1289.753067
1289.778533
1289.925633
1290.393800
1290.934800
1291.404400
1291.423467
1292.025133
1292.427967
1292.689633
1292.899633
1293.377933
1293.562600
1293.848367
1294.356667
1294.390867
1295.198067
1297.059200
1297.618300
1298.448733
1299.102733
1299.385067
1300.057100
1300.298033
1300.667733
1300.738733
1301.449433
1301.969133
1302.387400
1303.104300
1303.739300
1303.865333
1303.933200
1304.755867
1305.015667
1305.099033
1305.294467
1305.479333
1305.570933
1305.603267
1305.631467
1305.743833
1305.777467
1306.004233
1306.254000
1306.790633
1307.229567
1307.420733
1307.490333
1307.815633
1310.912067
1311.268333
1312.451567
1312.940367
1313.750833
