1.025133
3.252100
3.332200
4.299800
4.851233
4.943133
5.788033
6.675400
7.745900
7.963933
8.179167
8.202967
8.796033
8.961767
8.977900
9.377467
9.589133
10.250133
10.798800
12.709333
12.765600
12.819733
12.831033
12.968867
12.998967
14.143900
14.211467
14.284567
14.549667
14.590100
14.621233
14.659567
14.870700
14.946333
14.948633
15.074967
15.533833
15.741000
16.241333
16.275500
17.201067
17.219500
17.635567
17.662967
17.726900
17.857500
18.033267
18.291167
18.545700
18.584100
18.613567
18.646900
19.119433
19.219000
19.618400
19.719100
19.883067
19.940433
19.978633
20.041333
20.103667
20.368067
20.546700
20.613167
21.193900
22.217767
22.311467
22.797933
22.847733
25.561333
25.590033
25.749100
25.949033
27.710100
27.779667
29.036400
29.408667
30.528367
32.689267
34.892267
34.959933
35.863600
36.513233
36.949833
37.367633
38.960733
38.984700
39.119500
39.131600
39.876933
39.968033
40.213067
40.264133
40.427667
40.497433
40.499567
40.816500
40.861167
40.933233
40.935533
40.988767
41.261400
41.522300
41.656800
41.977033
42.659600
43.525967
43.690367
43.881300
43.972400
44.054767
44.162833
44.356500
44.454500
44.513633
44.603600
47.170733
47.329733
47.443267
47.517667
47.644667
47.666300
47.757633
47.799267
47.841867
47.913867
48.081600
48.487033
48.492333
48.525800
48.534200
48.745733
48.774767
48.800267
48.886033
48.952400
49.290533
49.480433
49.991500
50.017067
50.186433
50.919900
51.062000
51.451733
51.735700
52.034000
52.217867
52.531900
52.592233
52.676067
52.740900
52.883300
53.063267
54.353000
54.551433
55.789267
57.226500
58.674433
58.786833
59.410500
61.616033
62.306067
62.387033
62.477967
62.569633
62.750200
63.013300
63.285767
63.318433
63.865667
63.920967
63.974167
64.023367
64.106167
64.343800
64.380033
64.693867
65.461267
65.677667
65.835733
66.085367
67.650033
67.774033
67.848767
68.083167
68.195100
68.245167
68.253100
68.481167
68.642233
68.937933
69.483033
69.697533
69.753567
69.885300
69.916733
70.558667
70.590767
71.007567
71.503400
71.610867
71.832167
72.020633
72.890033
73.277567
73.462433
73.697500
73.820467
73.893300
73.895167
73.963200
74.060367
74.180000
74.399633
75.572000
75.740000
75.852567
76.045467
76.166033
76.249800
76.252300
76.356000
76.642900
78.900267
79.425033
79.704600
79.741700
81.120100
81.520067
81.755333
81.832000
82.074533
82.096733
82.530667
83.376833
83.795000
83.860767
84.041000
84.114833
84.140733
84.313567
84.499567
86.555600
87.399433
88.120233
90.012267
96.331133
97.413300
97.498933
97.625700
97.747033
97.763100
97.896733
97.987967
98.672900
98.728600
98.863067
99.506233
99.976633
100.335467
100.496600
104.190900
104.466900
104.537933
105.678900
105.899600
106.400600
107.054667
108.353433
108.553567
108.751267
108.980900
109.721567
109.813133
109.982000
110.271867
110.658167
110.958967
111.120100
111.166833
111.269967
111.492000
111.586933
112.617967
112.885667
112.994533
113.016533
113.128733
113.255600
113.356000
113.387200
113.429867
113.498167
113.524533
113.601100
113.646100
113.670600
114.096900
114.109133
114.211967
114.799433
114.865833
114.896900
115.069767
115.802733
115.841700
115.888867
116.021467
116.044267
116.073000
116.242367
116.259533
116.283967
117.089267
117.181967
117.348433
117.596733
117.666867
118.647200
120.600333
121.023900
123.591467
123.655733
123.671467
123.709667
124.681800
125.183067
126.617400
126.659900
126.716033
127.956767
127.990533
128.741100
128.794567
128.832467
128.837267
128.915767
129.440100
133.136200
134.811467
134.815567
136.762567
137.097933
137.490900
137.549133
137.600633
138.255733
138.402800
138.643200
140.331167
140.364033
141.301600
143.153400
143.263400
143.810967
143.887667
143.997167
144.246833
144.582633
144.747467
144.858733
145.008400
146.595200
146.638467
146.744867
148.074733
148.202600
148.289400
148.307500
148.398467
148.698467
148.712200
148.763000
148.797033
148.834667
149.143600
149.314633
149.332400
149.527833
151.071167
151.206767
151.340767
152.123767
153.026200
153.416267
153.635433
154.208300
154.420700
154.464100
154.531333
154.770633
154.962033
155.123133
155.279800
155.371767
155.547267
155.726700
155.744833
156.012033
156.236233
156.364500
156.409200
156.545533
156.561800
158.475267
158.601067
160.034167
160.134800
160.155333
160.367067
160.736833
160.741600
160.761233
160.856300
161.131633
161.202700
161.265733
161.329100
161.334633
161.402533
161.515267
161.919867
162.676267
162.721500
162.958867
163.261700
163.459000
163.520133
163.733000
163.940933
164.188200
164.450400
164.563033
164.692467
164.739000
164.856700
164.904700
165.151433
165.305533
165.969867
166.507900
166.619500
166.676867
167.028400
167.069700
167.175533
168.079067
168.253133
168.360000
168.398800
169.130100
169.176033
169.236333
169.311300
169.464067
169.596467
169.806667
170.447600
170.617267
171.053633
171.957267
172.013867
172.061867
172.619733
173.136767
173.406333
173.579667
176.600700
177.334867
177.429867
177.460367
177.472267
177.516000
177.568833
177.719333
177.863300
177.983467
177.997833
178.070833
178.093867
178.430133
178.912333
179.239333
179.444600
179.507367
179.684433
179.727533
180.103200
183.977467
184.483167
184.946467
185.296667
189.533733
189.686767
190.193333
191.308333
191.408233
191.699900
192.915333
192.993600
193.176600
194.777333
196.312967
196.372067
196.541533
196.572433
197.698100
199.605733
199.676433
199.790367
200.010867
200.023333
202.117333
203.131767
204.804500
204.825133
204.872467
205.081800
205.114400
205.185267
205.198733
205.376100
205.413533
205.459433
205.652600
206.041500
206.068400
206.285833
206.589100
206.836833
207.182700
207.693000
207.808800
207.854567
208.022233
208.130400
208.440367
209.867267
210.022133
210.079800
210.124200
210.186667
210.289000
210.338400
210.364000
210.537100
210.595300
210.749033
213.078467
214.169967
214.743700
215.322733
216.733400
218.950167
218.965500
219.004267
219.307400
219.401100
219.490100
219.617067
219.880400
220.727167
220.786133
220.862433
221.868467
222.822933
223.958133
224.021867
224.516333
224.537900
225.538267
226.334267
226.494433
226.624167
226.678867
226.713300
226.734233
227.170967
227.311567
227.820300
227.917100
227.944833
228.017200
228.064267
228.097467
228.174467
228.331300
228.396367
228.701633
228.789967
229.027567
229.099300
229.146233
229.219433
229.283400
229.336900
229.594667
229.915933
229.922533
229.971367
229.986333
230.017900
231.164767
231.313700
231.502300
231.511267
231.600467
231.898400
234.002700
234.033800
234.104233
234.140167
236.346200
236.789300
237.030200
237.334000
238.287267
238.313133
239.643467
239.947500
240.012200
240.428467
240.462467
240.569733
240.603433
240.681267
240.710667
241.501400
243.867700
243.997733
244.965200
245.053700
245.442000
245.566933
245.582767
245.645567
245.850867
246.013767
246.088300
246.871167
247.237433
247.373567
247.469533
249.358000
251.581533
252.316233
252.617600
252.724233
252.818733
253.024700
253.180633
255.156267
255.205567
255.286200
255.298267
255.300400
255.328533
255.473367
257.303200
258.284800
259.708500
259.975767
260.018300
261.533033
261.641900
261.875100
261.955367
262.281567
262.889233
262.891700
262.924567
263.008600
263.160667
263.177467
263.699833
264.834100
266.752800
266.770167
267.321600
267.428833
267.655300
269.735133
270.181867
270.424000
270.439533
270.835333
271.198933
271.299800
271.735200
271.868267
272.457733
272.502867
272.558700
273.003967
273.203200
273.214733
273.284767
273.447733
273.799767
274.807933
274.887067
274.976733
275.017167
275.132267
275.165533
275.450700
275.520067
275.545533
275.625200
275.678400
275.762800
275.898733
276.412000
276.457067
276.845833
277.013300
277.043433
277.121233
277.227667
277.256200
277.374233
277.696233
277.777233
278.032433
278.060833
279.278167
279.596367
279.680300
279.738567
279.822167
279.873167
279.948333
279.984233
280.138067
280.163600
280.211767
280.512733
283.308467
283.871567
284.143067
284.667800
284.691267
284.798833
284.841000
285.047500
285.206700
285.421500
286.492567
286.533700
287.506300
287.581233
287.671533
287.717300
289.065100
289.127133
289.286100
289.640767
289.814700
290.741700
291.467367
292.037733
292.079033
292.221067
293.340067
295.095400
296.239100
296.277967
296.416900
297.771267
297.794733
297.836000
298.120533
298.615967
298.668667
298.700633
298.803100
298.805200
298.919367
299.401400
299.850567
300.643900
300.997733
303.118300
303.883000
304.079033
304.676800
306.360167
307.533567
307.591900
307.878067
308.041867
308.095467
308.211233
308.408133
308.470133
308.536800
308.774467
308.911533
308.963067
309.025233
309.200533
309.632000
309.908733
310.259767
310.867900
310.932233
310.976900
311.995633
312.274233
315.844667
319.733667
319.923500
320.001500
321.154367
321.408333
321.438067
321.698300
321.978167
322.162567
323.742467
323.825800
323.860900
324.448467
325.207067
325.819967
326.189133
326.443267
326.769867
326.797567
326.823767
326.844367
326.882767
326.904833
326.983533
327.004233
327.068867
327.097433
327.318233
327.348633
327.386567
327.552033
327.621700
327.662100
327.685567
327.780767
327.848167
327.911100
328.077300
328.227567
328.751033
330.170067
330.786900
330.789200
331.301000
331.440867
331.523900
331.771933
334.600500
334.635233
336.719000
336.861800
336.914500
337.160067
337.474400
337.655400
337.740367
337.807400
339.204033
339.225067
339.363900
339.426300
339.462500
339.676967
339.724267
339.822267
339.945767
340.205700
340.355967
340.443033
340.535033
340.550467
340.614033
340.694567
340.773067
340.775000
340.852533
340.912733
340.934733
341.282500
341.388333
341.559933
341.646367
341.896533
341.990033
342.494067
342.777967
343.620500
343.738800
343.800767
344.212033
347.559367
347.661100
348.060367
348.111700
348.318700
349.768133
351.814133
351.925833
353.484333
353.645633
354.620667
355.002367
355.117767
355.333267
356.707300
356.771100
356.871400
357.633967
361.751533
361.765733
363.022200
363.296433
363.404833
363.452533
364.135233
364.215067
364.227033
364.293667
366.836467
367.492133
368.178500
369.690000
370.303300
370.439033
370.481500
370.615533
370.863467
370.952267
370.996933
371.015733
371.121300
375.167967
375.238167
375.257133
375.326000
375.505033
375.987500
376.539633
376.558567
376.805933
376.849100
376.919667
376.970000
377.166433
378.452567
379.751533
379.805900
381.121000
381.209667
381.481133
382.327700
382.331900
382.511633
383.691200
383.833800
383.859400
384.001633
384.785200
386.895633
386.948000
389.767733
389.890967
390.231167
391.384767
391.406300
391.931233
392.284367
393.063533
393.720867
393.752200
393.985733
394.022233
394.519233
395.187333
395.986100
396.080000
396.106567
396.171500
397.989400
398.328233
398.433933
398.469267
398.909600
399.180200
399.207633
399.235100
399.284133
399.337767
399.468900
399.598433
399.686500
399.926100
399.934800
400.424200
400.470300
400.630567
400.669867
400.696600
401.103300
401.205233
401.949700
402.824367
403.566533
403.588500
404.042967
407.439833
407.463000
407.482700
407.630500
408.392200
408.756167
408.937600
411.054900
411.075333
411.118333
412.202433
412.482533
412.628600
413.363667
413.661833
413.733000
413.875700
414.780933
415.154633
415.220967
415.337833
415.823833
415.940500
416.964767
417.048300
417.077333
417.163067
417.202233
417.270067
417.298667
417.387667
417.630667
417.831267
418.068233
418.152167
418.179400
418.204667
418.264833
418.270500
418.298200
418.370867
418.399933
418.486900
418.562167
418.961500
419.103633
419.149000
419.233000
419.282567
419.330333
419.474733
419.584400
419.780100
420.085567
420.198900
420.487467
420.816133
421.548767
425.670000
425.727900
427.816600
427.873767
428.487767
428.525000
429.354533
429.394200
429.421367
433.431867
433.982933
434.250300
434.351633
434.695333
436.619033
436.651333
436.712200
437.396733
437.884967
438.486233
438.655367
438.686533
442.115433
442.246767
443.305233
443.341100
443.648900
445.406267
445.616133
445.751167
445.764100
448.120067
448.143133
448.215000
448.524700
448.570333
448.720800
448.787067
448.844467
449.338400
449.475233
449.479033
449.771933
449.909233
450.255400
450.432067
450.493833
450.528033
450.704333
450.758633
451.180367
452.516900
452.601233
452.628433
454.142100
454.255000
454.389167
454.614567
455.431433
455.522433
455.546000
455.634200
455.645100
455.725200
456.264367
456.496667
456.673100
456.734700
456.979400
457.724033
457.859567
457.891967
458.081600
458.175467
458.377233
458.485733
458.630300
458.663067
458.671000
458.690800
458.982133
459.019167
459.308767
459.345200
459.374833
459.645700
459.786433
460.705300
460.726033
461.567600
461.906800
462.142700
462.156000
462.212600
467.107433
467.167000
467.186367
467.330000
467.355167
467.397967
467.748167
467.873667
467.946067
467.987700
468.154800
468.343500
468.388600
468.580667
468.633167
468.654300
469.931900
470.125067
470.347400
470.689167
470.964867
471.013767
471.300633
471.362667
472.722000
472.884500
472.886833
474.104900
474.291533
474.353167
474.765300
474.925633
475.307233
475.352867
477.799667
477.839400
477.884967
478.165200
478.243967
478.674333
478.712267
478.756800
479.124333
479.216700
480.257433
480.852800
481.015400
481.052800
481.141233
484.157900
484.540067
484.765333
487.436867
487.593000
487.608500
487.901133
488.677367
491.134067
491.239100
491.437033
491.644767
492.032500
492.142867
494.100233
495.129333
495.969767
496.679767
497.391167
497.591933
498.025233
498.145300
498.196900
500.233133
500.264500
501.341767
501.356200
501.847267
502.386333
502.600833
502.830467
503.092600
503.252500
503.638967
506.547367
506.649867
506.767200
508.611233
509.145767
510.982733
511.052967
511.335200
512.510233
515.326000
515.413833
515.581067
515.599367
516.232200
516.300333
516.376667
516.577100
517.286767
517.411867
517.880833
518.138200
518.864600
519.960000
520.014233
520.417100
520.534767
520.777600
521.260267
524.391133
526.407867
526.448467
527.040467
527.584267
527.688300
528.605667
530.792567
530.813700
530.817900
530.855733
530.908300
530.937767
530.978267
530.983600
531.038133
531.051100
531.062900
531.076833
531.286500
531.366233
531.392200
531.543833
531.602800
531.761167
532.564067
532.585067
532.682233
533.683733
533.955200
534.189633
534.472900
534.736400
535.060133
535.135533
535.975733
537.249133
537.628600
537.632800
537.816900
537.909700
538.017100
538.098200
538.133300
538.223100
538.269533
538.316133
539.854633
540.064767
540.967900
541.007733
541.029167
541.051000
541.065867
541.335200
541.672300
541.752600
541.875000
542.601267
542.784133
542.954500
543.018233
543.387233
543.475700
543.543100
543.575067
543.651867
543.701433
544.525300
544.574733
544.601200
545.913467
546.744733
546.781200
547.083600
547.086433
547.197000
547.409400
547.606800
547.865000
549.660400
549.733100
550.843400
551.166367
551.441767
551.765200
551.815833
551.860467
551.916967
552.035333
552.099000
552.125067
552.166033
552.336833
554.925000
555.278233
555.408133
555.688900
555.781700
555.798900
556.624833
556.659833
556.942200
560.162700
560.209267
561.069233
561.690000
562.163600
563.187467
563.489667
563.646000
564.550267
564.966133
565.328567
565.543033
565.770433
566.234800
566.299500
566.666100
567.289133
567.411900
567.453100
568.694200
568.738933
569.366767
569.374733
569.700867
570.047100
570.148900
570.248367
570.636867
572.040833
572.137500
573.521467
573.617267
573.786133
573.795633
573.839467
573.861467
574.009433
574.239133
574.247233
574.587667
576.323900
576.414400
576.992767
577.584833
577.587200
577.731167
577.903633
579.832733
579.922433
580.673633
581.578067
581.668333
581.843300
582.741933
582.953033
587.307200
587.375433
590.451200
590.900167
590.941267
591.939267
592.674933
592.803933
592.879000
592.934333
593.057100
593.211900
593.275300
593.340500
593.951333
595.673200
595.983400
596.013300
596.055567
596.067700
597.186800
597.654833
597.726667
597.839200
600.161167
600.163800
600.206100
600.252800
600.271433
600.927200
601.326500
602.079133
602.167867
602.573300
602.633167
602.655500
602.880133
605.217767
605.422967
605.555633
606.549167
606.595700
607.343433
607.495633
608.446800
608.527567
608.658433
609.308967
609.830833
610.104267
610.240500
610.621367
611.314033
611.447267
611.460133
613.207167
615.926833
616.661200
616.907433
616.952100
617.028000
617.121167
617.207733
617.594267
617.952000
618.049600
618.185300
621.394333
621.415967
621.418200
621.462500
621.478233
621.533867
621.793667
621.828533
621.892667
621.928700
622.124100
622.231833
622.397400
622.412900
622.448900
622.677233
622.689367
622.859100
622.912833
622.926733
623.046633
623.159500
623.230367
623.345033
624.847600
624.875033
624.990267
625.003100
625.737367
627.149600
629.269600
629.985033
630.018567
631.165300
631.313467
631.373700
631.596133
631.636700
631.658867
631.699467
632.700333
633.146333
633.617067
633.641600
633.669867
635.470033
635.584467
635.628500
635.784167
635.933533
636.053367
636.122600
637.808833
637.860133
637.980233
638.067200
638.238267
639.516500
639.915067
640.107167
640.250700
641.734267
641.836067
641.968367
641.970800
642.017633
642.223300
642.274167
643.254667
644.179867
644.621267
644.643400
644.706767
644.949100
645.048400
645.292700
645.622467
645.679300
645.710533
645.883433
646.820467
646.881033
646.941967
647.507300
647.525433
648.031400
648.082700
648.101167
648.117567
648.564600
648.732533
648.758967
648.982667
649.514967
650.042900
650.106000
650.164833
650.334500
651.287800
655.404100
655.478267
655.505200
655.528533
655.551367
656.412967
656.580600
657.068733
657.224000
657.339167
657.407267
657.554367
657.751500
657.965567
659.536100
659.574067
659.600333
659.720500
659.772333
661.227300
661.292700
661.397667
661.952833
662.222267
662.325300
663.987100
663.992000
664.323900
665.084933
665.338800
665.576667
665.723933
665.821467
665.865167
665.931900
666.408233
666.477033
666.834333
668.237567
669.365967
669.927600
671.733567
671.831367
674.747900
675.622267
675.664300
676.093733
676.125667
676.151067
677.423533
678.103933
678.149933
678.200533
678.240600
679.188267
679.523667
679.934133
680.035400
680.039267
680.155567
680.391800
680.454800
680.524267
681.324200
683.974800
683.995100
684.028833
684.108867
684.202133
684.221233
684.274233
684.370000
684.415067
684.530600
684.564900
684.813533
685.079267
685.136233
685.295700
685.470600
685.564233
685.718700
685.764333
685.799167
686.019033
686.109667
686.269500
686.437533
687.015200
687.292133
687.399067
687.588267
689.334367
689.598033
689.825633
689.999100
690.259067
690.391800
690.446167
690.469433
690.491633
690.541400
690.600967
691.113800
691.184500
691.227100
691.497000
691.538933
691.578033
692.010767
692.204833
695.256733
696.747333
696.933267
696.996700
697.216833
697.249367
697.626900
698.131000
698.642267
698.833233
699.992467
700.288267
700.312600
700.528800
700.810733
701.036267
703.479100
703.708633
703.767867
705.989433
706.038267
706.085967
706.114567
706.154700
706.900467
707.108233
707.202867
707.220000
707.394833
707.568533
708.412300
710.145500
710.474867
711.543033
711.785200
712.140100
712.166867
712.194533
712.200500
712.231500
712.286367
712.913667
712.964433
712.993667
713.038533
713.072933
713.214500
714.185000
714.293033
714.372267
715.001833
716.119767
716.324500
716.391633
718.431000
721.617733
727.707500
727.757800
727.848900
728.151067
728.346700
728.426733
728.603633
728.658500
729.050400
731.413067
731.485600
731.489500
731.534567
732.184500
732.273200
732.357367
732.379867
733.001200
733.068400
733.214333
733.267267
733.521767
733.567400
733.594233
735.421767
735.445500
736.727567
736.874733
736.965400
737.143600
738.429800
739.404533
741.088267
744.215333
744.357633
744.930333
744.947067
749.570133
749.572300
749.668500
750.631967
750.700600
751.834200
753.609133
753.657833
753.686400
753.713200
753.731867
754.787667
755.899333
755.925900
755.943300
756.015567
756.637933
757.290933
758.369367
758.401900
758.499833
758.508100
758.614267
758.639333
758.764833
759.812233
760.054767
760.336100
760.364400
760.485267
760.834000
760.838300
762.457633
763.258267
763.501667
763.856800
763.893367
764.326367
765.099633
765.103133
765.144700
765.327667
765.410633
765.696600
766.370900
766.690600
766.802167
769.375867
769.447300
769.484667
771.024467
771.432300
771.722500
773.712933
774.603267
774.982733
775.368367
775.440333
775.465900
775.508333
775.933800
776.059367
776.251467
776.827567
777.349600
777.706433
777.988100
778.023633
778.153567
778.437367
778.518133
778.575400
778.780967
780.089700
780.648033
780.717867
780.773200
780.779900
780.825533
780.849733
782.600833
782.641233
782.658900
783.519600
783.583233
783.653100
783.704867
784.517267
786.595833
786.628267
789.475200
790.500633
792.460933
793.123600
793.195333
793.238333
793.278333
794.239467
794.285600
794.499933
794.833800
794.861067
794.892900
794.937033
795.042767
795.135467
797.961333
798.016633
798.220600
798.651733
798.694733
798.710967
798.714533
798.734333
798.966533
799.004833
799.078733
799.381467
799.414767
799.537833
799.645700
799.664367
799.777333
799.976933
800.136067
800.473167
800.516733
800.566400
800.597433
800.829767
800.841000
800.925900
801.010800
801.088033
802.312100
802.362100
802.612300
803.011433
803.983333
806.034933
806.128567
806.543367
807.027500
807.438367
807.537200
807.600567
808.191233
808.327600
808.383867
808.703767
808.890000
809.044833
809.183433
809.559133
812.467533
813.124533
813.372667
813.478167
814.388267
814.949733
816.065733
816.352267
816.374333
816.390467
816.475633
816.626367
816.661233
816.685067
816.828667
816.903167
818.297200
818.607267
819.369400
822.824333
822.897900
822.931367
823.003900
823.455200
823.530233
824.987000
825.535800
825.631967
827.257400
827.619733
827.926067
827.960600
828.070833
830.181500
831.387400
831.493000
831.583967
832.755267
832.786067
832.817167
833.641633
833.778067
833.857300
833.982533
835.259933
835.281300
835.356833
835.877900
835.929533
838.240267
838.349667
838.397267
838.612833
838.632367
838.753000
838.937767
839.312833
839.338833
839.394800
839.409967
839.481633
839.634033
839.656100
839.979367
840.564300
841.007300
841.173500
841.438167
841.481333
841.867833
841.936733
841.973833
842.275000
842.296833
842.463867
842.583800
842.685033
842.837367
842.965900
843.927433
845.538600
847.320867
847.465567
847.542700
848.273833
848.389633
848.542467
849.396467
849.521767
849.629867
849.923900
849.970633
851.781467
852.864000
853.194200
853.360200
853.424200
853.492000
853.589267
853.686300
855.497567
855.837200
858.343733
858.423000
858.531967
858.667933
859.843767
860.126667
860.287433
862.563733
862.714267
863.178767
865.870067
867.129067
867.164333
867.879133
868.565067
868.592133
868.626567
868.628767
868.699633
868.850567
868.956967
868.995100
869.037533
869.128867
869.154200
869.171500
869.270433
869.392133
869.412633
869.764267
869.792833
870.044967
870.244467
870.479100
871.178900
871.194400
871.223267
871.339533
871.941933
872.042300
872.072200
872.203833
872.269700
872.431267
872.822067
872.998633
873.151133
873.450400
873.531433
874.429567
874.972133
874.997700
875.037400
875.128033
875.193467
875.992300
876.866300
876.999333
877.600933
877.658167
879.599600
879.646967
879.672000
879.743967
880.026600
880.127700
880.225700
880.292833
880.514000
880.806400
883.104500
883.347767
883.376567
883.424100
883.983300
884.061800
884.205867
884.670100
884.980200
885.000100
885.012067
885.030233
885.032967
885.050400
885.090733
885.541200
885.568667
886.158933
886.331300
886.410633
886.420800
886.458767
886.708400
886.744633
886.832867
887.238700
887.321967
887.389967
887.532700
887.736267
887.814733
887.883500
888.008333
888.222133
888.378933
888.619200
888.723033
888.888733
890.276233
890.509500
890.561867
890.619333
890.911800
891.132833
891.179833
894.007767
894.133367
894.244133
894.644700
894.789167
896.950500
897.047633
898.099200
898.231233
898.349867
899.312833
899.469867
899.679967
899.718767
899.812300
900.443367
900.688400
900.965167
901.803700
901.872600
902.070533
903.288867
906.121667
906.191367
906.452467
906.477100
906.535000
907.761133
907.949867
908.252833
908.364400
913.841367
917.296867
917.403800
917.408100
919.672800
922.063367
922.823900
923.181467
923.307867
923.465000
923.651567
925.879033
926.964867
927.048200
927.203467
927.228333
927.295300
927.514433
927.575400
927.614633
927.973567
928.039100
929.880167
929.968967
930.689800
931.164600
931.315333
931.474800
932.116533
933.764000
933.814667
934.580333
937.902533
937.929833
937.948567
937.980767
937.998000
938.046433
939.368767
939.405767
939.415433
939.465567
939.493200
939.526833
939.564133
939.588033
939.874333
939.885333
939.924300
940.087800
940.595067
941.089267
941.168933
941.891067
942.290400
942.406433
942.573200
942.614200
942.672067
942.755633
942.796533
942.833067
943.903467
946.637367
947.349733
947.382767
948.006700
948.067733
948.085300
948.135300
948.372300
949.014333
949.117533
949.208933
949.248167
951.579133
951.885000
952.014067
952.923400
953.068900
953.191233
953.240267
953.278167
953.765067
953.784667
954.853567
954.931633
955.204100
955.239233
955.746767
956.090267
956.410967
956.480600
956.782100
958.558433
958.750300
958.795633
958.913033
959.025733
959.047933
960.610733
960.893833
960.964867
964.235600
964.509333
964.758400
964.828167
965.003000
965.234833
965.351933
965.380467
965.916767
967.171133
969.137933
969.212000
969.682700
970.011967
970.465900
971.073600
973.213367
973.312333
973.975767
974.019333
974.410133
974.741633
974.818667
974.978633
976.289533
976.523233
976.553200
976.560867
976.600633
976.729500
977.185867
978.150767
978.426167
979.401167
980.820233
980.849900
980.853667
980.898667
980.905333
980.940100
982.276333
983.608000
983.694033
983.805800
983.969633
986.254300
986.291200
986.343533
986.794433
987.039400
987.133900
988.923133
989.019800
989.084300
989.114933
989.160033
989.589033
990.320100
990.503167
990.538667
990.902433
991.070167
991.077967
991.178500
991.463700
991.561333
991.772967
992.774033
992.876633
993.551700
995.831433
995.899867
998.396433
998.523733
998.585867
999.920067
1000.107400
1000.187200
1000.558800
1000.658100
1002.432733
1002.590100
1002.677400
1003.040367
1004.062533
1004.887833
1005.909600
1006.045700
1006.886700
1009.329767
1009.373600
1009.437167
1009.625833
1009.765433
1009.849100
1009.903367
1009.939067
1010.007567
1010.314033
1010.375267
1010.547767
1010.573200
1010.686933
1010.814600
1010.946133
1010.962400
1011.007833
1011.495800
1011.661700
1011.969633
1012.135867
1012.660367
1013.522833
1013.874233
1014.116767
1014.215433
1016.670600
1016.995700
1017.303133
1017.776967
1018.433300
1020.463567
1021.302700
1021.375233
1021.452533
1022.523467
1022.578633
1023.475667
1023.532333
1024.259667
1024.320167
1024.341600
1025.562800
1027.839700
1029.585333
1037.767400
1040.861600
1040.935800
1041.218367
1041.299700
1041.360167
1041.431967
1041.870067
1041.907700
1042.622000
1043.734900
1044.113100
1044.585933
1044.726167
1045.823100
1046.387300
1046.522533
1046.817867
1047.035167
1047.508267
1047.540933
1047.553967
1048.288100
1049.408667
1049.495933
1049.565100
1049.617300
1049.624867
1050.541100
1050.593300
1051.002233
1051.436933
1051.528333
1051.839600
1051.965767
1052.145367
1052.585067
1055.104267
1055.162133
1055.296333
1056.165867
1057.542533
1057.630600
1057.659733
1058.180600
1058.907333
1059.536300
1059.812233
1060.124633
1060.349367
1060.383400
1060.515967
1060.570700
1060.666700
1062.156167
1062.218800
1062.292233
1062.313933
1062.366533
1062.815733
1063.773633
1064.773433
1065.434800
1065.497267
1065.557033
1066.112400
1068.157667
1069.013633
1069.096100
1069.120033
1069.177700
1070.417067
1070.505833
1070.554633
1070.764100
1070.843867
1070.914733
1071.631133
1072.365233
1072.520700
1073.610367
1074.635667
1075.059167
1075.092833
1075.381333
1075.416967
1075.507000
1075.529433
1077.665633
1077.780133
1077.924433
1079.331300
1079.368067
1079.404967
1079.407100
1079.440133
1079.975300
1081.236233
1081.359733
1081.386733
1081.419000
1081.736933
1081.920233
1082.061867
1082.141067
1082.211500
1082.262967
1082.320733
1082.347900
1082.733433
1082.807100
1082.935567
1082.973967
1083.003800
1083.029400
1083.331967
1083.456300
1083.537133
1083.693733
1083.798067
1083.834333
1083.856133
1083.874233
1083.989467
1085.006400
1085.924000
1085.998933
1087.097533
1088.650233
1088.779800
1088.813500
1088.900133
1088.934367
1089.363733
1089.394333
1089.566133
1089.642067
1089.727500
1091.108500
1091.149633
1091.737167
1092.174033
1092.808467
1092.891133
1092.914800
1093.363767
1093.402967
1093.476867
1093.543400
1093.625500
1094.284733
1094.367700
1094.710500
1094.828733
1094.876733
1094.947400
1094.959800
1095.038000
1095.146700
1096.495733
1096.604400
1097.770300
1097.855167
1097.877433
1097.916233
1097.937233
1098.038567
1098.177800
1098.234367
1098.381000
1098.482200
1098.946233
1100.643167
1100.758033
1102.074767
1102.373167
1102.698333
1102.737233
1103.066867
1108.100733
1109.612467
1110.114500
1110.225967
1110.848800
1111.173467
1111.261267
1111.288933
1112.996833
1113.042100
1114.072300
1114.458500
1114.656400
1114.688133
1114.708367
1114.719400
1114.761833
1114.814533
1114.936233
1116.410100
1116.413667
1116.429600
1118.379733
1119.905933
1120.091800
1120.120400
1120.391633
1121.061367
1121.167467
1121.178167
1121.249167
1121.312167
1122.002000
1122.115967
1122.205300
1122.716633
1122.810667
1124.062333
1124.245633
1124.938100
1125.036333
1125.040233
1125.167700
1125.233867
1125.280633
1125.441633
1125.610800
1125.657433
1125.729333
1125.770433
1125.802700
1125.930433
1125.962433
1126.106733
1128.653133
1129.253600
1129.263400
1129.511467
1129.945867
1129.951400
1130.019267
1130.036900
1130.098600
1130.214600
1130.377633
1130.682000
1132.703167
1133.059967
1133.136067
1133.171600
1133.235800
1133.354867
1133.380767
1133.505600
1133.511667
1133.813533
1133.859733
1134.065533
1134.347100
1134.395833
1134.443633
1134.515367
1134.621267
1134.740500
1134.742933
1135.025567
1135.470433
1136.930600
1137.199700
1137.366067
1137.482333
1137.515300
1137.606867
1137.830800
1137.974933
1138.197333
1141.616200
1141.687567
1141.750033
1141.811567
1143.210167
1143.324467
1143.568400
1143.755000
1143.848533
1144.122367
1144.264767
1144.296067
1146.639433
1146.789567
1147.237033
1147.980633
1148.238233
1148.423433
1148.486867
1148.813367
1150.588600
1150.624900
1150.644633
1150.646733
1150.672700
1150.707867
1150.743100
1152.349300
1152.357367
1152.623933
1152.817733
1153.088533
1153.417067
1153.867700
1153.955833
1153.984833
1154.351400
1154.486867
1154.541067
1155.098933
1156.296933
1156.331000
1156.359800
1157.210000
1158.150700
1158.216300
1158.399700
1158.509267
1158.806433
1159.004000
1159.150067
1159.189700
1159.276133
1159.322900
1160.602933
1160.713900
1160.775900
1162.140033
1162.163567
1162.275867
1162.291533
1162.333300
1162.447167
1163.021067
1163.439433
1163.487000
1163.539167
1163.547200
1163.688000
1163.709467
1163.735100
1163.752967
1163.835467
1164.077400
1164.116800
1165.142800
1165.182400
1165.293067
1165.388167
1165.469000
1166.250733
1166.567633
1167.255567
1167.275500
1167.568067
1167.602067
1167.930833
1168.012733
1168.062400
1168.120933
1168.772767
1169.576367
1169.635433
1169.710933
1169.730400
1169.780200
1169.841733
1169.891200
1169.926533
1170.703967
1170.830700
1171.063533
1172.041833
1174.052700
1174.142367
1174.187600
1174.526867
1174.838100
1175.105700
1175.133500
1175.172233
1175.646367
1175.692933
1175.774000
1175.805200
1178.027500
1178.078667
1179.033267
1179.557000
1179.613867
1179.693367
1179.773633
1179.831367
1179.849500
1180.783700
1180.794233
1180.860533
1180.884933
1180.906067
1180.977333
1181.016733
1181.126367
1181.155467
1181.486500
1182.450767
1182.470300
1182.556167
1182.727933
1184.041900
1184.092400
1185.099600
1185.214533
1185.324033
1185.862100
1185.994733
1186.395333
1186.400333
1186.828733
1188.240400
1188.260800
1188.315433
1188.425733
1188.854633
1188.910333
1189.138567
1189.166233
1189.186400
1189.265633
1189.310800
1189.340100
1189.446500
1189.520567
1189.546000
1189.602800
1189.832400
1190.164500
1190.255433
1190.444967
1190.512267
1190.618067
1190.815867
1190.900967
1190.971667
1190.995167
1191.013200
1192.434633
1192.948467
1192.984167
1193.018600
1193.111033
1193.140267
1193.429533
1193.507900
1193.547767
1193.603767
1195.911467
1195.928600
1195.972133
1197.032600
1197.085067
1197.160167
1197.609133
1197.833067
1198.570233
1201.142100
1201.434067
1201.522967
1201.721500
1201.914933
1201.921300
1202.268633
1202.366667
1202.421367
1205.418000
1206.062367
1206.129700
1206.132433
1207.265667
1207.553267
1207.758433
1208.576933
1209.295633
1209.449400
1210.235133
1210.269333
1210.294200
1215.447100
1215.679267
1215.737233
1217.321500
1219.607200
1219.647400
1219.942500
1220.292633
1220.341267
1220.479867
1220.518567
1222.769200
1222.831933
1222.977500
1223.083267
1224.461333
1224.543767
1224.685700
1224.723033
1224.735967
1224.801400
1224.880500
1224.889300
1224.927600
1224.999633
1225.075467
1225.170800
1225.331800
1225.429233
1225.662300
1226.834133
1226.876800
1226.905567
1226.940367
1226.963333
1227.014633
1228.159333
1228.280633
1228.741767
1229.031367
1230.330333
1230.364000
1230.519533
1231.696900
1232.007833
1232.060633
1233.734600
1234.727367
1234.928467
1235.639800
1236.483767
1237.662167
1237.749467
1237.764600
1241.374333
1242.867500
1243.777467
1243.878133
1243.898633
1243.922467
1244.880033
1245.085300
1245.538433
1247.572067
1247.593267
1247.626700
1247.672567
1247.728300
1247.797067
1248.944100
1248.977900
1249.024667
1249.235700
1249.628833
1249.673533
1252.333733
1252.364033
1255.131333
1255.169000
1255.222400
1255.438800
1257.375867
1257.566033
1257.911867
1258.700933
1262.648467
1262.811533
1266.276967
1266.998433
1267.078533
1267.478067
1267.519533
1269.299167
1271.606600
1271.704800
1275.929667
1276.294000
1278.693767
1279.290167
1280.324933
1280.649533
1281.227933
1281.253067
1281.372400
1281.576267
1281.628333
1281.923767
1281.971167
1281.989200
1283.632300
1284.611633
1285.965900
1286.966233
1287.600433
1288.709267
1290.427733
1291.472100
1291.902367
1294.315600
1294.474533
1294.492467
1294.522667
1294.554000
1295.579100
1295.668567
1296.832900
1297.175933
1297.814567
1297.882167
1298.919133
1299.339167
1299.388900
1300.093600
1301.449800
1301.472367
1301.580100
1301.609867
1302.899700
1302.950400
1303.897733
1307.940800
1308.054500
1308.086367
1308.956200
1309.088567
1309.996667
1310.045100
1310.188367
1310.222433
1310.784133
1312.778967
