0.317967
0.709533
0.800433
1.041333
1.148733
1.205533
1.418267
1.619733
2.004700
2.123300
2.442967
3.143000
3.218100
3.422833
3.590900
3.935233
3.983133
4.106767
4.128867
4.533800
4.646000
4.678433
5.592400
5.647633
6.613667
6.899533
7.173133
7.368600
7.440200
7.443667
7.652700
7.859167
7.901533
7.958033
7.996367
8.091100
8.228167
8.499533
8.650167
8.884667
8.954333
8.997867
9.113300
9.160967
9.259800
9.334167
9.360567
9.446533
9.559533
9.618733
9.739400
9.823000
10.127867
10.475500
10.710367
10.762867
10.815400
11.318900
11.519667
11.738133
11.773567
11.812133
11.877867
11.933067
12.009600
12.056367
12.501533
12.587300
13.234667
13.259600
13.276200
13.315533
13.533733
13.556767
13.582367
13.617433
13.761800
13.771033
13.883433
14.005700
14.035533
14.099933
14.122533
14.433533
14.685667
14.706767
14.753233
14.803967
14.828833
14.842200
15.148200
15.213467
15.268833
15.286867
15.412367
15.529000
15.636100
15.706700
15.754133
15.782567
15.889733
16.019300
16.119033
16.194067
16.315433
16.349767
16.415333
16.465700
16.509767
16.634200
16.755300
16.850267
16.930033
16.961500
17.077567
17.113200
17.211067
17.411267
17.590567
17.800867
17.843667
18.112333
18.284633
18.324133
18.531967
18.636267
18.778067
20.330300
20.500133
20.961300
21.031333
21.348200
21.713433
21.768933
22.212167
22.380533
22.448267
22.653533
23.253467
23.348967
23.519300
23.614267
23.668933
24.669267
24.897733
25.160100
25.241033
25.394367
25.440667
25.481167
25.510300
25.607467
25.759200
25.796133
26.124200
26.307000
26.495467
26.911767
27.226367
27.339733
27.394867
27.505267
27.545900
27.604500
27.644600
27.665633
27.753633
27.794667
27.864467
27.925867
27.992367
28.056667
28.210033
28.576700
28.742067
28.915300
29.037833
29.055433
29.116500
29.234667
29.294400
29.648367
29.678933
29.796200
30.074733
30.216167
30.268833
30.303233
30.368400
30.593167
30.942633
31.163533
31.328767
31.477633
31.572167
31.617967
31.825433
31.872000
32.602367
32.643367
32.931400
33.005167
33.129867
33.527733
33.872667
33.892733
34.008267
34.033533
34.079067
34.251967
34.335567
34.416500
34.776733
34.880400
34.934667
35.088600
35.503533
35.565233
35.638067
35.686400
35.930333
36.029433
36.125000
36.161467
36.185100
36.235633
36.466100
36.536967
36.633067
36.755300
36.808600
37.429200
37.602467
37.990200
38.007067
38.105833
38.204033
38.368033
38.710633
38.775167
38.914633
38.976900
39.197400
39.497733
39.607567
39.995100
40.154600
40.594033
40.654567
40.700833
40.746767
40.903933
40.938600
40.989067
41.048800
41.187633
41.365200
41.471300
41.607133
42.212433
42.395100
42.912000
43.025100
43.076700
43.093967
43.326000
45.395400
45.498567
45.648467
45.782800
45.886400
45.929400
45.965733
46.068333
46.335433
46.456033
46.606700
46.658800
46.778100
46.875400
47.065300
47.067500
47.398433
47.476200
49.019667
49.747667
50.260267
50.331033
51.448867
51.572733
52.054533
52.365500
52.776533
53.028900
53.380500
53.898300
53.973467
54.065400
54.154300
54.196267
54.319400
54.383367
54.494767
54.600833
54.644967
54.692267
54.806533
54.832567
55.055700
55.398300
55.610467
55.803667
56.002433
56.051967
56.199333
56.217467
56.291700
56.349100
56.567833
56.598633
56.709767
56.769800
56.958367
57.137133
57.163167
57.319533
57.412333
57.489667
57.538200
57.780633
57.878967
58.027667
58.270367
58.313300
58.396667
58.424300
58.483700
58.505567
58.735467
58.784567
58.852933
59.055000
59.153400
59.497333
59.617467
59.736700
62.061600
62.121567
62.213400
62.572100
62.806800
62.879033
62.966467
63.063800
63.103200
63.174367
63.211667
63.341400
63.416933
63.479867
63.493200
63.525367
63.554800
63.624867
63.723033
63.826500
63.854967
64.037867
64.112267
64.149433
64.504467
64.562033
64.637900
64.842733
64.910167
64.915500
64.966333
65.027167
65.135433
65.360967
65.735267
65.852000
66.493367
66.783233
67.048333
67.093500
67.324700
67.592400
67.747833
67.765067
67.829167
68.012800
68.015100
68.056567
68.106700
68.360900
68.432933
68.586033
68.827200
69.250467
69.424933
69.462700
70.219567
70.290233
70.344067
70.408000
70.543033
70.766467
70.868633
70.926033
70.993300
71.082467
71.125100
71.538133
71.586433
71.908500
72.182567
72.394433
72.590100
72.658700
72.836667
73.607567
74.155000
75.392767
75.482667
75.485600
76.062133
76.116800
76.149700
76.277933
76.713467
76.781233
77.014767
78.235433
78.269733
78.458467
78.643000
78.693700
78.729233
78.844233
79.302667
79.817500
79.936533
79.982767
80.049633
80.101267
80.302800
80.422400
80.482267
80.532833
80.611167
80.660900
80.690600
80.730000
80.854167
81.006033
81.049333
81.787367
81.819533
82.499367
82.705467
83.091933
83.175633
83.733400
83.746333
84.076367
84.295433
84.359600
84.461433
84.554333
84.606867
84.796033
84.830667
84.862900
84.946133
85.097100
85.960733
86.324533
86.475000
86.615300
86.690033
86.792667
87.122133
87.169733
87.173433
88.071633
88.370800
88.797033
89.383467
89.590867
89.657800
89.704500
89.811667
90.203867
90.261667
90.524733
91.451800
91.516200
91.658800
91.861400
92.190133
92.628767
92.925067
93.184900
93.401467
93.575500
93.965667
94.187400
94.252500
94.256833
94.306200
94.510933
94.923500
95.099967
95.139967
95.288133
95.325633
95.574033
95.748167
96.357867
96.837767
96.900400
96.927067
97.005667
97.805667
97.863167
97.906800
97.909000
97.915767
98.051933
98.280067
98.323733
98.760633
98.763333
99.034167
99.165733
99.246700
99.281967
99.367967
99.451333
99.559167
99.636367
99.698833
99.978967
100.355100
100.517167
100.589900
100.702433
101.404500
101.425667
101.459800
101.512200
101.617467
101.758167
102.102267
102.281367
102.437000
102.456733
102.670200
102.972967
103.128567
103.225267
103.313033
103.411600
103.450600
103.498400
103.502100
103.602333
103.768333
103.801067
103.828967
103.915167
104.057533
104.123433
104.229200
104.267400
104.325867
105.631333
105.867967
106.228167
107.868400
109.147633
109.949367
110.106900
110.306867
110.577533
110.648733
110.707933
110.849167
110.897700
111.014400
111.124933
111.185700
111.227967
111.400200
111.486300
111.540800
112.150233
112.199767
112.328433
112.330067
112.378100
112.396800
112.643000
112.751800
112.921333
112.989367
113.871667
114.139000
114.360733
114.705067
114.955533
115.116633
115.254300
115.354167
115.416667
115.663600
116.649033
116.844833
118.396467
119.202600
119.925867
120.109767
120.766000
121.559200
121.619133
121.672067
121.858300
122.231500
122.297933
122.515100
123.074567
123.122200
123.136700
123.330633
123.454900
123.580733
123.631933
123.811567
123.958700
124.009600
124.099067
124.160467
124.243767
124.623700
124.659167
124.732267
124.820133
124.896033
125.313633
125.382267
125.710867
125.782167
125.995933
126.121300
126.216500
126.291467
126.557533
127.335800
128.189767
128.310000
128.647533
128.711400
128.767333
128.940067
129.127033
129.278100
129.381667
129.854833
129.910400
130.878467
131.463300
131.498867
131.582100
131.641567
131.685467
131.738400
131.786900
131.806233
131.840300
131.896267
132.036533
132.130400
132.228700
132.561867
132.716133
133.097633
133.500767
133.733733
133.794167
133.973833
134.021533
134.470867
134.577433
134.585300
134.833800
135.205200
135.426367
135.592333
136.012333
136.061700
136.097333
136.109433
136.227833
136.258500
136.340767
136.546367
136.595133
136.893100
136.947767
136.966467
136.998767
137.029700
137.063733
137.096400
137.122167
137.223200
137.242600
137.275900
137.309900
137.370333
137.533133
137.540367
137.627433
137.723067
137.765667
137.771400
137.855767
137.914467
138.287467
138.320567
138.388700
138.551767
138.625133
139.035533
139.154500
139.403867
140.524867
140.567833
140.774033
140.825333
140.843800
140.999367
141.031833
141.070867
141.123033
141.132467
141.208933
141.256500
141.301433
141.340700
141.442933
141.576333
141.652267
141.724067
142.229233
143.150533
143.319967
143.470433
143.728833
143.994100
144.222800
144.459033
144.858000
145.205700
145.607433
145.690400
146.024367
146.052567
146.184767
146.277367
146.513933
146.587367
146.912967
147.019500
147.201367
147.647667
147.815767
148.067833
148.263600
148.360100
148.463767
148.526967
148.589767
148.739967
149.146000
149.863500
150.593400
150.641000
150.736000
150.978067
151.045867
151.181767
151.239867
151.273467
151.568067
153.562433
154.018467
154.084800
154.204033
154.280000
154.328667
154.399633
154.833700
155.120233
155.166900
155.230033
155.373167
155.968167
156.652933
156.769700
156.855300
157.309200
157.404800
157.518433
157.558467
157.902600
158.172167
158.242367
158.292500
158.336700
158.655367
158.770933
158.897700
158.949800
159.352933
159.542400
159.617600
159.658167
159.664000
159.923833
160.075267
160.201267
160.240033
160.291000
160.317633
160.373333
160.428100
160.489867
160.578533
160.683300
160.884733
160.981900
161.074767
161.128167
161.295000
161.498933
161.566400
161.641400
161.672200
161.811900
161.928867
161.946267
162.048467
162.132600
162.298367
162.555500
162.590667
162.926500
163.016433
163.039133
163.088267
163.139167
163.239433
163.375567
163.417967
163.633033
163.683000
163.812233
163.976500
164.239933
164.630000
164.699800
164.740700
164.815600
165.144033
165.254400
165.585000
165.654200
165.806667
165.975533
166.053400
166.057200
166.079467
166.341133
166.910400
167.280367
167.356367
167.413367
167.661800
167.724233
167.765567
168.035700
168.071500
168.095067
168.162900
168.327000
168.385967
168.432500
168.526000
168.639967
168.684533
168.824233
169.003233
169.071467
169.127333
169.136900
169.209300
169.254433
169.589867
169.679867
169.825133
170.488033
170.628767
170.656567
170.832067
170.927767
171.164333
171.203667
171.259067
171.299533
171.648167
171.729600
172.014000
172.114067
172.158633
172.179467
172.224767
172.286333
172.360700
172.403133
172.479067
172.622333
172.696833
172.749567
173.005400
173.456633
173.955633
174.600100
174.613800
174.837200
175.040267
175.662333
175.767333
175.828700
175.894867
176.010900
176.063900
176.115067
176.447333
176.511400
176.564633
176.767467
176.816000
176.865367
176.895133
177.529100
177.849400
178.273267
179.018400
179.158667
179.390867
179.546033
180.103900
180.562067
180.706233
180.981000
181.275133
181.537900
181.817233
182.453000
182.706300
182.868833
183.124467
183.241033
183.344267
183.424033
183.549200
183.704867
183.921967
184.032767
184.124600
184.324567
184.437867
184.569533
184.656933
185.717700
185.777200
185.909800
186.234467
187.194000
187.219433
187.251800
187.305833
187.375633
187.421133
187.474467
187.615633
187.673800
187.682167
187.705733
187.774667
187.892133
188.081767
188.216733
188.433900
188.546600
188.742933
188.840867
189.170700
189.310367
189.428700
189.435867
189.534933
189.537967
189.813300
190.231233
190.269733
190.287700
190.338300
190.406033
190.510267
190.524200
190.674400
190.864000
191.529867
191.710500
192.398800
192.501667
193.031667
193.129033
193.666633
193.826667
194.154200
194.213000
194.216733
194.394167
194.431767
194.500767
194.560233
194.603833
194.647000
194.655700
194.698600
194.723300
194.802267
194.845000
194.876067
194.929700
195.013800
195.122567
195.208433
195.285400
195.417167
195.486033
195.534600
195.564833
195.626133
195.750067
195.927067
196.009267
196.148367
196.592067
196.666067
196.816933
197.337833
197.450733
197.519333
197.556100
197.652267
197.711900
197.771733
197.813733
197.850200
197.994300
198.341667
198.380333
198.434867
198.651667
198.699167
198.780467
198.827467
198.988533
199.010900
199.059500
199.203967
199.222100
199.367833
199.416133
199.541400
199.640500
199.698967
199.772467
199.821833
200.047700
200.189300
200.477600
200.513967
200.723233
200.761467
200.825500
200.952467
201.056433
201.089300
201.146900
201.189600
201.327833
201.593667
202.246800
202.260567
202.330133
202.350100
202.379833
202.647733
202.739467
202.764567
202.808600
203.020833
203.060767
203.183000
203.295933
203.334900
203.456600
203.525733
203.711333
203.751433
203.780533
203.993800
204.150133
204.299233
204.406667
204.488067
204.573633
204.585433
204.684433
204.826100
204.971000
206.149233
208.174267
208.246000
208.526033
209.271833
209.918700
209.964167
211.243900
211.384333
211.613167
211.866767
211.943333
212.046033
212.116967
212.319467
212.479100
212.576533
212.645800
212.752100
213.006133
213.106233
213.217067
213.312033
213.453467
213.740667
213.947700
214.257767
214.591667
214.815767
214.959400
215.144933
216.193867
216.334300
216.527267
216.769400
216.812667
216.861067
216.916967
217.496467
217.571900
217.646067
217.681933
217.744733
218.264400
218.334500
218.369433
218.586967
218.702967
218.741200
218.891433
218.957667
219.306167
219.349500
219.450900
219.561600
219.855600
219.898633
219.967000
220.368467
220.496500
220.551233
220.817633
221.018500
221.205833
221.859267
222.239633
222.459367
222.710167
222.747000
222.835467
223.218133
223.586433
223.675833
223.749733
223.871767
224.393367
224.454067
224.560433
224.767633
224.893900
225.665800
225.720067
225.774833
225.912000
226.081633
226.973333
227.315700
227.448033
227.456800
227.480867
227.522167
227.590900
227.633433
227.678700
227.770400
227.835133
227.956367
228.452167
228.598533
229.069467
229.124867
229.364000
229.934667
230.710833
231.387000
231.478967
231.613067
231.837500
232.236167
232.254967
232.469733
232.823067
233.747467
233.766367
233.818500
234.111067
234.258467
234.412900
234.603800
234.762300
235.313467
235.494533
235.555933
236.608000
236.754500
238.059233
238.149133
238.283567
238.627133
238.730333
239.192467
239.325867
239.561867
240.015867
240.073333
240.130400
240.250767
240.630033
240.659500
240.684767
240.764233
240.916067
241.359267
241.515300
241.532400
241.723767
241.855267
242.029033
242.081533
242.138467
242.196100
242.419533
242.506600
242.510067
242.666800
242.675667
242.866333
242.899267
243.126267
243.177133
243.403867
243.939400
244.116300
244.546900
244.658600
245.506667
245.574433
246.210167
248.110167
248.298433
248.336033
248.370300
248.402167
248.407367
248.716933
249.130833
249.232267
249.283333
249.486433
249.640100
250.374467
250.573500
250.962900
251.641067
251.767600
251.877033
251.965367
252.064967
252.121600
252.215967
252.544800
252.611733
253.964467
254.151233
254.189367
254.528000
254.704733
254.921067
255.033633
255.272133
255.383033
255.412100
255.600100
255.658867
255.733800
255.841400
255.987567
256.295300
256.383833
256.486400
256.522500
256.686933
256.812367
256.890633
256.923500
256.966067
257.179033
257.235200
257.340633
257.405967
257.748100
257.937800
258.326133
258.480600
258.619800
259.609867
259.695633
259.888600
260.207067
261.461733
261.512833
261.573033
261.625800
261.769200
261.837767
261.952500
261.984267
262.020433
262.701867
262.796300
262.933633
262.981333
263.110267
263.195333
263.251867
263.420467
263.500233
263.601067
263.937633
263.985767
264.191533
264.367767
264.455633
264.509333
264.854333
265.518800
266.225567
266.277967
266.313300
266.500767
266.550800
266.746300
266.793433
267.097000
267.165233
267.232333
268.029767
268.176067
268.279067
268.323533
268.382200
268.579867
268.759100
269.206667
269.300500
269.551900
269.856567
269.917200
269.976800
270.008367
270.062400
270.142233
270.178300
270.231500
270.428067
270.557067
270.617067
270.808433
270.989200
271.158700
271.773833
272.166967
272.229933
272.307967
272.468933
272.549033
272.673933
272.725700
272.799900
272.840400
272.899467
272.904833
273.008833
273.032967
273.076367
273.105367
273.166567
273.241800
274.029233
274.870267
275.124267
275.177900
275.214967
275.401667
275.490633
275.754367
276.351033
276.441400
276.519367
276.641233
276.953733
278.796100
278.908367
279.383367
279.436900
279.493833
280.144500
280.402867
281.604467
281.991467
282.041400
282.152867
282.402067
282.542133
282.638567
282.710233
283.060267
283.414167
283.756200
284.016667
284.058733
284.241633
284.414733
284.761767
285.198667
285.548633
285.605367
285.683100
285.774967
285.819933
286.583300
286.712500
286.880733
287.032733
287.427267
288.168333
288.239933
288.476033
288.572433
289.064567
289.074300
289.320133
289.473833
289.507167
289.522400
289.553733
289.665500
289.767467
290.049033
290.081200
290.211100
290.281133
290.301900
290.541433
290.614600
291.009833
291.041800
291.355567
291.540433
291.711700
291.808100
291.989567
293.318467
293.502667
293.617133
293.735133
293.839600
293.993967
294.087567
294.216967
294.841433
295.862533
296.468733
296.547733
296.598133
296.677067
296.738400
297.031067
297.300267
297.380433
297.492633
297.676033
297.825100
297.857633
298.067233
298.232933
298.283167
298.534333
298.600967
298.688867
298.771467
299.215267
299.450267
299.553700
299.989100
300.649233
300.937200
300.992767
301.032967
301.250600
301.286900
302.164833
302.905133
303.190633
303.228167
304.006667
304.057800
304.146267
304.257800
304.394100
304.499800
304.599467
305.203600
306.106633
306.236033
306.344333
306.426533
306.465167
306.543233
306.851133
307.152467
307.237733
307.276900
307.340200
307.446000
307.550300
307.631367
307.721333
307.836267
307.889167
308.095800
308.184567
308.227933
310.213867
310.303967
310.897267
310.954033
311.386000
311.648867
312.204800
312.398767
312.434733
312.543700
312.620300
312.723967
313.093800
313.202500
313.443867
313.572367
313.833300
314.188100
314.393633
314.474867
314.579133
314.650167
314.673433
314.758033
314.993433
315.330000
315.597333
315.659533
316.191600
316.236633
316.429367
316.499367
316.591633
316.738300
316.793933
316.983167
317.431867
317.488000
317.951433
317.997267
318.131400
318.197567
318.222733
318.271867
318.435000
318.623400
318.709800
318.752833
318.811100
318.957700
318.968133
319.026433
319.205500
319.246600
319.279800
319.524333
319.920833
320.328933
320.975333
321.231667
321.293767
321.764100
321.834000
321.906467
321.984100
322.037033
323.374867
323.417033
323.456500
323.527733
323.913567
324.105467
324.182767
324.332233
324.404867
324.433433
324.793933
325.444067
325.964067
326.066067
326.107433
326.388300
326.484233
326.851467
328.658800
328.717500
328.793433
328.917367
328.954567
329.010167
329.215467
329.450133
329.783933
330.004767
330.115467
330.499000
330.555533
330.773333
330.915233
331.217700
332.327033
332.575300
332.697900
332.721600
332.775467
332.904200
332.966300
332.972833
333.073367
333.250567
333.301633
334.128367
334.275833
334.601433
334.666133
334.834833
335.186933
335.579900
335.811900
335.857167
336.112433
336.389400
336.440600
336.701067
337.080600
337.369700
338.225267
338.821967
338.880900
338.921833
339.084367
339.129267
339.369067
339.488067
339.570767
339.761600
340.387000
340.467100
341.605633
341.749767
342.782600
343.183533
343.645600
344.050067
344.319400
344.407200
344.509533
344.704900
344.758200
344.829233
344.970900
346.521733
346.617333
346.681267
346.732400
346.974633
347.028700
347.068233
347.107933
347.224533
347.271467
347.897300
348.144633
348.197367
349.654867
349.745300
349.906467
350.904000
350.976967
351.120467
351.814033
352.205367
352.732133
352.893033
353.150067
353.196800
353.244033
353.334300
353.375300
353.408900
353.509900
353.556433
353.590600
353.629133
353.677133
353.770300
353.811667
353.865867
354.010300
354.059033
354.126300
354.171567
354.195167
354.235700
354.259833
354.361667
354.396600
354.422133
354.449433
354.504800
354.929200
355.117967
355.311633
355.344633
355.350100
355.547067
356.329267
356.568100
356.958267
357.060367
357.508600
357.574833
357.733300
357.854400
358.368500
358.426633
358.596433
358.780367
358.849633
359.296200
359.425800
359.661633
359.696367
359.746367
359.892100
359.924200
359.979667
360.453467
360.745500
360.852100
361.339167
361.478000
362.210933
363.145867
363.252700
363.312667
363.381100
363.431567
363.485933
363.659767
363.713533
363.893100
364.104833
364.188500
364.801100
365.162433
365.285333
365.349033
365.392600
365.648000
366.279200
366.356667
366.470400
366.635167
366.707000
366.717133
367.276667
367.303800
367.389333
367.420333
367.487467
367.542533
367.610000
367.719033
367.775700
367.838167
367.886567
368.009833
368.050733
368.137700
368.156000
368.970900
368.975033
369.168567
369.454467
369.840100
370.012633
370.146133
370.185967
370.722900
370.783833
370.839200
371.132133
371.323967
371.430633
371.449367
372.323733
372.359867
372.415633
372.495433
372.729500
373.463067
373.765900
373.854567
374.075500
374.174833
374.231200
374.291300
374.425033
374.462100
374.849400
374.900200
374.930200
374.962500
375.004667
375.156700
375.185667
375.217900
375.516667
375.709833
375.742700
375.842067
375.852733
375.931867
375.978467
376.018967
376.048700
376.294167
376.323367
376.371567
376.415567
376.504867
376.682300
377.025833
378.023233
378.182467
378.302233
378.356733
378.385033
378.530867
378.554133
378.666933
378.811900
378.962367
379.038267
379.195800
379.844000
379.900133
379.964633
380.117267
380.171667
380.196967
380.221467
380.331833
381.183000
381.977133
382.190100
382.268133
382.340400
382.394633
382.545333
382.835567
382.886200
383.344467
383.391867
383.616533
384.080433
384.142400
384.563467
384.630067
384.861733
384.966233
385.239600
385.845200
385.882900
386.116200
386.155633
386.203067
386.265500
386.492033
386.535967
386.743967
387.544167
387.935633
388.017933
388.115400
388.531467
388.585333
388.634567
388.874033
388.970067
389.019700
389.193633
389.254533
389.311867
389.387433
389.844000
390.111733
391.058333
391.095267
391.121667
391.213267
391.275033
391.333433
391.375100
391.541567
391.759133
391.804100
391.878800
392.258900
392.375667
393.048567
393.233867
393.277267
393.331433
393.377900
393.418633
393.592267
393.641700
393.693133
393.854433
394.151000
394.487600
394.618767
395.925933
395.992967
396.335600
396.444633
396.525033
397.005367
397.069167
397.114200
397.512367
397.673267
397.785033
401.035567
401.288667
401.880833
402.574667
403.832333
403.974100
404.041933
404.129033
405.270767
405.346033
405.475233
405.864633
405.927967
406.031367
406.321967
406.802767
407.021933
407.413067
407.488667
407.505400
407.595767
407.628867
407.700567
407.756100
408.139633
408.225700
408.516767
409.670667
409.712667
409.822967
409.963667
410.179933
410.246467
410.285100
410.311633
410.972000
411.204300
411.351400
411.433100
411.513567
411.583000
411.631400
411.669167
411.726633
411.980500
412.071200
412.283567
412.500900
412.673500
412.819433
412.896700
413.130733
413.664467
414.406133
414.565833
414.794733
414.829333
414.847967
414.983067
415.285667
415.336700
415.437400
415.518967
415.535600
415.868767
416.536933
416.783533
416.888833
416.956833
417.568000
417.615300
417.820767
418.043233
418.145133
418.183667
418.859933
418.941433
419.146667
419.744900
419.990733
420.688600
420.759567
420.831567
420.968267
421.277467
421.363600
421.473767
421.633167
421.743667
422.114667
422.266000
422.423500
422.452533
422.627133
422.778833
422.826633
422.924400
422.938667
422.953967
422.991400
423.024800
423.151900
423.172633
423.365567
423.399833
423.489533
423.654267
424.949233
425.004567
425.032867
425.239667
425.284200
425.322433
425.398300
425.429767
425.936567
425.997933
426.061200
426.166100
426.229400
426.847867
426.962533
427.040833
427.504067
427.568133
427.816700
427.860333
427.955100
428.149233
428.364833
428.454533
429.159733
429.311167
429.428867
429.581867
429.805633
429.897667
430.198567
430.290667
430.459900
431.379933
431.524200
431.563733
431.583400
431.632933
432.381300
432.415400
432.584167
432.904533
434.060800
434.220600
434.379933
434.853467
436.144333
436.316933
436.544633
436.591133
436.647533
436.952500
437.003833
437.816367
438.170533
438.244500
438.275867
438.324100
438.394400
438.504800
438.553400
438.859933
438.978833
439.990333
440.311100
441.032500
441.149200
441.290800
441.316633
441.909700
441.962267
442.614633
443.010400
443.049833
443.058733
443.106233
443.345000
443.493967
443.560833
443.611633
443.789700
443.852100
444.063767
444.149567
444.178967
444.393967
444.445100
444.693400
444.742633
445.125733
445.176167
445.550333
445.600933
445.652467
445.693667
445.786567
445.885533
446.295700
447.579300
448.923833
449.140767
449.192033
449.230767
449.303433
449.364367
449.394700
449.473100
449.562800
449.681000
449.832967
449.866433
450.083067
450.124967
450.300400
450.352433
450.386600
450.481133
450.586600
451.227300
451.333333
451.482633
451.648400
452.348067
452.395400
452.446200
452.515500
452.641667
452.712433
452.811267
452.962600
453.025500
453.247167
453.434300
453.481267
453.487000
453.642800
454.068233
454.193033
454.286100
454.334467
454.424167
454.449200
454.690667
455.115567
455.208033
455.287100
455.421600
455.567767
455.730233
456.506000
456.978867
457.656133
457.806333
457.836900
458.114167
458.168733
458.214900
458.275233
458.354433
458.503267
458.546133
458.587000
458.673433
458.931067
459.065267
459.112000
459.238133
459.393600
459.449700
459.528367
459.574133
459.898200
460.161833
460.244067
460.273633
460.425733
460.542933
460.589833
461.201967
461.655000
461.692000
461.931367
462.006833
462.323700
462.424933
462.675533
462.945167
463.205300
463.287433
463.971100
464.154067
464.221300
464.373800
464.491233
464.616100
464.641533
464.707300
464.806600
465.082367
465.162033
465.250433
465.303867
465.419600
465.498433
465.538367
465.592933
465.954167
465.975600
466.001600
466.047567
466.293833
466.333267
466.405700
466.424700
466.498867
466.571200
466.623067
466.710467
466.961000
467.591367
467.637167
467.911200
468.074333
468.204133
469.941900
470.070767
470.112067
470.119233
470.141733
470.171133
470.216633
470.262167
470.440767
470.510867
470.697700
470.747500
470.785700
470.826133
471.004833
471.336033
471.370433
471.465000
471.674300
471.731833
471.825267
472.389233
472.471400
472.517467
472.649133
472.709200
472.852667
473.424967
473.800700
473.924900
473.996433
474.064400
474.425633
475.940767
475.966500
476.113233
476.962067
477.017767
477.243767
477.305767
477.369133
477.412967
477.505633
477.574333
477.616867
477.718633
477.772733
478.163267
478.436067
480.049833
480.159833
480.307133
480.354667
480.436467
480.694500
481.040100
481.099767
481.524367
481.648700
481.854700
481.973467
482.030033
482.259767
482.267667
482.663067
483.333533
483.562267
483.888067
484.002700
484.257600
484.266900
484.321867
484.371267
484.572200
484.641433
485.014800
485.270600
485.339267
485.413833
485.609000
485.940867
486.426700
487.843867
488.265267
488.576333
488.699800
489.181833
489.421267
489.622033
489.940433
490.123933
490.196967
490.878400
490.962200
491.069700
491.115067
491.158400
491.208367
491.303900
491.586767
491.781633
492.074267
492.131833
492.174667
492.253867
492.367800
492.449600
492.500567
492.560633
492.731133
492.799367
492.997200
493.603000
493.699333
493.782167
493.878367
493.998167
494.115733
494.208533
494.255667
494.287433
494.319233
494.934033
495.070267
495.131833
495.256033
495.313400
495.876033
495.918333
496.056367
496.349867
496.452900
496.684533
496.754400
496.793133
496.831433
496.895800
496.931200
497.353667
497.389233
497.505867
497.555400
497.649300
497.838333
497.893533
497.956000
498.106733
498.153833
498.260400
498.588867
498.711867
498.795400
499.080100
499.177200
499.498500
499.579033
499.678400
499.723100
500.044967
500.095133
500.313400
500.356333
500.431300
500.611300
500.738933
501.041133
501.265400
501.345000
501.407200
501.653367
501.719867
501.802600
501.847733
501.875333
501.905733
502.429433
502.793833
502.840900
502.869133
502.977167
503.206633
503.441100
503.626867
503.749233
504.006867
504.230000
504.332933
504.381400
504.657033
504.712300
504.758333
505.080633
505.393900
505.448500
505.479267
505.623667
505.760200
506.080600
506.270133
506.345500
506.389767
506.419533
506.445100
506.501500
506.532800
506.568567
506.636200
506.677167
506.804467
506.861133
506.903200
506.949833
507.043067
507.111133
507.163600
507.559600
507.772700
507.906133
508.683933
508.742200
508.791133
509.099367
509.196533
509.369500
509.923167
510.402300
510.513133
510.614967
510.672333
510.795467
511.599633
511.659533
511.770367
511.821833
511.980000
512.010900
512.432567
512.536833
512.611100
512.706800
512.780533
513.162567
513.323100
513.330200
513.379400
513.597400
514.116800
514.341500
514.455067
514.659767
514.686633
514.790667
514.803900
514.888967
514.931533
515.014567
515.163233
517.036100
517.188000
517.298033
517.446367
517.715600
517.871367
517.927067
517.970500
518.004267
518.046133
518.134300
518.212867
518.329967
518.399933
518.449467
518.545400
518.639100
518.770733
518.866233
518.935000
519.103900
519.590233
519.797833
520.045700
520.086767
520.121500
520.158100
520.416933
520.601267
520.704967
520.732333
520.767733
520.828100
520.898100
520.982267
521.025167
521.560567
521.589867
521.761600
521.860700
522.180433
522.275700
522.344467
523.295467
523.698100
523.765067
523.818033
523.954667
524.249167
524.416100
524.619300
524.754567
524.908967
525.080367
525.209933
525.414367
525.562333
525.614133
526.084567
526.114233
526.272400
526.703733
526.872367
526.876433
527.049700
527.127500
527.633633
527.680600
527.783167
527.911700
527.945833
527.994433
528.039900
528.101300
528.176133
528.231667
528.286467
528.662700
528.704767
528.851167
528.894000
529.114633
529.186300
529.453467
529.598800
529.933000
529.961333
530.030100
530.303867
530.463700
530.527200
530.546433
530.583833
530.672367
530.731333
530.770233
531.833700
532.385133
533.197633
533.436100
533.477733
533.588633
533.710167
533.818900
534.052500
534.280533
534.629833
534.695433
534.796067
534.938833
534.983467
535.137667
535.317700
535.408700
535.476800
535.577233
535.642467
535.764400
535.791900
535.878300
535.977633
536.255867
536.258767
536.567533
536.618100
536.790033
537.022533
537.192467
537.309700
537.442200
537.491733
537.631700
537.705800
537.783467
538.637967
538.653667
538.882000
538.925533
539.496633
539.554200
539.701800
539.864567
540.002167
540.040167
540.073767
540.098867
540.228067
540.322033
540.389233
540.435833
540.588167
540.738133
540.964600
541.032900
541.285400
541.597833
541.722100
541.775667
541.871267
541.964900
542.004867
542.036100
542.076667
542.383833
542.426633
542.499333
542.662933
542.844167
543.104500
543.216000
544.177400
544.390500
544.444400
544.636533
544.866433
545.006100
545.010333
545.037767
545.182500
545.354300
545.650567
545.837400
545.971867
546.023600
546.049233
546.168667
546.210967
546.256833
546.295633
546.374367
546.518833
546.620300
546.862467
546.897833
547.164133
548.666900
548.746167
548.819867
549.159600
549.282433
549.583767
549.664433
549.890267
550.106900
550.403467
550.711033
550.810367
550.829633
550.972067
551.041167
551.175900
551.408167
551.519633
552.099967
552.430400
553.536600
553.646367
553.697767
553.825767
553.881233
553.930800
554.168733
554.233267
554.291567
554.496267
554.566233
554.634467
554.833200
555.145500
555.660167
555.810867
555.861367
555.903367
555.978867
556.442833
556.472300
556.567500
556.643867
557.309633
557.543833
558.263567
558.491000
558.549333
558.594667
558.764267
558.917400
559.136433
559.285933
559.461933
559.724367
559.782100
560.005400
560.201500
560.286833
560.376833
560.421967
560.474633
560.548167
560.686500
560.778967
560.790067
560.910300
561.154100
561.483300
561.599033
562.622700
562.781900
562.820867
562.927600
563.052933
563.068633
563.358467
563.552767
563.612933
563.659200
563.719167
563.766333
564.079067
564.473267
564.513500
564.549867
564.655533
564.660300
564.945433
564.994200
565.339600
565.434400
565.480867
565.558533
565.600867
565.639167
565.859667
565.886033
565.970400
566.265367
566.320700
566.433900
566.688600
566.713400
566.780500
566.994600
567.124000
567.183433
567.244967
567.354867
567.725867
567.981000
568.027833
568.073533
568.232200
568.473133
568.723767
568.892700
568.939167
568.961967
569.214267
569.286267
569.411300
569.805167
570.723433
570.975567
571.266400
571.358000
571.433767
571.490933
571.609233
571.654700
571.828400
571.987267
572.066867
572.325267
572.370567
572.458067
572.517433
572.601500
572.876033
573.170267
573.293933
573.326867
573.366167
573.420667
573.641100
573.764233
573.993033
574.441733
575.397600
575.469333
575.540433
575.896733
576.058333
576.185933
576.245867
576.376100
576.429633
576.494400
576.531067
576.872333
577.085633
577.196200
577.509233
577.532900
577.714067
577.811333
577.870233
577.943200
578.077067
578.355633
578.390133
578.822300
578.879633
578.946100
580.100033
580.177333
580.242167
580.398767
580.486933
580.631300
580.692467
580.761733
580.810900
580.886733
580.925967
581.000500
581.140867
581.202067
581.329867
581.364567
581.483367
581.526633
581.623433
581.661000
581.768300
581.870667
583.278200
583.457600
583.524000
583.774833
584.077633
584.280767
584.650433
584.716533
585.076500
585.176533
585.386833
585.780267
586.048133
586.209167
586.307000
586.366667
586.509633
586.553100
586.680867
586.844867
586.899933
587.246100
587.765933
587.893067
588.024467
588.056000
588.102233
588.130867
588.377767
588.570433
588.611400
588.657300
588.697400
588.790433
588.948500
589.162267
589.657867
589.691067
590.098333
590.525267
590.529233
591.079000
591.366633
591.527900
591.583000
591.607667
591.866367
591.981933
592.221700
592.373400
592.439567
592.742467
593.005467
593.384933
593.520600
593.525700
595.025100
595.295567
595.433767
595.574867
595.659167
595.702867
595.811267
596.243867
596.406067
596.895900
596.949367
597.061300
597.126967
597.426067
597.688000
597.880400
598.164333
598.780100
599.181400
599.207833
599.217900
599.242733
599.322933
599.838300
599.881433
600.159200
600.201300
600.798700
600.955800
601.032667
601.105500
601.180133
601.279200
601.311633
601.402533
601.477900
601.533667
601.584400
601.627100
601.838233
601.907367
601.987267
602.025500
602.363933
602.526467
602.564033
602.604033
602.662667
602.761367
602.891933
602.947933
603.121900
603.357333
603.543533
603.571733
603.595933
603.629333
603.649167
603.703967
603.741133
603.778633
603.852533
603.892033
603.994233
604.106700
604.167333
604.373667
604.782933
605.005533
605.069700
605.256467
605.310067
605.502000
605.601900
605.719967
605.915800
606.115500
606.172133
606.998600
607.046000
607.102133
607.153833
607.243933
607.527767
607.608500
607.771867
607.841100
607.937200
608.479233
608.536200
608.590433
608.763000
608.873567
608.963100
609.017267
609.197833
610.283000
610.467833
610.671233
610.723333
611.203200
611.213300
612.170600
612.288833
612.294267
612.739300
612.919667
613.057900
613.090167
613.163933
613.247933
613.371600
613.635100
614.015833
614.134967
614.302300
614.419233
614.489533
614.685867
614.721767
614.753267
614.875967
615.039767
615.885400
616.295300
616.321967
616.353567
616.429800
616.513233
616.572533
616.624700
616.663100
616.683833
616.898533
617.219900
617.489167
618.003400
618.330500
618.980100
619.168167
619.355833
619.787833
619.959700
620.117400
620.851400
620.920133
620.983367
621.017700
621.048167
621.319233
621.411367
622.159200
622.489733
622.619333
624.082667
624.809867
624.950200
625.361633
625.782333
626.115533
627.121333
627.261233
627.330100
627.366867
627.415900
627.460133
627.468867
627.502467
628.100100
628.251100
628.294733
628.330500
628.353200
628.388667
628.648100
628.796200
629.421733
629.548533
629.982600
630.029667
630.161833
630.221500
630.401633
630.436433
630.604433
630.890267
630.932500
631.004967
631.056533
631.212633
631.249867
631.312433
631.316367
631.347267
631.550433
631.645700
631.720067
631.763400
631.902767
631.965400
632.034533
632.230967
632.386233
632.524400
632.723300
632.858733
632.877867
632.989967
633.232200
633.428167
633.527933
633.619000
633.722000
634.426367
634.611467
634.648000
634.663467
634.749233
634.811133
635.068900
635.085067
635.179867
635.221600
635.329700
635.372167
635.430900
635.521833
635.634433
635.902100
636.023233
636.364467
637.222067
637.375133
637.469700
637.548767
637.630500
637.708867
637.797033
637.870433
638.115133
638.406333
638.441567
638.583300
638.766700
638.806600
638.997233
639.021733
639.051400
639.088400
639.245367
639.405867
639.456767
639.540133
639.590367
639.691200
639.741967
640.183000
640.277833
640.491733
640.601533
640.672133
641.526833
641.671667
641.709967
641.815867
641.856967
642.553900
642.623733
642.816700
642.912433
643.155400
643.255667
643.358433
643.437733
643.788300
644.036133
644.147833
644.259833
644.452367
644.573067
644.654400
644.812600
645.256900
645.319900
646.072433
646.491700
646.601633
646.651700
646.692600
646.810033
647.038667
647.071967
647.272133
647.335100
647.732167
648.965033
649.071033
649.484567
649.636067
649.782933
649.813233
650.066033
651.221733
651.309433
651.594933
651.666933
651.716067
651.827000
652.097967
652.157000
652.433900
652.498533
652.652000
652.921700
653.625667
653.692500
654.109233
654.190033
654.195867
654.309333
654.471200
654.544633
655.291000
655.393733
655.650233
655.870767
656.101700
656.167767
656.230667
656.320100
656.344533
656.360467
656.362033
656.421333
656.578000
656.801033
657.010000
657.221833
657.627200
657.884567
658.320567
658.403400
659.222600
659.267200
659.417600
660.033400
660.085500
660.359000
660.398900
660.497733
660.572133
660.823533
660.942367
661.437767
661.911400
661.939500
662.153267
662.207833
663.457933
663.592767
663.644200
663.674967
664.104133
664.231433
664.327100
664.424000
664.489200
664.833667
665.009133
665.241200
665.246967
665.303633
665.454033
665.676633
666.013867
667.483467
667.633867
667.742467
667.753000
667.879267
667.995567
668.038133
668.097367
668.144967
668.252900
668.294633
668.329333
668.361033
668.376500
668.409167
668.538300
668.577867
668.612500
668.849400
668.880733
669.385133
669.440133
669.497300
669.586967
669.797600
669.863067
670.054400
670.574633
670.738267
670.971233
671.237500
671.576633
671.605967
671.632600
671.663367
672.049567
672.152833
672.257967
672.445667
672.470800
672.535333
672.584433
672.679667
672.720967
672.740800
672.785267
672.828467
672.897333
672.957667
673.031267
673.049000
673.110833
673.215933
673.496900
673.664567
674.010600
674.147100
674.690200
674.777200
674.878533
674.942667
675.002900
675.045100
675.120100
675.334233
675.357900
675.462067
675.585367
675.626700
676.190000
676.217467
676.508567
676.642000
677.205033
677.383600
677.424200
677.884100
678.005000
678.069867
678.329567
678.391833
678.412267
678.507267
678.632767
678.748467
678.784567
678.975167
679.091167
679.119400
679.166200
679.185300
679.217667
679.271900
679.687167
679.812233
679.851900
679.872133
679.919833
679.981700
681.361167
681.445967
681.495633
681.593167
681.621600
681.653533
681.750400
681.753267
681.771867
681.866700
682.086667
682.233100
682.554133
682.590200
682.627033
682.704567
682.738367
682.775233
682.866500
683.007600
683.068067
683.148200
683.180900
683.219433
683.245467
683.373467
683.429633
683.467600
683.500533
683.523367
683.592033
683.650167
683.763000
683.872400
683.906333
683.947000
685.014200
685.227667
685.267967
685.337533
685.585700
685.797733
685.882400
686.137433
686.142800
686.297833
686.872667
687.531433
688.480633
688.688167
688.916467
689.046500
689.143833
689.265267
689.338833
689.555233
689.628700
689.676033
689.684600
689.708667
689.799900
689.830200
689.862800
690.110000
690.613133
691.098700
691.143867
691.203367
691.255933
691.266500
691.341667
691.463933
691.885367
692.035667
692.566600
693.197900
693.486400
693.807133
693.885733
693.926767
694.242567
694.594500
694.868200
695.077333
695.185267
695.218733
695.291133
695.346400
695.400967
695.459333
695.546867
695.585067
695.693267
695.822533
695.936900
696.025600
696.099300
696.178467
696.210567
696.222300
696.280967
696.486633
696.677000
696.710767
696.759900
696.888800
696.940033
697.043933
697.173600
697.471500
697.508533
697.563767
697.627933
697.892233
698.048933
698.360200
698.434500
698.942100
698.994033
699.117633
699.339567
699.864333
699.935600
700.497900
700.614667
700.705767
700.787367
700.907167
700.976600
701.052833
701.127433
701.253167
701.374233
701.433067
701.469433
701.632300
701.843067
702.008600
702.054667
703.076000
704.959367
705.187733
705.299200
705.448267
705.575100
705.720800
705.781300
705.937000
705.957400
706.263867
706.328667
706.351833
706.404833
706.568767
706.837733
706.908667
707.060400
707.105067
707.319300
707.354567
707.434867
707.488933
707.625333
707.932733
708.309433
708.708400
709.023133
709.194833
709.293367
709.356200
709.379967
709.421267
709.445267
709.581367
710.307800
710.529033
710.784033
710.812000
710.835867
710.860767
710.901100
711.544633
711.753200
711.948200
712.133633
712.240467
712.295167
712.407433
712.445967
712.489867
712.537300
712.675367
713.011567
713.136167
713.298367
713.356467
713.675433
713.770533
713.803967
713.839233
713.855167
713.880767
713.969667
714.011967
714.213533
714.270300
714.355367
714.669533
714.723100
714.773967
715.449133
715.480400
715.790867
715.993300
716.114233
716.282300
716.317567
716.345500
716.372267
716.874767
717.312067
717.384833
717.594533
717.671933
717.753667
717.956067
718.025867
718.060000
718.205833
718.813233
719.150833
719.417400
720.816267
721.225033
721.301300
721.369200
721.467033
721.495833
721.582233
721.657367
721.774300
722.068533
722.738233
723.462567
723.759000
723.796533
724.450667
724.458300
724.619533
724.625867
724.713033
724.759167
724.929500
724.943000
725.017400
725.026100
725.270600
725.334233
725.427033
725.888333
725.909800
725.962767
726.197767
726.364900
726.506367
726.523200
726.627733
726.665067
726.815767
726.850600
727.065667
727.137733
727.359633
727.429500
727.547733
727.782767
727.839167
727.886000
728.203733
728.353200
728.572600
728.662800
728.984300
729.133467
729.427433
729.821300
729.966300
730.167133
730.221100
730.393600
730.518500
730.577467
730.791033
730.869700
730.917467
730.996167
731.028867
731.123467
731.178100
731.342267
731.474867
731.567267
731.712433
731.845867
731.886867
732.263433
732.375667
732.470067
732.664500
732.733167
733.180567
733.450933
733.582400
733.689500
734.052667
734.237633
734.364667
734.557433
734.657000
734.685533
734.702067
735.509900
735.826800
735.874433
735.943533
736.177667
736.268933
736.323100
736.353700
736.421433
736.423267
736.616000
736.652600
736.694167
736.831233
736.894033
737.065033
737.335733
737.374000
737.602733
737.628900
737.679600
737.950067
737.955600
738.106500
738.216933
738.418200
738.535433
738.613333
738.900433
738.976033
739.049967
739.195667
739.280433
739.387933
739.473033
739.625633
739.803667
739.848633
739.879133
739.917267
740.029900
740.111933
740.155700
740.260833
740.302800
740.337567
740.371133
740.487667
740.686833
740.805333
740.873133
740.957967
741.356733
741.436367
741.686733
741.716633
741.789033
742.189600
742.312333
742.807900
743.268367
743.507833
743.817800
743.899933
744.017500
744.040800
744.066967
744.157733
744.203167
744.358800
744.443933
744.477867
744.557633
745.545033
745.640000
745.802833
745.996767
746.738700
746.782900
746.815733
746.934033
747.038167
747.185933
747.239667
747.255800
747.372267
747.507633
747.764000
747.806733
747.883933
747.947900
748.147300
748.201333
748.567033
748.755533
748.828300
749.001933
749.041867
749.246767
749.441833
749.567733
749.616667
749.691467
749.739633
749.810100
749.865500
749.953167
750.132033
750.370433
750.420900
751.179700
751.622600
752.456367
752.638833
752.879800
753.170133
753.888333
753.962200
754.385400
754.488167
754.658967
754.885967
755.165067
755.734367
755.840533
756.064167
756.104733
756.315367
756.518033
756.556867
756.623833
756.809967
757.556067
757.597933
757.754233
757.906833
757.981700
758.407733
758.449000
758.823033
758.931900
759.074633
759.149600
759.191900
759.254900
759.344667
759.888367
759.972967
760.725833
761.425100
762.248000
762.315700
762.393067
762.629567
762.848900
762.889167
763.035167
763.136267
763.293200
763.439867
763.822933
763.914167
764.109500
764.230767
764.300233
764.343233
764.374200
764.486133
764.586200
764.713067
764.876933
765.245767
765.735533
768.199700
768.860467
768.997333
769.304367
769.407867
769.452433
769.521267
769.569100
769.627533
769.687033
769.740533
769.829500
769.933867
770.019367
770.183900
770.310833
770.431067
770.470800
770.478000
770.548000
770.609900
770.709500
770.752433
770.908867
770.993867
771.017533
771.150767
771.220867
771.264367
771.298000
771.607233
771.687567
771.719200
771.761767
771.875967
771.984600
772.963100
772.988900
773.105667
773.145633
773.234600
773.501733
774.321333
774.570100
774.870833
774.933300
775.015800
775.337300
775.698567
776.744800
777.299800
777.424433
777.487200
778.284033
778.287033
780.100133
780.184033
780.206533
780.332267
780.626667
780.730500
780.817733
781.061033
781.163667
781.280267
781.314500
781.385967
781.492367
781.546133
781.660767
782.001567
782.343100
782.554900
782.614067
782.745300
782.890167
782.927600
783.003200
783.040233
783.120967
783.356567
783.426967
783.709833
784.096067
784.327900
784.475467
784.518400
784.842467
785.623867
785.644267
785.704300
786.008567
786.092433
786.204900
786.222733
786.264167
786.286067
786.339167
786.503033
786.576567
786.581200
786.628033
786.715833
787.557567
787.665933
787.809433
788.195000
788.272800
788.472200
788.575667
788.622233
788.668167
788.709333
788.799933
788.975700
789.069533
789.150033
789.186133
790.021500
790.100733
790.153000
790.332433
790.527800
790.617667
790.796433
790.847200
791.007767
791.195033
791.223900
791.315000
791.422267
792.475467
792.647867
793.001533
793.053300
793.212133
793.283333
793.359000
793.454900
793.506500
793.619167
793.985533
793.994333
794.033500
794.102167
794.157033
794.217167
794.260667
794.368533
794.424667
794.564400
795.016300
795.066367
795.120467
795.223733
795.339067
795.542833
796.327067
796.466933
796.517433
796.592233
796.705400
796.763367
796.942000
797.101500
797.654867
797.690300
797.733000
797.789000
797.826533
797.918967
797.979300
798.187100
798.322067
798.443633
798.499500
799.505567
800.037233
800.331900
800.416333
801.040733
802.002300
802.156500
802.253500
802.302433
802.386467
802.521000
802.609167
802.712267
802.995633
803.202767
803.302167
803.506567
803.555533
803.653900
803.790000
803.824100
803.917767
804.284267
804.364933
804.674367
804.913467
805.083700
805.126700
805.761800
805.838667
805.977167
806.076000
806.587200
807.035400
807.464367
807.484033
807.589467
807.652533
807.730167
807.827733
807.866133
808.006533
808.073800
808.079633
808.116267
808.203333
808.314767
809.644800
809.709767
809.759700
810.649700
810.697433
810.837600
811.108667
811.151800
811.218567
811.269367
811.327433
811.533400
811.559233
811.724967
812.268033
812.347233
812.512333
812.618300
812.638800
813.007233
813.084667
813.111167
813.249400
813.364633
813.394400
813.414333
813.448267
813.506500
813.589233
813.655000
813.853000
814.024600
814.275667
814.369800
814.426300
814.655433
815.516433
815.654000
815.682533
815.730033
815.764100
815.797567
815.831633
815.843833
815.978133
816.004267
816.082700
816.140900
816.187433
816.365200
816.531867
816.632467
816.785333
816.902867
816.937967
816.973100
817.804133
817.945633
818.116367
818.251833
818.349667
818.409367
818.473667
818.897333
819.610867
820.835433
820.862333
820.900100
820.936933
821.141267
821.211267
821.335067
821.369700
821.404633
821.448700
821.526133
821.726833
821.865633
821.919567
821.924533
821.961800
822.089933
822.151400
822.252967
822.348233
822.501000
822.671933
822.825467
822.876867
823.027333
823.285100
823.533400
823.580800
823.669300
823.867500
823.958933
824.318600
824.430767
824.970933
825.029833
825.473633
825.604300
825.956567
826.356167
826.616233
826.703933
826.756500
826.937300
827.099733
827.208600
827.275800
827.736267
828.068400
828.219000
828.396467
829.064967
829.138200
829.197200
829.253033
829.441300
829.495800
829.531000
829.693133
829.873733
829.934767
829.978533
830.033300
830.081800
830.194500
830.296200
830.572100
830.802300
830.930867
831.163500
831.221500
831.298267
831.429800
831.474833
831.519633
831.552733
831.572200
831.638967
831.675733
831.877000
832.062833
832.186800
832.416567
832.556300
833.427600
833.481833
833.522867
833.557267
833.610833
833.743600
833.849767
833.981100
834.670867
834.832633
835.029767
835.103267
835.164800
835.217567
835.280533
835.372067
835.417833
835.556567
835.713100
835.770100
837.574433
837.711333
838.243333
838.354700
839.069567
839.178167
839.245367
839.333833
839.889133
839.999933
840.153267
840.208800
840.436467
840.594533
840.661733
840.826333
841.038600
841.205833
841.841467
841.982900
842.627167
842.976600
843.218733
844.162467
844.372867
844.443600
844.635767
844.672967
844.800633
844.830333
844.885000
845.253067
845.268033
845.619067
845.701100
846.023200
846.095533
846.219967
846.331633
846.370900
846.489133
846.698833
847.061933
847.150767
847.192600
847.235667
847.316467
847.354567
847.611500
847.746667
847.933767
847.994333
848.048133
848.112933
848.219067
848.365733
848.427367
848.568967
848.696300
848.788133
848.859000
848.945733
848.995100
849.041100
849.091800
849.252033
849.361833
850.794600
850.910133
850.980533
851.010900
851.056500
851.454967
851.595767
851.642200
851.679767
851.715233
851.780700
851.841367
851.876433
851.930167
851.973033
851.990033
852.027467
852.168033
852.294400
852.380133
852.456167
852.666067
852.897100
853.008500
853.153567
853.235933
853.545100
853.582400
853.864867
854.591833
854.699300
854.891833
855.010533
855.069767
855.109233
855.388867
855.599367
855.828467
855.892267
855.925967
855.954933
855.977567
856.195367
856.259800
856.509600
856.596133
856.694467
856.899533
857.050367
857.110767
857.130233
857.150467
857.235500
857.478000
857.551433
857.572700
857.682000
857.978267
858.058433
858.479700
858.517400
858.592267
858.748700
858.834733
858.945767
859.044600
859.090300
859.132400
859.168567
859.233633
859.390333
859.404367
859.558400
859.676267
859.905267
860.034433
860.163200
860.243300
860.688100
860.798433
861.013833
861.743533
861.816000
861.967033
862.160000
862.231800
862.348933
862.374200
862.791233
863.775400
863.829333
863.908700
863.983633
864.286333
864.442267
864.526300
864.579767
864.612767
864.643167
864.687300
864.700033
864.712500
864.809767
864.890967
865.172633
865.387600
865.541733
865.744100
865.816733
865.902900
866.056500
866.083300
866.113467
866.135800
866.152000
866.177700
866.564567
866.596667
866.630133
866.685167
866.772133
866.789067
867.255800
867.304467
867.414367
867.652967
867.754567
867.821133
867.915867
867.980433
868.231833
868.245067
868.295333
868.331700
868.362200
868.395933
868.416000
869.416500
869.485300
869.608067
869.739467
869.837933
870.030567
870.096633
870.224433
871.118900
871.569600
871.612733
872.370967
872.474867
872.480700
872.775900
872.834800
872.903667
873.114133
873.143533
873.423900
873.660067
874.260567
874.462967
874.508900
875.661333
875.785333
875.798767
875.948667
876.138633
876.231033
876.368800
876.403033
876.568300
876.947533
877.107967
877.146900
877.274967
877.840967
877.893867
878.729400
879.013133
879.190100
879.326733
879.402433
879.559200
879.669800
880.018133
880.921433
881.518400
881.607900
881.705700
881.766767
881.881467
881.921300
882.139500
882.366800
882.562333
882.611567
882.655333
882.858433
882.903600
882.944700
883.033600
883.164867
883.218467
883.314333
883.594633
883.699300
883.884133
883.938733
883.982367
884.038767
884.079567
884.086067
884.135133
884.227833
884.258300
884.327967
884.375333
884.403567
884.532533
884.679200
884.818667
884.892500
885.094233
885.285100
885.355500
885.401767
885.476067
885.660200
885.748000
885.882967
885.960400
886.938733
887.092000
888.394267
889.995533
890.241367
890.288033
890.351400
890.501967
890.515767
890.578967
890.672567
891.101367
892.521767
892.566767
892.750500
892.778867
892.791200
892.841267
892.881133
892.934300
892.984700
893.092000
893.240433
893.288567
893.392700
893.463967
893.634167
893.822167
893.962300
894.008000
894.054767
894.106433
894.360800
894.572900
894.696133
895.066200
895.078400
895.164167
895.205633
895.304133
895.723700
895.833167
896.104600
896.403800
896.630833
896.682033
897.103500
897.157867
897.220700
897.329333
897.784300
897.994433
898.125133
898.365133
898.501067
898.543100
898.638567
898.742767
898.786733
898.966100
899.036633
899.145700
899.220233
899.363000
899.415100
899.488367
899.790100
900.035733
900.115467
900.192967
900.298267
900.475933
900.560900
900.749167
900.789767
900.841600
900.895733
901.008867
901.277467
902.016600
902.731967
903.152467
903.257267
903.310133
903.411033
903.528333
903.591467
903.658367
903.803133
904.096900
904.147433
904.222633
904.312333
904.423200
904.797567
904.972200
905.304233
905.481800
905.750467
905.842600
905.944500
906.084900
906.357267
906.417333
906.454700
906.526167
906.635100
906.703900
906.952033
907.200000
907.330733
907.381367
907.766833
908.124733
908.185133
908.212900
908.298767
908.423733
908.520200
909.251500
910.524833
910.794733
910.857500
911.386233
911.804967
911.970033
912.070333
912.670367
912.717733
912.847900
912.912900
913.148500
913.202567
913.858500
913.895467
913.984567
914.035833
914.252533
914.493633
914.595933
915.022167
915.183133
915.207833
915.615367
916.153700
916.695667
919.494167
919.536133
919.616300
919.761400
919.930600
920.029567
920.127500
920.520500
920.807533
920.920000
921.076700
921.106700
921.265533
921.293933
921.324567
921.471333
921.584367
921.690733
921.840833
921.998400
922.244433
922.429400
922.499100
922.550333
922.624833
922.636733
922.672200
922.690933
922.768433
923.090967
923.228133
923.283233
923.325133
923.390900
923.435733
923.517200
923.656067
924.459467
924.952900
925.034967
925.113433
925.175800
925.206733
925.236767
925.488167
925.599800
925.694033
925.757167
925.824567
925.894300
926.023433
926.165633
926.259000
926.308067
926.544833
926.649167
926.722500
926.780600
926.973067
926.975400
927.643767
927.711000
927.789967
927.841433
927.988800
928.069067
928.192700
928.266567
928.982767
929.035933
929.063867
929.114467
929.178767
929.237367
929.366600
929.400367
929.522167
929.602100
930.008500
930.099033
930.165167
930.214033
930.248033
930.374600
930.410833
930.517567
930.579433
930.645000
930.769933
930.823000
931.017900
931.079400
931.172867
931.215033
931.313567
931.604633
931.659700
931.697633
931.748333
932.086133
932.935467
932.971100
933.011400
933.073967
933.132533
933.191467
933.258833
933.345900
934.095400
934.248033
934.336433
934.610533
934.753067
934.836133
934.899533
935.100267
935.143567
935.207867
935.343133
935.444433
935.532133
935.637833
935.799600
937.276300
937.353533
938.046900
938.175400
938.434367
938.467867
938.638000
938.754000
938.858433
938.902667
939.109533
939.519300
939.964867
940.056733
940.209733
941.096200
941.218567
941.300233
941.302933
941.369000
941.416533
941.494433
941.509133
941.534100
941.589700
941.686333
941.744100
941.993667
942.976067
943.102167
943.349733
943.920133
944.641533
944.886200
945.127967
945.183367
945.233100
945.267867
945.507167
945.532567
945.557900
945.652167
945.855067
945.875767
945.915033
945.943233
945.984033
946.039967
946.127867
946.146033
946.178800
946.294700
946.345133
946.472533
946.537700
947.320000
947.398167
947.443833
947.489600
947.528900
947.699633
947.711933
947.752600
947.784267
947.884300
947.999767
948.160733
948.686467
948.918533
949.879600
950.049333
950.107067
950.210000
950.380533
950.434600
950.868067
951.022133
951.095500
951.162133
951.179033
951.277000
951.475233
951.549900
951.741000
951.882300
952.250233
952.327967
952.390800
952.446867
952.451000
952.790067
952.795000
952.853867
952.962100
954.306033
954.820233
954.856833
955.628333
955.971767
956.129067
956.367300
956.476933
956.548167
956.602567
956.665233
956.672333
956.999000
957.072867
957.153733
957.467900
957.756967
957.854533
957.888800
958.023400
958.138800
958.164467
958.315133
958.660700
958.809267
959.374733
959.639867
959.752400
959.940233
959.961300
960.040800
960.124200
960.176567
960.208800
960.345633
960.358733
960.428900
960.534100
960.610100
960.662400
960.797800
960.834467
960.943133
961.027367
961.100000
961.166933
961.260433
961.364233
961.396833
961.516667
961.688200
961.908500
962.007533
962.835800
962.871933
962.933800
962.991267
963.037500
963.157867
963.220267
963.689767
963.873133
963.933067
964.131100
964.260667
964.309367
964.345000
964.391767
964.487200
964.556600
964.848233
965.235100
965.293900
965.543500
965.799200
965.888333
965.919700
966.580633
966.780867
966.824300
966.865800
967.001600
967.166133
967.243133
967.296100
967.349600
967.489533
967.559800
967.821500
967.868367
967.905100
968.044100
968.071900
968.194333
968.365033
968.408467
968.476000
968.510900
968.684667
968.738767
968.774300
969.053100
969.173767
969.211133
969.261367
969.388600
969.657300
969.957467
970.015667
970.288500
970.425900
970.578100
971.110400
971.166800
971.230633
971.300167
971.355267
971.422267
971.993967
972.104767
972.404633
972.606233
972.733467
972.848367
972.905833
973.018333
973.073000
973.104267
973.159900
973.462533
973.502100
973.600800
973.904500
973.935767
974.035633
974.117033
974.155100
974.172733
974.259667
974.350333
974.500000
974.791133
974.980533
975.119633
976.242367
976.432533
976.514933
976.655667
976.850467
977.136433
977.163067
977.277800
977.332500
977.388767
977.559567
977.676133
977.708933
977.849933
977.893833
977.973333
978.080233
978.113967
978.267467
978.309900
978.385667
978.494767
978.549400
978.678033
978.872967
978.894167
978.984700
979.419700
979.673200
980.372433
980.460500
980.633233
980.740300
980.776333
980.843467
981.183200
981.475800
981.746567
981.858033
981.939667
982.082833
982.234600
982.373700
982.498267
982.581200
982.669533
982.695833
982.750833
982.818567
983.144033
983.297367
983.307500
983.352700
983.373967
983.476900
983.657333
983.735633
984.432767
984.637567
984.670333
984.881367
985.130500
985.208000
985.314467
985.754900
985.941400
986.010733
986.284767
986.354600
986.442200
986.946900
987.175533
987.317467
988.178567
988.693733
989.052200
989.236267
989.469567
989.979633
990.127067
990.346333
990.395100
990.573600
990.614300
990.676667
991.084767
991.640267
991.841000
992.037667
992.117033
992.682767
992.726867
992.787633
992.832467
992.890667
993.092500
993.175467
993.294267
993.481100
993.605067
993.648200
993.650633
993.699633
993.741900
993.874033
994.155933
994.704700
994.762400
994.874567
995.144367
995.508500
995.558633
995.689400
995.724867
995.759800
995.787333
995.847900
996.061833
996.260167
996.339900
996.639667
996.712067
997.190233
997.239633
997.695400
997.925267
998.045167
998.140567
998.268833
998.437100
998.520000
998.777633
999.808800
999.847733
1000.018033
1000.081233
1000.112933
1000.229400
1000.333167
1000.667033
1000.756033
1001.002900
1001.585767
1001.640567
1001.665000
1001.689233
1001.894133
1001.991567
1002.061000
1002.105733
1002.159200
1002.337067
1002.452133
1002.500100
1002.644400
1002.728700
1002.990467
1003.086567
1003.276467
1003.397533
1003.465333
1003.557067
1003.648933
1003.891733
1003.973967
1004.049967
1004.356467
1004.471133
1004.554700
1004.843667
1005.116867
1005.196067
1005.269333
1005.553367
1005.686733
1005.759433
1005.928900
1006.641333
1007.109933
1007.376600
1007.556500
1007.564367
1007.678133
1008.467700
1008.501967
1008.520400
1008.566000
1008.644000
1008.709233
1008.795933
1008.911600
1009.001000
1010.262800
1010.394167
1010.768700
1010.855733
1011.423533
1011.481167
1011.615233
1011.806267
1011.940767
1012.061467
1013.127433
1013.241333
1013.314000
1013.573767
1013.800267
1013.920067
1014.094133
1014.475867
1014.672333
1014.761600
1014.827767
1014.872067
1015.657967
1015.720167
1015.838800
1015.891933
1015.925000
1015.949833
1016.102200
1016.225000
1016.648367
1017.151100
1017.480467
1017.672533
1017.743933
1017.792500
1017.976767
1018.042267
1018.171633
1018.294567
1018.545267
1018.591533
1018.644767
1019.034233
1019.178933
1019.490467
1019.625833
1020.450867
1021.030433
1021.054900
1021.171900
1021.625500
1021.735900
1021.965533
1022.182167
1022.230900
1022.374967
1022.438733
1022.763300
1022.770800
1022.838633
1022.847733
1022.912000
1022.973733
1023.049067
1023.183733
1023.545667
1023.697867
1023.846767
1023.849067
1024.044433
1024.757267
1024.986567
1025.054400
1025.127833
1025.174333
1025.198067
1025.354367
1025.380967
1025.501600
1025.579100
1025.737200
1025.777133
1025.908567
1026.680733
1027.500200
1027.578233
1027.589000
1027.667467
1028.268067
1028.301700
1028.427733
1028.531333
1028.691367
1028.736533
1028.788933
1028.844500
1028.872333
1028.940367
1028.972467
1029.021067
1029.041067
1029.082133
1029.118700
1029.274733
1029.347433
1029.411200
1029.507000
1030.706933
1030.752533
1031.307800
1031.382633
1031.451167
1031.492167
1032.068267
1032.506567
1032.577633
1032.629700
1032.663233
1032.756033
1032.857767
1032.926200
1033.152967
1033.197367
1033.557133
1033.572900
1033.829967
1033.888700
1033.947100
1034.014567
1034.369100
1034.555067
1035.241767
1035.312233
1035.355933
1035.413167
1035.510133
1035.684633
1035.987500
1036.000833
1036.069567
1036.088100
1036.159333
1036.303833
1036.345367
1036.669833
1036.789733
1037.372400
1037.556300
1037.614567
1037.676033
1037.829167
1037.858333
1038.369867
1038.506167
1038.802367
1039.048600
1040.445300
1040.662300
1040.821367
1040.961867
1041.025200
1041.213700
1041.390667
1041.429433
1041.526067
1041.670133
1041.786400
1042.246400
1042.628233
1042.821067
1043.432700
1043.558333
1043.707700
1043.868900
1044.048267
1044.061433
1044.085933
1044.161933
1044.186633
1044.443400
1044.482600
1044.527900
1044.751667
1044.908333
1045.072500
1045.116333
1045.304733
1045.445200
1045.487000
1045.523600
1045.657900
1045.757333
1045.794333
1046.036433
1046.098433
1046.159733
1046.238533
1046.381833
1046.456700
1046.544267
1046.656567
1046.825800
1046.869567
1047.294467
1047.458633
1047.614300
1048.252433
1048.890000
1048.946267
1049.004733
1049.131033
1049.167767
1049.210633
1049.321333
1049.405033
1049.462000
1049.655867
1049.729867
1049.986867
1050.053067
1050.101100
1050.150833
1050.237267
1050.326733
1050.508233
1050.533900
1050.586433
1050.654233
1050.665500
1050.748267
1050.834833
1050.939300
1051.058667
1051.658633
1051.830067
1051.877333
1051.944133
1052.565933
1052.904667
1053.199400
1053.502067
1053.701633
1053.793900
1053.897400
1054.034567
1054.271833
1054.336300
1054.403667
1055.157667
1055.409767
1055.458267
1055.523833
1055.591300
1055.834833
1055.881867
1055.959067
1055.980800
1056.099600
1056.189067
1056.252433
1056.344733
1057.150133
1057.213200
1057.574667
1057.745633
1057.810533
1057.857967
1057.906767
1058.013267
1058.072867
1058.614133
1058.684067
1059.022733
1059.039933
1059.098100
1059.120867
1059.702833
1059.795167
1059.937200
1060.067400
1060.245333
1060.481967
1060.824500
1061.142800
1062.070700
1062.148333
1062.315300
1062.814933
1063.262800
1063.507333
1063.647233
1063.765400
1064.009933
1064.776800
1064.933900
1065.248533
1065.398067
1065.578600
1065.742767
1065.901833
1065.995667
1066.210500
1066.547867
1066.766033
1067.509933
1067.761467
1067.805100
1068.030900
1068.054167
1068.123967
1068.171400
1068.272900
1068.298367
1068.445367
1068.501500
1069.206867
1069.289733
1069.479833
1069.532967
1069.701000
1069.703733
1069.775667
1069.878067
1070.155667
1070.237633
1070.292067
1070.386867
1070.596833
1070.718167
1070.979800
1071.088700
1071.137033
1071.179067
1071.246067
1072.153800
1072.293367
1072.373967
1072.475567
1074.064367
1074.218733
1074.291433
1074.460167
1074.539567
1074.720300
1074.897400
1074.950900
1075.054767
1075.244600
1075.387233
1075.487100
1076.475867
1076.721300
1077.560367
1077.697200
1077.886200
1077.970067
1078.032867
1078.149967
1078.333800
1078.470333
1078.702367
1078.858400
1078.940433
1079.022067
1079.094367
1079.132533
1079.218900
1079.283267
1079.371067
1079.506400
1079.543233
1079.601467
1079.654300
1079.709567
1080.109367
1080.283967
1080.320833
1080.588867
1080.795433
1080.902433
1080.979800
1081.174267
1081.322467
1081.435700
1081.468300
1081.496800
1081.602967
1081.643800
1081.661167
1081.749533
1081.804933
1081.911900
1082.067433
1082.137600
1082.181200
1082.879133
1084.328467
1085.084067
1085.213167
1085.368000
1085.454967
1085.579367
1085.644100
1085.891400
1086.003433
1086.868033
1087.090733
1087.239667
1087.353600
1087.355833
1087.410033
1087.538200
1087.572400
1087.645467
1087.693833
1087.847767
1087.969967
1088.303933
1088.393800
1088.482133
1088.579600
1088.608467
1088.699867
1088.753167
1088.819633
1089.223100
1089.396667
1089.625133
1089.715600
1089.880633
1090.752100
1090.923600
1091.011433
1091.068067
1091.162600
1091.310900
1091.364900
1091.487800
1091.681867
1091.776700
1091.903500
1093.188067
1093.280467
1093.642333
1093.885800
1093.971367
1094.103033
1094.110867
1094.204733
1094.492233
1094.675267
1094.731667
1094.920467
1095.186767
1095.391367
1095.467033
1096.378567
1096.706633
1096.891533
1097.007667
1097.043700
1097.381033
1097.451333
1097.494033
1097.501700
1097.536200
1097.662933
1097.715233
1097.807533
1097.868667
1098.559000
1099.824133
1100.045767
1100.180400
1100.247567
1100.373567
1100.445733
1100.577967
1100.616967
1100.690800
1100.737500
1100.797400
1100.910100
1100.994800
1101.077967
1101.360667
1101.415100
1101.458733
1101.558467
1101.691400
1101.821800
1101.990000
1102.056333
1102.117633
1102.169833
1102.461500
1102.671800
1102.824900
1102.897533
1102.944167
1103.143933
1103.228700
1103.656000
1103.993700
1104.282267
1104.334500
1104.398300
1104.427067
1104.784267
1104.790333
1104.913033
1105.024900
1105.343567
1105.681767
1105.717533
1105.888033
1106.040267
1106.347800
1106.379067
1107.132500
1107.171700
1107.220100
1107.330967
1107.356300
1108.433267
1109.258100
1109.443067
1109.610600
1109.869433
1109.927900
1110.067767
1110.123933
1110.179600
1110.827733
1110.939767
1110.991533
1111.235033
1111.354067
1111.524600
1111.882767
1112.397533
1112.402000
1112.588533
1112.752267
1112.919500
1113.022467
1113.725967
1113.913033
1114.067833
1114.400167
1115.457567
1116.181433
1116.406333
1116.456733
1116.625567
1116.824767
1116.911167
1116.922633
1116.951500
1117.045933
1117.094067
1117.213600
1117.388100
1117.518400
1117.574367
1117.667100
1118.038833
1118.567333
1118.938167
1119.703233
1119.756367
1119.920933
1120.088200
1120.142100
1120.181067
1120.526933
1121.040200
1121.099500
1121.204900
1121.363900
1121.385467
1121.545033
1121.738967
1121.809767
1121.898367
1121.932033
1121.991233
1122.029333
1122.074333
1122.262200
1122.386533
1122.538600
1122.702200
1122.980600
1123.337400
1124.309033
1124.531500
1124.626667
1124.721767
1124.763667
1124.799667
1124.965667
1125.167033
1125.188733
1125.477467
1125.581633
1125.727833
1126.047333
1126.311900
1127.433833
1127.574067
1127.648867
1127.723100
1127.875400
1127.966667
1128.574767
1128.748567
1128.936167
1129.141933
1129.172600
1129.209067
1129.238800
1129.291200
1129.405833
1129.835200
1130.000700
1130.497100
1131.440400
1131.506267
1131.923767
1131.958833
1131.993433
1132.022400
1132.321100
1132.359200
1132.385133
1132.729533
1132.760367
1132.784733
1132.794500
1132.983933
1133.053200
1134.444367
1134.454167
1134.686433
1134.815933
1135.158500
1135.475133
1135.932867
1136.009000
1136.051133
1136.188367
1136.234433
1136.267667
1136.308267
1136.435267
1136.515667
1136.559933
1136.618967
1136.652767
1136.666167
1136.739267
1136.816967
1136.857767
1136.901833
1137.045800
1137.125500
1137.436900
1137.563300
1137.757767
1137.905067
1138.025167
1139.635867
1139.727633
1139.967433
1140.022067
1140.264267
1140.519233
1140.620000
1140.903133
1141.042200
1141.111833
1141.137967
1141.785033
1141.889233
1141.931000
1142.016233
1142.161133
1142.350433
1142.840467
1142.883967
1142.948733
1143.055067
1143.120533
1143.304533
1143.950000
1144.179167
1144.238567
1144.299200
1144.474567
1145.865867
1146.124600
1146.219600
1146.284833
1146.342933
1146.451167
1146.491233
1146.595033
1146.665300
1146.725200
1146.771267
1146.863900
1146.908833
1146.946933
1146.991933
1147.183700
1147.560100
1147.769633
1147.881467
1148.007000
1148.115267
1148.233933
1148.287300
1148.390600
1148.578967
1148.613767
1148.703800
1148.772367
1148.881967
1148.977233
1149.143600
1149.281933
1149.358733
1150.310967
1150.491333
1150.523333
1150.663967
1150.869567
1150.999133
1151.152367
1151.314500
1151.471033
1151.786867
1152.136267
1152.410467
1152.557767
1153.093533
1153.109933
1153.219800
1153.277033
1153.329933
1153.393400
1153.424467
1153.459633
1153.560767
1153.650133
1153.712667
1153.798300
1153.966133
1154.168600
1154.444600
1154.646533
1154.727933
1154.941733
1155.011633
1156.120133
1156.298900
1156.420800
1156.799833
1156.854833
1156.917233
1157.115633
1157.375767
1157.428967
1157.517400
1157.627967
1157.719867
1157.757067
1157.851433
1157.901800
1158.172667
1158.302400
1159.238933
1159.296633
1159.506500
1159.813067
1160.033967
1160.439500
1160.475200
1160.653133
1160.718200
1160.809433
1160.916067
1161.025867
1161.214467
1161.365233
1161.380067
1161.432433
1161.756233
1161.891033
1161.921033
1161.961233
1162.043633
1162.081800
1162.125167
1162.162900
1162.286000
1162.300833
1162.341567
1162.516167
1162.631333
1162.730267
1162.799700
1162.851067
1162.963633
1163.044000
1163.093500
1163.346800
1163.452367
1164.066267
1164.780333
1165.140333
1165.233400
1165.558867
1165.624033
1165.762767
1165.829367
1165.930967
1166.002400
1166.179467
1166.353500
1166.441500
1166.506567
1166.632867
1166.678700
1166.957167
1167.004067
1167.140567
1167.233200
1167.373600
1167.551167
1168.657100
1168.841967
1168.978533
1169.116767
1169.461800
1169.572233
1169.646033
1169.810867
1170.006800
1170.188900
1170.329367
1170.460233
1170.771233
1170.834300
1170.972633
1171.592100
1171.790700
1171.937967
1171.965567
1172.010400
1172.323333
1172.452933
1172.641133
1172.739267
1172.825167
1172.937033
1172.992833
1173.133700
1173.289567
1173.324800
1173.376667
1173.415933
1173.502233
1173.553667
1173.604500
1173.711800
1173.875167
1173.914933
1174.024267
1174.067133
1174.132200
1174.178500
1174.237700
1174.367100
1174.424267
1174.524233
1175.044700
1175.112433
1175.213700
1175.770467
1176.212367
1176.295200
1176.366933
1176.585400
1176.721333
1176.903000
1177.181500
1177.273900
1177.320400
1177.405900
1177.551067
1177.663533
1177.778533
1177.841433
1177.900067
1177.948633
1177.991733
1178.086600
1178.130467
1178.230933
1178.319800
1178.374433
1178.492500
1178.821567
1179.160833
1179.288067
1179.315600
1179.440300
1179.465467
1179.498267
1179.532833
1179.638333
1179.663833
1179.686533
1179.729300
1179.738333
1179.815600
1179.892267
1179.929233
1180.008767
1180.079600
1180.181367
1180.347700
1180.388367
1180.415133
1180.478700
1181.013767
1181.109767
1181.410367
1181.463067
1182.224800
1182.251000
1182.411433
1182.449567
1182.571033
1182.769367
1182.915400
1183.000033
1183.185567
1183.258267
1183.319000
1183.354100
1183.424400
1183.755867
1183.835133
1183.879167
1183.969700
1184.013200
1184.089167
1184.125767
1184.197800
1184.276833
1184.323667
1184.361333
1184.433700
1184.472067
1184.528300
1184.632167
1184.667867
1184.707733
1184.760567
1185.068133
1185.328733
1186.441167
1186.544100
1186.656867
1187.250767
1187.457200
1187.489900
1187.962300
1188.007167
1188.035200
1188.368133
1188.428833
1188.645400
1188.705967
1188.857867
1189.186333
1189.494567
1189.698100
1190.883267
1192.103700
1192.451700
1192.606967
1192.817933
1192.996233
1193.102267
1193.119967
1193.245300
1193.326800
1193.332233
1193.393033
1193.437067
1193.445767
1193.596367
1193.869367
1194.679800
1195.068000
1195.337000
1195.438333
1195.638333
1195.986033
1196.135833
1196.176633
1196.276933
1196.322633
1196.369133
1196.423500
1196.499567
1196.645700
1196.714700
1196.824200
1196.853533
1196.973600
1197.052900
1197.122500
1197.192267
1197.524767
1197.655100
1197.686267
1197.961700
1198.176667
1198.245367
1199.059500
1199.214867
1199.288233
1199.372600
1199.722900
1201.263900
1201.430867
1201.489567
1201.641933
1201.719367
1201.773367
1201.917033
1201.980800
1202.143433
1202.326867
1202.427200
1202.702900
1203.067633
1203.223200
1203.228333
1204.106300
1204.150933
1204.188367
1204.291800
1204.357700
1204.431367
1204.484533
1204.520133
1204.557900
1204.609000
1204.671833
1204.705067
1204.737667
1205.336600
1205.434533
1205.477133
1205.513567
1205.607867
1205.658433
1205.747267
1205.795700
1205.825467
1205.936433
1206.762900
1206.823233
1207.114500
1207.182567
1207.238200
1207.321333
1207.354867
1207.412767
1207.499267
1207.547300
1207.595000
1207.624400
1207.662833
1207.822400
1208.009833
1208.078433
1208.236667
1208.462100
1208.563900
1208.806100
1208.961833
1210.084633
1210.124533
1210.150467
1210.185800
1210.314267
1210.392200
1210.593500
1211.547067
1211.682100
1211.730800
1211.901867
1212.135633
1212.159067
1212.207467
1212.576067
1212.738033
1212.805400
1212.877867
1212.920267
1212.986533
1213.013133
1213.293233
1213.689267
1213.781200
1213.956767
1214.159300
1214.313133
1214.379433
1214.489567
1214.629433
1215.310233
1215.496800
1215.533467
1215.588700
1215.862600
1215.892567
1215.972400
1216.468900
1216.599767
1216.743167
1216.885000
1217.043067
1217.204333
1217.456733
1217.571200
1217.606900
1217.685667
1217.725633
1217.756900
1217.760467
1217.864967
1217.881367
1217.908433
1218.005333
1218.164733
1218.474033
1218.940433
1219.021533
1219.043433
1219.190367
1219.218033
1219.274633
1219.340433
1219.382000
1219.580900
1219.704833
1219.805167
1220.079400
1220.125633
1220.250433
1220.329467
1220.360600
1220.424867
1220.816133
1221.078067
1221.436500
1221.493033
1221.575900
1221.713400
1221.758833
1221.864067
1221.922067
1221.968567
1222.267367
1222.394567
1222.536633
1222.602067
1222.691367
1222.754733
1222.950567
1223.200000
1223.803900
1223.937100
1224.226967
1224.277200
1224.646700
1224.732333
1224.792833
1224.936533
1225.226500
1226.454867
1226.508967
1226.547700
1226.766133
1226.891000
1227.117067
1227.275633
1227.365733
1227.408667
1227.535467
1227.740633
1227.893167
1227.978167
1228.053767
1228.080767
1228.230267
1228.297567
1228.329200
1228.440533
1228.548033
1228.606200
1228.695833
1228.745600
1228.888733
1228.992367
1229.009667
1229.257400
1229.325333
1229.840967
1229.893233
1230.001500
1230.466333
1230.735533
1230.958667
1231.022267
1231.257933
1231.386033
1231.692933
1231.860233
1231.917733
1232.041733
1232.178933
1232.946233
1233.333967
1233.417367
1233.448667
1233.529000
1233.623633
1233.635433
1233.823333
1233.908100
1233.956900
1234.234467
1234.429500
1234.629167
1234.689600
1234.756433
1236.443567
1236.526067
1236.602100
1236.671033
1236.731800
1236.809233
1236.897033
1236.924333
1236.968767
1237.147000
1237.183467
1237.243833
1237.482900
1238.020333
1238.063867
1238.486833
1238.582767
1238.650800
1238.780133
1238.976667
1239.040200
1239.119433
1239.354133
1239.431133
1239.520467
1239.651667
1239.856833
1239.891267
1240.071267
1240.389500
1240.439167
1240.500100
1240.553900
1240.604700
1240.638433
1240.671500
1240.701967
1240.737200
1240.783567
1240.817233
1240.843900
1240.930833
1241.053033
1241.131800
1241.635400
1241.755000
1242.032700
1243.039967
1243.107633
1243.142000
1243.224400
1243.321400
1243.564567
1243.866233
1244.062267
1244.154700
1244.213833
1244.262300
1244.318533
1244.383367
1244.391500
1244.421033
1244.800467
1244.891167
1245.207000
1245.488700
1247.370200
1247.449300
1247.614767
1247.741567
1247.788567
1247.834367
1247.897567
1247.935100
1248.049633
1248.104367
1248.139067
1248.226367
1248.282733
1248.406200
1248.531000
1248.660033
1248.797800
1248.840667
1248.893100
1248.919933
1249.040833
1249.060667
1249.253833
1249.311000
1249.358900
1249.454733
1249.740867
1249.863333
1250.098933
1250.187800
1250.572867
1250.657767
1250.812200
1251.286833
1251.425700
1251.685233
1251.838600
1251.990133
1252.030033
1252.119500
1252.241800
1252.340367
1252.489300
1252.524633
1252.606367
1252.778400
1252.934233
1252.986067
1253.059633
1253.155433
1253.196767
1253.232000
1253.343900
1253.570333
1253.714433
1253.787700
1253.880633
1253.933400
1254.078500
1254.119633
1254.220600
1254.435733
1254.460267
1254.610300
1254.672300
1254.729367
1254.861100
1255.008367
1255.061433
1255.550667
1255.697467
1256.174967
1256.666300
1256.766033
1256.833300
1256.869400
1257.538900
1257.644700
1257.710467
1258.661833
1258.819300
1259.421200
1259.618567
1259.918467
1259.996900
1260.288767
1260.382133
1260.653633
1260.769867
1260.862733
1260.952300
1261.222133
1261.648867
1262.039333
1262.209167
1262.537433
1262.668033
1262.856733
1262.929867
1263.034433
1263.096900
1263.590167
1263.604467
1263.624100
1263.722633
1264.115267
1264.194367
1264.455100
1264.479567
1264.572367
1264.629400
1264.674267
1264.827200
1264.852533
1264.885533
1265.053067
1265.124467
1265.222433
1265.313133
1265.397900
1265.402867
1265.650267
1265.668400
1265.735967
1265.847033
1265.898600
1265.932667
1266.316467
1266.540300
1266.753800
1266.825100
1266.956733
1267.170233
1267.736067
1267.850733
1268.167400
1268.222433
1268.320467
1268.399767
1268.760467
1268.879867
1268.924367
1269.017267
1269.318100
1269.385667
1269.463733
1269.529333
1269.634467
1269.842900
1269.849200
1269.895000
1269.974567
1270.087800
1270.425600
1270.689900
1271.587167
1271.793733
1271.796567
1271.876900
1272.016267
1272.221200
1272.272433
1272.820700
1273.701567
1273.781567
1273.895867
1273.936767
1274.086967
1275.408133
1275.459500
1275.550233
1275.753767
1275.809700
1275.973967
1276.535533
1277.323200
1277.381900
1277.443667
1277.623167
1277.822133
1277.951400
1278.056167
1278.112633
1278.117300
1278.270467
1278.329233
1278.366933
1278.633167
1278.700633
1278.772467
1278.775333
1278.855367
1278.903267
1278.962367
1279.002133
1279.296900
1280.223433
1280.822467
1280.872533
1280.924700
1280.965000
1281.006767
1281.046733
1281.234700
1281.303567
1281.320600
1281.369167
1281.413033
1281.473800
1281.682533
1281.727767
1281.899167
1281.979867
1282.140067
1282.372633
1282.568300
1283.495200
1283.499300
1283.617700
1283.793233
1283.844100
1283.889333
1283.947067
1284.705633
1284.768833
1284.845867
1284.920033
1284.961567
1285.036533
1285.090833
1285.147667
1285.190367
1285.305000
1285.391833
1285.438300
1285.500233
1285.544500
1285.624367
1285.655167
1285.731367
1285.773967
1285.834833
1285.876967
1285.959533
1286.024833
1286.026833
1286.110667
1286.186933
1286.287933
1286.451700
1286.571433
1287.107433
1287.465500
1287.525800
1287.701167
1288.026200
1288.238700
1288.627633
1288.673500
1288.727767
1289.018667
1289.038067
1289.119700
1290.436533
1290.539033
1290.680967
1290.728900
1290.766000
1290.900733
1291.070033
1291.170600
1291.580400
1291.733100
1292.341333
1292.386767
1292.420733
1292.884067
1292.913600
1292.958633
1293.005800
1293.058000
1293.151967
1293.425400
1293.685567
1293.919133
1293.922533
1294.200233
1294.582967
1294.742400
1294.753933
1294.973600
1295.304600
1295.772633
1295.850533
1295.996167
1296.119800
1296.420767
1296.554367
1296.695633
1297.490400
1297.526100
1297.701267
1297.763500
1298.082400
1298.615567
1298.626767
1298.712767
1298.795433
1298.996400
1299.022667
1299.092800
1299.139267
1299.841967
1299.904133
1300.101833
1300.206600
1301.374300
1301.435533
1301.538033
1301.601333
1301.832033
1302.374733
1302.544633
1302.728667
1302.765067
1302.854167
1302.880133
1303.033167
1303.042067
1303.097233
1303.198233
1303.338067
1303.605600
1303.763867
1303.851000
1303.885600
1303.982167
1304.136600
1304.922833
1305.069333
1305.270033
1305.732067
1305.774767
1305.858600
1306.001000
1306.667300
1306.948567
1306.990600
1307.633733
1307.756933
1307.811133
1308.353400
1308.457600
1308.531033
1308.990700
1309.102567
1309.569000
1309.656733
1309.668033
1309.869933
1309.936600
1309.950633
1310.058167
1310.130800
1310.214100
1310.233933
1310.503033
1310.580600
1310.724733
1311.529500
1311.855300
1311.990533
1312.107033
1312.134667
1312.191133
1312.957267
1312.994267
1313.288600
1313.474733
1313.543667
1313.722100
1313.825767
