1.892333
1.927900
4.499267
5.113400
5.818000
5.868533
6.893033
8.444133
8.459633
8.739200
9.611533
11.275067
11.683067
12.079200
12.708067
12.824633
14.011067
14.281267
14.570800
15.301600
15.795667
17.180000
18.607400
18.779533
19.058967
19.189300
19.558200
20.300133
20.407100
22.088400
23.096667
24.773667
24.995433
25.466333
25.794300
29.630467
30.259233
31.166400
32.575633
32.973133
34.424433
34.992867
35.112400
35.296367
35.365533
35.895233
35.941600
39.027067
40.007533
41.231633
42.685133
43.114533
44.002433
44.408967
45.361333
46.415033
46.428700
47.278433
47.759800
49.215867
49.418633
54.569633
55.090333
56.104233
56.544500
57.030000
58.414200
58.418300
59.465033
59.737300
60.673133
61.169600
61.185167
61.375833
61.551067
62.187100
62.868400
63.075100
63.848633
64.382233
64.924000
64.947700
65.101733
65.345367
65.891300
69.889500
70.322333
71.188467
71.378167
71.755600
72.758267
72.924433
73.054933
73.061033
73.475133
73.557233
73.958067
74.679133
75.280633
75.476467
76.019500
76.669367
77.508267
78.362767
78.466867
78.770733
81.218067
81.615867
81.907767
81.910600
81.930267
82.970400
84.219733
87.184700
89.305433
91.462133
94.178833
96.868100
99.120900
99.247367
99.496067
100.795567
100.852533
101.173333
102.025233
102.434500
104.831667
104.941300
105.520567
105.523800
105.676300
106.835667
107.062367
108.157100
108.285933
108.568567
108.605700
109.805267
110.128133
110.342067
111.082833
112.954600
113.212667
113.924333
114.426433
115.332967
115.827133
117.227267
117.641767
118.616133
119.892833
121.693300
122.523300
123.854933
124.005033
124.580700
125.407967
125.661933
125.936133
128.236900
128.694700
128.827067
131.532300
131.804833
132.172600
132.243600
132.246200
132.314633
133.925000
133.957300
135.239100
135.314233
137.052233
137.572100
142.740167
144.627000
146.591800
146.915300
147.168300
147.345967
148.124000
148.299300
150.754767
150.805400
150.895667
151.217133
152.141000
152.497167
152.724100
153.102433
153.132900
153.181200
153.759633
155.513267
155.671100
156.306433
157.154200
160.520567
160.656433
161.134800
161.291533
161.428567
162.105067
164.315400
164.317133
164.792467
165.070767
168.598033
168.944967
168.977500
169.072333
169.089500
170.041233
170.111133
170.198967
170.605567
170.717933
171.990967
173.350433
173.636533
175.243700
176.003633
176.627067
176.930067
177.517667
178.799633
179.017300
183.357467
183.835833
185.472533
186.220067
186.604833
187.104000
188.631467
188.900733
190.027600
190.281700
191.589967
192.913700
193.730233
195.388533
196.230567
197.420200
199.822800
199.927567
200.143900
201.431533
203.056633
204.399900
204.531733
205.183467
205.333400
205.359033
205.848700
205.951967
205.984267
206.011200
206.508767
206.805633
208.278300
210.440500
210.924400
211.761533
213.158500
215.538867
216.597167
217.494567
218.289900
218.872867
219.062600
219.180200
219.902033
220.866167
221.246400
222.399967
222.949433
223.260033
224.457067
224.998667
225.587733
226.187733
226.514533
227.001533
228.067967
228.291667
228.309033
228.506867
230.397867
230.984933
231.527133
232.838500
233.844733
233.952767
235.719867
236.350233
236.928833
236.996133
238.469133
239.849833
240.438900
240.878500
241.723733
241.854467
241.960200
243.599867
244.631900
246.299667
246.652267
248.136567
248.287600
249.429800
250.416900
250.418733
250.655133
250.718200
250.869200
252.360000
253.495100
255.295767
256.327733
256.382367
256.675100
257.357567
257.420800
257.429400
261.239300
261.451600
261.594167
262.499433
263.568433
265.079433
266.854500
267.847367
267.978600
268.052833
268.613967
269.907033
270.457567
270.764867
272.010767
272.169267
272.605500
273.337267
274.528967
274.923500
275.004000
275.086733
275.093300
275.477300
275.557400
275.671800
275.725800
276.144167
276.195100
276.209267
276.400267
276.664833
279.588100
279.649067
279.685633
279.869600
280.110433
280.774300
281.998333
282.060800
283.526800
284.414867
284.491633
285.698133
286.419067
286.813200
287.071967
287.180067
287.750467
289.535467
289.690867
289.987667
290.199033
290.564867
290.641600
290.681267
291.188267
291.273867
292.655533
292.848800
294.734833
294.994633
295.327467
297.713600
297.994000
298.245333
298.738933
299.501867
300.193733
300.221967
301.280033
301.527900
304.008533
306.768300
308.859467
309.177767
309.206800
310.277467
310.653633
311.051033
313.163433
313.654367
314.062367
317.504800
317.648900
317.661133
317.797300
319.236567
321.987100
322.968200
323.524267
324.284100
324.307600
324.376267
324.414400
325.192167
325.511367
327.497267
327.683233
327.688967
328.288433
331.668700
332.929233
333.059300
333.475833
333.887567
335.756900
338.263333
338.402900
338.672533
340.677033
341.867900
343.244133
343.574333
343.875867
344.577000
346.759867
349.750633
350.619333
351.324767
352.356333
353.799100
355.222700
356.536000
357.549133
358.659500
358.830700
359.394733
360.147333
360.937433
363.775133
364.136733
365.190533
366.320333
366.403100
366.442867
366.761100
368.434133
368.688333
370.873100
371.464033
372.574833
372.677333
373.813467
374.289100
374.401567
375.977433
379.979433
380.876933
381.059967
381.892000
381.992267
382.945100
383.396167
385.917533
386.168833
386.206833
387.444967
391.257700
393.311067
393.627900
395.162933
395.260700
395.269567
398.814300
398.898833
399.230733
399.839800
400.463100
400.496733
400.923167
401.759600
402.377700
403.715967
405.436667
405.721700
406.378633
406.482000
409.230333
411.042267
411.727000
412.236167
412.602500
414.360067
414.896600
416.028833
416.790167
417.571733
418.294633
418.424633
418.451500
418.501500
418.902233
419.231600
420.819500
420.862167
421.121067
421.868233
422.175533
422.233967
423.008367
424.963067
425.207533
425.605767
426.459867
427.271600
432.693867
432.798467
440.383933
441.560033
443.323433
443.444367
443.526067
443.901000
443.974133
444.175400
444.708133
446.372300
446.393967
447.119000
447.851633
448.338567
449.182733
450.541833
451.787967
452.710400
452.716067
453.142667
453.655200
456.132900
456.440433
456.528833
457.072033
458.300567
459.496267
460.477800
462.270933
463.685667
464.035833
464.563033
466.086967
468.089467
468.669367
468.817733
470.555633
471.619067
472.284333
473.234267
473.537400
474.484133
474.742300
478.694133
478.849900
479.950700
480.360533
482.140100
482.353733
483.122867
485.459200
485.721033
486.052200
486.821033
487.054133
487.635067
489.447800
492.488433
492.951867
494.121800
494.454333
494.548600
497.798833
500.149333
500.782433
500.794600
501.827167
502.279133
502.319867
502.595767
502.996400
504.158600
506.722500
506.725600
506.927100
508.604400
509.093133
509.231233
509.925367
510.300767
510.481100
511.675733
511.913200
511.989433
513.939767
514.155800
514.251833
515.081567
515.980033
516.053433
516.540200
517.418967
517.740033
519.397033
519.837700
520.908600
521.514667
523.643067
523.671967
523.721667
523.742200
526.147567
526.369000
527.470667
529.922200
529.984133
530.474933
531.551733
531.635367
532.387967
532.498633
536.314633
538.907033
539.122800
539.522333
541.093900
541.322133
541.887267
542.436100
544.086067
544.175833
544.449633
546.576433
547.310200
549.813100
549.903933
550.417967
551.652700
553.422233
554.241867
554.649100
555.032367
555.224800
555.464000
555.582233
556.702367
558.055833
558.667467
559.702667
560.220833
560.512100
560.789767
561.586100
562.659733
562.791767
565.012033
565.132633
566.142400
566.450800
566.694367
567.075833
567.244367
569.993467
570.519100
570.816367
571.776900
573.575033
574.058367
577.229300
577.741367
580.617400
581.863067
582.754133
583.304833
583.352767
583.679433
585.236400
586.405633
587.848433
588.269333
588.348900
588.423200
588.525400
589.039900
589.180200
589.374633
590.239233
592.010000
592.153667
592.493100
593.632500
594.701867
595.248567
595.710400
596.299233
596.875967
599.627867
600.072267
600.923000
601.724100
602.328533
602.679800
602.749667
602.765500
603.632600
605.653600
606.917167
608.646167
609.389833
609.811967
610.024767
610.485633
612.411233
614.905600
615.323767
616.179233
617.818967
617.837833
618.236700
619.456633
619.466167
619.898700
619.939767
620.125500
620.569033
620.639533
620.883267
620.947467
621.512167
621.960867
622.523600
623.077600
628.593233
628.818333
629.344900
631.186533
631.248233
631.506533
632.408367
633.166700
633.760667
634.616567
634.746767
636.381300
636.656133
638.069700
639.681933
640.492333
641.183000
641.409067
641.664000
641.705100
642.253967
643.379700
645.813367
646.030133
646.487967
647.503000
647.719433
647.753733
649.480633
650.030000
650.879833
652.308900
653.047567
653.109167
653.906567
653.984700
654.271200
654.352633
654.696400
654.851633
655.549733
655.817333
656.102433
657.042933
657.609700
658.331867
658.548767
658.583667
659.300800
660.727833
661.705833
662.148367
663.806067
664.488900
664.994100
665.585800
668.199167
669.415933
670.172100
670.526467
671.042300
671.148467
671.219000
671.568267
671.703000
671.820733
671.870900
672.466800
674.103433
676.728800
678.346100
678.436600
678.452467
678.914767
678.917533
680.377467
680.983400
681.511733
681.583700
682.857300
683.141533
683.480100
683.616700
683.919567
684.551267
684.681000
685.059633
685.175867
685.747033
686.613500
687.796100
687.894067
687.906033
689.900267
689.943733
690.550367
691.237700
693.207333
693.420600
694.413633
695.510133
695.664867
696.188267
696.546667
697.788433
698.622467
698.780667
699.279400
701.272067
702.893600
704.013933
705.145467
706.060567
706.370433
707.015500
707.296933
707.843767
709.627033
710.189333
710.203300
710.327300
710.539867
710.766033
712.361533
712.398933
715.219033
715.802400
716.318633
716.563867
720.447200
720.561867
721.886867
722.035167
722.654600
722.703000
722.801767
723.067967
723.921300
724.042733
724.063067
724.232367
724.234033
724.245633
724.346700
724.349000
724.403367
724.406867
724.991567
726.528900
728.030000
730.722500
731.203200
732.166600
732.357433
733.528467
734.947633
735.507033
736.316867
736.329967
737.052800
737.514633
737.616900
737.758633
738.754133
739.298567
739.638067
740.013867
740.377500
743.305200
744.150667
745.662200
745.965733
746.918333
747.700633
750.084900
751.155367
751.655767
751.909767
751.923167
751.925533
752.062633
754.486367
754.862833
755.549467
756.795800
757.432067
758.247600
760.221333
762.426467
762.449667
762.902633
763.625233
765.234800
765.383367
766.138633
767.672900
769.375867
769.870333
770.164100
770.235200
771.518700
771.654133
772.569000
772.925933
774.627700
776.097567
778.474433
780.207667
780.524000
782.822000
782.842367
783.147600
783.589367
784.066133
784.135367
784.388133
785.951767
786.002567
786.863033
787.491600
788.408133
788.712067
789.653033
790.346300
790.581533
793.751600
794.279967
796.042000
796.223333
796.425500
798.165400
798.947100
800.096933
800.131633
800.152267
800.369667
800.890100
803.674667
803.829800
804.013900
804.816500
805.985900
806.799500
809.576067
811.084733
811.480800
812.285833
813.041733
813.408033
813.968100
815.349900
815.428067
815.438667
815.923667
817.631233
817.666867
820.943067
822.723500
824.075700
825.035533
825.212333
825.244700
825.418167
826.452967
828.486400
829.582633
832.256733
832.821333
835.380567
835.940100
836.918567
837.534333
837.880133
838.001967
839.331367
841.016067
841.188967
841.524000
841.676067
842.003100
842.374900
842.567400
842.671067
846.190300
849.078267
849.240633
849.500633
850.091433
852.383400
853.377933
854.323767
855.214433
855.391333
855.889467
856.095400
856.424533
857.004500
857.883167
859.569533
860.192533
861.842267
863.579400
864.283667
864.335467
864.792933
865.796433
865.904133
865.930700
866.232333
866.246100
866.536100
866.716033
867.172067
867.215933
867.292200
867.369867
868.105967
869.477033
869.687667
870.452467
871.373300
872.381067
872.474767
874.669067
875.190267
876.083533
876.677667
879.431867
879.993000
880.639467
882.338300
884.656900
885.078200
885.313067
885.844167
886.289033
886.699833
887.063300
887.285767
887.912733
892.942033
894.457300
895.286833
896.093700
896.157467
897.247167
898.319767
898.347333
899.775800
899.871500
901.321367
902.518400
903.313067
903.787433
904.520400
907.005867
907.826100
907.930833
909.472833
909.590067
910.027167
910.475300
910.765433
910.988500
911.524333
912.251000
912.382333
912.696467
913.669133
914.373400
914.378067
914.448133
914.784800
916.780300
917.722933
919.991100
920.005833
920.156100
920.535767
921.410267
922.409667
924.383567
925.431233
925.468400
925.896667
925.942367
928.314733
928.776800
929.806367
930.211933
930.394933
931.036300
931.117200
931.291867
931.708133
932.155367
932.503000
932.945233
938.013267
938.190300
938.671633
940.302067
940.357267
940.885000
940.960500
943.131467
943.909567
944.005800
945.428733
945.447800
946.471167
946.949467
947.333567
949.827133
952.788967
953.497400
953.995100
954.338533
956.389833
959.764133
960.734633
962.704767
962.733733
963.197133
963.969667
964.450100
964.564067
964.824500
965.076133
966.026300
967.033300
967.644733
970.212767
970.937933
971.245867
972.360467
973.392733
973.931800
974.409467
976.152833
976.252967
976.548600
976.653633
976.914733
977.376000
977.386467
978.433433
979.670567
980.255067
980.424067
984.216333
986.543100
988.200567
988.494800
988.831833
988.994967
989.143800
991.208367
991.600800
992.805967
992.909967
993.993800
994.416533
994.943833
997.340167
1000.139933
1000.145733
1000.419867
1001.091200
1001.559200
1001.848600
1002.919933
1003.329333
1005.749500
1005.759667
1007.262133
1008.254200
1008.668467
1009.971033
1010.057100
1010.450300
1011.539267
1012.398067
1015.896200
1016.118133
1016.571800
1020.297800
1020.426467
1023.797800
1023.922733
1024.454200
1024.643433
1025.169867
1025.634700
1025.891133
1027.866333
1028.641433
1028.798400
1029.666867
1030.126367
1030.681500
1031.377167
1032.992700
1033.805300
1034.080400
1034.601333
1034.622667
1034.667433
1034.827400
1035.060067
1035.140533
1035.480600
1035.903867
1036.147533
1036.206233
1036.730533
1036.952333
1037.809367
1038.028267
1038.068367
1038.824600
1039.253067
1040.189767
1040.478467
1040.868700
1041.922000
1044.614467
1044.777567
1044.836400
1045.383200
1048.313667
1049.874833
1049.882800
1049.979967
1050.484700
1050.646167
1051.998700
1053.055033
1053.317233
1054.884767
1056.149400
1056.307467
1056.410800
1056.606433
1056.878333
1057.191400
1060.084233
1061.787933
1062.131533
1062.597100
1062.880667
1063.990933
1065.386433
1067.456167
1068.452300
1068.505900
1068.666633
1069.574667
1071.819700
1072.173500
1072.550733
1073.657667
1079.510000
1080.712433
1081.059967
1081.207433
1082.235333
1082.446300
1082.560333
1082.615000
1083.571700
1083.814433
1084.677933
1084.830233
1087.261833
1088.572100
1089.988233
1091.168233
1091.626633
1092.206133
1092.265967
1092.790067
1094.697800
1097.466600
1098.467133
1100.583900
1101.298233
1102.085933
1102.088333
1104.312367
1104.597333
1105.317000
1105.757467
1106.553467
1108.773867
1109.446967
1111.591300
1112.007600
1112.343367
1112.374733
1113.307833
1115.300033
1116.153900
1116.676800
1117.559800
1118.012200
1120.825000
1121.311800
1122.423467
1124.087367
1124.237033
1124.265833
1124.560433
1125.644933
1139.918633
1141.122567
1143.472333
1143.675500
1145.533367
1145.694200
1145.794000
1146.311067
1147.313467
1147.472700
1149.351667
1152.358000
1152.504500
1152.570600
1152.753500
1152.950267
1152.955167
1153.947267
1153.981700
1156.187200
1157.142700
1157.354467
1159.982000
1161.059533
1162.085500
1162.389700
1162.841367
1166.234733
1166.256967
1167.035000
1171.351567
1172.856400
1173.971533
1174.022400
1175.412833
1176.246300
1177.185833
1178.370900
1179.039567
1179.145500
1180.237967
1180.766567
1180.968000
1181.197000
1181.758667
1182.227233
1182.358267
1182.642100
1183.272067
1185.966833
1187.500800
1187.643433
1189.059500
1189.322800
1190.220500
1190.279933
1190.675067
1191.573600
1191.608700
1193.152500
1193.392533
1194.639233
1196.874000
1197.282967
1201.119067
1203.228600
1203.355467
1204.013633
1204.117300
1204.263500
1205.376433
1207.362733
1207.860933
1207.898333
1207.933600
1208.846433
1210.552633
1211.786900
1212.185267
1212.674933
1212.691700
1213.205800
1213.396867
1213.923267
1216.042433
1217.355767
1217.843533
1218.079400
1218.792000
1219.575900
1219.999567
1220.370967
1221.472767
1228.031233
1228.427167
1229.333900
1229.807067
1229.847367
1230.006100
1230.489967
1231.196200
1231.544300
1231.677500
1233.043833
1233.155600
1233.441000
1235.800067
1237.673533
1237.956700
1238.973267
1240.672867
1240.929667
1242.427933
1242.720200
1243.610967
1245.053133
1245.134367
1247.809300
1247.852000
1249.982867
1251.451167
1251.630900
1251.898167
1252.232900
1252.681767
1253.225467
1253.287333
1253.907333
1254.133600
1254.558233
1255.785700
1256.303067
1256.837033
1257.852667
1257.866467
1259.751133
1260.130200
1260.754900
1261.578533
1261.581300
1262.272167
1262.714067
1263.596600
1263.656100
1264.038733
1264.338633
1264.895500
1265.457733
1266.363767
1267.540267
1267.802567
1268.601200
1269.550500
1269.989700
1270.270167
1271.827100
1272.062367
1272.710000
1273.892600
1273.924067
1275.847133
1276.717667
1279.216600
1279.521867
1283.811767
1283.884933
1284.119200
1285.294967
1287.531367
1288.710100
1289.635200
1289.863433
1292.506233
1292.553233
1292.893500
1293.403267
1293.490533
1293.890800
1294.006900
1294.742133
1297.530600
1300.661600
1301.275333
1301.312033
1302.752233
1303.013800
1303.142033
1303.404400
1305.618333
1305.758933
1307.098233
1307.810233
1309.070400
1312.345200
1312.600333
1313.364900
1313.880700
