0.107367
0.587767
0.973133
3.388633
4.345633
5.373333
6.628800
7.101300
7.503500
7.611433
7.786367
8.003933
8.315533
8.868833
9.196600
9.321033
9.400800
9.707733
10.160700
11.055800
11.255233
11.802367
12.226867
12.359633
12.371100
12.615433
12.695633
12.795400
12.889467
12.993400
13.031733
13.100700
13.112233
13.155333
13.571367
14.138800
14.432333
14.494067
15.077500
15.615133
16.179467
16.493733
17.070767
17.238300
17.521100
17.559000
17.620133
17.783833
18.053300
18.215900
18.321200
18.507667
18.658433
18.787767
18.830133
18.874400
19.032633
19.068933
19.375633
19.490433
19.632000
19.674333
19.740300
19.823200
19.857700
19.912167
19.968633
20.032400
20.094267
20.129333
20.197700
20.568167
20.730700
21.210100
21.661167
21.715833
21.751533
21.943333
22.574700
22.626667
22.672367
23.110667
23.307533
23.406467
23.934167
24.428033
25.075833
25.095667
26.644433
26.680667
26.759833
26.839367
26.948900
26.980233
27.186433
27.208200
27.972333
28.182200
28.492667
29.521067
29.708300
29.880967
30.461067
30.491933
30.589567
31.832100
32.251733
33.330100
33.406633
33.652567
34.428167
34.939667
34.989000
35.092967
35.127267
35.310367
35.381200
35.430533
35.477267
35.755767
35.985067
36.196667
36.302267
36.532633
36.851867
37.038700
37.295400
37.578167
37.920333
38.178100
38.234233
38.278267
38.965500
38.971500
39.028533
39.329100
40.079267
40.175033
40.265567
40.703400
40.745700
40.772467
40.840333
41.162033
41.338933
41.408600
41.461800
41.578533
41.607167
41.860200
42.098567
42.547267
42.811300
43.293733
43.305567
43.431967
43.463200
43.492100
43.558433
43.569733
43.630800
43.728033
43.780100
43.933600
43.939533
44.218567
44.503367
44.782800
44.856667
45.163967
45.671500
45.695300
45.896833
46.349000
46.448100
46.484500
46.676933
47.284400
47.392333
47.449333
47.655033
47.703667
47.708167
47.730567
47.754600
47.959867
47.980333
48.125933
48.267267
48.338867
48.474900
48.597067
48.632200
48.721600
48.733867
48.814533
48.942833
49.039133
49.238600
49.261533
49.322667
49.526000
49.684833
50.086767
50.196900
50.576300
50.815933
52.502500
52.932767
52.967733
53.040300
53.625967
53.983167
54.341467
54.463333
54.657400
54.675267
54.693200
54.755467
54.762900
54.957067
55.401033
55.439800
55.512300
55.727500
55.828600
55.982633
56.118200
56.358100
56.393067
56.719967
56.752700
56.938067
56.965233
57.000567
57.167300
57.272100
57.310300
58.421967
58.634567
59.185533
59.429167
59.463767
59.504900
59.548733
59.557533
59.658267
59.701200
59.748167
59.775700
59.800767
59.843867
59.849167
59.872067
59.876500
59.891833
59.912700
59.917100
59.945533
59.959100
59.965333
59.971000
60.276800
60.342033
60.374767
60.381400
60.383467
60.429467
60.713133
60.808267
60.847533
60.854267
60.882467
60.896400
60.901033
61.310200
61.592000
61.667733
61.961267
62.126300
62.522500
63.223967
64.732533
65.600600
66.231500
66.255733
66.934033
67.488200
67.788933
68.531233
68.995700
69.327800
69.372367
69.458833
69.926367
70.022467
70.105767
70.355000
70.358000
70.694833
71.058667
71.407667
71.638300
72.547600
72.849400
72.870133
72.964867
73.068867
73.089900
73.102167
73.129033
73.186600
73.232467
73.756067
73.915200
74.068833
74.110500
74.123033
74.347533
74.652133
75.844367
76.388333
77.737833
77.821367
77.926200
78.478967
78.690600
78.695700
78.740567
78.745033
78.851600
78.950267
78.984667
79.012567
79.051767
79.540867
79.571700
79.579967
79.662933
79.967033
80.039800
80.327500
80.566667
81.078233
81.299500
81.461633
81.633000
81.687467
81.794833
81.832433
81.867700
81.874633
81.909900
81.927300
81.976567
82.049633
82.248433
82.452533
82.618700
82.659467
82.716133
83.361067
84.040833
84.295833
84.384567
85.025067
85.081967
85.111900
85.117800
85.374800
85.587467
85.656300
85.726233
85.796667
86.329800
86.399467
86.507833
86.807633
87.295033
87.315967
87.658267
87.922100
87.966767
87.982433
88.029000
88.108167
88.142033
88.223367
88.228400
88.466833
88.478400
88.563167
88.595033
88.691100
88.736500
88.848200
88.865033
88.932167
88.988100
89.041800
89.123667
89.136367
89.144933
89.213167
89.235100
89.320200
89.338000
89.356100
89.469600
89.856233
89.861133
90.244967
90.282033
90.361667
90.572567
90.605733
91.010467
91.078233
91.122233
91.228467
91.278100
91.549500
93.267133
93.579467
93.817733
93.960200
94.108500
94.387033
94.706333
95.912300
96.475333
96.554400
96.563300
96.594933
96.870400
96.907267
96.931467
97.479667
99.893867
100.324700
101.550067
101.630633
101.852133
102.459533
102.743200
103.654367
105.626133
105.848767
106.346667
106.421667
106.465567
106.504633
106.543733
106.554000
106.558100
106.572267
106.581600
106.587067
106.603100
106.615667
106.629933
106.631633
106.725800
106.842267
106.854200
106.929567
107.243067
107.329967
107.426633
107.481333
107.575700
107.604900
107.611367
107.641767
107.743033
108.252100
108.328800
108.441833
108.469367
108.681733
109.115867
109.411300
110.216300
111.579333
112.530800
112.687867
112.862000
112.867500
113.107967
113.212200
113.842200
113.957267
114.264233
114.672300
114.799667
114.937667
115.086333
115.403167
115.749400
115.931267
116.202833
116.476667
116.691067
116.869567
117.835267
117.883233
119.542467
121.518433
121.741400
122.484567
122.745367
123.351133
124.148533
124.540633
124.768033
126.407167
126.667300
126.698433
126.780700
126.887800
127.197333
127.980167
130.168133
130.315800
130.595100
130.732267
131.526500
131.935633
132.038600
132.178733
132.253867
132.284133
132.603067
133.229567
133.884433
133.911967
134.184167
134.230033
134.253100
134.510200
134.884300
134.995300
135.671400
135.761700
135.906833
136.112233
136.147800
136.183567
137.078867
137.355500
137.464400
138.200367
138.850367
138.945800
139.014100
141.308133
142.719100
143.172600
143.441700
143.470033
143.580033
144.003067
144.895967
145.159433
145.210667
145.240133
145.272667
145.371667
146.483733
148.161633
148.211600
148.238933
148.499633
148.599867
150.060600
150.416267
150.676667
150.893333
151.010200
151.324233
151.371633
151.397967
151.408067
151.437267
151.492733
151.559833
151.735600
151.746333
151.762400
151.765000
151.772033
151.836500
151.843633
151.848133
151.850000
151.883133
151.890133
152.070333
152.115667
152.128267
152.159933
152.323867
152.533267
152.594433
152.615333
152.631700
152.942900
152.951633
152.986567
153.085967
153.278333
153.295467
153.978600
154.138267
154.268433
154.384933
154.418000
154.651000
154.720100
155.632133
155.640900
155.684167
155.697033
155.805000
155.851567
155.871067
155.957067
156.237633
156.271733
156.877267
156.925533
156.981300
157.200600
157.386567
157.511000
157.669433
157.718700
157.732667
157.750567
157.966033
158.091167
158.157000
158.847267
158.889633
158.982433
159.173033
159.199033
159.282033
159.698700
159.894400
159.944367
160.342300
160.387167
160.443633
160.464633
160.490400
160.974400
161.105000
161.404900
161.859500
162.837800
163.206100
163.616767
163.643200
163.674300
163.925500
164.646533
165.170400
165.253433
165.296233
165.595200
166.032800
166.088500
166.137667
166.541567
168.554367
168.903200
169.580267
169.823800
170.597400
170.668500
170.915100
170.957200
171.484333
172.685033
172.730533
172.744467
172.967467
173.028633
174.401900
174.481600
174.946267
175.018033
175.989633
175.995233
176.028267
176.605667
176.608500
176.658533
176.683967
176.758633
177.004600
177.298267
177.756233
177.916200
178.000333
178.350333
178.354300
178.482167
178.957900
179.062667
179.354533
179.566633
180.382933
180.914633
181.319133
181.557033
181.658867
181.737800
182.458700
183.316600
184.588700
184.793667
184.969033
185.262767
186.360133
186.599033
186.611167
186.829500
187.245567
187.329533
187.624267
187.686200
187.725700
187.987900
188.246900
188.445233
189.251267
189.285733
189.799900
189.878300
190.641033
190.737167
190.783333
190.850500
190.883000
191.332733
191.557367
191.632467
191.634767
191.679367
191.698767
192.213367
192.314033
192.689733
193.010833
193.321967
193.350267
193.535567
194.193400
194.288833
196.176667
196.402667
196.430867
196.858600
196.886233
197.163200
197.600700
197.701833
198.436667
198.477667
198.874300
198.935733
199.529867
200.054467
201.998833
202.006367
202.068933
202.165367
202.233200
202.275133
202.282233
202.311600
202.516300
202.753500
203.054233
203.247600
203.504133
203.538800
203.598200
203.784400
203.816633
204.352433
204.382400
204.401467
204.689200
204.978033
205.002333
205.084100
205.275000
205.462167
205.488033
205.497500
205.681100
205.789667
205.900600
205.939433
206.131533
206.177467
206.182400
206.233533
206.364100
206.388867
206.532833
206.588933
206.620833
206.677500
206.757300
206.994433
207.304200
207.643933
207.696333
207.716867
207.947133
208.078000
208.162900
208.543300
208.651200
208.893033
208.994067
209.152467
209.193667
209.366133
209.841833
210.459333
211.130333
212.390867
212.719700
213.168933
213.418167
214.957633
215.871400
216.344167
216.417700
217.164533
217.778733
217.832800
217.841833
217.900567
217.983500
218.017867
218.164067
218.190167
218.226800
218.275867
218.441467
218.730900
218.903567
219.041200
219.083767
219.185433
220.005600
220.024033
220.153500
220.224533
220.447767
220.581833
220.618367
220.923500
221.153100
221.238400
221.486800
221.518667
221.618900
221.981133
222.351733
222.389600
222.674933
222.681967
222.737633
222.785300
222.830467
222.882500
223.008300
223.151967
223.348300
223.629900
223.662300
223.719433
223.806800
223.814867
223.843367
223.964567
223.980367
224.057233
224.163033
224.795867
224.960700
225.023467
225.284767
225.649733
226.051400
226.528933
226.661967
226.664100
226.720967
226.879300
227.018833
227.219000
227.345167
227.412300
227.699567
227.807600
228.194500
228.237333
228.308633
228.334033
228.722567
228.735267
228.832367
228.871200
229.557600
229.668133
229.689600
229.952967
230.055733
231.459533
231.794733
232.760467
234.068767
234.287333
234.876367
235.153567
235.815033
237.307833
238.782133
239.934733
240.644800
240.777000
242.095433
242.605133
242.653167
243.115133
243.254533
243.283567
243.296300
243.567200
243.671667
243.698533
243.881267
243.913500
244.104900
244.397667
244.463267
244.897600
244.988200
245.592367
245.641233
245.858033
245.962733
246.002067
246.186533
246.207067
246.242067
246.997333
247.049133
247.130100
247.426267
247.519933
247.548300
248.402200
248.530833
248.739933
249.226067
249.579033
249.620867
249.714500
249.807433
250.490333
250.556567
250.708800
250.829233
251.014300
251.243400
251.347633
251.408300
251.496533
251.548867
251.739967
252.166167
252.340633
252.602200
253.100300
253.209667
254.266400
254.316533
254.342667
254.364267
254.490367
254.622567
255.484167
255.685900
255.713833
255.849567
256.071033
257.391267
257.758300
258.177500
259.175967
259.408633
259.499933
259.592800
259.885800
260.017600
260.249233
260.285633
260.308267
260.594667
260.596967
260.660500
260.956233
261.180233
261.316600
261.406600
261.453767
261.480533
261.511133
261.635900
261.664633
261.903567
261.934367
262.030000
262.119033
262.264100
262.339400
262.626467
262.647833
262.703167
263.156133
263.497767
263.563733
265.670900
265.738100
265.890667
267.127200
269.238833
269.262200
270.859533
271.391467
271.446433
273.390400
273.869700
275.152600
275.583333
275.607767
275.661533
275.861133
276.174700
276.356600
276.594300
276.598867
276.928900
279.490400
280.277633
280.562733
280.670433
281.086967
281.264200
281.321033
281.892233
282.281400
282.310167
282.767200
282.826267
282.873533
282.961333
283.116933
283.125900
283.185400
283.226067
283.424967
283.749667
283.881267
284.110300
284.120200
284.177467
284.227067
284.285800
284.315100
284.490400
285.509933
285.556700
285.597767
285.894467
285.968767
286.731933
286.808933
287.314667
287.514467
287.733100
287.978433
288.350567
288.418267
288.424500
288.480267
288.537400
288.592967
289.359000
290.021767
290.126833
291.298733
291.333300
291.419133
291.488000
291.539767
291.769067
291.816267
291.867433
291.913933
292.026800
292.374567
292.405533
292.436433
292.655533
292.879300
293.025467
293.501267
293.975767
294.297233
294.804900
294.856267
294.902267
295.088600
295.317400
295.379600
295.678800
296.039333
296.528767
297.304800
297.486800
297.743667
297.886067
298.021333
298.094433
298.136967
298.182633
298.269067
298.319100
298.424133
298.669200
298.724333
298.776533
298.993333
299.050400
299.109600
299.188333
299.432333
299.535400
299.561133
299.612967
299.947567
300.003067
300.164033
300.556100
300.943700
301.189600
301.334067
301.375600
301.396733
301.496500
302.069533
302.116800
302.136633
302.386133
303.419167
303.461400
303.549333
303.680933
303.763333
303.823467
304.366933
304.455067
304.958267
305.262233
306.603567
306.659967
307.398267
307.660500
307.772867
307.905800
308.259967
308.436767
308.760833
309.301733
309.374967
309.711933
310.637800
311.494567
312.556733
313.172633
313.726133
313.882933
314.321667
315.843833
316.316867
316.365033
316.439267
316.931300
316.973433
317.114433
317.447833
317.619267
317.985467
318.146800
318.352567
318.813633
318.848233
318.891200
319.156867
319.368867
319.936900
320.011133
320.134933
320.447033
320.689267
321.001433
321.112733
321.156333
321.461300
322.146133
322.457500
322.619933
322.651767
322.653700
322.734900
322.762767
322.951533
322.994700
323.027200
323.726867
323.838233
323.976767
324.144100
324.165267
324.409667
324.687300
324.702333
324.743267
324.959267
324.991167
325.112400
325.324433
325.551733
325.688100
326.771233
326.871767
327.000767
327.039333
327.056133
327.140167
327.180467
327.200433
327.202067
327.233967
327.280167
327.409967
327.676967
327.705367
327.749833
328.068833
328.141500
328.174700
328.183533
328.255033
328.286233
328.313167
328.524133
328.797500
329.058400
329.915867
330.328767
331.539100
331.964467
331.966900
332.039100
332.134367
332.356800
333.116333
333.539933
333.587733
333.635767
333.697900
333.713767
334.297400
334.317333
334.502633
334.520900
334.576567
334.975233
335.117667
335.284967
335.605900
337.169467
337.357667
337.770967
338.599833
338.801867
339.133167
339.178000
339.545900
339.690533
339.777733
339.806033
339.849433
340.037733
340.455333
340.546500
340.580533
340.965467
340.984433
341.041133
341.139300
341.320933
341.522333
342.130500
342.650433
343.389633
343.750567
345.232167
345.587933
345.646933
345.669867
346.788800
346.887033
347.040533
347.137433
347.165233
348.610233
348.752333
349.109800
349.489600
349.518933
349.730867
349.819300
350.626000
350.708467
351.259033
351.629533
351.662500
351.784400
351.933367
352.179100
352.300933
352.447400
352.769433
352.852900
352.925233
353.604867
353.716667
354.139367
354.304533
354.500333
354.548600
354.858433
355.029733
355.149233
355.389200
355.623433
355.661633
355.712967
356.945733
357.253033
358.232600
358.252200
358.399833
359.026367
359.077967
359.816733
361.037733
361.108700
361.268000
361.481367
361.580700
361.804333
362.143567
362.469100
362.584000
362.802200
362.889533
362.967433
363.025900
363.352000
363.766967
363.797000
363.936867
364.516867
365.053000
365.088600
365.192033
365.279300
365.369633
365.549500
365.591967
365.886933
366.025300
366.074100
366.124167
366.578933
366.974800
367.063967
367.071700
367.127133
367.985267
368.044833
368.106900
368.120367
368.919400
368.998167
369.878733
370.477100
370.738467
372.633733
373.004700
373.054633
373.525933
373.606667
373.770467
373.854700
374.039000
374.092000
374.252333
374.482367
374.554567
375.982467
376.075967
376.481500
376.588500
376.608367
376.630333
376.826867
376.886167
376.952900
377.256300
378.195833
378.211700
378.253733
378.663300
379.790300
380.175567
380.303033
380.356633
380.523067
380.993800
381.052967
381.138000
381.156233
381.260500
381.322967
381.335000
381.902800
381.917833
382.306300
382.367400
382.940867
383.861667
383.895467
384.191167
384.833667
385.534100
385.566300
385.921133
385.944933
386.216567
386.403833
386.683200
386.717467
386.837700
386.867767
386.925167
386.934100
387.146333
387.238100
387.299300
387.409400
387.580300
388.045100
388.137267
388.324800
388.382200
389.024267
389.383300
389.408633
389.547200
389.873967
390.366367
390.477200
390.955300
391.055233
391.518000
391.677300
391.854033
392.278967
392.321667
392.369167
392.393333
392.485633
392.677233
392.930567
393.622633
394.532367
395.084600
395.453533
395.472733
395.547567
395.581633
395.602133
395.814000
395.912667
396.150733
396.252233
396.769433
396.791933
396.823567
396.935833
397.563200
398.257733
398.334167
398.471533
398.623467
398.734767
398.797667
398.822900
398.878033
399.011633
399.031233
399.070567
399.156200
399.309567
399.323033
399.617867
399.713933
399.832833
399.870500
399.872467
399.907967
399.911700
399.966533
400.024167
400.127867
400.129867
400.249300
400.838533
401.314600
401.766200
404.447600
404.544067
405.138733
405.509433
405.617933
405.887467
405.923033
405.963967
406.051967
406.059967
406.077100
406.097000
406.173167
406.211367
406.503067
406.504933
406.606767
406.646600
406.773600
407.730433
408.664933
409.001567
409.063300
409.587300
409.706733
409.745833
410.030667
410.279867
410.378633
410.438633
410.490600
411.071600
411.268700
412.124633
412.622567
413.945600
414.177567
414.226567
414.431000
414.531233
414.816100
414.836333
415.051100
415.501200
415.980367
416.339100
416.450733
417.479600
417.850467
417.921533
417.944100
418.048567
418.101967
418.631300
418.958667
419.065800
419.291600
420.905067
421.122667
421.231733
422.712600
423.993667
425.194133
425.239800
425.356933
425.409667
426.104933
426.183767
426.217700
426.289800
426.368633
426.439300
426.589300
426.609067
426.796500
427.035667
427.117333
427.160300
428.721200
429.895167
429.989233
430.039733
430.539467
430.666967
430.833800
430.899233
430.936233
431.149233
432.427767
432.754400
432.791333
433.457367
433.849600
433.881367
434.668000
434.791900
434.903133
435.112833
435.666067
435.980900
436.409900
436.820000
437.152333
437.352967
437.422800
437.554433
437.581133
437.719900
438.197833
438.268167
439.051800
440.396800
440.720033
440.834433
441.005833
441.112233
441.196000
441.255067
441.395933
441.464300
441.533833
441.779300
442.312133
442.431600
442.761933
443.256033
443.378867
443.663200
443.871633
443.900433
444.083500
444.134733
444.612633
444.716500
444.745333
444.862633
445.305200
445.668667
445.704067
445.755633
445.840600
445.883800
445.975367
445.998367
446.144467
446.187933
446.233933
446.351033
446.443833
446.470200
446.503300
446.521400
446.534267
446.543833
446.545967
446.556733
446.558967
446.570100
446.579933
446.599000
446.607333
446.631967
446.636733
446.638767
446.699500
446.740433
446.765567
446.821700
446.873833
446.976967
447.049200
447.111167
447.179367
447.311100
447.439000
447.460400
447.462100
447.487800
447.501167
447.504933
447.511000
447.538367
447.541167
447.543333
447.552867
447.606300
447.666367
447.694933
447.772633
447.795033
447.869100
448.134233
448.149633
448.158300
448.274767
448.894733
448.985700
449.231067
450.357267
450.566533
451.509433
452.101367
452.179700
452.451000
452.724967
455.216967
455.525433
455.888967
456.029333
456.167267
456.245433
456.351100
456.512367
456.844667
456.996200
457.016033
457.485467
457.540167
457.798367
457.894800
460.243433
460.495933
460.974133
461.414033
462.526133
462.746967
464.193133
464.442967
464.613300
464.641900
464.877300
464.900433
465.365567
465.886500
465.997367
466.137600
466.447967
466.471033
466.669533
466.681667
467.726633
467.828300
467.986033
468.008633
468.062733
468.102567
468.107667
468.227533
468.314267
468.690833
469.625033
470.401667
470.549800
471.272100
471.309567
471.493000
471.557200
471.729533
471.773467
472.026100
472.305933
472.414167
472.601000
472.646233
472.663467
472.698267
472.953233
472.999567
473.292633
473.325400
473.395033
473.766533
474.443967
474.671167
474.741567
474.799167
474.960800
475.003667
475.024200
475.148533
475.306000
476.278067
476.373933
477.068033
477.256367
477.341033
477.365733
477.471533
477.810067
477.869600
478.074867
478.509500
478.596500
478.619700
478.639700
478.797200
478.895133
478.902900
478.960000
479.048467
479.290800
479.813033
480.421800
480.441033
480.723033
480.876867
480.919633
480.962600
481.154500
481.173100
481.471233
481.520700
482.259800
482.514767
483.144933
483.293433
483.408367
483.582033
483.673800
485.115267
486.206067
486.227933
486.356000
486.708033
487.771267
488.175467
488.273900
488.380767
488.418000
488.450933
488.509933
488.548733
488.589200
488.605333
488.851067
488.878233
488.986967
490.357200
490.932600
491.008967
492.269833
492.344967
492.579033
493.701600
493.952233
493.998200
494.056933
494.314633
494.317267
494.360033
494.732433
494.752967
494.852967
495.115000
495.139700
495.193367
495.333467
495.604233
495.788233
495.953933
495.980367
497.776900
498.571133
498.784967
498.869167
499.640800
500.014767
500.396533
500.475800
500.827900
501.211933
501.444500
502.562867
502.900967
503.085067
503.138533
503.155500
503.325733
503.837533
503.884600
504.689500
504.800567
504.865367
505.143133
505.276300
505.360967
505.389367
505.539267
506.098233
506.216133
506.819233
508.110067
508.389467
509.056400
509.413400
509.723067
509.827067
509.855967
510.474200
510.841433
510.918600
510.978133
511.746067
511.777433
511.961433
511.999133
512.006467
512.013367
512.386233
512.473767
512.653100
512.944867
513.592967
513.740100
514.703167
514.946867
515.488200
515.564800
516.004233
516.104133
516.164300
516.288367
516.459500
516.511067
516.555933
516.627867
516.636700
516.769000
516.850267
516.878467
517.066400
517.255867
517.580967
517.997900
518.264467
518.319733
519.295700
520.246133
520.277667
520.374367
520.505700
520.844733
520.991400
521.226767
521.478567
521.897233
522.254767
522.855933
523.007567
523.822067
523.987933
524.011267
524.209467
524.800733
524.946700
524.974233
525.097733
525.304367
525.660200
525.725467
526.691300
526.836733
527.255500
527.509333
527.583467
527.684767
528.084867
528.691767
529.300933
529.450833
530.367167
530.510567
530.648100
530.721600
530.775800
530.804767
530.808600
530.884500
530.900000
530.983067
531.023733
531.071400
531.106567
531.608467
531.633067
531.697167
531.917900
531.991400
532.120767
532.245033
532.303933
532.316533
532.450133
532.471567
532.754333
532.949000
533.800633
533.854367
533.932233
534.171867
534.298967
534.353600
534.398400
534.506367
534.860567
534.923700
535.232333
536.018533
537.285367
537.446933
537.451833
537.480800
537.708400
537.788300
538.049400
538.687400
538.776500
539.553667
539.778267
539.996167
540.151567
540.364300
540.568367
540.625200
542.058100
542.432733
542.561533
543.562667
543.651300
544.492100
544.686233
545.201200
545.285433
545.359033
545.545567
546.186733
546.966533
547.059733
547.061533
547.218000
547.439667
547.467700
547.844733
547.998567
549.048533
550.100867
550.454800
551.044967
551.387933
551.459733
551.637000
551.681700
551.884267
552.120467
552.316167
552.387367
552.907300
554.198167
554.218667
554.275000
554.581133
554.678067
555.184900
555.572633
556.297267
557.126533
557.133967
557.565467
558.896233
560.287400
560.420367
560.570467
560.962767
561.219600
561.529633
561.886533
561.914533
563.135867
563.263700
563.726567
563.758100
563.929367
564.339267
564.708200
564.819600
564.947467
565.017800
565.251233
565.724067
566.102500
567.110733
567.389900
567.948933
568.127467
568.352533
568.424300
568.485933
568.602600
569.100667
569.754033
569.778733
569.827767
570.457167
570.980400
571.030100
572.084300
572.111600
572.676567
572.757667
572.770233
573.823800
575.124400
576.516300
576.714967
577.405233
577.719667
577.806800
577.987833
578.664633
579.070833
579.561100
579.837000
579.863133
579.946200
579.979533
580.134500
580.414867
580.508067
581.038000
581.065467
581.110300
581.375500
581.958467
582.317767
582.855300
583.535700
584.815900
585.367500
585.568967
587.050000
587.087433
587.096200
587.393900
587.423000
587.782400
588.182700
588.434000
588.524567
588.529500
588.763067
589.221600
589.730167
589.799300
589.849700
590.186200
590.332600
590.719333
590.984500
591.394067
591.564100
592.315067
593.101533
593.255767
593.817767
593.835700
594.479667
595.518733
595.544000
595.589833
595.622900
595.895800
596.500167
598.210800
598.811067
599.256200
599.294033
599.360433
599.732633
599.776700
599.861433
600.316233
600.649600
600.704733
600.852867
600.902500
600.945400
601.010200
601.248067
601.342900
601.701900
602.854233
602.925733
603.031633
603.713233
603.999033
604.015767
604.302667
604.352333
605.331233
605.407867
605.996733
606.337300
606.463100
606.768633
607.565933
607.962033
608.940800
609.300633
609.511033
609.784333
609.870833
610.088967
610.210700
610.239500
610.265133
610.318533
610.362733
610.911267
611.052433
611.360500
611.455167
611.492333
611.550700
611.556700
611.656900
611.979067
612.088500
612.373000
612.455633
612.526600
613.249833
613.439200
613.582133
613.609500
613.626600
613.642567
613.676400
613.693000
614.705433
614.894100
614.988567
615.070900
615.229600
615.309633
615.377200
615.554067
615.582300
615.604533
615.790600
617.578867
617.824900
618.120967
618.148167
618.196633
618.491400
618.587767
618.729933
619.181633
619.909500
619.942667
619.980067
620.140333
620.535433
622.296767
622.480833
622.568267
622.594467
622.939867
623.043133
623.096233
623.259167
623.599800
623.961067
624.926867
625.101133
625.717267
627.349033
627.481700
627.853700
628.015133
628.447900
628.532100
628.616433
628.727500
628.777633
628.994200
629.034300
629.054133
629.070033
629.093267
629.124667
630.372733
630.409633
630.972767
631.051667
631.555333
632.292300
632.558667
632.686300
632.879200
633.021767
633.197100
633.288000
633.338200
634.150067
634.272633
634.358533
634.495533
634.601900
635.111367
635.533467
635.570667
635.794767
635.842333
636.115367
636.437233
636.544733
636.584833
636.704500
637.352633
638.033967
638.951700
639.094300
639.207367
639.321700
639.531700
640.284333
640.308833
640.313267
640.610000
640.690367
640.722567
640.851767
642.901533
643.058600
643.083200
643.114867
643.296700
643.731200
643.812600
646.886200
647.049233
647.165967
647.196100
647.228233
647.253500
647.331767
647.623333
647.651000
647.684667
647.794733
647.884700
648.117833
648.277233
648.793500
648.965100
650.239633
650.326233
651.483000
651.852267
652.152267
652.359433
652.463133
652.923267
653.327533
653.442667
653.984500
654.010200
654.092767
654.341900
654.391933
654.608133
654.936467
655.106200
655.191833
656.145200
656.166767
656.196967
656.369200
656.390867
656.485867
656.605900
656.712433
656.758267
657.270367
658.142833
658.295933
659.077500
659.658833
660.908300
661.562200
661.769400
662.078133
662.135133
662.331800
662.435433
662.809567
662.861467
662.897667
662.926867
663.343967
663.552000
663.826767
664.082767
664.197400
664.750033
664.872333
665.133367
665.176667
665.358567
665.459167
665.621900
666.185100
666.277700
666.350867
666.404267
666.555000
666.699667
666.887667
667.200300
667.776033
667.880067
668.392933
668.549100
668.673733
668.679333
669.041133
669.140200
669.311233
669.353900
669.467600
669.486733
669.640567
670.086200
670.297600
670.858167
671.970967
672.241667
672.306867
672.481833
672.578333
672.683867
672.715967
672.756400
672.897200
673.081733
673.263367
673.448733
673.539467
673.772633
674.204000
674.327133
674.403867
674.850067
674.889200
675.074533
675.679900
675.831267
675.892700
676.990400
677.571967
677.722967
678.126633
678.204500
678.264233
678.369733
678.396267
678.594100
678.662433
678.768400
678.913567
679.078800
679.291800
679.483867
681.120633
681.257533
681.290500
681.328267
681.377867
681.398100
681.409667
681.531600
681.598133
681.606000
681.611000
681.644933
681.690867
681.846167
681.900067
682.063733
682.162533
682.244067
682.288300
682.313133
682.367533
682.399567
682.506567
682.528933
682.572000
682.774300
683.160700
683.342133
683.650933
683.838433
683.936100
684.251067
684.534333
684.677333
684.866000
685.078667
685.125333
685.141433
685.200833
685.578533
685.792933
686.041300
686.174667
686.360733
686.479867
686.486133
686.530600
687.264367
688.576233
688.961033
689.463733
689.615000
689.725967
689.934533
689.960233
690.644033
690.741767
692.970833
693.219967
693.483333
694.351267
695.229133
695.304933
695.441600
696.185700
696.291300
696.733367
697.115833
697.154600
697.290167
697.298867
697.476000
697.522533
697.544100
697.607100
697.911367
697.968467
697.994533
698.257033
698.289100
698.339233
698.733633
702.015367
702.889333
702.899200
702.915900
703.135400
703.971033
706.694967
706.741867
708.326100
709.145567
709.484700
709.624233
709.869000
710.493467
710.568633
710.620967
711.163000
711.435233
711.565100
711.669733
712.200800
712.311933
712.350067
712.379267
712.425567
712.446133
712.488400
712.629733
712.709333
712.816467
713.023367
713.303233
713.350100
713.406800
713.471567
713.584533
713.859033
713.904700
715.304533
715.353233
715.383100
715.450767
716.306167
716.346500
717.024300
717.043800
717.423567
717.500067
717.677567
717.966200
718.788133
719.045800
719.081367
719.114133
719.157267
719.180733
719.193500
719.408400
719.778900
720.368733
720.858833
721.372000
721.401967
721.411567
722.621767
722.738933
722.814167
722.925433
723.159867
723.280600
723.344567
724.202067
724.234133
724.797133
725.200067
728.267500
728.524600
728.795000
729.066133
729.326433
729.637167
729.704100
729.752833
730.454367
730.516400
730.966867
730.986633
731.010200
731.094467
731.123467
731.127533
731.627100
731.922967
732.330700
732.377000
732.763367
732.862167
733.329200
733.432367
734.383800
735.242067
735.504067
735.536600
735.631600
735.987333
736.075000
736.316733
736.587700
736.921400
737.839767
738.389833
738.431800
739.183933
739.354000
739.595400
739.722200
739.736767
739.869533
740.177433
740.230533
740.800400
741.070333
741.121933
741.182033
741.284033
741.323200
741.370900
741.489400
741.741400
741.832567
741.848233
742.087667
742.097233
743.027167
743.142567
743.325833
743.721733
744.009400
744.361900
744.984467
745.160300
746.004367
746.078633
746.200133
747.071133
747.111000
747.164733
747.702933
748.285800
748.625300
748.856033
748.902933
749.017800
749.701700
749.732700
750.309833
750.733533
751.639533
751.805433
751.861200
751.904367
751.917867
751.993767
752.145467
752.192533
752.558533
752.747133
752.941133
752.988500
753.067200
753.112167
753.320867
753.591033
753.732300
753.920667
754.515600
754.816767
754.965333
755.186267
755.263800
755.286067
755.299700
755.386133
755.461200
755.507333
755.529233
755.875133
756.048167
756.112867
756.831100
756.958633
757.028233
757.182467
757.235300
757.431933
758.548633
759.106867
760.047067
760.886233
761.662300
762.250667
762.437600
762.819467
763.170867
763.805567
763.838867
764.292800
764.644933
764.712033
764.732867
764.787833
764.978833
765.100433
765.311867
765.374600
765.445300
765.570333
765.632267
766.200033
766.212467
766.219800
766.341333
766.428200
766.810933
766.856233
766.928100
767.083600
767.585533
767.607000
767.673900
767.706600
767.717333
767.755500
767.776733
767.834167
768.069133
768.292700
768.576333
768.706133
769.053900
769.643867
770.294167
770.698133
771.027133
771.742067
771.858233
772.598233
772.730467
773.370433
773.505667
773.775167
773.810633
773.946233
774.018500
774.211700
775.323400
775.328967
775.443600
775.527600
775.924800
776.112167
776.316233
776.809133
776.940400
777.573333
777.614767
777.737300
778.814600
778.832133
778.833933
779.889133
780.206533
780.239567
780.438100
780.591500
780.818033
780.869533
781.535433
781.739133
782.005600
782.053867
782.125800
782.179633
782.242900
782.267033
782.375633
782.563033
782.592267
782.848600
783.038767
783.242767
783.270600
783.362700
783.389967
783.636967
783.677600
783.710000
784.036767
784.162433
784.237067
784.378667
784.771167
784.869400
784.974633
785.364633
785.461233
785.508767
785.554367
785.646067
785.966167
786.309700
786.331400
786.453600
786.911533
787.453833
787.585400
787.636733
787.914433
788.244833
788.340433
790.247133
791.028633
792.137433
792.270600
793.044100
793.190533
793.684467
793.727200
793.797300
794.561667
795.800300
796.824133
797.253500
797.457367
797.481867
797.536767
797.886200
797.890267
797.992733
798.026400
798.558333
798.573300
798.597833
798.610200
798.615833
798.764333
798.935800
798.999067
799.028300
799.068167
799.204400
799.222900
799.248467
799.433533
799.934267
800.086767
800.140700
800.211600
800.331333
800.550433
800.568067
801.020233
801.484833
801.889900
802.071700
802.733467
803.097267
804.178067
805.894200
806.990100
807.043700
807.193333
807.433800
807.478100
807.511367
807.670300
807.848567
807.871533
808.043467
808.137067
809.326467
809.370067
809.985267
811.532700
811.614400
811.651567
812.152833
812.282400
812.334267
812.548467
812.722933
812.981767
813.008500
813.048667
813.123100
813.246300
813.392567
813.500500
813.822733
814.141133
814.862067
814.892567
814.916800
814.971433
815.973533
816.035867
816.595500
816.707933
816.883400
816.989900
817.056367
817.157533
817.192000
817.398633
817.467600
817.656033
817.705900
817.773000
817.972867
818.005433
818.361600
818.383367
818.438933
818.618667
818.978000
819.658467
819.902233
819.936267
820.544800
820.632767
821.289133
821.443233
821.787967
821.887700
822.420767
823.038833
823.263200
824.366267
824.841767
825.164567
825.192100
825.305033
825.433367
825.549133
825.756800
826.002633
826.540867
826.564800
826.607333
827.011433
827.193133
827.336133
827.620800
827.634000
827.654333
827.913167
828.061367
829.244167
829.358867
829.370467
830.042300
830.127167
830.886067
831.014167
831.157033
831.376267
831.704700
831.810133
831.960800
832.657600
832.856567
833.059600
833.690867
833.906200
834.188933
834.573267
835.036267
835.782733
835.897167
836.447200
836.482667
836.508567
836.617767
836.722800
836.832667
837.059633
837.204067
837.299133
837.904200
838.228967
838.254167
838.310600
838.392800
838.508667
838.698867
838.772433
838.986633
839.048000
839.077167
839.282733
839.383933
839.499567
839.640633
840.081233
840.127467
840.406967
841.004200
841.280800
841.440367
841.638367
841.697500
841.859167
841.867600
841.871333
841.892167
841.912400
842.056967
842.098867
842.101900
842.131600
842.134800
842.160733
842.204900
842.498367
842.532433
842.680667
843.313600
843.335433
843.369800
843.622800
844.100067
844.213833
845.047767
845.253433
845.768467
845.813233
846.103733
846.415233
846.553333
846.774000
846.914433
847.234667
847.638033
848.359067
848.521533
848.834533
849.056633
849.130100
849.137433
849.152033
849.360133
849.391133
850.349567
850.462833
850.507133
851.082900
851.120467
851.177700
852.532400
852.665800
853.829100
854.910067
854.944167
854.982400
855.043600
855.144867
855.182633
855.315933
855.385500
855.471433
855.582367
855.601000
855.881767
855.961367
856.004333
856.064967
856.172400
856.202200
856.435800
856.471600
856.560867
856.818733
856.861133
856.875900
856.960100
857.362800
857.402367
857.610967
857.836300
858.043633
858.127500
858.186967
858.244000
858.313967
858.381167
858.426667
858.553867
858.854567
858.901533
859.185433
859.422567
859.431867
859.488633
859.542233
859.671600
859.927233
859.998433
860.068067
860.687933
860.886333
860.927267
860.999500
861.237967
861.243267
861.339100
861.408733
861.768933
862.284000
862.560267
862.813100
864.533733
864.736700
864.937833
864.948433
865.008167
865.164800
865.201700
865.208500
865.242567
865.317233
865.375967
865.424233
865.783233
865.814233
865.942533
865.962333
866.007667
866.025333
866.279667
866.350067
866.389200
866.518867
866.573867
866.638067
866.684167
866.775367
866.880700
867.258767
867.429000
867.470000
867.480767
867.507767
868.232600
868.345600
868.351567
868.995333
869.317800
869.362433
869.633333
869.657000
869.695100
869.784700
869.800633
869.823567
869.896333
869.916833
870.062200
870.095700
870.510867
870.541267
870.700567
870.893567
871.289033
871.832067
872.124333
872.689400
872.798567
873.956967
874.455233
874.868733
874.923033
875.377467
875.651667
875.904933
875.927700
876.027067
876.127267
876.331267
876.444900
876.547267
876.899633
877.043600
877.302633
877.634700
877.718367
877.827033
877.852767
877.985267
878.046733
878.192833
878.276567
878.651767
878.677433
878.867167
879.013500
879.130267
879.563067
880.002400
880.305533
880.342867
880.387500
880.463533
880.550100
880.709900
880.809633
881.057233
881.247167
881.296767
881.706667
881.722200
882.786867
882.824833
882.925467
882.965633
883.055100
883.146567
883.342133
883.375000
883.428900
883.641333
883.712100
883.798633
883.900800
884.312200
884.480700
884.830033
885.020333
885.116900
885.342067
885.446367
885.607833
885.644833
885.699033
885.906400
885.925333
886.030233
886.132733
886.157200
886.173600
886.252767
886.279033
886.343133
886.400400
886.478567
886.670567
886.744467
886.811300
886.942900
887.025833
887.126033
887.129900
887.253567
887.935067
888.311567
888.449067
888.645767
888.852233
890.444567
890.712067
891.794200
893.139167
893.390267
893.684700
893.904667
895.667233
895.714367
895.894000
896.401433
896.451367
896.814267
896.850367
897.071467
897.237967
897.263900
897.458900
897.738267
897.846400
897.943433
898.014867
898.142267
898.178000
898.194867
898.232767
898.286767
898.639633
898.654333
898.758867
899.090333
899.683533
900.708367
900.804500
900.875433
901.041567
901.137600
901.151533
901.192067
901.222100
901.332267
901.820400
901.899433
902.286133
902.461700
902.498967
902.541633
903.300600
903.342000
903.380500
903.839100
904.613500
905.008467
905.596033
905.687033
905.892933
906.311567
907.099733
907.314600
907.379933
907.409433
907.496133
907.583300
907.704033
907.791667
907.875933
908.210800
908.544367
908.583600
908.615500
908.743533
908.763133
908.801433
909.512500
909.935467
910.007633
910.567733
910.586733
910.911867
911.290733
911.870533
912.075233
912.129567
912.406367
913.527333
914.331433
914.356933
914.969400
915.054567
915.134133
915.394100
915.493833
915.741133
915.764000
915.872600
915.876967
915.878667
916.204267
916.472667
916.613600
917.040400
917.269667
917.408267
917.480500
917.587900
917.680067
917.699667
917.730100
917.766867
917.821033
917.863400
918.210533
918.265400
918.329933
918.415000
918.442467
918.572967
918.624600
918.648200
918.898033
918.932033
918.953167
919.022000
919.055967
919.481867
920.852200
920.865233
920.905733
920.951867
921.050567
921.080833
921.235467
921.375633
921.397567
921.456033
921.913300
922.131000
922.514767
922.681633
922.736533
922.866900
923.192100
923.291333
923.351433
923.498100
923.751633
923.894700
924.936033
924.973033
925.198133
925.242967
925.249433
925.405333
925.630933
926.484500
926.611400
926.713267
928.064467
928.472267
929.461000
930.214600
930.496667
931.022967
931.048200
931.060533
931.195967
931.239500
931.493733
931.525967
931.736600
931.934533
931.973700
932.250767
932.465167
933.092000
934.590233
934.747533
935.635867
935.727500
935.988700
936.467767
937.142567
937.386467
937.684400
937.729067
938.051867
938.721833
939.347133
939.808867
940.267900
940.308700
940.380500
940.408600
940.445300
940.595500
940.973000
941.421500
942.211700
942.254667
942.505567
942.623367
942.783733
943.486067
943.492200
944.004900
945.716667
945.944567
946.128033
946.257267
947.479700
947.909333
948.373867
948.961533
949.094233
949.158867
949.305733
949.478100
949.677667
950.665333
951.086767
951.395633
951.696633
952.016700
952.604700
952.661833
952.990500
953.000667
953.115200
953.173667
953.210800
953.236200
953.253933
953.412233
953.443933
953.475700
953.611933
953.705200
953.815700
953.911933
954.045333
954.136867
954.249267
954.344433
954.398500
954.427433
954.528700
954.554767
954.856100
954.917667
956.456767
956.866767
956.932400
958.005367
958.169800
958.483400
958.594300
958.794000
958.821333
958.902367
958.935367
958.955100
958.984700
959.090367
959.174433
959.203367
959.335467
959.418467
959.560467
959.602733
960.318900
960.851000
961.102967
961.144300
961.147867
961.186500
961.226067
961.919933
962.060200
962.115967
962.132433
962.314600
962.384700
962.408900
962.455600
962.568267
962.873467
962.919167
963.043900
963.115167
964.052367
964.113800
964.156367
964.597133
964.631433
964.718433
964.814367
964.870967
965.073367
965.184200
965.613533
965.813133
965.853233
965.876200
966.001700
966.159200
966.325933
966.390300
966.473100
968.229700
968.265367
968.447100
968.666967
968.733800
968.808867
968.825600
968.904967
968.998200
969.279100
969.674200
969.871500
970.125767
970.195500
970.410700
970.675500
970.691567
970.783133
970.966233
971.141867
971.245433
971.358500
971.775667
971.955100
972.024567
972.119467
972.224300
972.585833
972.683600
972.823167
972.969033
973.290333
973.670400
973.729233
974.084300
974.158133
974.486267
974.758400
974.899700
975.596067
976.168333
977.556567
978.106933
978.579267
978.598667
979.051033
979.089933
979.170300
979.187100
979.223533
979.450033
979.522233
979.539300
979.572000
979.657000
979.794233
979.843933
980.028433
980.255567
981.032733
983.658733
984.039100
985.079967
985.109300
985.190333
985.628000
986.117467
986.260200
987.005800
988.137367
988.431733
988.633667
988.816267
989.050900
989.253833
989.356267
989.448433
989.459533
989.667567
989.924433
990.101600
990.345767
990.370433
990.437067
990.549333
990.896767
991.008300
991.042800
991.150000
991.269233
991.596900
991.671967
991.696333
991.848300
992.199833
992.226367
992.330767
992.626500
993.131667
993.664900
993.805267
993.983300
994.000333
995.008100
995.069600
995.343200
996.591433
996.939600
997.468433
997.481067
997.497100
997.535533
997.886167
999.695233
999.824333
1000.191600
1000.251967
1000.435267
1000.573233
1000.931200
1001.577667
1002.061333
1002.159133
1002.288800
1003.001667
1003.071733
1003.518133
1003.567733
1003.622033
1003.771733
1003.883100
1004.210700
1004.255467
1004.794867
1005.266233
1005.446600
1005.670800
1005.713000
1005.770833
1005.800367
1005.942700
1006.011667
1006.054800
1006.145433
1006.282100
1006.298933
1006.470800
1006.539633
1006.583333
1006.688667
1006.866700
1006.982767
1007.699700
1007.794367
1007.815067
1008.057833
1008.371067
1008.421100
1008.582000
1008.666533
1009.087200
1009.141200
1009.165467
1009.200167
1009.218500
1009.220600
1009.293867
1009.307833
1009.465433
1009.498867
1009.519733
1009.535767
1010.025933
1010.175733
1010.198967
1010.247033
1010.711567
1010.885900
1010.943933
1011.101500
1011.447733
1011.524700
1011.667367
1011.977100
1012.682367
1012.727067
1014.176833
1015.994567
1016.026567
1016.575833
1016.597933
1016.759900
1016.787000
1016.835133
1016.885200
1016.998867
1017.025300
1017.137167
1017.234367
1017.297400
1017.318467
1017.397367
1017.472000
1017.580633
1018.018933
1018.047700
1018.125500
1018.339300
1018.422133
1018.519100
1019.245967
1019.854733
1019.998900
1020.163733
1020.219467
1020.443133
1021.021533
1021.181233
1021.216533
1021.360433
1021.738000
1021.784367
1021.815433
1021.901000
1022.073067
1022.113400
1022.662633
1022.978467
1023.134533
1023.496300
1024.191733
1024.896500
1025.862433
1026.616067
1026.773300
1027.610667
1027.766700
1027.871067
1028.072833
1028.538500
1029.038333
1029.239567
1029.686167
1030.386500
1030.415367
1030.465500
1030.472600
1030.632067
1030.693533
1030.765100
1031.514600
1032.227967
1032.379333
1032.394267
1032.654167
1032.732700
1032.797967
1033.897767
1034.742100
1034.843900
1035.240067
1035.308933
1035.647733
1038.138633
1038.289767
1038.462967
1038.519067
1038.746633
1038.797767
1038.845400
1039.185933
1039.225933
1039.228400
1039.307867
1040.374400
1042.407467
1043.083100
1043.383667
1043.467867
1043.697100
1043.718567
1043.794800
1043.992233
1044.024567
1044.317733
1044.586033
1044.801067
1044.876200
1044.941533
1044.972567
1045.002667
1045.419800
1045.728033
1045.902133
1046.328933
1046.381867
1047.324133
1047.507367
1047.673400
1048.144900
1048.551267
1049.273467
1049.290267
1049.410633
1049.517800
1049.980833
1050.040733
1050.194133
1050.274567
1050.457133
1050.538667
1050.753467
1050.904967
1050.950900
1051.370400
1051.810933
1051.840033
1051.880833
1051.902867
1051.989200
1052.053200
1052.185567
1052.844400
1053.381533
1054.285333
1054.364900
1054.623300
1054.905833
1055.459700
1056.753700
1057.350467
1057.426467
1057.467633
1057.664733
1057.870100
1057.914567
1057.944133
1058.219000
1058.333400
1058.386800
1058.513867
1058.562200
1058.814600
1058.931933
1059.082333
1059.109867
1059.201267
1059.972200
1060.108433
1060.796633
1061.637767
1062.155033
1062.241367
1062.293167
1062.319400
1062.368900
1062.506767
1062.734100
1062.797000
1063.557933
1064.302867
1064.427900
1064.685367
1064.904033
1064.918667
1064.932700
1065.116100
1066.168633
1066.784667
1067.193700
1067.724600
1067.755900
1068.235667
1068.698133
1068.786167
1068.944033
1069.046967
1069.135533
1069.185433
1069.234167
1069.267467
1069.432367
1070.776133
1070.819300
1070.989433
1071.255233
1071.327100
1071.569933
1071.767367
1071.903633
1072.175833
1072.229633
1072.734900
1072.859367
1073.338967
1073.439300
1073.625567
1073.856967
1073.969567
1074.471867
1074.491633
1074.543500
1074.971667
1074.992033
1075.387533
1076.228067
1077.049800
1077.711467
1078.647333
1079.272267
1080.404100
1080.448100
1080.682533
1080.703900
1080.824667
1080.891667
1080.981800
1081.161400
1081.212033
1081.371767
1081.482433
1082.109767
1082.336400
1082.502500
1082.527667
1082.545200
1082.627400
1082.660067
1082.671000
1082.742933
1082.773300
1082.818733
1083.148033
1083.281067
1083.463867
1083.642933
1083.934133
1083.985400
1084.956000
1086.043033
1086.244867
1086.279900
1086.402433
1086.677833
1087.953467
1089.179433
1089.713133
1091.137933
1091.333700
1091.683800
1092.077967
1092.703167
1093.271700
1093.495900
1093.598667
1093.677533
1094.032900
1094.277333
1094.496233
1094.837533
1094.936633
1095.004300
1095.490333
1095.702700
1096.693000
1097.029533
1097.115767
1097.140867
1097.253100
1097.544600
1097.607667
1097.671500
1098.131633
1098.368467
1098.602133
1098.848033
1098.992600
1099.197667
1099.210633
1099.233267
1099.281467
1099.742167
1100.142433
1100.364267
1100.580067
1100.653233
1101.158400
1101.493300
1101.708500
1101.763533
1101.784100
1101.809300
1102.167267
1102.584067
1102.733567
1102.868967
1102.976300
1103.074833
1103.496333
1103.520467
1103.991633
1104.260967
1104.282900
1104.301800
1104.316533
1104.329400
1104.367800
1104.490433
1104.499533
1104.925333
1104.964500
1105.073667
1105.155400
1105.416433
1105.732733
1106.024733
1106.107000
1106.140700
1106.160267
1106.219867
1106.278833
1106.314133
1106.364067
1106.421633
1106.661667
1106.729233
1106.809200
1106.821500
1106.832667
1106.853300
1106.885567
1106.904800
1106.957633
1106.965800
1107.015033
1107.066533
1107.393433
1107.395167
1107.448900
1107.585800
1107.606133
1107.657433
1107.753067
1107.868367
1107.889533
1108.045300
1108.390533
1108.470467
1109.398500
1109.435433
1112.101233
1112.494967
1112.816000
1113.368433
1113.868133
1113.981967
1114.004000
1114.059033
1114.176533
1114.371900
1114.637733
1115.048900
1116.345500
1116.946500
1118.224167
1118.662433
1118.920267
1119.874267
1120.093933
1120.160900
1121.318233
1121.695867
1122.010267
1123.256200
1123.407933
1123.486100
1123.934900
1124.276033
1124.557100
1124.860167
1125.072300
1125.094600
1125.100367
1125.116633
1125.189800
1125.204967
1125.234100
1125.372600
1125.478633
1126.027500
1126.038467
1126.276367
1126.407067
1126.428533
1126.477867
1126.881133
1126.913467
1127.388567
1127.416300
1127.873300
1127.921033
1128.300100
1128.742400
1128.762367
1128.781733
1128.925133
1129.132367
1129.173933
1129.227067
1129.548833
1129.599800
1130.070333
1130.357933
1130.518833
1130.574167
1130.611200
1130.641700
1130.696900
1131.507200
1131.598333
1131.668467
1132.110133
1132.260600
1132.549467
1132.993067
1133.047633
1133.117567
1133.253233
1133.329000
1133.403900
1133.626367
1133.654900
1133.656700
1133.903067
1134.077600
1134.154267
1134.318867
1134.421333
1134.452267
1134.752633
1134.794467
1134.841367
1134.876333
1134.919033
1135.177700
1136.651500
1137.239833
1137.588567
1138.856333
1139.389867
1139.721633
1140.234633
1140.428900
1140.715667
1140.928833
1141.117400
1141.205367
1141.405333
1141.450500
1141.500900
1141.507967
1141.510200
1141.809067
1141.845533
1142.467167
1142.543167
1143.425200
1143.491100
1144.750600
1144.771367
1144.833967
1144.955033
1145.016033
1145.072600
1145.201167
1145.993900
1146.520233
1148.312033
1148.361500
1148.375633
1148.480367
1148.766000
1148.832300
1149.052933
1149.315667
1149.361200
1149.451833
1149.517167
1149.567100
1150.066567
1150.169067
1150.585267
1150.618367
1151.604767
1151.688400
1152.384233
1152.575633
1152.592233
1153.598800
1153.920567
1154.096300
1154.392267
1154.409533
1154.554400
1154.598000
1154.863800
1154.908833
1155.142167
1155.288633
1155.459900
1155.984067
1156.416433
1157.579133
1158.463367
1158.918800
1159.507400
1160.656200
1160.766933
1161.246300
1161.268233
1161.489967
1161.531567
1161.578033
1161.607033
1161.692300
1161.727067
1161.773733
1162.006867
1162.501800
1163.360900
1163.469700
1163.522967
1163.727367
1163.962033
1163.995067
1164.080467
1164.122867
1164.143300
1164.208067
1164.230233
1164.471667
1165.632833
1165.753867
1165.776267
1165.876500
1166.235500
1166.322433
1166.404300
1166.492800
1166.604733
1166.646033
1166.676533
1166.750233
1166.955400
1167.332033
1167.425500
1167.875267
1167.947567
1168.067200
1169.222600
1169.263867
1169.286400
1169.574067
1169.770067
1170.558800
1170.615567
1170.748633
1170.778167
1170.978533
1171.057233
1171.173400
1171.435133
1173.639767
1174.089200
1174.893233
1174.994533
1175.032533
1175.128100
1175.318633
1175.360933
1175.367033
1175.384300
1175.801433
1176.097500
1176.345933
1176.410033
1176.692967
1176.977167
1177.941367
1177.950500
1178.415467
1178.691600
1179.537133
1179.601500
1179.637700
1179.930033
1180.247900
1180.302700
1180.339933
1182.403067
1182.547700
1182.587867
1182.589700
1182.937233
1182.958533
1182.965667
1183.072533
1183.187800
1183.285200
1183.499233
1183.885167
1183.981400
1184.198033
1184.475967
1185.277500
1185.939300
1186.042300
1186.850633
1187.028867
1188.494600
1188.650967
1188.687533
1188.720167
1188.890300
1188.953533
1189.015767
1189.039833
1189.093733
1189.132533
1189.154933
1189.209300
1189.327400
1189.351300
1189.371667
1189.678867
1189.777767
1189.931600
1190.167433
1190.240400
1190.308467
1190.373100
1190.703667
1193.087400
1193.675733
1193.816233
1194.758333
1195.251833
1195.522233
1195.749000
1195.833800
1196.092933
1198.040300
1198.080600
1198.264233
1198.422233
1198.776800
1198.843100
1199.485000
1200.554100
1200.595400
1200.731867
1200.831700
1200.922567
1201.147933
1201.197867
1201.332467
1201.850800
1201.928233
1201.967900
1203.404833
1204.485267
1204.945067
1205.338867
1205.809100
1206.305133
1206.351367
1207.283500
1208.350333
1208.503133
1209.125533
1209.198033
1209.225800
1209.391600
1209.821000
1211.053567
1212.394133
1213.091800
1213.189133
1213.689267
1213.779467
1213.983800
1214.047700
1214.179633
1214.276433
1214.373033
1215.033500
1215.254167
1215.313533
1215.833133
1215.908867
1215.928333
1215.937133
1216.004400
1216.079567
1216.088733
1216.109433
1216.398000
1216.516667
1216.619167
1216.638633
1217.024933
1217.164667
1217.228433
1217.383867
1217.556433
1217.571667
1217.631133
1217.656167
1217.741133
1218.009667
1218.609333
1218.858033
1219.050300
1219.249667
1219.395167
1219.453233
1219.764300
1220.036433
1220.047467
1220.066067
1220.203567
1220.327967
1220.453200
1220.874767
1221.040967
1221.389833
1221.552733
1222.358633
1222.442800
1223.122600
1223.213267
1223.835633
1223.897633
1224.290367
1224.300833
1225.779700
1226.302000
1226.950167
1227.054733
1227.083933
1227.407800
1227.933133
1227.995033
1228.010567
1228.229333
1228.936433
1229.348267
1229.486300
1229.627067
1229.837333
1229.891700
1230.081433
1230.347667
1230.388200
1230.437900
1230.464333
1230.520767
1230.626100
1230.647600
1231.207133
1231.685100
1232.309367
1232.542000
1232.608700
1232.735133
1233.055067
1233.198600
1233.375900
1233.455633
1233.464500
1233.784133
1233.891700
1234.541300
1234.646133
1234.840633
1235.233633
1235.595767
1235.666967
1235.687900
1235.962567
1236.594533
1237.106067
1237.182233
1237.310633
1237.653733
1238.013167
1238.441167
1238.521833
1238.648633
1239.393800
1239.888267
1239.960633
1240.314900
1240.380000
1240.764433
1240.802400
1241.288367
1241.851700
1242.529300
1242.734367
1242.766033
1243.109967
1243.154733
1243.221467
1243.723233
1243.911867
1243.971000
1244.491967
1244.678333
1245.276233
1245.307133
1245.385633
1245.406400
1245.487267
1245.536467
1245.686767
1246.020067
1246.145300
1246.244633
1247.810200
1247.873400
1247.899100
1248.517033
1248.855167
1249.651667
1250.950800
1251.867600
1251.900367
1251.975433
1252.412400
1252.526400
1252.657733
1252.705600
1253.020400
1253.037633
1253.181667
1253.660367
1254.066667
1254.236867
1254.443733
1254.981300
1255.053900
1255.116333
1255.538000
1255.703533
1255.786933
1256.247967
1256.421133
1256.528700
1256.636133
1257.315300
1257.361133
1257.529967
1257.589500
1257.622267
1257.628700
1257.843233
1257.893533
1258.051967
1258.159433
1258.714500
1259.013267
1259.519400
1259.938900
1260.029533
1260.391967
1260.521700
1260.596000
1260.953233
1261.870767
1262.128667
1262.833733
1263.006567
1263.826800
1264.070067
1264.487233
1264.683900
1265.435233
1265.436967
1265.532500
1265.683400
1266.238067
1266.398300
1266.607267
1267.258867
1268.258267
1268.290867
1268.492967
1268.811700
1269.111267
1269.492200
1269.624867
1269.893500
1269.985367
1270.056767
1270.131533
1270.448167
1271.786333
1271.818333
1271.910067
1271.988967
1272.387667
1272.991800
1273.314767
1276.607500
1276.804900
1276.924633
1277.154500
1277.517933
1278.195133
1278.863733
1279.749467
1281.145000
1281.795333
1281.927433
1282.573967
1283.264800
1283.577267
1283.786300
1284.018200
1284.623067
1285.326633
1285.363333
1285.647200
1287.423867
1287.768700
1287.855267
1287.913100
1288.087167
1288.879233
1289.579167
1289.638100
1289.870533
1292.448267
1292.459433
1292.499733
1292.501833
1292.605733
1292.655500
1292.740000
1293.251767
1293.664300
1294.397133
1294.464500
1294.584767
1294.737467
1295.015500
1295.289400
1295.306500
1295.777800
1295.823133
1295.940167
1296.538667
1296.952667
1297.023300
1297.189833
1297.383933
1297.750433
1298.231833
1299.254533
1301.717133
1301.804333
1302.197233
1302.378500
1303.220167
1303.877700
1304.017000
1304.591067
1305.092433
1305.462267
1305.762967
1305.812300
1305.914967
1305.923333
1306.190100
1306.255133
1306.319900
1306.576567
1306.661300
1306.715433
1306.760033
1307.186067
1307.303233
1307.446233
1307.909800
1308.997433
1309.156233
1309.218300
1310.593200
1310.922600
1310.935900
1310.942533
1311.053200
1311.318733
1311.539233
1311.579733
1311.810400
1312.040900
1312.190367
1312.245867
1312.629433
1312.667833
1312.873833
1313.633667
1313.669067
