0.522000
0.854000
0.863300
0.929400
1.110233
1.698800
1.706100
2.175367
3.286300
3.383433
4.397867
4.428067
4.439433
4.475233
5.108533
5.568133
5.749867
5.830667
6.220567
6.331767
6.486267
6.650633
6.699767
6.763267
6.791433
6.877233
6.930667
9.917067
10.925300
10.960933
11.360300
11.528767
11.607267
11.684500
11.910933
11.941100
11.957200
11.978200
12.023533
12.067267
12.174133
12.582767
12.973900
13.368533
13.472933
13.964567
14.924267
14.936167
15.486500
16.324200
16.358233
16.419767
16.466567
16.504567
16.531700
16.597067
16.713167
16.797967
16.800800
16.959067
17.055133
17.126167
17.143067
17.162133
17.190800
17.751067
17.828667
17.855367
17.906033
18.006100
18.303033
18.701067
18.883933
19.120233
19.451500
19.525500
19.995700
20.046067
20.151933
20.327467
20.725100
21.128033
22.024100
22.967000
23.098467
23.174200
23.177267
23.749633
23.778300
23.919600
24.679133
24.686800
24.783100
25.700333
26.159200
26.828167
26.837333
27.072433
27.167267
27.223667
27.228200
27.486433
27.826767
27.881533
27.888833
27.978467
28.249733
28.260167
28.287167
28.669900
28.978333
29.295633
29.588200
29.651633
30.584433
31.086267
31.199867
31.767100
31.979933
32.160733
32.775833
33.740100
33.971900
34.017400
34.020433
34.090633
34.170467
34.214800
34.394133
34.522700
34.656767
34.675733
34.841933
35.042033
35.105900
35.133433
35.181400
35.229500
35.238833
35.257300
35.333200
35.371333
35.407567
35.481067
35.495567
35.631800
35.657733
35.761200
35.796233
35.919633
36.134267
36.213900
36.297433
36.371433
36.377533
36.464467
36.782300
36.787333
36.978600
37.360100
37.489367
37.497400
37.571433
37.692167
37.878200
37.932900
38.009600
38.023300
38.056633
38.139700
38.351600
39.724267
39.976800
40.423700
40.646633
40.772233
40.777667
40.897367
41.039000
41.111733
41.255033
41.602800
41.737567
42.744567
42.833433
43.446733
43.482633
44.439733
44.445800
44.716567
44.828333
44.879000
44.893667
45.012367
45.079333
45.141300
45.166933
45.231467
45.370733
45.532833
45.728600
45.759967
45.878433
46.590467
46.745600
46.940000
46.985800
47.078333
47.305033
48.056467
48.708167
49.284033
49.352033
49.358500
49.751300
50.407133
50.612967
50.855233
51.196900
51.609633
51.684800
51.735800
52.030067
52.882700
53.640033
53.674633
53.703200
53.747367
53.853900
53.977533
53.993667
54.050333
54.195600
54.815167
54.863067
54.868500
55.094033
55.190333
55.397133
55.445233
55.504267
55.535733
55.836067
56.283867
56.316700
56.331500
56.559467
56.738033
56.929667
57.252933
57.307800
57.611633
57.635700
57.925267
58.513767
58.622000
58.999600
59.151400
59.154567
59.188433
59.264167
59.406600
59.475600
59.508367
60.560533
60.690700
60.993067
61.058767
61.242233
61.275467
61.527733
61.916167
62.111933
62.282600
63.123167
63.521467
63.541733
63.623200
63.638100
63.763233
63.905900
63.928733
64.394433
64.902167
65.103467
65.106167
65.207433
65.229200
65.612967
66.058000
66.074833
66.384567
66.402033
66.760733
66.871200
67.083867
67.961833
68.307233
68.503733
69.441733
69.524900
70.538467
70.707400
70.857200
71.273233
72.757200
72.781467
72.989333
73.691800
73.838133
73.853067
74.489167
74.654267
74.913833
75.296833
75.470667
76.197433
76.292633
76.492367
76.871767
77.257467
77.289200
77.383667
77.558933
77.648267
77.738900
77.771000
77.788600
77.818767
77.849233
77.878467
77.925333
77.957567
77.967100
78.187600
78.198400
78.349233
78.484933
78.757033
78.916667
79.038467
79.071633
79.113333
79.203467
79.938200
80.051267
80.553600
80.688700
81.087733
82.461833
82.692200
83.157467
83.170833
83.205367
84.821967
84.872300
85.196767
85.502967
85.532000
85.651667
85.674467
85.743467
85.845967
85.879800
86.068633
86.091467
86.779067
87.222667
87.235333
87.842633
88.192500
88.527533
89.217400
89.273900
89.298000
89.359067
90.461333
90.517567
91.055400
91.398233
91.662400
91.721500
91.800767
92.492200
92.581233
93.896067
94.543200
96.388900
97.013300
97.144933
97.170533
97.247233
97.346067
97.405667
98.040433
98.323733
98.354367
98.372033
98.474300
98.489333
98.657767
98.714167
98.908667
99.723800
99.747000
99.947767
99.975067
100.015700
100.030533
100.079567
100.195933
100.222133
100.391133
100.445700
100.522467
100.534800
100.539167
100.572000
100.616167
100.637433
100.671100
100.712400
100.749533
100.890967
101.030967
101.143800
101.225033
101.241900
101.285533
101.350133
101.377100
101.417167
101.513767
101.557800
101.706333
101.733200
101.813967
101.892200
101.951600
102.123133
102.136467
102.277933
102.395333
102.482167
102.586100
104.153700
104.201200
104.263933
104.807533
105.177033
105.232833
105.353300
105.381667
105.552867
105.559567
105.731967
105.928767
105.990833
106.232300
106.684967
107.644500
108.417333
108.626300
109.640067
109.711967
110.329767
110.364233
110.387700
110.944967
110.950400
111.188933
111.214067
111.273433
111.427467
111.606633
111.649467
111.668067
111.702933
111.711200
111.866833
112.012633
112.118100
112.346400
112.680900
112.974800
114.330433
114.402000
114.780500
114.919167
115.413767
115.688633
116.173333
116.265567
116.274633
116.320600
116.365533
116.813967
117.130033
117.217400
117.781667
118.675867
118.715500
118.789900
118.863533
118.984133
119.077200
119.323833
119.506100
119.570133
119.652967
119.817667
120.088133
120.165267
120.217867
120.504767
120.767467
120.952500
121.209133
121.244667
121.312967
121.407300
121.420833
121.434200
121.515300
121.543300
121.638800
121.674067
121.713967
121.876067
122.032900
122.197533
122.276767
122.433333
122.565333
122.812967
122.990567
123.039100
123.056233
123.082100
123.266867
123.577000
123.659600
124.122733
124.411200
125.251000
125.273833
125.300567
125.318333
125.591900
125.661267
125.671667
125.720767
125.739933
125.767900
125.804267
125.832833
125.870633
125.895033
125.921400
125.981500
125.994867
126.130833
126.151333
126.211967
126.243567
126.347667
126.705700
126.965633
127.063633
127.564367
127.947267
128.168867
128.491500
128.627000
129.059367
129.251933
129.278067
130.109133
130.590933
131.019133
131.127600
131.164800
131.206300
131.241900
131.246333
131.357300
131.438300
131.555700
131.791400
131.818133
131.862933
131.906800
131.909467
131.930867
132.127800
132.200067
132.503867
132.523400
132.596800
132.643533
132.689900
132.829567
132.978833
133.024067
133.197967
133.282967
133.371067
133.458833
133.493700
133.609633
133.909967
134.045433
134.074267
134.280667
134.392233
134.746667
135.255100
135.415000
135.426367
135.618800
135.684933
135.764533
135.806667
135.847200
135.934733
136.101667
136.155067
136.207900
136.353667
136.394900
136.573233
136.720133
136.957767
137.983533
138.493733
138.600800
138.628667
138.929233
139.157067
139.162133
139.844700
139.869067
140.091100
140.126967
140.184633
140.196767
140.202133
140.252667
140.356400
140.388600
140.399333
140.607133
140.859233
140.873367
142.228533
142.885467
142.966967
143.013667
143.036500
143.049000
143.733333
143.850800
144.632167
144.665533
144.735767
145.350333
145.543433
145.678667
146.058667
146.121067
146.275933
146.279967
146.317933
146.350300
146.408900
146.413033
146.667233
146.832000
147.005367
147.081533
147.116533
147.337733
147.590300
147.594767
147.885267
147.899000
148.812167
148.844233
148.912500
149.017767
149.035533
149.138300
149.377600
149.509167
149.619667
149.993467
150.071233
150.509333
150.602067
150.631133
150.710433
150.882933
150.976100
150.983233
151.283033
151.409067
151.546500
151.599867
152.197367
152.750533
152.951000
153.111100
153.818567
154.590167
154.745800
155.845867
156.135033
157.247200
157.295633
157.353467
157.716233
157.860500
158.714600
159.158633
159.350600
159.510767
159.585333
159.798333
160.015867
160.214900
160.923633
161.005733
161.721133
161.802800
161.921367
161.961667
161.971567
162.146600
162.606633
162.759800
162.826867
163.878733
164.930900
165.252033
165.352100
165.486133
165.577600
165.607333
165.904767
166.271567
166.277067
166.296633
166.605200
167.002300
167.336467
167.402233
167.592967
168.008100
168.105433
168.853733
168.879833
169.178000
169.349233
169.573033
169.603867
169.738333
169.750867
169.882533
169.999633
170.089467
170.199967
170.242533
170.423967
170.498600
170.584500
170.696633
170.738700
170.813767
171.160600
171.768433
172.137233
172.197667
172.202533
172.456200
172.656933
172.677400
172.732333
172.791700
173.014600
173.304367
173.576767
175.156267
175.448967
175.533533
175.676367
176.064567
176.099800
176.178067
176.201033
176.410400
176.412500
176.958233
177.082800
177.539900
177.574833
177.577067
177.629133
177.985933
178.046333
178.071267
178.741433
179.030433
179.105533
179.620500
180.231667
180.832867
181.187367
181.246267
181.281267
181.319000
181.486633
181.587033
182.123267
182.147833
182.216100
182.353600
182.429567
182.514500
182.590500
182.596033
182.923900
183.046533
183.105167
183.363933
183.416200
183.640933
184.102767
184.776133
185.111633
185.276933
185.342467
185.368100
185.409267
185.689967
185.759067
185.892433
185.991333
186.085233
186.110633
186.142833
186.164433
186.168367
186.226433
186.321933
186.479733
186.509067
186.533633
186.547333
186.596400
186.618600
186.690233
186.719433
186.785600
186.856500
187.104833
187.228367
187.237933
187.379233
187.467167
187.484967
187.624067
187.921733
188.319367
188.589767
188.873467
189.199867
189.294067
189.764833
190.297333
190.882267
191.533100
192.102267
192.493233
192.551567
192.772867
192.894067
192.922433
193.140567
193.170033
193.566767
193.601533
193.721533
193.851900
194.021767
194.682867
195.632767
195.722667
195.832633
196.686667
196.728133
196.760133
196.893100
197.080567
197.086900
197.222500
197.293567
197.309867
197.336667
197.356100
197.396567
197.483900
197.619567
197.879567
197.902500
198.057333
198.083733
198.114800
198.152700
198.457400
198.528000
198.596833
198.918500
198.995400
199.185900
200.252100
200.735900
200.813600
200.909367
200.955200
201.291900
201.486167
201.630033
201.646867
201.852767
201.857467
201.897933
201.922600
202.027833
202.092000
202.438833
202.603267
202.706567
202.788933
202.816500
202.867000
202.898667
203.104267
203.352633
203.434267
203.687333
204.079833
204.176033
204.193867
204.266367
204.335367
204.348500
204.398767
204.460967
204.498233
204.603433
204.949633
205.242700
205.270267
205.305433
205.390500
205.443100
206.096733
206.341600
206.725267
206.887567
206.976833
207.007867
207.044667
207.368067
207.513567
207.612500
207.904033
208.033033
208.657067
208.822300
209.057300
209.085500
209.124833
209.427100
209.491367
209.849333
209.990733
210.296267
210.650133
211.007400
211.105200
211.157567
211.175833
211.269333
211.276067
211.352233
211.474067
211.579533
211.590500
211.605833
211.737333
211.847633
211.880133
211.918633
211.994100
212.484267
212.507000
212.549533
212.614033
212.760500
213.118133
213.138767
213.422467
214.502067
214.987033
215.529733
215.782867
215.801133
215.843100
215.866433
215.876367
216.078733
216.142800
216.242633
216.278400
216.409433
216.591300
216.702533
216.815233
216.877833
216.969233
217.116433
217.212767
217.359567
217.376767
217.966600
218.243433
218.278400
218.400433
218.745000
218.748300
218.916667
218.946900
219.104800
219.384500
219.822933
219.881000
221.340533
221.475400
222.189633
222.298400
222.678900
222.793933
222.851767
223.083267
223.085767
223.123500
223.167400
223.322767
223.325133
223.345300
223.376800
223.433733
223.476833
223.744200
223.822033
224.134000
224.143233
224.147933
224.154433
224.192900
224.216867
224.227633
224.380367
224.888133
224.909633
224.943600
225.361633
226.514067
226.903200
227.728533
227.850167
228.708333
229.054500
229.065700
229.795067
229.949900
230.277500
230.558567
230.655500
230.857100
231.104333
231.217533
231.721933
231.754000
231.967867
232.313800
232.354767
232.506167
232.656200
233.148167
233.175067
233.278967
233.588767
233.631700
233.651233
233.760833
233.802167
233.828767
234.560333
234.617367
234.637867
234.677633
234.774533
234.827233
234.884633
235.059200
235.091400
235.268900
235.326400
235.781633
235.817033
235.893267
235.996467
236.025633
236.030367
236.107333
236.217800
236.262767
236.559100
236.573500
236.743800
236.914467
237.027800
237.078800
237.121567
237.226400
237.418067
237.683300
237.700100
237.762633
237.836100
237.882833
238.076467
238.220433
238.392633
238.427867
238.804600
239.497800
239.542900
239.546367
239.705733
239.964567
240.110767
240.340600
240.495600
241.367933
241.404000
241.413400
241.480967
241.513600
241.703767
241.705367
241.799400
241.850100
241.905833
241.921767
242.100233
242.795100
243.324433
243.542000
243.609333
243.813667
243.972000
244.021667
245.081233
245.202867
245.756500
246.570967
246.645033
247.487667
247.545633
247.865133
247.895567
248.020533
248.236133
248.584700
248.615600
248.983533
249.116500
249.151167
249.174967
249.324733
249.413133
249.512467
249.606033
249.682133
249.764133
249.802267
249.807367
249.815500
249.856800
249.985067
250.034867
250.094300
250.158967
250.314633
250.385700
250.412467
250.513333
250.525300
250.774800
250.798567
250.828667
250.851367
250.907000
250.984467
251.073500
251.144033
251.292500
251.455067
251.545233
251.689667
251.820500
251.905833
252.023100
252.330200
253.566433
253.729000
253.821200
253.861433
254.156500
254.408367
254.572100
254.673067
254.697700
254.774900
254.808333
254.902800
255.084100
255.170033
255.434200
255.522367
255.649100
255.780833
255.872767
255.923567
256.247733
256.382300
256.460933
256.850067
257.186533
257.937800
258.788600
259.029433
259.093800
259.241533
259.332433
259.349667
259.626733
259.726767
260.139100
260.734300
260.964767
260.996800
261.164733
261.645967
261.942967
262.371867
262.487000
262.990633
263.020867
263.199000
263.400300
264.087667
264.093600
264.386833
264.695433
264.737333
265.159100
265.725033
265.807900
266.023900
266.296967
268.094600
268.147867
268.381867
268.415467
269.437567
269.473200
269.495633
269.513900
269.564233
269.577333
269.679133
269.721033
269.731700
270.279867
270.343133
270.708500
272.147900
272.194067
272.260933
272.888533
273.101167
273.950467
274.339767
274.667367
274.872300
275.945167
276.044133
276.118900
276.523933
276.630300
276.712433
276.909300
277.145300
277.167067
277.181600
277.366700
277.404700
277.512367
277.561533
277.772167
277.800467
277.841600
277.907533
277.993133
278.138167
278.171500
278.205033
278.292500
278.888600
279.243800
279.364600
279.458767
279.582767
279.717833
280.165767
280.607433
280.840467
281.047500
281.155067
281.175033
281.329067
281.336533
281.350133
281.459000
281.629367
281.747933
281.755433
281.855967
282.002800
282.064000
282.153200
282.181700
282.234467
282.336667
282.596333
282.600067
282.659200
282.716933
282.857600
282.909167
282.940400
282.961033
283.036567
283.145333
283.189867
283.357033
283.604967
283.618167
283.817767
284.285400
284.325167
284.410967
285.676833
285.816433
286.609867
286.658967
286.898800
286.921933
286.986333
287.358367
287.383033
287.878400
288.049567
288.099733
288.136967
288.228233
288.389433
288.481200
288.549433
288.607333
289.581933
289.634600
289.695400
289.943300
290.249133
290.392967
290.666500
290.672400
290.775000
290.912667
290.930333
291.005567
291.035200
291.143000
291.197400
291.292333
291.550367
291.745467
292.575900
292.619567
292.772000
292.850167
293.118633
293.995467
294.015667
294.616667
294.747867
294.936767
294.980800
295.001867
295.124967
295.185533
295.540733
295.664733
295.737467
295.926067
295.984767
296.168067
296.364733
296.767533
296.800333
296.952800
297.257800
297.690967
297.708300
299.322133
302.004033
302.273067
302.396233
302.536900
302.578667
303.010333
303.084967
303.696200
303.993433
304.045500
305.254033
305.311733
305.380967
305.392367
305.475533
305.538467
305.710000
305.773333
306.163767
306.168433
306.198467
306.298767
306.707900
306.748833
306.996833
307.043167
307.213633
307.793167
307.977400
308.101767
308.719600
309.578933
310.580167
311.032233
311.209233
311.479967
311.923700
312.117533
312.459967
313.131067
313.367300
313.571767
313.845967
313.936700
314.036667
314.058167
314.068867
314.080900
314.091967
314.127300
314.184233
314.253100
314.669333
315.127033
315.157000
315.208367
315.330200
315.387200
315.619433
316.023433
316.135067
316.684800
316.752933
317.258633
317.913467
318.447867
318.962800
319.033533
319.190467
319.334200
319.374133
319.502767
319.731167
321.102700
321.844567
321.878300
322.064067
322.982800
323.201467
323.320100
323.564033
323.627100
324.244733
324.305400
324.748033
324.772133
324.806800
324.956200
325.346400
325.439633
325.684400
325.871300
326.037500
326.143100
326.299400
326.336033
327.013533
327.165967
327.215167
327.441033
327.511267
327.764700
327.860433
328.370433
328.387833
328.581133
328.880367
329.023767
329.288167
329.670033
329.799667
329.871467
329.999233
330.073000
331.223533
331.443267
331.836700
331.907900
331.927167
331.932433
332.329900
332.414233
332.461100
332.626633
332.644333
332.646533
332.847200
332.897067
333.018100
333.431933
333.693133
333.757633
333.785233
334.017500
334.182700
334.596667
334.633933
334.902600
335.014067
335.038700
335.414867
335.892533
335.976933
336.064733
336.084067
336.131233
336.606867
336.666567
336.771467
337.262900
337.270100
337.658967
338.165300
338.231900
338.388567
338.488633
338.491733
338.503333
338.506767
338.573600
338.631067
338.744800
338.809267
339.115067
339.143467
339.223900
339.519400
340.544100
340.989667
341.278233
341.642467
341.720100
342.021500
342.505000
343.054433
343.176300
343.226233
343.465633
344.693900
344.707733
345.069200
345.200467
345.263267
345.285300
345.336233
345.382967
345.835600
345.875700
345.966633
346.041067
346.386800
347.261633
347.423233
347.585567
348.051900
348.877900
348.991267
348.995300
349.095667
349.115200
349.194000
349.379133
349.435133
349.492367
349.540733
349.572000
349.676067
349.882533
349.935100
350.142500
350.312767
350.474100
350.508067
350.617567
350.668600
350.677133
350.781100
350.984567
351.106067
351.200967
351.268033
351.300867
351.525367
351.748933
352.264267
352.343233
352.545633
352.695067
352.781300
353.128700
353.699700
353.930333
353.963000
355.941567
356.420233
356.619967
356.644467
357.281800
357.290867
357.618767
357.769000
358.948200
359.059033
359.145100
359.238600
359.623500
360.713233
361.062700
362.191933
362.829233
363.358200
363.833400
364.346000
365.589200
365.929467
366.641900
367.315733
367.465233
367.800367
367.888367
368.067700
368.076133
368.094767
368.533067
368.606667
368.728500
368.754100
368.951533
368.975567
369.100533
369.525933
369.627600
371.328067
371.665200
371.688533
371.749533
371.777467
371.804200
371.924733
371.963800
372.045000
372.100333
372.212533
372.234833
372.246867
372.250933
372.259867
372.395800
372.459600
372.505033
372.533867
372.619867
372.661200
372.748667
372.792333
372.908800
373.113467
373.151967
373.200833
373.236067
373.259900
373.381467
373.411133
373.431267
373.504333
374.057567
374.157600
374.403333
374.524833
374.759333
374.791833
375.132167
375.521033
375.572233
375.670233
375.814367
376.851633
377.037933
377.092200
377.339333
377.393767
377.434667
377.757133
377.945733
378.161467
378.591700
378.722133
379.028533
379.164567
379.351533
379.698833
380.185000
380.782933
381.037667
381.115200
381.132033
381.295067
381.447567
381.491933
381.628100
381.661133
381.690533
381.699867
381.775067
381.880200
382.200867
382.329533
382.567200
382.579933
382.632467
382.855000
383.045433
383.373033
383.460133
383.592733
384.288967
384.391900
384.706000
385.018800
385.427400
385.805800
385.952433
386.054033
386.056400
386.109567
386.169100
386.359133
386.487300
386.510333
386.587633
387.523167
387.590000
387.729933
387.738333
387.741600
387.778533
387.847833
387.978200
388.593100
389.541333
389.965933
389.997900
390.263533
390.394633
390.427367
390.563200
390.604933
390.809100
390.930733
390.980400
391.098667
391.194500
391.556900
392.045833
392.053500
392.182700
392.289733
392.407467
392.793633
394.394433
394.762933
394.855633
394.988900
395.105767
395.137300
395.339667
395.346633
395.358800
395.362333
395.618733
395.668300
395.747600
395.767167
396.120867
396.254567
396.290333
396.308167
396.597300
396.706667
399.487900
399.513267
399.560267
399.660100
399.873167
399.928067
400.083100
400.140767
400.156600
400.416200
400.611200
401.275200
402.009500
402.253867
402.277900
402.328300
404.138400
404.293633
404.369167
404.607267
404.861533
404.952567
405.105433
405.243867
405.321833
405.452533
405.555067
405.649733
405.967833
406.204767
406.252667
406.407033
407.022800
407.616400
407.798467
408.165067
408.640967
409.064400
409.197467
409.371567
409.525267
409.582200
409.601033
409.675100
409.914500
410.023333
410.139867
410.236933
410.250267
410.262233
410.319533
410.499500
410.777000
410.782433
410.802700
411.177933
411.259133
411.432033
411.479200
411.531400
411.632933
411.677467
412.081233
412.129067
412.171733
412.345433
412.618400
412.771967
413.150000
413.205700
413.367967
413.482700
414.071500
414.075467
414.327967
414.453633
415.649633
415.716933
415.726533
415.796833
415.801833
415.929667
416.069667
416.116600
416.376933
416.474367
416.490833
416.724167
417.097567
417.629633
418.691567
419.608133
419.726900
420.227567
420.382533
420.674200
420.923467
421.041333
421.662533
422.007767
422.336933
422.677700
423.546467
423.657600
423.676367
423.818433
423.856633
423.934533
423.986167
424.007367
424.013633
424.219433
424.269600
424.319200
424.426800
424.435300
424.499200
424.774567
425.468833
425.592700
425.648633
425.679700
425.799100
425.822067
425.856000
425.909567
426.329333
426.583633
426.645567
426.753667
426.828267
426.885300
426.939200
427.068500
427.118567
427.226267
427.469867
427.595000
427.787600
428.092833
428.140533
428.214167
428.220067
428.253867
428.295867
428.333967
428.351967
428.381633
428.497000
428.793133
428.799433
428.836767
428.887000
429.100933
429.110433
429.120833
429.138100
429.150167
429.217600
429.307233
430.216300
430.499767
430.540900
430.665433
430.723233
430.810400
431.042867
431.120933
431.787800
431.941167
432.504367
432.610667
432.932367
432.949167
432.956433
433.277733
434.031767
434.354033
434.739433
434.919300
434.961467
435.508100
435.541633
435.547967
435.579900
435.786900
435.895733
436.835167
437.372900
437.735900
437.787033
437.817300
438.388700
439.868667
440.020400
440.087500
440.197500
440.338800
440.600233
440.846000
440.871200
440.905967
440.985167
441.016133
441.057300
441.092700
441.152767
441.283567
441.442833
441.610800
441.713100
441.788367
441.821333
441.849667
441.864800
441.937967
441.950367
442.054667
442.154900
442.346567
442.348700
442.800400
442.837267
443.253767
443.381367
443.749500
444.018200
444.109833
444.201033
444.322867
444.734633
444.736533
444.861233
444.990233
445.187667
445.722567
445.802467
445.868533
446.128800
446.270200
446.272233
448.156933
448.183600
448.355633
448.670467
449.801400
449.832867
449.845667
449.956467
449.988267
450.089000
450.347633
450.742100
451.142567
451.362000
451.451067
451.457200
451.519400
451.604767
451.794600
451.813133
451.980900
452.288367
452.357900
452.405400
452.717733
452.757433
453.046833
453.053900
453.112600
453.119767
453.297967
453.445900
453.865167
454.222767
454.231933
454.343600
454.551300
455.267267
455.532533
456.087800
456.167533
456.257000
456.869733
457.150967
457.591867
457.854633
458.543167
458.670833
458.717800
458.805667
458.994600
459.039533
459.103400
459.106300
459.416767
459.468500
459.630033
459.759733
459.998633
460.026233
460.071933
460.089600
460.265133
460.326400
460.393667
460.662267
460.838400
460.995667
461.242000
461.272567
461.316933
462.341833
462.454167
462.641767
462.803100
462.809200
462.900733
463.189800
463.279867
463.367967
463.386733
463.471000
463.500167
463.577533
463.905333
464.075800
464.244967
464.247733
464.291100
464.411900
464.573967
464.671033
464.757933
464.982867
465.024600
465.913867
465.922600
466.110367
466.147933
466.320767
466.412000
466.491767
466.562333
466.617233
466.751867
467.185567
467.287500
467.670767
467.672867
467.957000
467.960567
468.103600
468.853567
469.072000
469.393400
469.761633
469.849967
471.072100
471.285800
471.300600
471.404767
471.411933
471.484433
471.786267
471.817233
471.867633
472.106733
472.168600
472.483300
472.640833
473.152067
473.237700
473.257400
473.499367
473.632400
473.759500
474.475100
474.477067
474.589167
474.818000
475.551167
475.694833
475.805367
475.808500
475.812867
475.874667
475.906533
475.944167
476.179333
476.879433
477.178033
477.273733
477.361133
477.525300
477.540467
477.960733
478.034467
478.098433
478.320933
478.580033
478.967067
479.097967
479.139833
479.148433
479.555467
479.651300
480.139900
480.161100
480.327733
480.444067
480.454000
480.688300
480.739033
480.760233
481.044800
481.117467
481.400433
481.444733
481.547800
481.650300
481.940333
482.024133
482.033400
482.326033
482.398867
482.506433
482.709933
482.954067
483.153567
483.168733
483.420233
483.599733
483.893500
484.147600
484.384200
484.716800
484.732533
484.800733
485.160433
486.223500
486.289833
486.448567
486.462067
486.602933
486.626167
486.797867
486.915200
487.020433
487.092633
487.209833
488.441767
488.530667
488.570467
488.667000
488.689833
488.736033
488.979967
489.071600
489.150500
489.192900
489.223867
489.383667
489.591500
490.128133
490.288167
490.696633
490.768800
490.945467
491.067533
491.562733
492.456467
492.958867
492.986300
493.018167
493.119700
493.154300
493.166867
493.292633
493.323667
493.452033
493.544967
493.631633
493.675300
493.886533
493.969800
494.146367
494.223567
494.422667
494.817867
494.965233
494.995867
495.089300
495.192667
495.267367
495.372867
495.554700
495.582367
495.847700
495.918800
495.934000
496.145967
496.165667
496.233500
498.169067
498.229800
498.813567
499.128233
499.237033
499.239033
499.437533
499.474133
499.597400
499.663100
499.699700
499.811800
499.881433
499.897767
499.963467
500.004667
500.022833
500.045700
500.389767
500.510067
500.614900
500.932600
501.113800
501.876367
502.448700
502.511933
502.707500
502.878600
502.943500
503.437833
503.449833
503.581767
503.601600
503.759200
503.789567
503.846000
503.860633
504.027967
504.038467
504.105500
504.208967
504.420300
504.700933
504.747033
504.975667
505.346300
505.692167
505.745933
506.020200
506.165300
507.274467
507.597033
507.648567
507.676633
507.888733
507.956767
508.298233
508.760367
508.850767
508.928833
508.940067
508.971667
508.983533
509.046367
509.147600
509.678200
509.697700
510.041667
510.069067
510.118167
510.172333
510.404533
510.469333
510.514133
510.678533
511.082400
511.617000
511.666600
511.958467
512.685633
512.845667
512.870767
513.203600
513.309900
513.418300
513.437200
513.441700
513.501267
513.557067
514.045733
514.074100
514.095900
514.326100
514.604067
514.686367
514.782100
515.083933
515.120667
515.299167
515.428600
515.537933
515.939000
516.398000
516.478800
517.072100
517.160200
517.579700
518.285233
519.001067
519.211233
519.215433
519.733300
519.841000
520.190033
520.199967
520.993800
521.065967
521.101833
521.169600
521.772433
522.358233
522.721100
523.325467
523.384967
523.504967
523.598667
523.887200
523.948800
523.979033
524.134733
524.227600
524.248067
524.270100
524.465133
524.733300
524.805433
524.912833
525.010700
525.045267
525.276200
525.336967
525.452967
525.474267
525.697833
525.743067
525.948200
525.968433
525.994400
526.105033
526.156467
526.330933
526.412600
526.449800
526.546967
527.203867
528.831767
528.889100
529.028833
529.492500
529.688367
529.759267
529.794467
529.807200
529.809967
529.902900
529.922433
529.988367
530.062467
530.280167
530.536633
530.722633
530.755833
531.250200
532.238700
532.529567
533.169000
533.213733
533.219700
533.290000
533.691333
535.197667
535.256167
535.340533
535.576667
535.603833
535.639867
535.705033
535.779767
536.006733
536.094900
537.148300
537.448200
537.609567
537.946067
538.403700
538.674900
538.885667
538.976600
539.033067
539.044667
539.104633
539.183633
539.193333
539.197700
539.234700
539.329000
539.545967
539.575233
539.785033
539.999900
540.188767
540.251367
540.325267
541.416167
541.726133
542.195367
542.503433
542.739867
543.248067
543.475500
543.858200
543.887700
543.943833
543.986800
544.124733
544.163233
544.382433
544.427067
544.460100
544.470500
544.579733
544.927167
545.144967
545.363233
547.549500
548.295233
548.360800
548.416133
548.442600
548.647833
548.694600
548.782833
548.810467
548.903667
548.962267
549.048600
549.170033
549.245600
549.362167
549.367300
549.502333
549.524067
549.834300
549.856333
549.981067
550.076600
550.297967
550.338567
550.361967
550.486100
550.523333
550.953467
552.166700
552.420633
552.447667
552.469500
553.040600
553.071133
553.098267
553.160500
553.244400
553.320600
553.381733
553.518200
553.544267
553.563033
553.645600
553.666833
553.736933
553.764833
553.875267
554.185067
554.347667
554.625867
554.736333
555.322700
555.385000
555.929300
556.567300
557.192167
557.395400
557.415233
557.462233
557.602767
557.678100
557.838700
557.919767
558.433967
558.660267
558.890033
559.162400
559.198600
559.227800
559.505600
559.593800
559.607933
559.633867
560.591067
560.612467
560.918633
560.975900
561.538600
561.543600
561.636300
561.771567
561.891833
561.969833
561.983200
562.053967
562.326367
562.410833
562.606100
563.117400
563.180133
563.356933
563.377833
563.680767
563.765700
563.843067
563.863900
563.914567
564.127467
564.197333
564.470933
564.499800
565.019067
565.146833
565.415533
565.496100
565.568100
565.607133
565.653200
566.143333
566.189533
566.456533
566.604867
566.657333
566.679167
566.743400
566.862033
567.013533
567.292433
567.603167
568.474100
568.501233
568.665967
569.536233
569.645900
569.722667
570.378667
570.456233
570.804600
570.840867
570.886300
570.935933
571.063533
571.251067
571.272700
571.280067
571.302967
571.334300
571.434233
571.536600
571.623933
571.803400
572.125533
572.145700
572.226967
572.485767
572.573433
572.712100
573.118133
573.214900
573.812933
574.188600
575.052433
575.241100
575.249867
575.315000
575.350533
575.413300
575.466100
575.474333
575.502933
575.726133
575.825600
575.948033
576.132533
576.199600
576.235867
576.346333
577.044467
577.077433
577.278967
577.308000
577.953067
579.257700
579.491400
579.866067
580.249233
580.356267
580.369833
580.411733
580.587467
580.612067
580.693500
580.975600
580.998500
581.064800
582.358967
583.493233
583.529867
583.676833
583.679067
583.777267
584.107167
584.221067
585.632900
586.393433
586.526633
586.712700
587.788233
588.426233
588.439500
589.603233
589.983367
590.446600
590.504467
590.619633
591.064767
591.404567
591.724633
592.064100
592.416967
592.561567
594.108733
594.177300
594.195900
594.344667
594.349133
594.614267
594.615833
594.660467
594.746367
594.821367
594.952800
594.986100
595.024667
595.074800
595.081600
595.166867
595.246600
595.267467
595.335933
595.342400
595.474900
595.547600
595.601733
595.784400
595.804067
595.833933
595.847000
595.919500
596.398333
596.561933
596.569333
596.883367
596.939933
597.094100
597.124633
597.128233
597.328100
597.604667
597.623100
598.640767
598.648800
598.663867
598.755167
598.841967
598.890633
599.002967
599.010367
599.017100
599.220700
599.369633
599.471100
599.907767
599.927133
600.360167
600.474467
600.560467
601.797867
601.964900
602.131033
602.298933
602.456867
602.584000
602.683567
602.963400
603.163267
603.246467
603.262933
603.383333
603.451033
603.502333
603.667833
603.798400
603.901067
604.605733
604.995933
605.043833
605.045967
605.290567
605.521533
605.552867
605.649900
605.687500
605.735533
605.780167
605.782233
606.018100
606.175333
606.405933
606.462867
606.652300
606.689567
606.709733
606.821000
606.903200
606.993500
607.034967
607.051467
607.396200
607.578067
608.676500
608.759367
609.167633
609.273500
609.379900
609.383367
610.064833
610.724700
610.962167
611.997500
612.068867
612.110167
612.193800
612.443800
612.489833
612.816300
612.860067
612.911433
612.921133
613.160233
613.253733
613.300233
613.351367
613.478333
613.685500
613.714633
613.818300
613.846267
613.956067
614.020233
614.074567
614.334800
614.437467
614.590633
614.840300
614.936633
614.956033
614.987067
615.003667
615.056700
615.195033
615.306200
615.381167
615.567867
615.900133
615.930200
615.975400
616.153667
616.249433
616.381600
617.659100
617.964367
618.447300
618.670933
618.882533
619.124533
619.195767
619.316000
619.382233
619.784167
619.788833
619.856167
620.052600
620.060067
620.089600
620.129867
620.460333
620.629533
620.710867
620.747667
620.804633
620.916267
621.040267
621.113500
621.210500
621.583833
621.774000
621.908300
622.140133
622.172500
622.302500
622.851600
622.970233
623.087700
624.211533
625.275233
626.451400
626.504333
626.570633
626.804467
626.918867
627.038700
627.080967
627.252233
627.286400
627.371033
627.595600
627.636633
628.009600
628.070000
628.073800
628.098233
628.240333
628.245767
628.345233
628.393300
628.611300
628.644533
628.659067
628.728533
628.867167
628.881300
629.093133
629.281433
629.503033
629.513733
629.843867
629.905500
631.374267
632.986667
633.044667
633.214200
633.474867
633.816933
634.533533
634.539033
634.562200
635.761567
635.976633
636.039100
636.824667
637.293600
637.430033
637.678500
637.733133
637.855533
638.006200
638.566933
638.801700
638.828767
639.794733
639.832567
639.990167
640.172133
640.602400
640.662933
640.801367
640.899133
640.938833
641.015433
641.095500
641.108967
641.143567
641.270100
641.429433
641.660500
641.817833
641.969567
642.667967
642.798000
642.930733
643.496300
643.645833
645.125700
645.539500
645.762067
645.788067
645.831900
645.873833
645.904167
645.944667
645.968533
646.005700
646.021767
646.086333
646.108133
646.327367
646.383567
646.425100
646.449633
646.556367
646.644667
646.689467
646.809200
646.857200
647.447933
647.731367
648.410967
648.695467
649.046700
650.523567
650.552667
650.671567
650.761000
650.959100
651.080500
651.156667
651.290467
651.406267
651.449967
651.535067
651.549967
651.773133
652.005500
652.177600
652.220100
652.485833
652.979667
654.198500
654.574933
654.642067
654.787867
654.812533
654.833967
654.838000
655.078900
655.096567
655.215133
655.437567
655.584533
655.627667
655.713167
655.941467
656.222500
656.373033
656.550200
656.619400
656.897133
657.932200
657.957500
658.069400
658.135467
658.147033
658.345367
658.511400
658.536867
658.662800
658.672100
658.762400
658.912800
659.066300
659.071633
659.177000
659.269433
659.302400
659.422033
659.845100
659.910067
660.093533
660.304400
661.567000
661.937233
662.065567
662.122467
662.157900
662.594200
662.621733
662.766100
662.814967
662.830133
662.934367
662.945533
662.964600
662.970433
663.383033
663.494267
663.531567
663.677033
663.815933
663.911900
663.946467
663.981433
664.116333
664.441333
664.471467
664.551233
664.752433
665.070433
665.820800
665.854533
666.220367
666.313233
666.367667
666.893400
666.935200
667.297000
667.501333
667.694600
668.140800
668.171233
668.280567
668.497400
668.614100
668.758333
668.913933
669.004300
669.191167
669.485833
669.698000
670.454700
670.501700
670.566700
670.774367
670.942633
670.962800
671.033500
671.405000
671.578333
671.598267
671.643233
671.678800
671.743067
671.752467
671.807600
671.842567
671.931167
672.234433
672.508767
672.552933
672.596867
673.013933
673.319867
673.360333
673.413600
673.695633
673.729000
673.736200
673.858033
674.284467
674.501667
674.512967
674.627933
674.685200
675.168500
676.619767
676.728633
676.791533
676.988133
677.088467
677.104933
677.123800
677.490000
677.555833
677.789300
678.087700
678.332433
678.469433
678.663700
678.679333
678.748900
679.536267
679.877633
679.943067
680.075967
680.212467
680.556800
680.768200
680.801033
680.828067
680.850167
680.871833
681.660233
681.992600
682.119567
682.490800
682.520533
682.569000
682.941067
683.204200
683.420533
683.520700
683.672867
684.769133
685.256433
685.512300
685.712967
686.115933
686.572333
686.645067
687.245900
687.866800
687.965000
687.967967
688.026200
688.132267
688.436067
688.780367
689.521433
689.669000
689.720900
689.737833
689.957767
690.625933
690.668967
691.265867
692.298667
692.671000
692.751867
692.793633
692.852100
692.889867
692.918333
692.977367
693.013333
693.102367
693.358267
693.395400
693.435267
693.483100
693.574433
693.967133
694.041600
694.116267
694.153100
694.194767
694.355533
694.400100
694.801400
694.978700
694.984333
695.108533
695.130033
695.671167
695.672833
695.749533
695.822500
695.894300
696.052333
696.135667
696.225833
696.283333
697.883667
698.014567
698.351567
698.419667
699.681300
700.253600
700.376167
702.344133
702.753767
702.922200
703.157100
703.323700
703.776533
703.792900
703.860333
704.123933
704.173867
704.298900
704.348500
704.367267
704.373867
704.473033
704.497900
704.537167
704.559567
704.673300
704.861000
704.925700
705.127300
705.158567
705.420533
705.601633
705.998000
706.599567
706.691067
706.721933
706.730100
707.861567
708.428667
708.765833
708.866633
709.034800
709.107667
709.172400
709.225033
709.341567
709.354700
709.361400
709.770900
709.791367
709.916333
710.006267
710.231233
710.240400
710.334933
710.351767
710.714667
710.747900
710.845867
710.902533
710.989367
711.099400
711.276300
711.363867
711.741933
711.761400
711.818167
711.951567
712.089433
712.133833
712.267267
712.353867
712.571633
712.647967
712.723200
712.876033
713.210500
713.337233
713.498933
713.886167
713.988633
715.590700
716.398500
716.590700
717.234467
717.296800
717.882800
718.149100
718.681767
718.834233
719.031933
719.066000
719.391233
719.412067
720.484600
720.952767
723.259900
723.530100
724.145600
724.560367
724.648600
724.974100
725.188767
725.461467
726.272333
726.420267
726.476067
726.553533
726.680800
726.703167
726.871333
726.936800
727.206367
727.229567
728.035467
729.535667
729.621700
729.698033
729.913433
729.978400
730.091833
730.292167
730.345567
730.397933
730.451867
730.541233
730.676500
730.813667
730.819567
730.976033
731.178100
731.220700
732.004700
732.352100
732.937700
733.028367
733.198033
733.357167
733.708900
733.867933
734.028100
734.080033
734.200600
734.325767
734.333000
734.383167
734.408200
734.419533
734.425200
734.592167
734.598467
734.801900
734.835233
735.029567
735.084400
735.116533
735.537600
735.578633
735.612700
735.759400
735.992333
736.299267
736.368133
736.615067
736.620200
736.744467
737.166733
737.388800
737.601400
737.683533
737.725833
737.764400
737.894933
737.991267
738.073067
738.103967
738.137733
738.299967
738.510500
738.540267
738.679733
738.697967
738.792700
738.967867
738.995600
739.148333
739.177533
739.222367
739.316433
739.387200
739.474667
739.561500
740.160100
740.258767
740.517300
740.839400
740.847900
741.535267
741.747067
741.983667
742.349733
742.537633
742.630033
743.163033
743.185067
743.196600
743.309767
743.526667
743.639667
743.867967
743.921133
744.071700
744.940767
745.032100
745.402267
745.440867
745.589067
745.752800
746.155333
746.169167
746.215933
746.257533
746.306967
746.321933
746.359033
746.435933
746.473333
746.654567
746.664233
746.785067
747.001767
747.141533
747.373767
748.232333
748.451333
748.475900
748.546733
748.649100
748.846567
748.921500
749.361267
750.403967
750.889033
751.031333
751.066000
751.201733
751.338533
751.419833
751.430767
751.569133
751.587900
751.619767
751.666700
751.693533
751.761967
751.795833
751.825867
751.993533
752.471567
752.582800
752.750233
752.811767
752.921633
753.064933
753.121467
753.199700
753.280333
753.317967
753.511900
753.542167
753.800700
753.908033
754.170333
754.918633
755.499733
755.575733
756.091567
756.143867
756.581833
756.966900
756.983867
757.390567
757.584600
757.635067
757.771100
757.939267
757.958067
757.993667
758.418533
758.899433
759.051667
759.101633
759.121800
759.613333
759.796767
760.397167
761.226567
761.624800
761.697733
761.997133
762.048467
762.254167
762.283967
762.308633
762.351600
762.595333
762.633400
762.824133
762.971000
763.461533
764.928100
764.944200
765.834800
766.102167
767.395367
767.417533
767.628333
768.054100
768.144833
768.285533
768.365033
768.386267
768.497533
768.507433
768.744700
768.896967
768.963467
769.138367
769.225600
769.285167
769.632933
769.881500
769.906500
769.931167
769.989067
770.184800
770.635833
770.748300
771.477467
771.855467
771.938967
771.979033
772.009367
772.022800
772.117167
772.134900
772.291333
772.330867
772.348200
772.404967
772.479867
772.532533
772.556867
772.617500
772.635333
772.663100
772.681467
772.711967
772.874367
773.106533
773.272400
773.341433
773.437333
774.174867
774.506900
774.719633
774.877033
776.753267
777.619533
777.812267
777.970767
779.078433
779.138167
779.161833
779.199333
779.267667
779.446800
779.503300
779.556067
779.625700
779.632667
779.700733
780.066833
780.410800
780.422000
780.433267
781.207300
781.342600
781.526133
781.671433
782.125667
783.110867
784.480967
784.982033
785.159567
785.243500
785.659533
786.293000
787.235300
787.488700
788.136133
788.628167
788.665833
788.713733
789.755367
789.781367
789.944733
790.377500
790.426667
791.266733
791.847933
791.877800
791.889533
792.126133
792.313700
792.366667
792.447400
792.514367
792.562633
792.624900
792.640667
792.664200
792.680267
792.722667
793.400933
793.572367
793.824767
793.980600
794.160933
794.793733
794.829933
794.870167
795.083300
795.227167
795.247233
795.369367
795.412433
795.426967
795.458600
795.572333
795.744000
795.810500
795.849833
796.100867
796.284967
796.332100
796.469167
796.748800
797.081467
797.121967
797.134233
797.356500
797.597067
797.700500
797.746967
797.911933
797.935967
798.030767
798.062167
798.169500
798.338200
798.441000
798.512167
798.515900
798.522333
799.609733
799.635500
799.650567
800.179800
800.609500
800.948967
801.188100
801.752300
801.958000
802.309700
803.155467
803.359267
803.388133
803.625267
803.851767
804.193033
804.235433
804.311267
804.342500
804.440233
804.611133
804.621833
804.632200
804.774267
804.830567
804.854667
804.914567
805.259767
805.585067
805.942067
806.047100
806.132600
806.275233
806.684600
807.262100
808.263333
808.457867
808.561367
808.749500
808.880767
809.355133
809.370600
809.526600
809.633133
809.680200
809.859933
809.884800
809.916000
809.923167
809.933200
810.039600
810.113833
810.149367
810.203733
810.356700
810.417400
810.465333
810.481700
810.691967
810.804500
810.850733
810.929000
811.111667
811.167833
811.232833
811.612267
811.824233
812.088433
812.445600
812.536867
812.564867
812.774267
813.057500
813.474367
813.542233
813.941967
814.057700
814.356767
814.538467
814.774133
815.073800
815.084333
815.102167
815.178633
815.271100
815.294567
815.462267
815.503633
815.535967
815.659267
815.786700
815.926733
815.984800
817.189767
817.208667
818.302967
818.967567
819.285700
820.225067
820.281833
820.285100
820.327100
820.389567
820.414367
820.461000
820.628967
820.667733
820.715067
820.751600
820.826067
820.896933
821.042667
821.100567
821.123333
821.144033
821.526100
821.548233
821.643933
821.863333
822.126267
822.931067
823.238233
824.392367
824.410267
824.482967
824.512500
824.714067
824.808167
824.891467
824.924133
824.942167
824.970567
825.258833
825.393500
825.579100
825.912967
825.992967
826.083533
826.255933
826.379467
826.461033
826.633933
827.815933
828.008167
828.513067
828.686700
828.817733
829.020867
829.032100
829.053400
829.250433
829.582500
829.613600
829.699867
829.736467
829.765033
829.773500
829.836133
829.853333
830.000967
830.056700
831.162133
831.742000
831.751500
831.826033
831.934167
832.265933
832.532233
832.808767
832.829900
832.875833
833.250533
833.263033
833.370800
833.426667
833.475000
834.034033
834.291600
834.960267
836.244700
836.660633
836.823000
837.341267
837.351067
837.428233
837.548800
837.566367
837.638033
837.865300
837.876333
837.997033
838.479133
838.581633
838.660800
839.966600
841.734100
841.935700
842.594467
842.697467
842.781867
843.877167
843.964867
844.021000
845.424200
845.485733
845.492300
845.545167
845.611100
845.726800
845.806400
845.818167
845.917667
845.949900
845.994067
846.008133
846.029533
846.125500
846.201433
847.815933
847.985967
848.201767
848.359300
848.952167
849.196433
849.803667
849.987133
850.081100
850.368700
850.671233
850.786233
850.856667
850.907733
850.935300
850.971667
851.082667
851.121400
851.155433
851.207933
851.236767
851.457300
851.713900
851.736000
851.779433
851.907467
851.974400
852.028900
852.323300
852.636367
853.913233
853.923100
853.951867
854.384833
854.419200
854.429733
854.567300
854.863133
854.887333
855.011267
855.016800
855.161367
855.277067
855.515100
855.544800
855.572667
855.672967
855.814800
855.843667
856.069600
856.173267
856.318367
856.488967
856.624333
856.685367
856.945633
857.222100
857.353767
857.394467
857.629000
857.873400
857.906767
857.984333
858.369667
858.444767
858.966100
863.553600
863.983733
864.095733
864.639267
864.678867
864.701000
864.926567
864.986300
865.149800
865.376467
865.753067
865.760167
865.907133
865.940300
866.067133
866.241033
867.273267
867.581933
867.747867
867.781367
867.879300
867.957700
868.007733
868.140767
868.185733
868.259300
868.314067
868.347067
868.456533
868.954933
869.051700
869.829433
870.113733
870.136433
870.274733
870.369567
870.777700
870.792067
871.546567
871.582833
872.086000
873.123900
873.381167
873.837300
874.016700
874.039900
874.059167
874.134700
874.171267
874.313833
874.354667
874.401133
874.457100
874.505467
874.540700
874.543633
874.631500
875.131000
875.162900
875.275200
875.445600
875.702367
876.892667
877.797467
878.071800
878.625200
878.966100
879.193433
879.256200
879.456367
880.106100
880.598900
880.793633
880.801167
881.079467
881.188200
881.226400
881.233733
881.295167
881.394300
882.093033
882.445767
882.453233
882.550133
882.611900
882.630967
882.658600
882.797133
882.823200
882.862333
882.887200
883.015633
883.021433
883.035667
883.520767
884.337700
885.169033
885.213033
885.641067
886.607833
886.701800
886.765333
887.295367
887.380067
887.746733
888.467833
888.777200
889.192267
889.235800
889.408333
889.452700
889.857300
890.068267
890.826733
891.060867
891.243800
891.390167
891.429933
891.518900
891.583933
891.630767
891.786300
891.790367
891.954467
892.099100
892.111567
892.139333
892.270967
892.287000
892.329867
892.425967
892.519800
892.596433
892.613167
892.736100
892.914967
893.008000
893.368567
893.370333
893.401700
893.455267
895.283867
895.413733
895.430833
895.493167
895.832233
895.863967
895.999867
896.066867
896.161600
896.188467
896.325500
896.363267
896.458400
896.675900
896.726367
896.740733
896.922867
896.971800
897.017900
897.095067
897.152900
897.177500
897.260567
897.287033
897.292633
897.377833
897.544800
897.812733
898.390400
898.444833
898.481700
898.595100
898.655500
898.667400
898.823233
899.150867
899.705767
901.211600
902.256533
902.326000
902.383267
902.431033
902.458167
903.499400
904.463200
904.594400
904.610933
904.645833
904.721933
905.438933
905.464000
905.671767
906.663433
906.686167
906.842467
906.895133
907.065200
907.457267
907.527100
908.116100
908.706600
908.933600
909.944500
910.011067
910.354467
910.369133
910.988567
911.502967
913.426800
914.818767
915.885167
915.886833
915.919267
916.094333
916.103567
916.371500
916.588667
916.651200
916.798933
916.837867
916.953467
917.109167
917.174433
917.422567
917.872767
917.990867
918.320067
918.854100
918.908833
918.938333
918.982167
919.019567
919.093633
919.489200
919.751400
919.822600
919.958567
920.002400
920.020933
920.096533
920.231933
920.419733
920.439233
920.569600
920.852600
920.898733
921.272833
921.501533
921.913700
922.389267
922.549933
922.571867
923.812833
924.074900
924.086100
924.269533
924.344767
924.348067
924.480133
924.583867
924.638667
924.677567
924.722133
924.743333
924.976433
925.055167
925.080400
925.122833
925.175533
925.499667
925.833767
925.948567
925.971633
926.180533
926.202400
926.449133
926.563133
926.758767
927.948533
928.060233
928.165700
928.401667
928.434333
928.494167
928.557200
928.636433
928.771800
928.794767
928.914533
928.977367
929.082400
929.088833
929.140033
929.238233
929.409133
929.503200
929.545067
929.609933
929.647233
929.669900
929.688767
929.836133
930.228500
930.251533
930.294433
930.343667
931.043000
931.328833
931.424667
931.480333
932.055367
932.280300
932.414633
932.459933
932.686900
932.799200
933.006300
933.105967
933.141833
933.386933
934.160300
934.604567
935.116833
936.333567
936.536867
936.615767
936.637933
936.663533
936.740967
936.954067
936.970833
937.014700
937.518700
937.588867
937.724300
938.297700
938.306067
938.337033
938.541300
938.598633
938.647567
938.720800
938.955067
939.284267
939.971833
940.917567
941.116133
941.282233
941.348367
942.271867
942.718867
942.823733
942.933233
943.540833
943.700133
943.793267
943.799967
944.053367
944.126633
944.130600
944.694367
944.771167
944.920100
944.957833
945.024533
945.218600
945.449567
945.613533
945.642833
946.195300
946.445667
948.200200
948.248467
948.661633
948.894167
948.918300
949.048033
949.402200
949.439733
949.684767
949.790033
949.885767
949.982967
950.014233
950.311467
950.481800
950.789700
951.245733
952.064833
952.187767
952.374233
952.996167
953.113033
953.269867
953.789567
953.860567
953.885633
954.141167
954.147700
954.304367
954.306967
954.536300
954.657433
954.739733
955.061467
956.313233
956.559000
956.928733
957.198067
957.833933
957.941800
957.961333
958.012233
958.114100
958.169300
958.177867
958.325000
958.390733
958.488300
958.809933
958.843200
959.165567
959.240600
959.332633
959.543100
960.059367
960.273900
961.108833
961.424867
961.507267
961.823967
961.985967
962.740200
962.760167
962.813667
962.898400
963.542633
963.612700
963.696600
964.978033
965.652633
965.958533
966.109667
966.712433
966.794133
967.229900
967.376500
967.748367
968.047900
968.946467
970.324167
970.397167
971.240567
971.456833
971.500300
972.075267
972.187033
972.248933
972.524100
973.656100
974.417433
974.469767
975.842567
975.968300
975.981900
976.010367
976.065333
976.148100
976.230500
976.245033
976.705367
976.915200
976.980267
977.195967
977.234633
978.994767
979.035867
979.260133
979.587200
979.596300
979.639667
979.650900
979.686200
979.721433
979.915000
979.956133
980.127100
980.247033
980.259067
980.430967
981.205333
981.464433
981.893067
981.948667
981.999433
982.965667
983.183467
983.406100
983.981367
984.081800
984.270633
984.421933
984.638067
984.666100
985.378067
985.824867
985.912133
986.669067
987.164800
987.472533
987.625000
987.743733
987.983433
988.077933
988.139100
988.169600
988.292867
988.301467
988.328900
988.349067
988.403467
988.418233
988.447633
988.665233
988.708033
988.820167
988.894367
989.020900
989.770733
989.801833
990.614400
991.494167
992.010200
992.240667
992.292167
992.620800
992.663500
993.157367
993.244300
994.074000
994.674933
994.877133
995.078000
995.161133
995.175200
995.510300
995.523767
995.567100
995.654700
995.751533
995.799133
995.920233
996.069367
996.152700
996.387567
996.495133
996.532700
996.571667
996.573333
996.629967
996.661300
996.909433
996.956200
997.734200
997.848567
997.975733
998.019033
998.316400
998.582533
998.983067
999.074033
999.203700
999.276700
999.293067
999.310433
999.428933
999.440367
999.693667
999.757767
1000.011500
1000.043367
1000.193033
1000.366033
1000.471367
1000.797033
1000.853867
1000.895733
1000.932667
1001.060233
1001.220233
1001.471567
1001.876433
1002.393100
1002.636467
1002.669767
1002.779167
1003.160500
1003.180733
1003.307033
1003.605567
1003.614800
1003.648500
1003.658267
1003.988600
1004.429667
1004.534200
1004.590867
1004.608067
1004.725133
1004.879967
1004.881600
1004.907933
1005.071967
1005.164900
1005.197567
1005.313067
1005.355600
1005.543733
1005.622667
1005.732867
1005.820800
1005.857767
1006.026800
1006.151067
1006.170633
1006.219433
1006.380100
1006.587467
1006.597000
1006.662933
1006.687600
1006.712667
1006.910867
1006.982100
1007.020300
1007.074767
1007.145333
1007.342433
1007.402367
1007.421133
1007.525000
1007.826233
1007.888733
1007.922233
1008.146367
1008.530400
1008.704000
1008.937100
1008.976367
1009.233833
1009.550200
1010.136733
1010.660767
1010.732867
1010.868500
1011.264333
1011.581533
1011.789300
1012.180467
1012.585500
1012.609000
1012.747033
1012.925933
1013.067833
1013.076900
1013.189000
1014.748433
1015.048767
1015.140867
1015.230300
1015.447867
1015.674167
1015.775567
1015.962567
1015.998433
1016.026867
1016.086133
1016.116900
1016.301667
1016.330467
1016.357833
1016.379600
1016.410500
1016.908167
1017.247800
1017.362700
1017.558300
1017.631700
1017.852200
1018.619133
1019.935300
1019.956867
1020.206333
1020.249467
1020.308833
1020.342067
1020.571500
1020.578800
1020.635333
1020.668133
1020.773833
1020.802933
1020.854567
1020.878100
1020.916467
1021.173100
1021.413167
1021.520333
1021.777400
1021.781833
1021.917100
1022.539100
1022.541500
1022.839000
1022.950867
1023.263767
1023.392567
1023.688667
1024.539400
1024.726133
1025.049267
1025.250500
1027.138900
1027.248633
1027.436000
1027.710867
1027.840033
1027.986900
1028.060633
1028.407767
1030.435100
1031.355167
1031.467833
1032.056100
1033.753400
1035.064167
1036.782367
1036.868633
1037.422733
1037.559333
1037.581667
1037.620367
1037.656033
1037.729400
1037.837533
1037.909267
1038.048200
1038.154767
1038.178000
1038.506433
1038.580267
1038.679967
1038.920567
1038.998233
1039.304000
1039.522300
1039.551000
1039.580233
1039.617067
1039.631633
1039.655733
1039.741533
1039.781033
1039.812633
1039.942000
1039.970467
1039.974033
1040.008667
1040.048400
1040.436833
1040.710000
1040.962900
1041.478167
1041.845900
1041.924600
1042.077267
1042.196967
1042.418767
1042.494333
1042.518267
1042.805000
1043.255900
1043.578400
1043.626133
1043.662800
1043.670000
1043.812267
1043.864067
1043.945100
1044.006400
1044.143633
1044.408233
1044.880400
1046.184067
1046.587767
1047.180167
1047.664500
1047.894533
1048.123133
1048.228000
1048.303667
1048.351667
1048.361233
1048.481800
1048.799700
1048.881233
1048.915533
1049.009667
1049.057667
1049.103033
1049.129533
1049.211500
1049.313100
1049.355067
1049.369300
1050.051867
1050.084067
1050.286833
1050.385100
1050.493533
1050.764967
1051.272400
1051.498500
1051.549067
1052.366400
1052.481700
1052.664367
1052.731633
1052.795800
1053.088367
1053.104333
1053.112733
1053.166867
1053.329533
1053.342333
1054.028967
1054.202933
1054.591167
1054.687467
1054.689633
1055.029533
1055.070767
1055.679567
1055.683633
1055.891500
1056.019267
1056.070200
1056.159633
1056.323933
1056.551333
1056.663700
1056.716600
1056.837500
1056.886367
1057.115067
1057.152500
1057.237967
1057.246900
1057.358733
1057.767667
1058.079567
1058.468467
1058.483267
1058.563367
1058.727533
1059.133867
1060.131533
1060.555700
1060.775167
1060.926700
1061.275533
1061.364700
1061.367367
1061.558233
1061.958633
1061.977367
1062.082567
1062.258500
1062.469100
1062.508033
1062.576733
1062.972800
1062.978700
1063.124300
1063.972033
1064.797267
1065.391933
1065.672833
1066.178200
1066.350333
1066.627233
1067.035300
1067.056333
1067.105933
1067.122433
1067.164533
1067.273900
1067.409167
1067.422633
1067.510933
1067.596100
1067.879567
1067.908633
1067.991967
1068.099500
1068.195967
1068.242867
1068.262433
1068.412967
1068.434667
1068.495133
1068.521567
1068.695500
1068.743000
1068.931867
1069.309533
1069.374367
1069.401167
1069.535333
1069.587167
1069.666800
1069.672700
1069.696833
1069.811433
1069.838867
1070.536000
1070.689600
1071.266967
1071.919100
1071.965733
1073.274067
1073.506300
1073.659000
1073.661400
1073.711800
1073.722233
1073.848367
1073.857067
1073.909767
1074.005600
1074.076767
1074.084533
1074.899767
1075.764400
1075.856667
1075.891100
1075.905533
1076.289333
1076.359167
1076.477367
1076.498033
1076.616367
1076.664300
1076.746967
1076.954300
1076.992667
1077.017600
1077.066600
1077.134067
1077.169067
1077.181867
1077.216067
1077.316900
1077.335467
1077.370700
1077.460067
1077.487833
1077.520367
1077.746667
1077.795700
1078.146200
1078.192567
1078.407300
1078.662467
1079.236933
1079.453233
1079.479300
1079.702767
1080.230833
1080.503267
1082.030400
1082.032100
1082.689600
1082.696167
1082.698267
1082.791300
1082.889300
1082.969900
1083.016300
1083.051367
1083.103700
1083.186733
1083.526467
1084.495967
1086.102200
1086.520367
1086.562767
1086.884367
1086.992900
1087.065700
1087.174700
1087.333600
1087.854100
1087.880333
1088.901133
1089.814033
1089.874133
1090.046967
1090.162500
1090.204467
1090.756367
1090.802767
1090.971600
1090.997967
1091.259500
1091.523733
1091.830467
1092.142367
1092.302067
1092.328600
1092.619300
1092.745367
1092.902633
1092.946067
1093.076233
1093.184633
1093.228367
1093.260800
1093.527233
1093.883700
1094.357000
1094.817800
1094.825400
1094.856567
1095.748567
1095.817467
1095.854500
1095.863600
1095.925800
1096.029300
1096.115467
1096.157333
1096.177300
1096.212300
1096.232567
1096.312833
1096.366633
1096.527500
1096.926400
1096.966767
1097.090733
1097.935433
1098.326000
1099.406067
1099.487700
1099.646800
1099.721467
1099.819433
1099.889067
1099.936867
1099.952967
1099.968500
1100.009700
1100.088567
1100.163033
1100.211233
1100.240067
1100.311300
1100.378667
1100.421033
1100.723333
1100.887300
1100.914300
1100.960367
1100.987833
1101.077800
1101.208600
1101.223433
1101.420167
1101.572633
1101.656167
1101.724433
1102.118167
1102.555167
1103.250533
1103.765333
1104.189433
1104.230000
1104.555667
1104.587200
1104.605200
1104.639067
1104.734867
1104.786400
1104.793333
1104.807133
1104.809533
1104.825700
1104.847433
1104.868200
1104.947267
1105.042400
1105.121600
1105.124033
1105.199533
1105.298400
1105.475600
1105.839333
1105.924433
1106.049233
1106.109833
1106.183567
1106.237300
1106.265233
1106.296433
1106.333433
1106.487967
1106.713367
1106.730733
1106.759267
1106.850100
1106.898167
1106.944100
1107.252933
1107.281200
1107.372233
1107.637367
1107.762933
1107.806467
1107.850933
1107.918200
1107.961033
1108.049533
1108.294833
1108.536567
1109.102633
1109.366767
1109.455567
1109.457833
1109.632500
1109.882033
1110.040667
1111.199467
1111.272767
1111.376300
1111.519200
1111.557500
1111.668433
1111.671033
1111.728800
1111.752200
1111.777333
1111.822333
1111.912667
1111.937833
1112.435100
1112.544733
1112.660700
1112.767700
1112.949333
1113.317200
1113.392033
1113.494533
1114.056600
1114.187233
1115.346533
1115.348400
1115.407133
1115.455100
1115.516233
1115.572300
1115.698967
1115.857067
1115.976167
1116.150167
1116.193000
1116.243100
1116.418067
1116.446800
1116.492767
1116.541300
1116.582100
1116.585433
1116.832700
1116.921100
1116.981400
1117.200600
1117.225133
1117.334800
1117.404167
1117.748033
1118.151600
1118.232033
1118.903167
1119.003600
1119.021933
1119.187967
1119.514300
1119.534633
1119.541167
1119.585300
1119.694500
1119.708133
1120.246233
1120.333133
1120.353433
1120.415533
1120.525933
1120.559933
1120.575267
1120.715200
1121.555500
1122.176700
1123.815000
1123.920167
1124.158433
1124.205200
1124.440833
1124.533100
1125.035600
1125.133833
1125.631267
1125.849167
1126.246567
1126.352467
1126.651967
1126.712033
1126.937033
1126.947033
1126.972933
1127.374267
1127.575333
1127.715767
1127.783900
1128.005433
1128.051333
1128.053433
1128.365267
1128.368733
1129.146767
1129.249967
1129.542533
1129.585067
1129.609800
1129.974900
1130.021233
1130.484567
1130.769933
1130.904200
1131.114800
1131.199500
1131.210067
1131.224933
1131.294533
1131.316400
1131.339967
1131.382733
1131.435967
1131.503433
1131.559100
1131.699167
1131.704967
1131.724233
1131.812400
1131.855033
1131.967867
1132.172900
1132.613900
1133.013833
1133.099367
1133.293033
1134.420867
1134.758900
1135.005433
1135.212200
1135.229333
1135.235200
1135.350800
1135.399100
1135.577033
1136.206100
1136.323367
1136.808967
1137.114567
1137.623500
1138.617867
1139.242367
1139.306167
1139.461900
1139.473567
1139.641067
1139.666733
1139.737400
1139.787700
1140.004133
1140.049867
1140.114933
1140.189167
1140.299067
1140.410533
1140.471733
1140.618567
1140.702533
1140.844367
1140.866400
1142.044400
1142.166333
1142.357433
1142.867600
1144.061333
1144.206267
1144.307433
1144.371533
1144.894467
1145.154567
1145.184633
1145.311533
1145.468500
1145.499200
1145.540267
1145.543033
1145.638033
1145.679367
1145.779567
1145.790800
1146.005533
1146.093067
1146.261900
1146.324367
1146.394200
1146.497333
1146.545267
1146.606600
1147.203933
1147.814200
1147.829133
1148.440800
1148.959600
1148.975733
1149.139833
1149.346467
1149.371033
1149.416333
1149.480800
1149.568200
1149.577600
1149.885200
1150.009633
1150.252567
1150.297133
1150.345233
1150.435967
1150.564933
1150.753033
1150.789533
1150.829667
1150.959100
1151.159200
1151.225167
1151.315733
1151.723000
1151.769000
1151.805933
1152.208133
1152.650900
1152.961700
1153.196100
1153.655367
1155.173967
1155.245633
1155.568567
1155.669367
1155.689567
1155.730000
1155.839300
1155.862033
1155.868367
1155.908933
1155.941833
1155.985367
1156.115267
1156.380067
1156.424367
1156.442167
1156.483267
1156.869767
1156.991800
1157.003600
1157.068933
1157.526167
1157.589500
1157.892067
1158.089333
1158.617767
1158.706900
1158.722133
1158.758767
1158.935333
1159.199467
1159.504433
1159.570733
1159.640267
1159.683067
1159.696400
1159.738833
1160.001733
1160.161200
1160.240700
1160.282500
1160.882633
1161.368867
1161.863900
1162.641067
1163.077167
1163.150200
1163.356200
1163.553700
1163.742633
1164.045567
1164.093200
1164.350333
1164.383033
1164.427933
1164.544633
1164.607800
1164.677833
1164.706167
1164.732367
1164.789633
1164.909600
1164.961933
1165.076400
1165.346700
1165.816500
1165.905867
1166.048467
1166.102733
1166.313033
1167.609733
1167.844800
1168.018333
1168.070533
1168.201267
1168.795267
1170.019600
1170.397900
1170.510700
1170.547967
1170.656033
1170.730400
1170.766433
1170.828967
1170.887900
1171.099200
1171.136000
1171.191000
1171.203933
1171.235633
1171.374700
1171.480133
1171.715833
1171.946800
1172.166733
1172.221800
1172.330900
1172.336633
1172.734167
1172.989267
1173.102033
1173.359833
1173.383867
1174.329133
1174.998633
1175.998533
1176.155933
1176.175700
1176.310600
1176.379900
1176.829167
1176.861533
1176.891800
1176.998367
1177.004500
1177.043333
1177.165267
1177.167800
1177.187800
1177.482700
1177.521733
1177.693133
1177.696600
1177.769633
1177.918100
1177.929467
1177.965900
1178.043300
1178.337400
1178.401200
1178.444767
1178.535133
1178.659300
1178.700967
1178.730467
1178.866500
1179.144333
1179.275433
1179.283300
1179.426833
1180.537667
1181.143200
1181.221033
1181.467900
1181.473067
1181.506867
1181.707333
1181.810133
1181.837633
1181.995600
1182.021800
1182.145500
1182.168233
1182.355467
1182.769033
1183.020500
1183.086467
1183.193033
1183.753733
1183.819400
1183.824300
1184.275500
1184.355933
1184.662633
1185.492933
1186.109933
1186.276533
1186.282700
1186.310533
1186.805933
1186.873300
1186.875500
1187.096833
1187.220400
1187.255733
1187.442567
1187.445867
1187.478300
1187.580300
1187.793400
1187.860100
1187.942233
1188.207967
1188.623400
1188.922833
1191.179800
1191.734867
1192.584200
1192.690500
1193.084067
1193.767400
1193.874300
1193.899467
1193.946367
1194.007933
1194.051333
1194.234133
1194.258967
1194.312333
1194.394233
1194.562767
1194.593567
1194.609867
1194.645567
1194.682367
1194.704900
1194.774667
1194.840900
1194.900767
1194.992667
1195.078200
1195.105033
1195.155433
1195.300633
1195.493733
1195.564800
1195.629900
1195.677133
1196.212200
1196.398367
1196.419000
1196.476300
1196.566867
1196.623067
1197.337000
1197.355600
1197.662200
1197.809033
1198.035933
1198.046367
1198.247433
1198.324767
1198.381100
1198.433533
1198.583433
1198.586300
1198.653767
1198.725033
1198.786400
1198.811667
1198.856200
1199.215433
1199.834933
1200.220367
1200.423800
1200.544700
1200.625133
1201.088967
1201.864867
1202.598067
1202.682267
1202.743100
1202.860700
1202.867833
1203.255133
1203.423900
1203.444833
1203.644433
1203.683967
1203.747767
1203.833267
1203.866600
1204.099600
1204.251667
1204.293000
1204.346000
1204.476033
1204.585833
1204.764300
1204.833133
1204.860333
1204.884433
1205.031300
1205.637900
1205.668667
1206.303267
1206.603567
1207.160967
1207.463500
1208.132200
1208.328300
1208.404467
1208.451233
1208.658100
1208.804167
1208.945100
1208.952867
1209.105267
1209.158333
1209.201967
1209.227833
1209.421900
1209.489067
1209.508533
1209.514400
1209.578667
1209.585167
1209.727267
1209.740733
1209.910167
1210.039867
1210.083967
1210.141167
1210.231300
1210.542067
1210.588433
1210.596567
1210.660700
1210.780700
1210.989867
1211.413867
1211.451433
1213.008133
1213.746900
1214.176400
1214.492067
1214.716433
1214.964033
1214.985100
1215.076000
1215.180500
1215.318900
1215.369400
1215.871500
1216.060933
1216.163867
1216.208233
1216.272067
1216.329267
1216.350767
1216.369833
1216.472033
1216.661533
1216.769233
1216.817367
1216.886367
1216.888133
1217.038467
1217.116300
1217.229033
1217.299433
1217.313667
1217.321667
1217.468933
1217.520100
1217.708133
1217.783033
1217.833800
1217.920333
1218.155167
1218.207033
1218.232233
1218.469600
1218.477933
1218.590567
1218.679633
1218.782567
1218.892600
1219.072733
1219.077167
1219.276833
1219.282833
1219.326633
1219.385600
1219.396067
1219.885933
1219.950733
1219.984533
1220.842267
1221.013800
1221.123833
1221.628100
1221.802033
1221.946600
1222.029700
1222.486567
1222.502567
1222.931467
1224.243233
1224.940167
1225.000500
1225.161833
1225.514233
1225.549600
1225.632867
1225.713500
1225.816433
1226.049433
1226.333800
1226.446133
1226.536533
1226.562900
1226.755833
1227.155133
1227.208600
1227.319833
1228.040200
1228.147367
1228.422500
1228.592533
1229.207767
1229.514500
1229.818867
1229.952300
1229.989333
1230.029367
1230.155333
1230.411367
1230.775600
1230.925200
1231.911467
1232.846700
1233.210833
1233.357567
1233.514067
1234.251333
1234.306100
1235.002767
1235.032867
1235.159033
1235.255700
1235.354333
1235.599433
1235.619733
1235.794033
1235.846000
1236.004067
1236.159833
1236.339900
1236.484867
1236.610533
1236.716300
1236.749633
1236.783033
1236.905333
1236.950133
1237.120533
1237.356733
1237.400100
1237.453067
1237.729433
1237.805267
1237.973867
1238.019767
1238.074133
1238.423933
1238.680567
1239.171367
1239.205400
1239.515133
1239.579300
1239.643533
1239.705000
1239.814300
1239.937600
1240.035133
1240.261600
1240.633600
1240.730100
1241.324100
1241.711800
1241.729767
1242.238433
1242.336067
1242.569533
1242.668700
1242.722700
1242.775867
1242.926333
1243.037300
1243.053467
1243.064367
1243.122700
1243.135833
1243.217400
1243.223133
1243.291733
1243.342667
1244.036900
1244.075133
1244.093933
1244.324333
1244.350167
1244.577967
1245.553533
1245.896500
1246.051700
1246.098200
1246.158900
1246.413800
1246.445700
1246.511967
1246.522433
1246.564633
1246.576733
1246.698100
1246.802133
1246.940633
1246.993233
1247.052267
1247.168500
1247.182067
1247.225167
1247.374467
1247.534467
1247.542967
1247.579533
1247.613000
1247.619567
1247.846600
1248.071667
1248.354233
1249.572733
1249.615467
1250.308333
1251.187933
1251.245400
1251.269033
1251.309500
1251.682467
1251.806200
1251.837800
1251.960733
1251.983500
1252.060133
1252.111067
1252.289833
1252.334700
1252.617967
1252.676533
1252.742767
1253.020267
1253.086900
1253.124733
1253.172433
1253.346267
1253.416033
1253.482133
1253.595067
1253.789667
1253.837967
1253.863167
1254.079267
1254.250833
1254.261767
1254.468567
1254.544267
1254.690500
1254.944033
1254.965467
1255.253833
1255.273400
1255.320333
1255.388200
1255.529500
1256.187033
1256.212600
1256.282233
1261.353100
1261.995800
1262.730533
1262.738800
1263.175200
1263.513600
1264.653367
1265.275033
1267.058400
1267.299433
1267.429133
1267.502233
1270.659167
1270.784767
1270.887900
1271.141133
1271.233267
1271.430867
1271.714167
1271.731000
1271.962400
1272.009733
1272.064067
1272.092333
1272.318500
1272.336233
1272.358333
1272.393133
1272.499400
1273.031800
1273.111967
1273.332333
1273.343067
1273.784400
1273.839133
1273.855233
1273.940600
1274.208533
1274.241167
1274.255533
1274.532533
1274.702933
1274.714667
1274.718433
1274.963233
1274.987300
1275.273967
1275.298267
1275.310933
1275.369633
1275.497700
1275.507367
1275.797667
1275.821967
1275.844800
1276.109600
1276.240867
1276.368700
1276.493733
1276.509400
1277.164267
1277.199067
1277.239500
1277.349900
1277.396133
1277.559967
1277.583233
1277.615767
1277.628867
1277.732800
1277.847433
1277.931067
1277.940833
1277.983000
1277.997800
1278.033833
1278.075800
1278.079700
1278.173867
1278.202200
1278.385700
1278.467700
1279.144667
1279.241700
1279.303567
1279.306400
1279.517033
1279.575000
1279.647100
1279.711433
1279.744833
1279.859667
1279.919700
1279.996400
1280.141100
1280.405433
1280.512033
1280.654933
1280.727267
1281.331200
1281.563167
1282.620433
1282.683533
1282.791433
1282.857967
1283.036100
1283.155567
1283.322167
1283.327333
1283.348767
1283.412467
1283.449600
1283.530067
1283.536467
1283.574300
1283.751467
1283.771900
1283.970533
1284.060300
1284.208033
1284.286600
1284.298400
1284.545233
1284.982900
1285.071600
1285.141167
1286.701267
1286.930833
1286.985300
1287.251133
1287.337400
1287.351067
1287.404133
1287.446167
1287.546067
1287.791133
1287.937833
1288.102933
1288.201200
1288.472300
1288.853500
1288.882333
1288.930833
1288.964367
1289.135000
1289.171100
1289.343767
1289.376833
1289.402767
1289.702433
1290.351933
1290.827933
1291.693033
1291.921633
1292.001033
1292.028167
1292.066767
1292.082567
1292.090833
1292.138433
1292.378700
1292.411633
1292.513067
1292.563367
1292.617400
1292.785133
1292.827700
1292.859000
1293.007300
1293.085467
1293.148567
1293.232333
1293.266333
1293.669433
1293.684233
1293.726000
1293.779867
1294.092833
1294.111800
1294.144333
1294.158333
1294.483800
1294.509900
1294.599433
1294.631600
1294.695233
1294.819800
1294.906400
1295.063000
1295.117333
1295.221900
1295.354233
1295.411500
1295.708000
1296.087600
1296.337733
1297.063800
1297.189167
1297.238800
1297.367733
1297.465533
1297.572433
1297.631567
1297.641900
1297.768267
1298.034200
1298.148467
1298.440400
1298.616767
1298.851467
1298.932833
1299.493433
1299.993467
1300.474333
1300.541667
1300.801767
1300.836600
1300.976033
1300.998167
1301.058600
1301.163767
1301.245233
1301.300033
1301.872567
1301.881067
1301.991967
1302.453567
1302.697200
1303.275667
1303.698800
1304.059700
1304.328733
1304.433367
1304.512333
1304.541333
1304.684633
1304.704033
1304.746100
1304.909100
1304.948067
1304.958933
1305.057167
1305.088033
1305.122433
1305.153633
1305.170167
1305.340867
1305.409300
1305.466733
1305.525433
1305.636200
1305.795067
1305.828500
1305.954467
1306.334233
1306.593067
1306.756667
1306.926333
1307.050733
1307.064067
1307.079500
1307.333667
1307.836800
1308.173100
1308.446467
1308.755167
1308.759867
1308.845000
1308.948400
1308.971900
1308.989167
1309.068867
1309.213067
1309.505200
1310.314867
1310.918867
1311.495267
1311.587333
1311.650133
1311.671500
1311.676733
1311.833200
1311.958400
1312.029067
1312.039200
1312.111600
1312.239767
1312.279733
1312.322100
1312.423900
1312.495600
1312.585300
1312.736633
1312.793667
1312.971000
1312.995133
1313.133667
1313.136933
1313.172133
1313.184067
1313.255533
1313.351667
1313.421900
1313.694100
1313.910533
