1.196100
3.775100
6.014167
6.245767
6.262767
6.775800
6.807867
8.443100
9.410767
9.774667
9.820133
9.858900
10.245100
10.369333
10.515000
11.315867
11.352967
11.387100
11.588967
11.608200
11.719867
11.762133
11.959133
12.024000
12.534900
12.561567
12.594567
12.634533
13.059433
13.091033
13.656467
13.693367
13.777633
13.824867
13.830600
13.975800
14.075733
14.290867
16.574533
16.665533
17.005800
17.067867
17.164100
17.171367
17.187367
17.223467
21.979267
23.789033
25.140933
26.756500
27.550800
27.821200
27.905967
27.990333
28.007767
28.059967
28.140200
28.316167
28.707867
28.772000
28.798533
29.122467
29.383700
29.465367
30.660000
30.879233
31.355367
31.583167
31.916467
32.131967
32.202500
32.286167
32.575300
32.656167
32.672967
32.708733
32.906333
33.305233
33.429000
33.934867
33.991100
34.186233
34.773900
35.382633
35.513567
35.618267
35.659200
35.697167
35.717967
35.744433
35.767467
35.927800
35.944100
35.958133
35.967400
36.037300
36.104433
36.713467
36.732500
36.758033
37.682733
38.337600
39.066133
39.339533
39.547900
39.606200
39.625133
39.703533
39.801467
39.852967
39.972267
40.110933
40.162633
40.222233
40.260900
40.680833
40.850367
41.123400
41.170667
42.182400
42.535133
42.752600
42.990900
43.297033
43.301967
43.387400
44.733233
45.456800
45.489367
45.648067
45.686167
45.874833
46.036667
46.058333
46.102633
46.223667
46.612833
46.649533
46.653867
46.676667
46.730833
46.735700
46.811700
46.870367
46.906067
47.005667
47.018933
50.113433
50.286633
50.405567
50.475400
51.789500
51.868000
52.217433
52.303600
53.789267
53.953967
53.968767
54.154733
54.236833
54.248300
54.273367
54.333400
54.392367
54.533067
54.546700
54.635833
54.730867
54.752767
54.803967
54.884933
54.937567
55.019733
55.211900
55.244300
55.552067
55.604233
55.737400
55.743533
55.775200
55.800767
55.822600
55.857467
55.875467
55.942333
55.958233
55.994500
56.070267
56.346333
56.386133
56.468500
56.518167
56.564967
56.701767
56.831000
56.850433
57.007167
57.105433
57.118267
57.123567
57.221000
57.306000
57.363367
57.484900
57.521933
57.559300
57.626633
58.001167
58.027533
58.127967
58.182200
58.188667
58.248300
58.313733
58.354300
58.384433
58.408633
58.517033
58.555133
58.585733
58.836467
58.891000
58.916833
58.997000
59.026600
61.387500
61.469700
61.496633
61.534400
61.572133
63.651567
64.822033
65.275100
65.280667
66.410933
67.281200
67.962500
68.129600
68.142067
68.277433
68.428533
68.553533
68.600400
68.718200
68.754500
68.783800
68.810567
69.686933
69.800133
70.439533
70.786833
71.436300
71.930733
72.421267
74.798367
74.840133
74.990033
75.036767
75.819233
75.882933
75.914267
76.010033
76.076133
76.185400
77.315100
77.374000
77.413600
77.431233
77.467000
77.510433
77.520800
78.110267
78.250867
78.697967
79.028867
79.208400
79.272333
79.573833
79.619167
79.685667
79.697833
79.781100
79.897667
79.927933
79.962867
79.979800
80.125900
80.262400
80.325967
80.522633
80.587400
80.677500
80.960233
81.050600
81.084800
85.542567
85.602833
85.716767
85.841500
85.912600
85.948933
85.996533
86.045733
86.088567
86.186300
86.653433
87.266967
87.279667
87.320333
87.371400
87.405633
89.459900
90.478233
90.643900
90.648533
96.970033
97.195667
97.902500
98.067667
98.084400
98.168400
98.196867
98.721800
100.881300
100.915633
101.093933
101.111833
101.136200
101.174733
101.192933
101.209933
101.328867
101.692233
101.711500
101.745967
101.820267
101.890367
102.344700
102.479200
102.768767
102.859067
103.061767
103.454833
103.513800
103.529800
104.057133
105.584933
105.963500
106.040400
106.265467
107.557700
108.556367
110.659933
111.473000
111.924500
112.104133
112.132433
112.164700
112.433700
112.450800
112.461700
121.160667
121.357267
121.457333
121.801033
122.211433
122.510600
122.883500
122.956700
123.329500
123.621600
123.978533
124.037900
124.513500
126.030167
126.333433
127.123733
127.331800
127.919933
127.966800
127.986800
127.990567
128.958600
128.994233
129.079700
129.096533
131.212733
131.324500
131.406233
131.832300
131.983600
132.051767
132.059533
132.188800
132.191833
132.277700
132.345033
133.165433
133.217533
133.338467
133.376500
133.385067
133.412500
133.445333
133.500733
133.736533
133.771433
133.800900
133.806267
133.850200
133.860667
133.867567
133.911067
134.130300
134.171600
134.274200
134.281567
134.895767
135.141933
135.776900
135.827700
136.359600
136.747533
136.813033
136.874833
137.274900
137.351533
137.415500
137.450600
137.457300
137.464000
137.485967
137.520367
137.539033
137.565133
137.648467
137.720767
140.182767
140.390733
140.667133
140.714167
141.908767
142.186300
142.201833
142.315567
143.270500
144.113200
144.119700
144.157033
144.205933
144.403633
145.988133
146.118100
146.350133
146.375167
146.717633
146.748167
146.776767
147.841633
147.964433
148.805400
148.875333
150.391733
150.455300
150.476100
150.690767
150.850833
150.891233
151.374200
151.411200
152.825400
153.501067
154.545700
154.618700
154.876867
155.019900
155.091233
155.150033
155.152600
155.169733
155.230167
155.286167
156.698267
156.744167
156.807133
156.815233
156.849167
156.940533
156.995500
157.087500
157.104067
157.150267
157.168367
157.216467
157.297200
157.329200
157.395667
157.468633
157.552100
157.610100
157.664167
157.810600
157.903333
157.950667
158.029433
158.526833
158.558500
158.631333
158.714833
158.746533
158.913567
159.155567
159.190067
159.305900
159.463300
159.765900
159.799033
159.941200
160.107233
160.137833
160.172033
161.811733
161.858567
162.128133
162.482667
162.790300
163.978433
165.471333
165.546367
165.624033
166.198533
166.420400
167.552700
167.618833
167.749200
167.786500
168.063667
168.118267
168.164033
168.411567
168.478633
168.693567
170.117567
170.205400
170.273233
170.295267
170.533567
170.655267
170.734933
170.768533
170.895500
171.525900
171.759933
171.938967
172.004667
172.012367
172.055400
172.095367
172.193167
172.644700
172.823433
176.191633
176.238900
176.527033
176.547233
176.724600
176.950433
177.136467
180.737767
180.795167
181.182467
181.217433
181.299700
182.153600
182.173467
182.184200
182.242533
182.276767
182.305267
182.327033
183.425633
183.570533
183.638367
183.852333
184.021167
186.647600
186.688900
186.870300
186.983567
187.231933
187.425933
187.669167
187.779700
187.786933
187.915100
187.973200
188.007400
188.457600
188.479700
188.533033
188.602867
188.654233
188.933300
189.086333
189.169167
189.205167
189.696500
189.882400
190.174800
190.762667
190.830800
190.854667
190.882367
190.887967
190.926867
191.060167
191.077633
191.140533
191.672700
191.907300
192.070167
192.196933
192.232333
192.444500
192.479700
193.572667
194.006000
194.064167
194.111133
194.140833
194.172767
194.207267
194.565100
194.633833
194.723167
194.846167
195.366333
197.146200
197.171433
197.358100
197.841100
198.447000
198.878300
198.959100
198.989800
199.947433
200.195333
200.261133
200.376433
200.419567
200.462567
200.819833
202.006400
202.147133
202.173000
202.189300
202.234500
202.374000
202.469867
202.767667
202.956467
202.995767
203.253600
203.760200
203.772967
203.805700
203.809967
204.176133
204.508700
204.811133
208.959533
208.998500
209.042067
209.148533
209.428867
209.605300
209.713033
209.806967
209.915433
212.094133
212.240367
213.138167
213.221100
213.318967
213.790767
213.941033
214.358233
214.490600
214.610933
214.692767
214.737533
214.772000
216.207433
216.212800
216.257500
216.455200
217.061700
217.211900
217.288600
217.320533
217.483867
217.762700
217.765833
217.826067
217.873333
218.232167
218.257800
218.296800
218.330100
218.369567
218.397900
218.417433
218.492233
218.537500
218.569267
219.084600
219.109033
219.607533
219.899333
220.141733
220.196300
220.252867
220.596967
220.645300
220.672567
220.745133
220.769933
220.774200
220.836600
220.841267
220.913700
221.869567
222.547067
222.878100
222.912033
223.010033
223.036533
223.059967
223.174133
223.240700
223.411733
223.557967
223.615033
223.647900
223.690333
224.480067
224.660300
224.674700
224.871100
225.987367
226.425233
226.432400
226.493233
226.518400
230.534533
230.616167
233.801167
234.212667
234.248767
234.328133
234.492967
234.508033
234.573500
234.690267
235.941700
235.993167
236.062000
237.679233
237.788833
237.805933
238.002833
238.046200
238.187300
238.230300
238.838900
238.955000
239.017733
239.292867
239.330533
239.581567
239.675833
240.056267
241.879500
242.205300
242.224600
242.228700
242.645567
243.526500
243.590433
243.631167
243.769333
244.094700
244.181133
244.281233
244.547467
244.569567
244.595367
244.635333
244.662367
247.563067
247.591367
247.605167
247.640833
247.661700
247.683667
247.913267
247.996100
248.047100
248.303867
248.391933
248.589833
248.662733
248.679700
248.683767
248.872700
248.987467
248.999967
249.054733
249.131533
249.149400
249.254100
249.363200
249.397700
249.428133
249.469600
249.551300
249.636867
249.692800
249.814400
250.029400
250.186700
250.251567
250.261733
250.378900
250.385833
250.435767
250.458900
250.499900
250.629233
250.790800
251.780367
251.803833
251.846100
253.962533
254.379900
254.748533
254.921667
255.613267
255.671433
255.746233
256.453167
256.785300
256.906733
256.988067
257.147800
257.234367
257.306267
257.311367
257.548167
257.577367
257.588067
257.610400
257.645567
257.654367
257.731533
257.760433
257.815767
258.552733
258.586000
258.637767
258.665500
258.732800
258.770467
258.793200
258.837333
258.881633
259.025100
259.080733
259.157433
259.165867
259.201200
259.231300
259.247700
259.567500
259.932500
260.976300
262.482033
265.568500
265.650267
265.687667
265.720867
266.135000
266.337533
266.394167
266.494867
266.936933
267.558333
267.573433
267.621567
267.637333
267.663433
267.742767
267.778000
268.086667
271.178100
271.213833
271.218467
271.269167
271.345800
271.428867
273.373433
273.397667
273.432067
273.479900
273.506967
273.519233
273.567033
273.597367
274.008267
278.125000
278.142200
278.163233
278.179633
278.244233
278.307400
278.366567
278.415700
278.464833
278.759633
278.861267
278.973267
279.010867
279.034467
279.044767
279.141600
279.191133
279.275100
279.448733
279.488533
279.548167
279.769400
279.791400
279.853033
280.022567
281.151933
281.204967
281.503133
281.529433
281.591767
281.690200
282.082633
282.102900
282.130433
282.351267
282.582433
282.603033
282.906867
282.928700
282.967633
282.998267
283.020500
283.052233
283.069700
284.110100
284.147633
284.363667
284.391033
284.448833
284.551900
284.847533
284.945267
285.816467
285.872967
285.921500
286.038233
286.072300
286.188000
286.570433
286.604533
286.635500
286.655000
286.783800
287.334167
287.419600
287.961433
288.029067
288.414133
289.317800
290.297900
290.684933
290.779967
290.813167
290.822700
290.859067
290.947967
291.010933
291.308600
291.327333
292.448767
292.487667
292.530033
292.561333
292.597500
293.160267
293.356133
293.396133
293.449733
293.483467
293.506867
293.565800
293.751367
293.844733
295.387367
295.987400
296.584667
296.664700
296.690400
296.725333
296.733867
296.770367
296.831633
296.873200
296.903700
297.131667
297.196567
297.224800
297.287967
297.380933
297.384067
297.411433
297.586667
301.919333
302.236967
302.278233
302.297333
302.438767
302.605833
303.488667
303.750700
303.979967
304.064900
304.121033
305.131800
305.318567
305.456567
305.518600
305.550900
305.594600
305.648800
305.679067
305.689533
305.744633
305.873633
305.918433
305.944100
306.069100
306.140367
306.182200
306.302167
306.868867
306.951233
307.302133
307.802967
308.217967
308.357567
310.075900
310.504900
310.557533
310.592133
311.024367
311.127633
311.230100
311.285400
311.310433
311.340033
311.399733
311.404067
311.521733
311.594567
311.687500
312.114900
312.174900
312.225200
312.281100
314.268533
314.370100
314.583800
314.736233
314.748300
314.797000
314.882133
315.043733
315.059400
315.093033
316.777667
317.199100
317.334600
317.362400
317.400867
317.423367
317.494933
317.970000
318.027300
318.445733
319.307233
320.347367
320.361633
321.047000
321.089133
321.128033
321.515433
321.528367
321.543200
321.574367
321.636367
321.645933
322.832733
322.935600
322.972733
323.023833
323.067133
323.111400
323.133100
323.135033
323.166267
323.237867
323.528133
323.532567
323.552067
323.940067
324.017533
324.160667
324.329233
325.180867
325.231800
325.381933
325.410100
325.443733
325.525333
325.538967
325.577867
325.637400
325.956933
326.123867
326.157733
326.214067
326.216967
326.322033
326.373467
326.378033
326.584833
328.613767
328.706333
328.761833
328.809800
328.844733
328.875600
328.990033
329.067267
329.094867
329.205767
329.827700
329.916033
330.314967
330.783300
330.850200
330.983400
331.052900
331.907433
332.118967
332.165567
332.469667
332.538033
332.595700
332.616833
332.703000
332.722533
332.768467
332.849667
332.906933
332.982933
333.063400
333.144467
333.508400
333.533100
333.579167
333.615733
333.637033
333.751133
334.018867
334.102800
334.187733
334.931467
334.980767
335.205833
335.248233
335.316800
335.455400
335.499000
335.627067
335.945133
336.009533
336.036133
336.101567
336.578300
336.623300
336.644233
336.966400
337.734900
338.331633
338.394000
338.419533
339.142200
345.232400
346.347567
346.419133
346.734967
347.021900
347.132867
347.532033
347.582400
347.715100
348.995733
349.135100
349.322600
349.378767
349.419100
349.592467
350.119533
350.342167
351.724067
352.414300
352.491400
352.592033
352.736333
352.789833
352.835900
352.875933
352.922367
353.118567
353.396733
353.927933
356.126333
356.211933
356.242333
356.262200
356.289000
356.316733
356.350533
356.380033
356.405067
356.450300
358.994033
359.080033
359.128767
359.165233
359.503800
360.060067
360.335400
360.623267
360.761433
361.203533
361.244733
361.274267
361.779667
361.870300
362.053000
363.136867
363.695900
363.816000
364.746900
364.819500
367.732200
367.828533
368.662800
368.724400
368.906000
369.083467
369.365900
369.489033
370.351833
370.382100
370.423567
370.444767
370.511100
370.545833
370.653600
371.652300
371.807733
371.980900
372.074367
372.152700
372.177767
372.204233
372.216933
372.255600
372.615667
372.748333
372.766867
372.843400
372.919767
372.963300
372.976667
373.002200
373.021700
373.057033
373.086567
373.407600
373.425600
373.484900
373.570600
374.433500
374.458200
374.562433
374.641800
374.740000
374.761767
374.834000
374.922600
374.958333
374.979267
375.499100
375.544700
375.571000
375.610333
375.672867
375.845633
375.951833
377.628100
377.694900
378.464433
378.549267
378.614600
378.805067
378.862667
378.962867
378.982800
379.016000
379.196433
379.237800
379.426833
379.501967
379.543600
380.033400
380.198500
380.249767
381.852667
382.008733
382.839133
383.070567
383.165800
383.531500
383.592867
383.614700
383.618033
383.680433
383.796367
383.947733
383.987833
384.265267
384.350567
384.522233
385.708400
386.062933
386.419833
386.541733
386.661200
387.490833
387.853033
387.893233
387.932500
387.957100
387.988600
388.049567
388.240433
388.740133
388.928733
388.975233
389.039267
389.084867
389.205100
389.636900
390.500800
390.566200
390.887600
390.928700
391.047467
391.096733
391.280733
391.442667
391.455067
392.760033
392.877967
392.928100
393.012167
393.293033
393.304200
393.332100
393.354500
393.382300
393.421933
393.490900
395.023167
395.117667
395.263500
395.291600
395.324333
395.342500
395.382600
395.495833
395.631667
395.691100
396.199300
396.240500
396.328600
396.789733
396.875467
397.094600
397.188800
397.209933
397.241667
397.624233
397.685400
397.984033
402.071933
402.204533
402.216600
402.395267
402.454300
402.677200
403.336033
403.423433
404.262800
404.409567
404.516433
404.819267
404.867233
404.914033
404.971433
405.025433
405.051767
405.282567
405.749267
405.776167
405.818500
406.842600
406.988567
407.051167
407.092833
407.731567
407.772900
407.821333
407.878800
407.909667
407.932533
408.353167
409.296200
409.605733
410.097000
410.140367
410.290200
410.692267
410.727133
410.795700
411.211167
411.370467
411.799033
411.853667
411.972333
411.995500
412.404533
412.505300
412.569867
412.612233
412.659033
412.679600
412.701433
412.723433
412.752133
412.779833
412.822900
412.844700
412.903467
413.087500
413.866867
413.891467
414.154400
414.195567
414.201667
414.320833
414.616600
414.955467
423.904000
424.123933
424.596000
424.994767
426.513767
426.547500
426.562300
426.584900
426.617667
426.644333
426.667533
426.758000
427.444600
428.823767
428.911267
429.187433
429.229200
429.272233
429.293300
429.296900
429.367933
430.623300
430.853900
431.034833
431.169067
431.307967
431.467767
433.353567
434.118967
434.281933
434.395200
435.665400
436.089233
436.222133
436.399800
436.666300
436.690900
437.676400
437.766967
438.031233
438.070167
438.707700
438.893133
440.018367
440.059867
440.103000
440.153767
440.319867
440.935500
440.976267
440.980800
441.018767
441.044833
441.100267
441.166433
441.246933
441.415933
441.439267
441.499533
442.194300
442.421467
442.458600
442.607400
442.714633
442.927433
442.961733
442.997333
443.019000
443.110833
443.787433
443.995733
444.341567
444.401600
444.618233
444.822267
444.846500
444.888767
444.929833
445.147567
445.342867
445.359533
445.382867
445.423600
445.445700
445.497800
446.214967
448.230367
448.312800
449.633333
449.997133
450.180500
450.252933
450.263133
451.625933
451.650600
452.004667
452.071300
452.102567
452.279600
452.473433
452.508667
453.000167
453.623000
453.860867
454.001333
457.138867
457.149033
457.219067
458.494967
459.981600
460.189567
460.579700
460.655567
460.696300
460.878767
460.979233
461.046667
461.245600
461.313067
461.539567
461.607167
461.647200
461.668800
461.736533
461.855733
462.188767
462.296833
462.333067
462.493967
462.520767
463.968167
464.016100
464.067167
464.110833
464.171300
464.478867
464.739200
464.794867
464.837600
464.919967
464.995433
465.065667
465.139933
465.165033
465.200267
465.229633
465.254200
465.311633
465.365300
465.431000
465.631667
465.660000
465.674467
465.685800
465.738000
465.841000
466.254000
466.297933
466.530100
466.658567
466.908533
467.298500
467.389633
468.864900
468.917633
469.040767
469.080867
469.092833
469.161333
469.230333
469.312700
469.419400
470.003967
470.847733
470.888000
472.492000
472.588933
472.951167
473.093833
473.142400
473.202133
473.292200
473.357067
473.361433
473.370600
473.418067
473.449567
473.537433
473.701567
473.815333
473.983200
474.274167
474.366200
474.424400
474.442700
475.740067
475.766467
475.783133
475.928333
475.987233
476.050667
476.137000
476.219900
476.378133
476.544100
476.557500
476.591900
476.668267
476.937267
477.213733
477.230900
477.283700
477.320333
478.073133
478.118967
478.190133
478.317133
479.263967
479.328233
479.339900
479.374600
479.381233
479.421800
479.506133
479.634133
479.683400
479.704433
479.720367
479.748667
479.769867
479.788933
480.048867
480.094000
480.318733
480.623133
480.664433
485.976200
486.670967
486.982133
489.607833
490.082800
490.157400
490.380033
490.414000
490.902367
491.220067
491.223067
491.616767
491.697433
491.717800
492.024967
492.162833
493.250233
493.352067
493.618433
493.709300
493.814833
493.852267
494.052700
494.216133
494.294933
494.978800
495.108767
495.253667
495.293133
495.841300
496.217600
496.839333
496.907200
497.008367
497.042567
497.083467
497.161133
497.184367
497.436667
497.522367
497.559167
497.568700
497.596600
497.637933
497.673800
497.732667
497.759533
497.889767
498.373567
499.108400
499.209400
499.244333
499.570467
499.630700
499.783067
499.993933
501.075667
501.157000
501.348733
501.413233
502.098900
503.879533
504.215033
504.264067
504.308867
504.311800
504.316500
504.474000
504.882200
505.334433
505.340200
505.482567
505.530400
505.607767
505.646733
505.700200
505.746100
505.931567
505.961500
506.020300
506.186600
506.228033
506.289400
506.393933
507.119400
507.221700
507.286600
507.379167
509.716633
509.813933
509.891400
509.936500
510.120733
510.459933
511.096533
511.218100
511.253133
511.265633
511.287633
511.368500
511.393600
511.426867
511.459933
511.468900
511.503000
512.373433
512.450000
513.794100
514.341567
514.377200
514.412767
514.516067
514.906133
514.931800
514.961033
515.132267
515.199900
516.991867
517.029133
517.061333
517.741600
518.109533
518.589633
518.723500
518.762400
518.769467
518.818867
519.787100
519.793667
520.740733
520.801633
520.868100
521.068567
521.134600
521.226000
521.399233
521.806833
521.841400
521.913967
521.931533
521.986800
523.242600
523.296967
523.398333
523.844767
524.627400
524.632733
524.692367
524.739133
525.138400
525.184200
525.583100
525.646133
525.812667
526.059000
526.085533
526.113700
526.349100
526.541867
526.631933
526.669767
526.725533
526.767133
526.848633
527.432933
527.477300
527.510167
527.558033
527.932667
527.997467
528.092333
528.479300
528.552167
528.617400
528.663733
528.728633
529.891733
530.071333
530.102000
530.303467
530.709900
533.104567
533.135900
533.172733
533.218867
533.347667
533.560500
533.619367
534.168100
535.801567
536.962733
537.044167
539.561333
540.043200
540.546833
540.567067
540.774567
542.039400
542.486467
544.548767
545.506267
545.547500
545.594400
545.622767
545.629500
545.655533
545.669767
545.747000
546.276933
546.298833
546.334900
546.620500
546.828800
546.973767
548.962900
549.170533
549.307033
549.372700
549.489200
549.845567
549.939700
550.016867
550.074733
550.110700
550.249300
550.323400
550.378900
550.382200
550.896700
550.898633
551.051167
551.192300
553.222700
553.246667
553.432300
553.837067
554.054033
554.556300
554.743067
554.889700
555.140767
555.242967
555.326267
555.481533
555.892867
555.945200
556.309033
558.129033
558.151600
558.195467
558.377867
558.405133
558.467533
558.672900
558.765333
559.103500
559.152733
559.317333
559.466533
559.515100
559.576433
559.625567
559.706600
560.306133
560.474767
560.497633
560.709833
561.624367
561.640900
561.684867
562.599367
563.143867
563.246800
564.092000
564.186067
564.253400
564.283367
564.292533
564.599767
564.637433
564.661967
564.811000
564.900133
566.557267
566.623067
566.696500
567.013667
567.060533
567.196833
567.379767
567.383967
567.390600
567.401700
568.164333
568.170667
568.393867
568.492167
568.525433
568.789567
568.799200
569.142033
569.187233
569.441533
572.621700
572.857600
572.887133
572.945100
572.961000
573.025867
573.059300
573.738033
575.510567
575.762800
576.678400
576.780200
576.855067
576.861267
576.943167
577.081100
577.275567
577.389233
577.487900
577.670567
577.843567
577.908400
578.266333
578.487167
578.520200
578.551900
578.618167
579.172833
579.252167
579.311167
579.423567
579.521233
580.273833
580.352033
580.407200
580.427733
580.455033
580.724033
582.159867
582.178267
582.183167
582.233500
584.110933
586.817433
587.725867
587.784400
588.317967
590.714700
592.767400
592.774767
592.895400
594.429633
594.548133
594.576100
594.749133
594.839333
594.958233
595.608800
595.659833
595.692267
595.730500
595.757267
596.438467
596.784600
596.856833
596.992800
597.171533
597.224267
597.386633
597.461467
597.510267
597.613067
598.613200
598.645800
598.759500
598.940033
598.980700
599.364233
599.592867
599.621267
599.644767
599.691300
599.799967
599.901667
599.929300
600.618333
600.756367
602.934700
603.473700
603.865500
603.868833
604.904400
606.693933
606.819767
606.895400
606.927733
607.292900
607.579467
607.669867
608.008567
608.075467
608.113500
608.350233
608.513267
609.094467
609.150300
610.282633
610.797833
612.192767
612.219433
612.268067
612.377667
612.602633
612.680967
612.777600
612.821567
612.843967
612.917400
613.014233
613.162300
613.209567
613.232933
613.266267
613.406267
613.552500
613.797100
613.972500
614.378167
614.559233
614.587467
614.601233
614.635733
614.721000
614.848400
614.923467
615.309067
615.313667
615.463667
616.290600
616.447000
616.635467
616.672767
618.753200
618.837500
618.870500
618.896367
618.923933
618.945200
619.116200
619.251333
619.450300
619.515367
619.638400
619.715167
619.722433
619.778633
619.817967
619.860433
619.909967
619.917833
620.077533
620.095767
620.135100
620.249033
620.826033
620.882000
621.064400
621.085867
621.145933
621.205633
623.685333
623.735533
623.795100
623.995233
624.126867
624.553967
625.033967
625.083300
625.117033
625.380733
625.429933
626.500300
626.692133
626.713600
626.814867
627.014833
627.052300
627.174533
627.252233
627.322400
627.386867
627.600333
627.675600
627.759300
628.078867
628.136800
628.182133
628.230267
628.609667
628.819200
628.923533
629.044033
629.078167
629.112067
629.131000
629.181833
629.195233
629.402400
629.449733
629.510600
629.532767
629.697933
629.710667
629.738233
629.766033
629.770333
629.811767
629.842133
630.138900
630.185500
630.213500
630.252800
631.927533
631.953233
631.970000
632.006067
632.022967
632.087100
632.391700
632.442133
632.505800
633.710800
633.742933
634.360033
637.084733
637.200900
638.280000
638.302700
638.317367
638.319000
638.364100
638.395100
638.412133
638.439967
638.488400
638.535267
638.702600
638.756133
638.767100
638.798867
639.480667
639.515433
641.204600
641.352167
641.860833
641.864800
643.431867
643.915167
644.004800
644.244833
644.377533
644.478533
644.868400
646.176133
646.742767
646.749400
648.960533
649.441233
649.478933
649.517133
649.789167
649.844533
650.980733
651.206933
651.333333
651.626433
651.720633
651.799033
651.860667
652.055400
652.120900
652.189233
652.229133
652.239867
652.266967
652.314800
652.342633
652.419400
652.485033
652.554067
652.596033
652.669567
653.448767
653.502933
653.692000
653.819900
653.989300
654.023367
654.142700
654.252867
654.276767
654.441433
654.533667
654.814733
655.053833
655.090533
655.105400
655.149467
655.877900
656.148267
656.240733
656.733733
656.802400
656.867233
658.303167
658.328867
658.437600
658.647600
659.483333
659.601333
660.060367
660.137033
660.189467
660.230667
660.434500
660.492533
660.619867
660.640800
660.773900
660.931033
661.421467
661.444933
661.447767
662.903433
663.486900
663.564533
663.682433
663.729333
663.901733
664.112133
664.268467
664.297467
664.377800
664.513633
664.579567
665.035267
665.435067
665.586167
667.611000
667.833733
667.970467
668.006067
668.163267
668.230467
668.243767
668.818800
668.824667
668.875767
668.950667
668.977800
669.112267
669.278467
670.842633
671.164300
671.468100
671.503067
671.520733
671.846733
671.863900
671.866900
673.908667
673.939467
673.942267
673.984667
674.002000
674.083333
674.212233
674.348533
674.416700
674.738933
675.174967
675.473133
675.499133
675.553800
675.567567
675.633067
675.667700
675.713833
675.742267
676.473633
677.215933
677.292533
677.366933
677.408067
677.443867
677.475800
677.858900
678.699500
681.878100
682.144100
682.964600
683.095100
683.328033
683.876033
687.990067
688.023467
688.096567
688.114733
688.798600
689.039967
689.083967
689.880567
690.316033
691.096233
691.380233
691.570000
691.617800
691.978767
692.994733
693.108833
693.147200
693.688400
693.714167
693.976967
694.216833
694.220267
694.261333
694.395833
694.420667
694.468067
694.481267
694.518367
694.537867
694.558000
695.072833
695.098367
696.184767
696.231800
696.278433
698.068900
699.582100
700.051767
702.756067
704.547533
704.982033
705.164867
705.764167
706.263433
706.309433
706.414900
707.331000
707.356700
707.359667
707.431167
707.442333
707.484600
707.557633
707.580733
707.586900
707.663733
707.697900
709.179800
709.328633
709.361833
709.428333
709.654567
710.161133
710.187200
710.344333
710.398167
710.455933
710.529933
710.560233
710.606867
710.665633
710.736700
710.949767
711.007900
711.202733
711.230400
711.652567
711.742033
711.855633
711.916033
713.863233
714.099000
718.451767
722.405833
726.763033
726.970533
727.036467
727.096167
727.647633
727.950333
728.022767
728.044400
728.051067
728.057600
728.141800
728.359433
730.037000
730.076433
730.140133
730.255967
730.518767
730.585600
730.882267
731.091533
731.166867
732.566567
732.648667
732.837233
732.887500
732.949133
734.260500
734.296133
735.757033
735.862267
736.250367
738.173167
738.234733
740.399800
740.493567
740.752667
740.764233
743.779167
743.836900
743.877433
744.049700
744.134033
746.180700
746.419400
746.539733
746.809233
746.964467
747.261300
747.272167
747.289767
747.303600
747.337467
747.371300
747.500667
747.520133
747.953600
748.720000
748.816967
749.185900
749.830100
749.852933
749.879967
749.925400
750.030200
750.075633
750.165867
751.099933
751.515700
751.676600
752.359033
752.400967
752.462933
752.568767
752.621767
752.668033
752.748467
752.825900
752.861700
752.940400
752.948467
752.966167
753.261233
753.317967
753.387333
753.432467
753.501600
754.235900
755.547467
756.016033
756.062600
756.124133
758.994500
759.017333
759.080067
759.152500
759.369000
759.460733
759.966567
760.240767
760.244667
760.277300
760.295000
760.329333
760.353600
760.356867
760.408767
760.487600
760.998967
761.726200
761.883600
762.107167
762.408533
762.552933
762.707500
762.797900
762.854567
763.071700
763.123067
763.188267
763.270467
763.785767
764.373033
765.691267
765.980967
766.395767
768.520867
768.558533
768.948100
769.165133
769.554400
769.595433
769.666900
769.762767
770.095667
771.011533
771.040533
771.538267
772.598900
772.709033
772.723933
772.762200
772.929567
773.273700
773.286233
773.300433
774.069100
774.465133
774.493667
774.527133
774.619633
774.883567
774.905433
774.935367
774.940767
775.441167
775.487333
775.495367
775.527100
777.266800
777.602633
777.661233
777.798000
777.862567
777.876733
778.109167
778.280233
779.356867
779.408033
779.593500
779.629733
781.460800
781.528667
781.607233
781.687767
782.222167
783.087733
783.142167
783.240300
783.351233
784.107500
784.162767
784.223967
784.310400
784.447200
784.990333
785.477733
785.821500
786.075333
788.308333
788.369967
788.461233
788.542767
789.795700
789.821633
789.873433
789.894633
789.995633
791.743733
791.916333
792.002933
792.398200
792.451367
792.471433
792.503000
792.560300
792.844633
793.442900
793.624133
793.885533
793.921400
796.647600
796.782900
797.132233
797.278500
797.666200
797.741267
798.148067
801.112333
801.162733
801.192533
801.216500
801.540367
801.697400
803.002667
805.827500
805.869067
805.934900
806.622467
807.160500
807.625933
808.030767
808.345133
810.331800
810.950000
811.136467
811.174900
811.618200
811.649867
811.817267
812.857500
813.683800
813.736567
813.810233
813.950733
814.081233
815.514733
815.826900
815.910767
815.997500
816.006733
816.094533
817.231667
817.290333
817.363000
817.810100
817.923267
818.802133
818.946000
821.374067
821.431233
821.530667
821.556633
821.724267
821.824300
821.863633
821.910833
821.963500
822.011367
822.042600
822.203567
822.271200
822.313233
822.636500
822.939633
822.975700
823.002400
823.047333
823.071633
823.226067
824.401633
824.449767
824.511200
824.809567
825.273367
826.547133
826.759667
826.808067
826.883100
829.090567
829.324033
829.517167
829.721833
829.781933
829.906167
830.184667
830.191600
830.224733
830.269267
830.290800
830.317100
830.374967
830.446133
830.556633
831.627867
831.684000
833.316833
833.599900
834.253200
834.312067
834.445167
834.633167
834.696833
834.746300
834.776367
834.865800
834.954467
835.017700
835.198667
835.822200
835.863767
835.974067
835.984567
836.032267
836.121433
836.404200
836.632733
836.793233
837.203833
837.252000
837.289667
837.329367
837.375067
837.411000
837.425800
837.778467
837.881567
837.948100
837.978067
838.115633
838.143333
838.392800
839.072867
839.816300
839.862033
839.930133
840.221500
847.166067
847.270733
847.336567
847.867167
847.914533
847.945733
847.961933
848.027800
848.872633
848.909400
848.962033
850.581700
851.225267
851.299067
851.923033
851.970567
852.000967
852.054800
852.128767
852.276467
852.310033
852.364833
852.386133
852.481000
852.496133
852.561433
852.591700
852.680500
852.757333
852.912667
852.965833
853.029200
853.042867
853.115367
853.168800
853.222533
853.996200
854.400800
854.461233
854.513700
854.622533
854.687667
854.718333
855.337833
855.534933
855.604200
855.633100
855.691933
855.715933
855.769567
855.885633
855.925367
855.978267
856.138433
856.715767
856.879300
857.142333
857.167267
857.198067
857.232567
857.265867
857.371233
857.409033
857.515233
857.559867
857.990533
859.469600
859.493600
859.607433
860.273867
861.335533
861.414500
861.421300
861.514433
861.649400
861.712033
862.163567
862.385800
862.601800
864.364467
864.861067
864.984733
865.092767
865.271833
865.460500
867.390400
867.648833
867.706067
867.838000
868.319767
870.554200
870.652800
870.936100
871.282000
871.595233
872.047167
872.108200
872.148967
872.198500
872.319500
874.618200
874.692567
874.809067
875.800367
875.922100
876.172100
876.233533
877.182133
877.844700
877.900000
877.961367
879.260033
881.610167
881.982033
882.361133
883.205433
883.245900
883.456467
883.487067
883.510467
883.571100
883.616300
883.683933
883.772500
884.170100
884.205233
889.400033
889.477000
889.831233
890.145000
890.293800
890.348067
890.396567
890.482600
890.529467
890.587200
892.671567
892.869200
892.968367
893.035933
893.058967
893.401600
893.482733
893.548600
893.593067
893.765000
893.785900
893.860033
893.939700
894.169800
894.183400
894.309767
894.330767
894.355833
894.373600
894.417300
894.436933
894.441800
895.610233
895.694700
895.822467
895.860333
895.898200
895.976600
896.186133
896.270767
896.304467
896.379967
896.422800
896.528967
896.569667
896.645733
896.740400
896.779000
896.792567
896.836767
896.876600
896.982600
897.021900
897.077633
897.202633
897.237100
897.297000
897.364267
897.384333
897.440767
897.833233
898.823133
900.386533
900.408200
900.816667
902.477400
903.593900
905.454167
905.489833
906.869733
906.915167
906.972067
906.977733
907.051500
907.130767
907.329733
912.064467
913.847433
914.166400
914.536767
916.632000
916.688300
916.721667
917.581733
921.325800
922.705067
922.736233
922.771400
922.802800
922.835567
922.890567
924.187033
924.354733
924.433367
924.505700
924.546833
924.696267
925.154833
925.171900
925.433633
926.093800
926.502933
927.178633
929.182300
929.617200
930.603800
930.866500
930.926967
930.964133
931.054200
932.643067
932.766733
932.829400
933.075633
933.307467
933.620967
933.691267
933.834067
933.980333
934.265233
934.271833
934.316067
934.348100
934.416633
934.511833
934.553367
934.609867
934.685733
934.736833
934.822833
934.826067
934.865933
934.971267
936.473100
936.492800
936.656867
936.690467
936.744933
937.130233
937.399467
937.688633
938.523600
938.656367
938.710833
938.780067
938.901167
939.832733
939.866100
939.892700
940.820600
941.093133
942.181900
943.920667
944.082233
944.287167
944.541000
944.705000
944.907367
945.148933
945.519133
945.894900
945.966133
946.045200
946.438567
946.503433
946.739333
947.292533
949.867967
950.002067
950.192133
950.213000
950.618100
950.753100
950.838500
951.661033
952.558633
952.795833
955.331200
955.354233
955.396167
955.438767
955.560000
955.677667
955.702200
955.762667
955.821333
955.866133
956.184100
956.248533
956.462533
956.982867
957.732567
959.509467
959.525733
959.572667
959.628033
959.684333
959.813667
960.057167
960.123167
960.191633
960.285867
960.383267
960.494667
960.572767
961.475133
962.880133
962.901800
963.126833
963.283800
963.356600
963.407500
963.705900
963.766000
963.859867
964.030833
964.091433
964.172300
964.189433
964.274967
964.331100
964.499933
966.322300
966.747167
966.909667
967.405367
967.476233
967.548233
967.552333
967.631067
967.652500
967.735200
967.901167
968.092733
968.332767
968.390300
968.455800
968.545567
968.679967
971.079867
971.108967
971.211133
971.485267
971.540100
972.074233
972.150167
972.299667
972.605500
972.763600
973.907733
973.921967
973.978733
974.030600
974.111967
975.734300
975.770967
975.792033
975.900867
975.939433
976.425100
976.847567
976.922600
977.154333
977.302600
977.655233
977.756967
978.557300
979.927800
980.333500
980.395700
980.620267
980.728167
980.745633
981.126000
981.189067
981.238767
981.448900
981.539900
981.592833
982.071833
984.393767
984.673800
985.437867
985.874633
986.078600
986.143633
986.385967
986.490733
986.534833
986.609667
986.675167
988.287700
988.328500
988.906133
988.949400
989.520933
990.081067
991.930300
991.972600
992.033333
992.078400
992.106433
992.142233
992.171067
992.200667
992.239467
992.349900
992.708500
992.867367
992.936533
993.203667
993.523367
993.953767
995.593967
995.761300
995.802067
996.064000
996.097533
996.135433
996.611567
996.691300
997.377900
997.525467
997.616733
997.768267
997.799500
997.829533
997.885000
997.950033
998.915033
999.011700
999.352533
999.438700
1000.594800
1001.030933
1001.181067
1001.241267
1001.382433
1001.784000
1001.817667
1001.840167
1001.896367
1002.447000
1002.482733
1002.750500
1002.805200
1002.878900
1004.619600
1004.680433
1004.742300
1004.781867
1004.837500
1004.910667
1004.957500
1004.999400
1005.147500
1005.182767
1005.211167
1005.353833
1005.410000
1005.537700
1005.562400
1005.607667
1005.691567
1005.727333
1006.518433
1006.579300
1006.606900
1006.664500
1006.689167
1006.732633
1006.796900
1006.872433
1006.933033
1007.729967
1007.772067
1007.786533
1007.845833
1007.987733
1008.037067
1008.107500
1008.180500
1008.251567
1008.890100
1009.154200
1011.950667
1012.468900
1012.526700
1012.593667
1012.766600
1013.011900
1013.173933
1013.411867
1014.019800
1014.295033
1014.385167
1014.406567
1015.630033
1015.668733
1015.773800
1015.811333
1016.067500
1016.350333
1016.464233
1017.524800
1017.548833
1017.572567
1017.605667
1017.658233
1017.933367
1017.989767
1018.585933
1018.647900
1018.952933
1018.999800
1020.376233
1020.413900
1020.425200
1020.453400
1020.565500
1020.589833
1020.618433
1020.989700
1021.090267
1022.238500
1022.377233
1022.411867
1022.446567
1022.971033
1023.384733
1023.556000
1023.587833
1024.531567
1024.578567
1024.655800
1024.668433
1024.731633
1026.479767
1027.808467
1027.847867
1027.853867
1027.935133
1027.990333
1028.002633
1028.054767
1028.084133
1028.130867
1028.354667
1028.557833
1030.715700
1037.467433
1037.649067
1039.229733
1039.759500
1039.847667
1039.974500
1040.073267
1040.244467
1040.453867
1040.497433
1040.953267
1042.375633
1042.716900
1042.806267
1042.834433
1042.893767
1042.932633
1042.967967
1043.367500
1043.483600
1043.493467
1043.520967
1043.561867
1043.600667
1043.623200
1043.728967
1043.904400
1044.023800
1044.155267
1044.393433
1044.465633
1045.049033
1045.196667
1045.242567
1046.329400
1046.439300
1046.626200
1047.068067
1047.102700
1047.121767
1047.152567
1047.196667
1048.273500
1048.312267
1048.594833
1048.715633
1048.753833
1048.876933
1048.883967
1048.994833
1049.061333
1049.136167
1049.176167
1049.209800
1049.250567
1049.312900
1051.599667
1051.662633
1051.713967
1053.357900
1053.444000
1053.481600
1053.553300
1053.722933
1053.815733
1054.048300
1054.572533
1054.600667
1055.056367
1056.769800
1056.857500
1057.062633
1057.101867
1057.289067
1057.424867
1057.445100
1058.660933
1058.691967
1058.727067
1059.046733
1059.229833
1059.290733
1059.715100
1059.788700
1059.819000
1059.899367
1059.929500
1059.971167
1061.122133
1061.223733
1061.303167
1061.364767
1061.391967
1061.429900
1061.453633
1061.600800
1061.603167
1061.828267
1062.485833
1063.043167
1063.092433
1063.239200
1063.293367
1063.568500
1064.425467
1064.769233
1064.884533
1064.927333
1064.950767
1065.002500
1065.047733
1065.107067
1065.149833
1065.230733
1066.953867
1066.984167
1066.995567
1067.080033
1067.204233
1067.251833
1067.733800
1067.840700
1067.987333
1068.022133
1068.060933
1068.153167
1068.289333
1068.352833
1068.561300
1069.908500
1070.119233
1070.875200
1071.016300
1071.190833
1071.268400
1072.045067
1072.064833
1072.077700
1072.094400
1072.102033
1072.175133
1074.078867
1074.131033
1074.183067
1074.823800
1074.869000
1074.890533
1074.958433
1074.996567
1076.503133
1076.828000
1076.852033
1076.895367
1077.355400
1078.129933
1078.765733
1078.861800
1079.163267
1079.228267
1079.261700
1084.219267
1084.465500
1084.503100
1084.531733
1084.574533
1084.639833
1084.761833
1085.017567
1085.592833
1085.668767
1086.514500
1086.598100
1087.296433
1087.364300
1088.138567
1088.881933
1088.900267
1088.958600
1089.000900
1089.057167
1089.118833
1090.497833
1090.522867
1090.568433
1090.595767
1090.706933
1091.379567
1091.851100
1093.064233
1093.133533
1093.190300
1093.283367
1093.334167
1093.392967
1093.443833
1093.821533
1093.880967
1093.917133
1093.962567
1094.024900
1094.068367
1094.331067
1094.419300
1094.481533
1094.506467
1094.536833
1094.549000
1094.571933
1094.602967
1094.795600
1095.778667
1096.686667
1097.386567
1099.503633
1100.124433
1100.381367
1100.463300
1100.753667
1100.790500
1100.839200
1101.439267
1101.493100
1101.850867
1102.127333
1102.181333
1102.245933
1102.267333
1102.320233
1102.448067
1102.626100
1102.666533
1102.847100
1103.772833
1103.796700
1103.821633
1103.990833
1104.094033
1104.128633
1104.160967
1104.387000
1104.402067
1104.472400
1104.482400
1104.771433
1104.989600
1104.997800
1105.298900
1105.357667
1105.700333
1105.763967
1105.851200
1105.915500
1105.957400
1105.997767
1106.238633
1106.307267
1106.362533
1106.437933
1106.577700
1106.739933
1106.800167
1107.194033
1107.762767
1107.963300
1108.089600
1108.170233
1108.184200
1108.282933
1108.344800
1108.398367
1108.451800
1108.499367
1108.686400
1108.688133
1109.437133
1110.072133
1110.698433
1112.023133
1112.416167
1112.443267
1112.450800
1112.515167
1112.795633
1112.809467
1112.869600
1113.499100
1113.582400
1113.652233
1113.734800
1113.858933
1113.907433
1113.990267
1114.233733
1114.246700
1114.273200
1114.317400
1115.481467
1115.500933
1115.544367
1115.692100
1116.084267
1116.161633
1116.187100
1116.196233
1116.770533
1116.820367
1116.854467
1117.181667
1117.222033
1117.468133
1117.488233
1117.496900
1119.254767
1120.183767
1120.433333
1120.470267
1120.572233
1120.707467
1121.024500
1121.255600
1121.372700
1121.772167
1122.303567
1122.336967
1122.406000
1122.422767
1122.668667
1123.952633
1124.657167
1126.679867
1126.859333
1127.300567
1127.635700
1127.742300
1127.775100
1127.814800
1127.945333
1128.075000
1128.095000
1128.131800
1128.159800
1128.205700
1128.264267
1128.392833
1131.175433
1131.812367
1131.979867
1132.050100
1132.134500
1132.209033
1134.004567
1135.062900
1135.324567
1135.371267
1135.374933
1135.616467
1135.706133
1137.029767
1137.600233
1137.650000
1137.719033
1137.822233
1139.155933
1139.200467
1139.217433
1139.300767
1139.362133
1139.421400
1139.461533
1139.658433
1139.733100
1139.785967
1139.853533
1139.997033
1140.002400
1140.272233
1140.395500
1140.449967
1140.464167
1140.768933
1141.035700
1142.501933
1142.639567
1142.684100
1145.522600
1145.576033
1145.642567
1145.960600
1146.325500
1146.352800
1146.378600
1146.549167
1146.629933
1146.712467
1146.859800
1147.095367
1147.147933
1147.243767
1147.690400
1147.735367
1147.797533
1148.013333
1150.081467
1150.475567
1150.951767
1151.400100
1151.608300
1151.841933
1152.098700
1152.200633
1152.233700
1152.310767
1152.764367
1152.879667
1152.934233
1153.549833
1153.585700
1153.600733
1153.660233
1153.705533
1153.851433
1153.893600
1153.949267
1155.653567
1157.250933
1157.271100
1157.499733
1157.990167
1158.019233
1158.086933
1159.739700
1160.075033
1160.144333
1160.169600
1160.277167
1160.591267
1161.199267
1161.770633
1161.844600
1161.857267
1162.745067
1162.856367
1163.021900
1164.562167
1165.562733
1165.823033
1165.883267
1166.014433
1166.240733
1166.341533
1166.872833
1167.145933
1167.204533
1167.263600
1167.307500
1167.364567
1168.652567
1168.736700
1171.433733
1171.873000
1172.501833
1172.580033
1173.001900
1173.157133
1173.183500
1173.221567
1173.333633
1174.015667
1174.109267
1174.356933
1174.510800
1174.882800
1177.063533
1177.777200
1178.340100
1178.385433
1178.472333
1178.652100
1178.798733
1178.879567
1179.242833
1179.853200
1180.081633
1180.240033
1182.438000
1182.451300
1183.617200
1183.715967
1183.732233
1183.846300
1183.888400
1184.074267
1184.355567
1184.561600
1184.782100
1185.065633
1185.158700
1185.196933
1185.586267
1185.639800
1185.863833
1187.424733
1187.440200
1187.466300
1187.628833
1187.719333
1187.756067
1187.801067
1187.862133
1187.937867
1187.992167
1188.027967
1188.070033
1188.158400
1191.187700
1191.472400
1191.531567
1191.569667
1191.644900
1191.665367
1191.858833
1192.393900
1192.561433
1192.880767
1192.977733
1193.016200
1193.118000
1194.223933
1194.247433
1194.294567
1194.410467
1194.475100
1194.501800
1194.544800
1194.879567
1195.329667
1195.373200
1195.416433
1195.614733
1196.012833
1196.105467
1196.178667
1196.260500
1196.841267
1196.887967
1197.201000
1198.704300
1198.764267
1199.091000
1199.120667
1199.313933
1199.357467
1199.437433
1199.471400
1199.482300
1199.569500
1199.766433
1199.834867
1199.916200
1200.369967
1200.675533
1200.818867
1201.404300
1201.441800
1201.561467
1201.576500
1202.017433
1202.361833
1203.908833
1204.135433
1205.136200
1205.238867
1205.301433
1205.325167
1205.338533
1205.390067
1205.753733
1205.766967
1205.987300
1206.411400
1206.448833
1206.501067
1206.546167
1206.875500
1207.160200
1207.230700
1207.289933
1207.408600
1207.572600
1208.189467
1210.481067
1210.507733
1210.562000
1210.958600
1211.080433
1212.205633
1212.340933
1212.400233
1212.469867
1212.491367
1212.550800
1212.703967
1212.935200
1212.959833
1213.016900
1214.832400
1215.253200
1215.319067
1215.338267
1215.372233
1215.424433
1215.460800
1215.479300
1215.499867
1215.507833
1215.574967
1215.580500
1215.638067
1215.677933
1215.705933
1215.722800
1215.753967
1215.784633
1215.829333
1215.869733
1216.289033
1216.329200
1216.344433
1216.467000
1216.555433
1216.583733
1216.607800
1216.623800
1216.637233
1216.657367
1216.673300
1216.698100
1216.738133
1216.795500
1216.861267
1217.268033
1217.316033
1217.319000
1217.358700
1217.394567
1217.753000
1217.764700
1217.821867
1217.891567
1218.502033
1218.542667
1218.902000
1218.956233
1219.000400
1219.044700
1219.088767
1219.146633
1219.172633
1219.226067
1219.242567
1219.301667
1219.323667
1219.404500
1219.894533
1221.010700
1221.045867
1222.215600
1222.368900
1223.085767
1223.672133
1223.736100
1223.779933
1226.026533
1226.652433
1226.720000
1227.000933
1227.252933
1227.463200
1227.631833
1228.060200
1228.937000
1229.179800
1231.196700
1231.247900
1231.294667
1231.448933
1231.529333
1231.857900
1231.893300
1232.052100
1232.449667
1232.533500
1232.608267
1232.817967
1233.971567
1234.026433
1234.053667
1234.081500
1234.108800
1234.141200
1234.171867
1235.759133
1235.798167
1235.859533
1236.648433
1236.751933
1236.785967
1236.819467
1239.934467
1239.988867
1240.059767
1240.078133
1240.308633
1240.340367
1240.662600
1241.120400
1241.311600
1241.884133
1242.865900
1242.901967
1242.916167
1242.947433
1242.965700
1243.071267
1243.548633
1244.283667
1244.403200
1244.466433
1246.869467
1247.052600
1247.509633
1248.164200
1248.233733
1248.570633
1248.674500
1248.864433
1249.309700
1249.580333
1249.661300
1249.860667
1249.959733
1250.033033
1250.063067
1250.775333
1250.844267
1251.335200
1251.389533
1251.414833
1251.458633
1251.479133
1251.514367
1251.620033
1251.664933
1251.810367
1251.921133
1252.003467
1252.200167
1252.253133
1252.380133
1252.442633
1252.471533
1252.512200
1252.533867
1252.619800
1252.809167
1253.037733
1253.518633
1253.649700
1253.798733
1253.838300
1253.855567
1253.939967
1254.123267
1254.150867
1254.202100
1254.264067
1254.393900
1254.581700
1254.810600
1256.149667
1256.241300
1256.285700
1256.634167
1256.694400
1256.913800
1257.127567
1257.593367
1258.566767
1258.614500
1260.256333
1262.739833
1262.814433
1262.823667
1262.829700
1262.958833
1263.014700
1263.520200
1263.995200
1264.133967
1264.349267
1267.720700
1268.192200
1268.404367
1268.592833
1269.394667
1269.651300
1269.964033
1271.509133
1271.546600
1271.604967
1271.614400
1271.628600
1271.665633
1271.693467
1271.704167
1271.789833
1273.959633
1274.009400
1278.133000
1278.164400
1278.396833
1278.753200
1278.830700
1278.855067
1279.978900
1280.728933
1281.340433
1281.363200
1281.587433
1282.899167
1282.936767
1283.172400
1283.175333
1283.245800
1283.417600
1283.494133
1283.590067
1284.229567
1285.271167
1285.986833
1288.032900
1288.227300
1288.609767
1288.626033
1288.999033
1289.646900
1289.708767
1289.870133
1290.602367
1290.633333
1292.425033
1292.452167
1292.768833
1292.869033
1293.174767
1293.217200
1293.236367
1293.268967
1293.371633
1294.004233
1294.056467
1295.360133
1297.715433
1297.744967
1297.971567
1298.074967
1298.581200
1298.616900
1298.647467
1298.787400
1298.916533
1298.980833
1298.984100
1299.244633
1299.316867
1299.340867
1299.394267
1299.444767
1300.836100
1301.037900
1301.246600
1302.323133
1302.327167
1302.427367
1303.096233
1303.213800
1303.239767
1303.275900
1303.307900
1303.342267
1304.705433
1304.771433
1304.807333
1304.880233
1305.011867
1305.211233
1305.283600
1305.311900
1305.366800
1305.425567
1305.469800
1305.497233
1305.583933
1305.771200
1305.881400
1305.980333
1306.511433
1306.570067
1306.715200
1306.760933
1306.789233
1306.840167
1306.866467
1306.902500
1306.939300
1306.987267
1307.197667
1307.631267
1307.676367
1308.798533
1308.853800
1308.949433
1308.981733
1309.121800
1309.183167
1309.196767
1309.407867
1309.426100
1309.466600
1309.722400
1310.156800
1310.200300
1310.228233
1310.242567
1310.295300
1310.346167
1310.381767
1311.966967
1311.996133
1312.040333
1313.666533
1313.729933
1313.847200
