0.356233
0.472933
0.628467
0.693500
0.802600
1.138067
1.203633
1.786600
2.324133
3.420967
3.958367
4.255267
4.322733
4.365933
4.410800
4.999100
5.089100
5.170967
5.584300
5.797267
6.180500
6.353967
6.903400
6.985133
7.040700
7.053567
7.207167
7.374267
7.416300
7.486533
7.541300
7.588933
7.628567
7.678433
7.828700
7.865967
8.047900
8.334967
8.370133
8.555633
8.853867
8.961567
8.995467
9.098233
9.226000
9.424033
9.493967
9.659467
9.706733
9.792633
10.266933
10.383767
10.548333
10.843933
11.368933
11.453067
11.643700
11.700600
11.754933
11.858600
11.894000
11.936100
11.953900
12.000633
12.118167
13.000600
13.088767
13.147533
13.192800
13.230700
13.305967
13.979867
14.080133
14.125567
14.206767
14.506467
14.566200
14.847167
15.102733
15.138533
15.281133
15.329600
15.587367
15.618167
15.763367
15.797333
15.892367
15.914600
16.251533
16.299200
16.532733
16.555333
16.731000
16.805600
16.851500
16.904000
16.933100
16.973067
17.009033
17.505933
17.553033
17.709033
17.757200
18.039367
18.095267
18.170100
19.108467
20.251433
21.767333
22.048967
22.095933
22.301733
22.347200
22.532433
22.916300
23.329467
23.385333
23.916800
24.243400
24.881200
24.914033
24.994433
25.329667
25.428167
25.685567
26.378433
26.755000
26.825467
26.960400
27.085733
27.456567
27.546100
27.591267
27.721233
27.877333
27.969800
28.214833
28.244233
28.424333
29.292533
29.350900
29.666433
29.788033
29.969467
30.369600
30.581167
30.929233
30.994433
31.361300
31.438167
31.503300
31.546600
31.962967
32.048333
32.127267
32.174767
32.541433
32.585767
32.666500
32.907533
33.368700
33.559800
33.664667
33.771400
33.821933
33.900933
34.013233
34.153733
34.214667
34.220633
34.494467
34.657033
34.830000
34.873567
34.925700
34.960367
35.038333
35.072833
35.103400
35.136733
35.180067
35.231100
35.442033
35.817033
35.887900
35.934300
35.961000
36.052633
36.080133
36.101133
36.164400
36.220833
36.275933
36.339900
36.531667
36.552700
36.600033
36.644300
37.441567
38.107067
38.180100
38.239333
38.262767
38.290100
38.313767
38.443167
39.067400
39.121100
39.611067
39.980800
40.134333
40.657400
40.721867
40.791133
40.855900
40.938633
40.984067
41.055967
41.529600
41.643467
41.983733
42.233533
42.736333
42.970133
43.073867
43.458800
43.943000
44.129067
44.442633
44.753500
45.251667
45.387100
45.465000
45.580067
46.018800
46.075933
46.519067
46.624833
46.649500
46.788467
47.062100
47.106333
47.350867
47.368400
47.510233
47.762533
48.170333
48.208033
48.625667
48.813833
48.906133
49.386467
50.919267
51.280733
52.107000
52.253300
52.324967
52.674900
52.798367
53.469667
54.020067
54.195300
54.335800
54.406800
54.426267
54.607700
54.720600
54.772967
54.880767
54.903600
55.955900
55.997533
56.198000
56.230067
56.287800
56.460367
56.486400
56.623000
57.103333
57.154867
57.232767
57.276500
57.300567
57.375833
57.426300
57.478100
57.726467
58.252133
58.322267
58.377700
58.398533
58.604767
58.786200
58.831133
58.879967
58.928067
58.993867
59.437200
59.558033
59.972400
60.085300
60.088233
60.140600
60.167633
60.256667
60.279767
60.286800
60.307267
60.562567
60.656500
60.666133
60.908667
61.105200
61.115533
61.132067
61.154900
61.230600
61.294567
61.452533
61.482367
61.567500
61.811933
62.150500
62.431933
62.935667
63.495867
63.640267
64.226967
64.277467
64.377833
64.613500
64.628500
64.719400
64.840267
64.960733
64.973533
65.046433
65.052800
65.106767
65.134633
65.191667
65.263500
65.284900
65.323367
65.917567
66.146533
66.273600
66.727100
66.776633
66.858033
66.935600
66.967967
67.070667
67.679267
67.704267
67.755133
68.842000
69.618133
69.871367
69.909500
69.941933
69.959533
70.249267
70.826033
70.929233
70.945200
71.029200
71.066833
71.176500
71.260333
71.334967
71.948600
72.175433
72.748267
72.821467
72.945633
74.321100
74.648867
75.263167
75.701633
75.918367
75.974233
76.420200
76.655567
76.739600
76.806433
76.985700
77.058333
77.559133
77.579067
78.417267
78.545467
78.589767
78.644800
79.011000
79.029467
79.086967
79.344433
79.756167
79.870467
79.973500
80.022867
80.088467
80.324400
80.337800
80.481633
80.520600
80.675333
80.779733
80.882500
81.027133
81.506367
81.673333
82.022267
82.270867
82.556500
83.168200
83.809167
84.242233
84.910967
85.002800
85.765767
85.914200
85.988167
86.453167
86.604667
86.991833
87.091500
87.157667
87.183533
87.322767
87.808900
87.877467
89.182300
89.443867
89.525800
89.748133
89.791667
90.173667
90.228400
91.954767
92.343800
92.493167
92.548300
93.239167
93.696633
93.907267
94.458667
95.498667
95.776300
96.107600
96.280333
96.785467
96.808267
96.863233
96.986033
98.167300
98.802800
99.275967
99.372500
99.406033
99.541500
99.950433
100.052167
100.728833
100.770400
100.800967
100.852333
100.908000
100.937867
101.012700
101.129500
101.231700
101.555600
101.729633
101.826000
101.883033
102.198700
102.225867
102.269100
102.417700
103.149367
103.801100
103.885533
103.966333
104.034267
104.113900
104.165733
104.487933
104.612800
104.758167
104.805900
104.910600
105.104200
105.145067
105.188567
105.349567
105.511067
105.560300
105.637967
105.696067
105.896067
106.251667
106.332967
106.381700
106.495900
106.672533
106.781300
106.805667
106.879500
106.898200
107.036300
107.121300
107.148667
107.181400
107.187667
107.232467
107.257600
107.270700
107.294967
107.316533
107.364300
107.477533
108.028867
108.107033
108.136167
108.159800
108.200967
108.288167
108.347400
108.393833
108.403333
108.450700
108.575867
108.714467
108.861333
108.935400
109.746600
109.851033
109.959267
110.342333
110.405567
110.727900
110.980433
111.212833
111.235567
111.432500
111.504567
111.552867
111.621233
111.667867
111.926900
112.019300
112.030967
112.103100
112.117467
112.369333
112.899767
113.426500
113.592700
113.633767
113.653567
113.672600
113.744433
113.862300
114.084633
114.433400
114.461900
114.612000
114.865700
114.940733
115.441733
115.696200
115.918033
116.259900
116.891967
117.756233
118.988400
119.176067
119.307033
119.344167
119.606100
119.978233
120.332300
120.789833
120.874400
120.941467
120.968567
121.050367
121.092233
121.113133
121.330433
121.368367
121.470967
121.474100
121.493100
121.551433
121.563100
121.940933
121.986000
122.019233
122.051400
122.079400
122.117467
122.947667
123.202400
124.165367
124.329167
124.559533
124.786833
124.826300
125.078367
125.362933
125.373733
125.392800
125.641767
125.673767
125.714367
125.795367
125.864400
125.878300
125.961433
126.029867
126.039567
126.314767
126.543567
126.672900
126.844700
127.310200
127.588033
128.133867
128.259233
129.449300
129.521967
129.618167
129.868067
130.015300
131.488400
131.516700
131.619367
131.683700
131.761700
131.956800
132.077933
132.154067
132.202633
132.287033
132.435533
132.477967
133.091267
133.155400
133.206767
133.231667
133.339700
133.669200
133.724100
133.755400
133.841600
134.598200
134.650800
134.733467
134.800233
134.880967
134.924267
135.035367
135.903833
136.034700
136.056633
136.090433
136.193233
136.790433
136.864233
136.971567
137.154400
137.212367
137.291600
137.426333
137.572867
137.644233
137.809267
137.956800
139.119967
139.186633
139.368900
139.691667
139.836367
139.979033
140.042800
140.340233
140.415367
140.468233
140.525100
140.644433
140.763200
141.165267
141.219700
141.235867
141.271333
141.469800
141.536633
141.661900
143.129733
143.159733
143.277000
143.421733
143.747400
144.525800
145.595233
145.636267
146.266567
146.737533
147.020500
147.380967
147.523600
147.714300
147.771167
147.793400
147.807200
147.824167
147.876167
147.924600
147.995300
148.152267
148.198900
148.261667
148.528367
148.565933
148.665533
148.767633
148.863467
149.333567
149.520433
149.621767
149.777733
150.724333
151.098233
151.165733
151.310700
151.551967
151.649900
151.903967
151.931133
151.976433
152.026033
152.077567
152.150567
152.286700
152.356067
152.531500
152.623767
152.695833
152.788533
152.791233
152.863267
152.897667
152.999667
153.067667
153.108633
153.127133
153.139633
153.176700
153.219500
153.339767
153.453567
154.012767
154.073967
154.270700
154.334400
154.426433
155.374333
155.408633
156.137533
156.458700
156.802133
156.946200
156.987733
157.300000
157.480100
157.507367
157.583567
158.016300
158.411467
158.625833
158.700267
159.093000
159.126133
159.237667
160.089867
160.283167
160.299600
160.330033
160.356233
160.581333
161.317833
161.340900
161.447933
161.467367
161.727633
161.809933
162.127733
162.186200
162.759633
163.252233
163.571600
163.622533
163.974033
164.317500
164.425467
165.460167
165.671067
165.740167
165.842467
166.001600
166.032633
166.087000
166.100567
166.340900
166.403333
166.445600
166.647200
167.319767
168.416200
168.583667
169.308633
169.469600
169.800567
169.833267
170.067500
170.123667
170.174467
170.208500
170.232000
170.260767
170.361133
170.364833
170.424033
170.599467
170.680867
170.886000
170.937300
170.946000
171.081100
171.123433
171.134600
171.169467
171.404833
172.229900
172.402033
172.690533
173.039600
173.096267
173.376733
173.913900
174.177800
174.379533
175.389700
175.921100
176.169700
176.460967
176.539367
176.573367
176.887600
176.912533
176.977033
176.995567
177.000867
177.029567
177.037467
177.214233
177.375433
177.492800
177.549867
177.684233
178.016133
178.079933
179.184200
180.542600
180.682000
180.732533
180.768367
181.706633
182.232600
183.029933
183.071267
183.350167
183.430467
183.578667
183.868233
184.296300
184.441367
184.538000
184.772933
184.819100
184.967033
185.173100
185.390900
185.646800
186.101000
186.138567
186.413000
186.630033
186.680733
186.958567
187.036567
187.091333
187.121300
187.163900
187.213533
187.253033
187.407333
187.545500
187.658033
187.818900
187.940233
187.992867
188.050733
188.096433
188.180733
188.286133
188.456500
188.606733
190.088133
190.338967
190.720767
190.916033
190.963133
191.001400
191.123300
193.013933
193.031033
193.082733
193.106767
193.165233
193.200700
193.219533
193.258500
193.283433
193.336833
193.360900
193.433867
193.626767
193.986767
194.202400
194.351767
194.392467
194.443567
194.492800
194.890533
195.219467
195.379300
195.425133
195.631167
195.779400
196.114700
196.721700
197.057200
197.244867
197.296800
197.335967
197.396900
197.659567
197.729767
198.087867
198.302233
198.340733
198.380567
198.425267
198.485733
198.561067
198.594833
198.629000
198.772300
199.579533
199.621133
199.688567
199.738733
199.897200
200.022567
200.232667
200.511533
200.818167
200.970800
201.006700
201.032600
201.050267
201.187633
201.289800
201.444267
201.611133
202.089500
202.117033
202.177700
202.248833
202.401233
202.412567
202.428133
202.545067
202.569100
202.672967
202.684533
202.751400
202.857967
202.920133
202.972567
203.065033
203.690900
203.762400
203.900267
204.022000
204.165100
204.229300
204.445733
204.556600
204.599567
204.613967
204.643700
204.735767
204.806500
204.905200
205.083400
205.376300
205.397467
207.354333
207.546033
208.104367
209.130633
209.318367
210.247600
211.487700
211.550167
211.681200
211.706767
211.724367
212.056467
212.307533
212.453433
212.955100
213.103400
213.390600
214.184167
214.426467
214.719500
215.253633
215.642967
216.827833
216.835000
217.498567
217.814333
217.841367
217.876633
217.936067
218.525333
218.566867
218.604633
218.776800
218.820333
218.949267
219.082733
219.146833
219.182833
219.223367
219.388033
219.422700
219.586700
219.913167
219.940533
220.024133
220.051800
220.353967
220.749300
221.039967
221.097633
221.138167
222.292000
222.403767
222.625100
222.825033
222.835233
222.843200
222.985067
223.189933
223.237133
223.264200
223.347333
223.360133
223.457167
223.932433
223.956767
223.978633
223.994867
224.046433
224.068167
224.110333
224.143433
224.168767
224.233767
224.307033
224.871667
224.901333
224.947967
225.308933
225.541567
225.599133
225.637633
225.652267
225.746867
226.254633
226.348333
227.957333
227.998033
228.024100
228.062633
228.194900
228.416567
228.486567
229.359200
230.094833
230.397267
230.608200
231.330600
231.437267
231.889667
232.026400
232.568433
232.962700
233.187033
233.341600
234.031700
234.053967
234.291733
234.508767
234.976167
235.000967
235.051867
235.809700
235.884733
236.349667
236.434933
236.913200
237.156767
237.396567
237.561700
237.618800
237.674567
237.952433
237.958500
237.998767
238.034133
238.047667
238.234933
238.285867
238.460133
239.036267
239.445333
239.679500
239.967067
240.067067
240.120500
240.370000
240.382867
240.604300
241.057667
241.100833
241.187033
241.256100
241.322133
241.334867
241.410833
241.494133
241.514400
241.522133
241.781067
241.836233
241.847367
241.850000
241.871900
241.936433
241.947600
241.971933
242.000633
242.114967
242.180733
243.438400
243.811700
244.616000
244.703533
244.783767
244.899167
245.403567
245.624800
246.512500
247.492200
247.783233
247.843267
248.265033
248.280867
248.504400
248.915033
249.057767
249.335667
249.359100
249.377233
249.429633
249.468433
249.475933
249.492633
249.500433
249.563267
249.625767
249.658967
249.894133
249.906867
249.947133
250.189000
250.406767
250.751767
250.789633
250.819267
250.824867
250.877167
250.880767
251.112100
251.145233
251.177833
251.493733
251.573500
251.625033
251.922833
251.967267
252.032667
252.080933
252.168167
252.476900
252.834033
253.203800
253.404900
253.580800
253.725267
253.850267
254.000900
255.350133
255.369033
255.449800
255.488967
255.801033
255.860233
256.099167
256.211933
256.380100
256.446033
256.477600
256.996233
257.033467
257.098333
257.209100
257.346800
257.391433
257.520133
257.626167
258.057133
258.099167
258.179933
258.209400
258.365367
259.090333
259.278567
259.456400
259.851367
260.024067
260.406533
261.163667
261.324433
261.515100
261.868467
261.920167
261.940200
262.112000
262.144567
262.244733
262.327100
262.472133
262.787933
262.804600
262.831400
263.107433
263.203367
264.529433
264.591267
264.848600
265.376133
265.452567
265.807567
266.161333
266.392500
266.494100
266.588900
266.794600
266.833300
266.862267
267.094633
267.333900
267.539133
267.856033
268.136433
268.209700
268.829433
269.003833
269.051533
269.157533
269.639367
269.661400
269.711233
269.722433
270.336700
270.540367
270.567633
270.609900
270.637633
270.668567
270.736900
270.934600
271.043500
271.176867
271.229833
272.048467
272.109533
272.159967
272.381167
272.448633
272.466567
272.500267
272.542233
272.660033
272.700567
272.733200
272.755600
273.262567
273.401633
273.467700
273.915533
274.028667
274.822967
275.026733
275.142833
275.319533
275.436567
275.575600
275.653600
275.732867
275.783200
276.075233
276.527800
276.573400
276.909967
276.970167
278.533000
278.627300
278.742300
278.786367
279.364267
279.744267
279.903633
280.038267
280.087967
280.288933
280.376200
280.479600
280.509100
280.598900
280.804167
280.974233
281.012267
281.129800
281.534233
281.658433
281.678700
281.696167
281.726933
281.865367
282.279567
282.353100
282.466967
282.552033
282.581033
282.615500
282.767200
282.827967
283.194067
283.538700
283.644133
284.083400
284.485367
284.853100
284.943767
285.028833
285.132533
285.811533
286.122500
286.438533
286.472200
286.728167
286.786600
286.993933
287.062933
287.192133
287.661533
287.812533
287.878600
288.542133
288.604933
288.937667
289.054333
289.498933
289.630433
289.951433
289.985833
290.003733
290.186533
290.294300
290.366000
290.381400
290.397667
290.415967
290.464667
290.483167
290.519067
290.581000
290.866300
290.869867
290.885667
290.923400
291.002333
291.047867
291.053033
291.077333
291.159900
291.202100
291.337833
291.349900
291.424567
291.445967
291.621000
292.168633
293.056933
293.135200
293.213233
293.558833
293.769033
294.340033
294.627033
294.773967
294.963833
295.154533
295.590400
295.700400
295.845233
295.911833
296.402000
296.505533
296.566400
296.586967
297.364400
297.534500
297.782467
297.848200
298.109933
298.136833
298.176933
298.515267
298.715000
299.701500
299.969567
300.227033
300.575167
300.716067
301.183700
301.558500
301.679833
301.845600
302.262300
302.620500
302.795867
303.109000
303.188933
303.336333
303.454567
303.629900
303.659933
303.695300
304.267833
304.806167
305.714900
306.416267
306.550467
306.606433
306.679933
306.813500
306.854367
307.573833
307.587233
307.896167
307.941067
307.968300
308.043600
308.149533
308.556933
308.930000
308.997967
309.314533
309.708067
310.003367
310.675400
311.090433
311.538433
311.578067
312.098800
312.201267
312.356100
312.499300
312.817500
313.351367
313.613800
313.669667
313.830600
313.962067
314.071500
314.089733
314.118233
314.183433
314.201500
314.259400
314.319200
314.415967
314.566200
314.661967
314.744167
315.032933
315.176533
315.294667
315.332633
315.787100
315.922833
316.429133
316.766867
316.836900
317.221600
317.819167
318.036900
318.224733
318.310633
318.351733
318.618867
318.674500
318.719433
318.922333
319.251900
319.438700
319.485867
319.917733
320.056000
320.112767
320.168667
320.527800
320.867233
321.759500
322.311000
323.459367
323.605900
323.932933
323.983333
324.004533
324.049800
324.178367
324.348833
324.416367
325.314433
325.331733
325.371333
325.470467
325.500000
325.522833
325.604400
325.721067
325.825633
325.939333
326.134367
326.481700
326.519333
326.685700
326.824700
326.943700
327.258300
327.461633
327.903767
328.012467
328.098333
328.160567
328.716533
329.352700
329.368267
329.388300
329.422967
329.458267
329.543100
329.607467
330.444700
331.431700
331.522933
331.563367
331.601933
332.273000
333.134000
333.364200
333.401533
333.431000
333.530467
333.580200
333.636233
333.715100
333.726367
333.996867
334.627933
334.704400
334.716600
334.730033
334.825633
335.020567
335.246500
335.566300
336.043700
336.805800
336.908267
336.954600
337.007833
337.375100
337.604733
337.650333
337.735433
337.878967
337.991167
338.194900
338.329500
338.394000
338.427600
338.449867
338.460933
338.509300
338.545867
338.553233
338.594500
338.605167
338.724233
338.753267
338.768500
338.771000
338.794267
338.827633
338.949133
339.014833
339.094167
339.119467
339.439633
339.529100
339.579867
339.669600
339.880633
340.126933
340.496033
340.620233
340.963333
341.022733
341.054633
341.790833
342.812600
342.918967
342.968333
343.043900
343.177967
343.995133
344.054300
344.213367
344.302467
344.354967
345.055400
345.118500
346.083667
346.801900
346.828233
346.864667
346.882200
347.004200
347.160233
348.394667
348.543333
348.609400
349.256333
349.278400
349.959467
350.046900
350.157733
350.709133
350.929567
351.059833
351.118200
351.145967
351.307833
351.383067
351.680833
351.819000
351.834967
351.972167
351.980267
352.222567
352.401700
352.431033
352.445833
352.563833
352.667800
352.769733
352.841133
352.905000
353.329000
353.641400
353.791833
354.083500
354.345533
354.371167
354.539767
354.776333
354.795167
354.820367
355.013733
355.120400
355.283600
355.323367
355.721700
356.674700
357.552800
358.407667
358.863200
359.647867
359.674433
359.699133
359.734867
359.850167
359.970700
360.092767
360.368267
360.392967
360.625767
360.748100
361.048567
361.249633
361.518067
361.566200
361.642733
361.739833
361.921267
362.020267
362.964233
363.024433
363.132267
363.547000
363.710933
363.741400
364.593400
364.920467
365.673667
365.854633
366.097000
366.247333
366.530000
367.096100
367.169567
367.596167
367.687600
367.882267
367.952400
368.091600
368.122233
368.185333
368.474100
368.662133
368.725833
368.864267
369.058000
370.403533
370.643067
370.992900
371.211833
371.344067
371.517833
372.254667
372.821867
373.013500
373.178367
373.230300
373.742800
373.922067
373.926867
374.026200
374.106000
374.200133
374.344433
374.643133
374.842267
374.889233
374.925967
374.958867
374.977767
375.080533
375.113233
375.226433
375.299733
375.971633
375.991900
376.012600
376.338967
376.434267
376.680167
377.203433
377.387067
377.680300
377.704367
377.738900
377.879333
377.948833
377.973933
378.004067
378.999700
379.467100
379.586933
379.648400
379.675533
379.804833
379.857433
379.959600
380.128033
380.159333
380.510900
380.642333
380.736333
380.798533
380.990600
381.407300
381.768333
381.866067
381.903300
381.933233
381.968267
382.013733
382.070000
382.488833
382.654267
382.761500
382.899467
383.205367
383.493633
383.695167
383.790167
383.831733
383.901900
384.344867
384.789133
384.855567
384.966600
385.756700
385.949533
385.995200
386.082667
386.109867
386.249667
386.283167
386.369567
386.388033
386.460833
386.479600
386.509100
387.316467
388.510167
388.687133
388.924567
389.431433
389.791800
390.330233
390.368600
390.400233
390.526933
390.536667
390.637100
390.648667
390.653300
390.674867
390.684933
390.727800
390.740700
390.773500
390.878767
391.020367
391.076133
391.129767
391.192933
391.231200
391.250400
391.267267
391.511400
392.281467
392.914833
392.982967
393.239400
393.753100
393.864300
394.585233
395.085700
395.188667
395.980367
396.090667
396.151033
396.170833
396.312933
396.335900
396.451167
396.873833
396.925133
397.011067
397.072100
397.192900
397.281100
397.469900
397.857833
398.106900
398.425400
399.091267
399.662767
400.264367
402.169633
402.278100
402.743200
403.526167
403.745300
403.771667
403.826133
403.948367
404.122067
404.319200
405.045100
405.125267
405.127800
405.233233
405.262433
405.301233
405.447000
405.453433
405.573767
405.601000
405.618500
406.515167
406.590100
406.814533
406.943067
407.075933
407.567533
407.595933
407.626600
409.888300
409.924633
409.963633
409.974500
410.054233
410.166967
410.197233
410.219000
410.261600
410.330567
410.373767
410.926767
410.985767
411.095633
411.168733
411.174533
411.315433
411.738800
411.796833
412.428100
412.624533
412.690700
412.750133
413.598933
413.656433
413.909867
413.997467
414.039533
414.081800
414.149333
414.227133
414.276433
414.352133
414.366633
414.401967
414.462000
414.593867
414.727633
414.919633
415.160833
415.632567
415.672767
415.904433
415.984333
416.055133
416.226667
416.367433
416.496567
416.750667
416.776567
416.824400
416.894133
417.171400
417.507667
417.529800
417.992633
418.190633
418.401467
418.429667
418.514200
418.558833
419.337933
420.554433
421.111133
421.161633
421.225200
421.384000
422.184167
423.541533
424.029633
424.251367
424.968967
425.119767
425.140633
425.238933
425.722800
425.753500
427.131867
427.714967
427.860533
427.968367
428.243233
428.296967
428.757233
428.792800
428.962067
429.066233
429.129600
429.160700
429.271433
429.547700
429.912233
430.059800
430.359933
430.796400
431.366333
431.408467
431.442567
431.546933
431.667400
432.208867
432.329667
432.376933
432.631833
432.709600
432.855867
433.337067
433.349000
434.185733
434.221733
434.362967
434.449000
434.519433
434.786367
434.945800
435.545200
435.573800
435.666433
436.208767
436.337367
436.381200
436.525667
436.658167
436.703000
437.835667
438.037133
438.078067
438.101733
438.151633
438.573600
438.775367
438.930033
439.036033
439.113367
439.402700
440.375867
440.466033
440.508567
440.574500
441.134967
441.163700
441.265100
441.297767
441.553100
441.640300
442.271967
442.327167
442.338600
442.371600
442.423100
442.534800
442.570933
442.788667
443.512667
443.685033
443.750367
443.778700
443.794900
443.904233
444.197267
444.800067
444.832867
444.921733
444.980133
444.994267
444.999067
445.170367
445.219967
445.283000
445.300667
445.568033
445.642433
445.769833
445.841567
445.939767
446.037000
446.124733
446.686200
446.753500
446.795500
446.879367
446.938867
447.131933
447.351267
447.584167
447.778000
447.969300
448.060900
448.105933
448.335933
448.550467
449.366000
449.497867
449.598767
450.817433
450.914467
451.343700
451.843600
452.025833
452.728700
453.175033
453.215867
453.274833
453.502100
453.579667
453.592867
453.661400
453.720300
454.105700
454.152233
454.741133
454.791033
454.811067
456.467100
456.549533
456.661033
456.707767
456.815933
457.270700
457.360333
457.438567
457.741333
457.849067
457.905233
457.924967
458.083900
458.453433
458.486333
458.731667
459.049400
459.214400
459.233167
459.357467
459.387633
459.467833
459.655767
459.810933
459.838700
459.864300
459.914333
459.919200
459.977233
459.989800
460.044667
460.129567
460.210900
460.266467
460.387400
460.806767
460.960167
461.745033
462.363500
462.724600
462.780000
463.201267
463.425833
463.990333
464.082900
464.104567
464.107200
464.126200
464.330100
464.357800
464.491133
464.540300
464.554733
464.746167
464.833833
464.921200
465.099700
465.204367
465.363900
465.384867
465.541167
465.840100
466.008500
466.159000
466.176467
466.233300
466.316033
466.371367
466.397667
466.408933
466.432133
466.487533
466.681967
467.340567
467.445367
467.482200
468.776300
469.015300
469.201333
469.878767
470.243100
470.624333
470.697800
470.766167
470.926767
471.023033
471.481533
472.117733
472.258800
472.285000
472.299067
472.431767
472.909300
472.977400
473.172067
473.300633
473.895467
474.408367
474.693767
476.037400
476.553667
476.865933
476.932367
476.966233
477.003267
477.011633
477.040467
477.114600
477.188400
477.298967
477.371633
477.642667
477.660033
477.909133
477.989067
478.136867
478.248967
478.280400
478.352100
478.537833
478.670867
478.885400
479.715033
479.958500
480.013867
480.090467
480.288700
480.310000
480.364200
480.502100
480.547233
480.559267
480.601133
480.895333
481.018967
481.105533
481.180067
481.312900
481.396733
481.802267
481.878067
482.451567
482.683667
483.410433
483.568000
483.629667
483.908533
483.955733
483.989433
484.233533
484.349833
484.470567
484.556133
484.653333
484.777600
484.878300
485.014133
485.142233
485.227700
485.304433
485.717033
485.780200
485.897667
486.226100
486.457200
486.889233
486.893067
487.015000
487.502100
488.007400
488.358633
488.383900
489.213500
489.232300
489.311000
489.324600
489.355700
489.379233
489.521033
489.567733
489.779867
489.998467
490.336933
490.489033
491.012600
491.095200
491.140500
491.212833
491.266067
491.420367
492.130367
492.443567
492.574433
492.805933
494.225200
494.235733
494.269667
494.286700
495.269567
495.287933
495.954633
496.065600
496.177767
496.194733
496.207500
496.233567
496.420667
496.616400
496.630033
496.652233
496.684533
496.709200
496.757500
496.793300
496.948300
497.178500
497.207167
497.517633
497.581400
497.677467
498.364433
498.492800
499.148100
499.190700
499.220433
499.250767
500.315267
500.512900
500.654667
500.856733
501.172133
501.214167
501.269000
501.357600
501.553033
501.768900
501.830367
502.149533
502.423233
502.464300
502.569333
502.909733
503.235467
503.364033
503.439033
503.619400
503.662700
503.695800
503.720800
503.855400
504.104933
504.166667
504.260100
504.274433
504.366400
504.547367
504.549233
504.572000
504.623100
505.131867
505.476033
506.728567
506.881067
507.003667
507.092733
507.407333
507.963933
508.101067
508.206633
508.399667
508.783267
508.860033
509.304967
509.423133
509.890167
510.084133
510.191533
510.355467
511.513100
511.709500
511.824633
512.352500
512.407433
512.511300
512.968800
513.263900
514.270867
514.374433
514.462767
514.500200
514.529233
514.619567
514.785300
514.804167
514.849567
514.868800
514.872267
514.910667
515.020067
515.385967
515.586633
515.616100
515.687067
516.021300
517.129100
517.221567
517.307633
517.678767
518.095700
518.538233
519.380567
519.898533
519.931600
520.111033
520.142333
520.242800
520.344667
520.387500
520.610900
520.653500
520.698100
520.923067
520.951567
520.998067
521.019267
521.129533
521.197367
521.633400
521.967300
522.750433
524.804467
525.229967
525.263300
525.614733
525.709667
525.765267
526.391367
526.476733
526.498300
526.777700
526.835267
526.970067
528.044400
528.468233
528.696100
529.384500
529.653500
529.947233
530.070067
530.160700
530.289233
530.414700
530.462367
530.547067
530.599400
530.825433
531.072067
531.133533
531.227467
531.725967
531.956100
533.012133
533.048533
533.116300
533.348967
533.431867
533.594500
533.714467
534.242600
534.431000
534.906500
534.969500
535.123567
535.442667
535.631733
535.774200
535.814033
535.869567
535.978400
536.086533
536.923533
537.232033
537.411333
537.647267
538.195700
539.028533
539.272467
539.328300
539.611800
540.037233
540.064200
540.311500
540.386633
540.467033
540.496500
540.550067
540.639833
540.956500
541.477800
541.533000
541.945433
542.003133
542.028333
542.074167
542.119367
542.447567
542.538767
542.590400
542.728633
542.788000
542.893700
543.311800
543.354933
543.922567
543.978767
544.014800
544.030900
544.081667
544.148100
544.173133
544.284800
544.423033
544.499033
544.872833
545.050100
545.403867
546.183400
546.218700
546.866000
546.928000
546.965567
547.643433
548.068967
548.166967
548.286567
548.741767
549.115833
549.388200
550.002367
550.056267
550.123000
550.260233
550.459733
550.753300
550.837833
551.247800
551.277100
551.310833
552.068333
552.618300
553.030667
553.222800
553.295467
554.449933
554.478400
554.823500
555.196167
555.374867
555.478333
555.506567
555.656433
555.874133
556.005500
556.123667
556.339500
556.374800
556.561200
556.696733
556.936200
557.158000
557.214400
557.503233
557.691267
557.750233
558.042800
558.204467
558.288800
558.442367
558.651233
558.829133
559.569967
559.616933
559.633733
559.719033
559.779167
560.307400
560.571633
560.733667
560.861733
560.908967
560.961667
560.982233
561.053400
561.371033
562.276533
562.341767
562.366600
562.502400
562.541867
562.694433
562.708933
562.711300
562.760700
563.003500
563.042567
563.473767
563.629933
563.674933
563.840867
564.376333
565.837667
566.237600
566.421133
566.778533
567.059233
567.116867
567.244033
567.386700
567.457000
567.552667
568.849333
568.869033
568.963300
569.784633
569.912533
570.305067
571.025500
571.060033
571.097833
571.508833
572.092067
572.297167
572.542667
572.585900
572.631900
572.791133
572.933867
572.983400
573.476267
573.525567
573.612700
574.549167
574.629200
574.896300
575.336500
575.486900
575.590600
576.464933
576.525567
576.711367
576.745667
576.763100
577.200867
577.272567
577.355667
577.590633
577.614133
577.689400
577.753000
577.815067
577.898033
578.033933
578.531500
578.626133
578.952100
580.103667
580.186500
580.446800
580.507900
580.558700
580.612967
580.649633
580.657233
580.779833
580.799633
580.812333
580.947833
581.065600
581.090167
581.158167
581.234133
581.275033
581.470900
581.556467
581.697967
581.701167
581.735867
582.559533
582.927700
583.237767
583.248067
583.326600
583.357133
583.432167
583.707200
583.968133
584.049767
584.245200
584.316867
584.384767
584.621367
584.907233
585.155933
585.481067
585.769367
585.827267
586.131900
586.548900
587.289400
587.360100
587.541933
587.577067
587.649400
587.778733
587.799700
588.467133
588.593700
588.804067
588.919167
588.970033
589.237433
589.603533
589.883600
589.890100
589.968333
590.132900
590.249167
590.520833
590.676067
590.921000
591.160633
591.410867
591.763833
591.817767
591.979133
592.092367
592.233900
592.319433
592.402667
592.622400
592.666833
593.361767
595.713600
596.001067
596.041433
596.248233
596.333533
596.388300
596.467167
597.057233
597.223033
597.937533
597.994733
598.749200
599.256000
599.303833
599.340900
599.583133
599.695600
599.811033
599.828300
599.988700
600.059333
600.132900
600.494567
600.944500
601.407933
601.550367
601.645200
601.919033
601.968267
602.472500
602.530467
602.552000
602.984633
603.066367
603.101333
603.230233
603.256767
603.676833
603.801967
603.910300
604.856433
605.234933
605.264967
605.287033
605.707933
605.746500
606.091367
606.531033
606.563900
606.725800
607.126233
607.168700
607.195600
607.286233
608.790500
608.842767
608.929900
608.952800
609.299500
609.356867
609.923367
609.953733
610.227267
610.387567
610.605233
612.163833
612.537433
613.074433
613.105133
613.126233
613.178500
613.226633
613.278400
613.322233
613.337900
613.447833
613.888133
614.034100
614.194833
614.478767
614.591800
614.631233
614.705433
614.836933
615.037833
615.094100
615.601733
615.888767
615.996133
616.449833
618.881067
619.006067
619.159167
619.247567
619.276167
619.311767
619.752300
619.779133
619.959133
620.147800
620.241967
620.815367
621.020200
621.155133
621.521700
621.572900
621.628700
621.664533
621.863933
622.006467
622.328200
622.781400
622.891333
623.405100
624.012233
624.056367
624.671233
624.738400
624.816700
625.016433
625.351733
625.709833
625.921167
625.994800
626.663767
626.724600
627.213233
627.219033
627.274400
627.286667
627.298533
627.306133
627.389200
627.437500
627.559067
628.516500
628.572333
629.155167
629.227333
629.374100
629.761267
629.801900
629.826433
629.885967
629.921400
630.016867
630.131867
630.696900
630.801200
631.127267
631.244767
631.508000
631.734733
631.768033
632.771933
633.358567
633.534933
633.765300
633.963800
634.535933
634.609733
634.700600
634.733167
634.804433
635.120600
635.145800
635.205067
635.255400
635.416067
635.500533
635.605167
636.339667
636.865067
637.110367
637.181833
637.271033
637.449667
637.502500
637.861667
637.959433
638.031167
638.083200
638.110700
638.151433
638.293333
638.359900
638.386033
638.791733
639.019333
639.354900
639.686500
639.762733
639.911767
640.084733
640.226200
640.346700
641.017633
641.091800
641.188667
641.215200
641.435200
641.446567
641.463767
641.760033
642.065233
642.173000
642.203367
642.246200
642.265100
642.300033
642.873867
643.224067
643.936067
644.043300
644.103367
644.140500
644.175800
644.240367
644.499500
644.607200
644.835900
645.249600
645.346000
645.701100
645.757833
645.929833
646.057567
646.068000
646.142100
646.180367
646.407967
646.459000
646.505100
646.664533
646.694233
646.772500
647.297500
647.411433
648.800300
649.525000
650.195000
650.573733
651.198200
651.321600
651.349767
651.407067
651.494033
651.537467
651.605633
651.710500
651.742833
651.793233
652.394767
652.416933
652.438533
652.466667
652.481133
652.507200
652.555067
652.580867
652.621000
652.817300
653.156300
653.205133
653.314100
654.071300
654.129467
654.164700
654.316667
654.589067
654.636300
654.697000
654.730800
654.810200
655.287533
655.619900
655.865800
656.004367
656.424433
656.768567
657.205800
657.505433
657.635333
658.060700
658.202033
658.489767
658.707833
659.134600
659.163900
659.220567
659.247367
659.278433
659.316067
659.512833
659.649200
659.722967
659.778567
659.864300
659.922900
660.284400
660.823033
661.914800
662.072000
662.605467
662.842867
663.096633
664.238533
664.467933
665.144600
665.182700
665.208600
665.329933
665.761900
666.441567
666.518867
666.795567
666.871933
666.946267
667.492233
668.273933
668.366067
668.624167
668.787933
669.083633
669.598433
669.819200
669.973567
670.021033
670.213100
670.247233
670.313167
670.501400
670.753067
670.931033
671.024967
671.187300
671.214500
671.221633
671.240633
671.265133
671.273333
671.562333
671.614333
671.648833
671.687867
671.780900
671.883967
671.906567
672.357467
672.439900
672.497333
672.548133
672.726667
672.886333
672.930667
673.241067
673.320933
674.197367
674.350467
674.807000
674.852467
674.973833
675.005233
675.026633
675.173767
675.464500
675.506033
675.530833
675.619233
675.998900
676.469967
676.645967
678.138200
678.429167
678.458433
678.522000
678.654600
678.716900
679.092067
679.243467
679.513833
679.669767
680.076133
680.230400
680.244700
680.288900
680.393933
680.466633
680.725367
680.978333
681.052100
681.148433
681.552133
681.595200
681.720900
681.849933
681.861467
682.139167
682.263067
682.298700
682.432633
682.527500
682.577500
682.733233
682.819800
682.858433
682.894000
683.093933
683.108700
683.141800
683.385033
683.445233
683.523300
683.621433
683.643967
683.762033
683.798967
683.812100
683.837867
684.012967
684.178200
684.253200
684.473400
684.517533
684.600133
684.732967
685.639933
685.836667
686.069833
686.164967
686.403300
686.704433
687.166300
687.527467
689.021167
689.859000
690.216833
691.950900
692.122167
692.233100
692.936367
693.200433
693.236500
693.328633
693.366967
693.412333
693.418000
693.465833
693.486600
693.541733
693.746667
694.182833
694.203500
694.309200
694.312900
694.355533
694.423800
694.458433
695.252333
695.375867
695.495667
695.888167
696.016000
696.215233
696.270000
696.307467
696.742033
696.795067
697.775333
697.901433
698.061600
698.339167
698.403600
699.155267
699.217600
699.486900
699.911833
700.122100
700.706867
700.753533
701.314900
701.371633
702.630400
702.675600
702.912733
704.079567
704.596133
704.658233
704.827667
705.286733
705.348900
705.430000
705.892500
706.023500
706.238867
706.283967
706.293900
706.320433
706.437367
706.483100
707.050967
707.407467
708.418133
709.193800
709.308800
709.447300
709.514000
709.533133
709.560500
709.573000
709.752400
709.765533
709.810533
710.222900
710.251467
710.340067
710.428500
710.514067
710.757267
710.861667
711.608500
711.767800
711.793400
711.830967
712.416700
712.444267
712.702233
712.963167
713.071667
713.124300
713.149533
713.225267
713.330033
713.617267
714.336433
714.520833
714.859633
715.252433
715.675900
716.333033
716.435667
716.504033
716.573700
716.581833
716.681733
717.473867
717.834867
717.978633
718.003333
718.040767
718.075533
718.243000
718.597967
719.376600
719.754200
719.875567
720.084300
720.176333
720.870900
720.975667
721.178167
721.456000
721.519233
721.614833
721.735233
721.977100
722.577967
722.735667
723.173133
723.179167
723.284867
723.327833
723.445300
723.571633
723.876800
723.967767
724.001100
724.683933
724.748833
725.037800
725.125067
725.591567
725.652567
726.141167
726.405400
726.503133
726.755633
726.789067
726.979967
727.177300
727.972767
728.656267
729.019833
729.087667
729.156333
729.201033
730.932933
731.011400
731.115900
731.155567
731.388733
731.401500
731.468967
731.607500
731.647300
731.713300
731.734233
731.838400
731.893867
731.950500
731.985367
732.030467
732.239800
732.436667
732.725033
733.408433
733.592367
733.711500
734.443033
734.669867
734.725567
734.748333
735.207800
735.287000
735.390867
735.472267
735.634767
735.730233
735.846667
736.343700
736.459900
736.662500
736.683167
736.727267
737.062800
737.132867
737.632200
737.778367
737.815633
737.848733
737.897033
738.134100
738.158067
738.568233
738.649667
738.687767
738.794933
738.890533
738.972733
739.172333
739.178767
739.338867
739.451633
739.478467
740.093433
740.179333
740.402267
740.541367
740.568733
740.787167
740.806033
740.947367
740.995800
741.263767
741.314167
741.678367
741.831233
743.107633
743.656933
744.023433
744.033367
744.292333
744.404167
744.606667
745.525667
745.574833
745.646400
746.143633
746.411833
746.438267
746.595533
746.629300
746.953767
747.048533
747.140767
747.213667
747.292633
747.575067
747.784567
748.552967
749.457700
749.739533
750.201633
750.445167
750.515467
751.720700
751.794233
751.910400
752.490533
752.619367
752.688633
752.714433
752.739033
752.767867
753.673233
753.745000
754.215533
754.434867
754.444433
754.524000
755.033200
755.548300
755.615067
756.854867
756.884567
757.269500
757.369100
757.459200
757.473133
757.524933
757.564300
757.620000
757.667400
757.693000
757.727133
757.749333
757.885500
758.707467
758.974533
759.011500
759.076900
759.153300
759.177100
759.204400
759.323967
760.001600
760.164200
760.192100
760.476000
760.585200
760.714333
761.076000
761.235533
762.503967
763.091800
763.168367
763.385133
763.475900
763.575867
763.744133
763.911433
763.988133
764.066333
764.335000
764.389267
764.437133
764.503667
764.887367
764.940400
764.967900
765.250067
765.708900
765.789767
765.836367
766.755867
766.958000
766.993200
767.077167
767.524200
768.039967
768.230300
768.536500
769.601333
769.647967
769.769900
769.839400
770.045367
770.276633
770.314000
770.351467
770.380933
770.402933
770.853833
770.903567
771.051733
771.404967
771.842167
771.946733
772.153333
772.474367
772.550867
772.625200
772.642367
772.822667
772.884033
772.934000
772.949733
772.986800
773.201233
773.289433
773.334567
773.680067
773.863100
773.892533
774.851000
774.904767
775.000300
775.148700
776.815067
777.084433
777.139400
777.345667
777.764900
777.827200
778.134267
778.203767
778.665033
780.044200
780.163833
780.239533
780.376600
780.454900
780.867500
780.921533
780.998900
781.077533
781.250400
781.355767
781.564267
781.951900
782.636867
782.832800
782.874467
782.929033
783.212267
783.320967
783.513000
783.608900
783.729233
783.942767
784.001433
784.163067
784.198533
784.230433
784.916767
785.703900
785.726533
786.224167
786.305567
786.726333
787.252867
787.281167
787.463300
788.579400
788.661833
788.961233
789.017767
789.060633
789.090533
789.139533
789.322633
789.598200
789.673333
789.723500
789.773200
789.861567
790.017867
790.348300
790.406833
790.447700
791.028733
791.180667
791.346400
791.510267
791.694367
791.948367
793.097100
793.248800
793.313833
793.688933
793.785167
793.887733
793.926400
794.137500
794.528200
794.609867
794.902433
795.363367
795.437267
796.167800
796.192500
796.254600
796.257800
796.273933
796.310800
796.440967
796.544367
796.755133
797.303100
797.394367
797.418400
797.540367
797.807100
797.816833
797.959067
798.047400
798.085500
798.131967
798.170433
798.181800
799.150333
799.263867
799.385800
799.705667
799.736267
799.767667
800.031033
802.216767
802.453233
802.962967
803.129067
803.417067
803.501633
803.744567
804.120933
804.589700
804.678267
804.842433
805.118367
805.195733
805.885000
805.984767
806.150833
807.203100
807.303067
807.476700
807.823400
808.220867
808.892733
808.991733
809.454667
809.501300
809.653800
809.705833
809.807267
809.989500
811.210733
811.486633
811.867167
812.221633
812.658700
813.062767
813.095967
813.448100
813.530433
813.546933
813.563300
813.580133
813.593967
813.834267
814.079700
814.212367
814.385200
814.592000
814.941400
814.972667
815.128900
815.399433
815.416167
815.425467
815.452033
815.531067
815.559100
815.734667
815.890167
815.968700
816.007400
816.112933
816.337333
816.669333
816.995433
817.923367
818.656200
819.660633
819.823367
820.996967
821.406167
821.680433
821.721333
821.755900
821.792800
821.849333
822.072533
822.157800
822.247167
822.361467
822.753967
822.778200
822.839000
823.008967
823.817033
823.905400
824.971333
825.020433
825.058367
825.089500
825.108567
825.186367
825.293367
826.002133
826.595767
827.011600
827.063233
827.165267
827.232667
827.485733
828.536433
828.706267
828.764267
829.107900
829.457100
829.499167
829.610433
829.958067
830.035000
830.173800
830.237233
830.410900
830.543800
830.595133
830.613967
830.947500
831.031933
831.043767
831.149567
831.302467
831.448667
831.679367
831.755933
831.811500
832.201100
832.339600
832.376267
832.859633
832.923133
832.959233
833.066500
833.085400
833.100300
833.118667
833.156700
833.188167
833.201400
833.235367
833.274367
833.294433
833.328000
833.351133
833.368467
833.587967
833.616367
833.667400
833.720500
833.773967
833.817300
833.876800
833.905933
833.924833
834.080133
834.260767
834.775667
835.260333
835.315000
835.597167
835.667533
835.729167
835.854000
836.501033
836.683933
837.512700
837.531800
837.576700
837.827767
837.837900
837.863200
837.988500
838.711267
838.953433
838.961133
839.077067
839.133367
840.192367
840.473233
840.614533
840.749700
840.941400
841.399433
841.445533
841.487967
841.634933
841.706200
841.923733
841.960333
842.546833
842.770867
842.964733
842.997767
843.032667
843.092967
843.125067
843.142967
843.173700
843.181633
843.292033
843.886000
843.951200
844.040667
844.252167
844.392833
844.528300
844.907167
845.293867
845.366433
845.510867
845.988967
846.256533
846.281000
846.302333
846.330167
846.889767
847.311233
847.384233
847.445400
847.613533
847.662667
847.712267
848.051767
849.309733
849.506133
849.874533
849.923400
850.283800
851.506667
851.727567
851.749500
851.786300
852.046933
852.333167
852.391633
852.473633
852.734133
853.267100
853.707867
853.786433
854.115133
854.838600
854.880133
854.906833
855.044500
855.048600
855.064900
855.080033
855.194567
855.265633
855.285800
855.966767
856.019167
856.032300
856.091100
856.161533
856.185500
856.409500
857.190900
857.224467
857.252233
857.318933
857.415567
857.440367
857.560267
857.626467
857.701933
857.735400
858.004067
858.382033
858.438500
858.497767
858.518333
858.694033
859.283167
859.326967
859.344367
859.361233
859.377267
859.451133
859.464333
859.757100
860.005333
860.065400
860.070333
860.131200
860.708400
861.817800
862.208833
862.335500
862.431233
862.714567
862.902400
863.031833
863.625567
863.715100
863.859600
864.196433
864.207733
864.422633
864.450067
864.530000
864.638767
864.970400
865.048100
865.070233
865.162500
865.498400
865.574400
865.652267
865.736000
865.751200
865.917467
865.963033
866.036033
866.074967
866.090800
866.123000
866.217533
866.296233
866.572067
866.598200
866.628733
866.646367
866.666000
866.767433
867.272067
867.382700
867.423800
867.475867
867.601833
867.733100
867.834433
867.873833
867.895333
867.957400
868.074233
868.086933
868.235100
868.281200
868.317767
868.572500
868.662233
868.747533
869.182100
870.342267
871.149500
871.378600
872.833967
873.090700
873.590433
873.679967
873.864833
874.236367
874.251300
874.308667
874.390400
874.439367
874.605633
874.751933
874.790267
874.978067
875.113400
875.932967
875.971700
876.007033
877.038233
877.163700
877.214267
877.243867
877.718867
877.791067
879.063500
879.133067
879.272267
879.465367
879.993067
880.735233
881.036767
881.150367
882.334700
883.113700
883.662300
884.213467
884.328900
884.659367
884.747000
885.040400
885.183233
885.353300
885.416667
885.431700
885.677967
886.520600
886.844700
887.676600
888.385467
889.469267
890.139433
890.567900
891.660400
891.726733
892.804000
892.835467
893.219300
893.448967
893.484100
893.696433
893.738800
893.795167
894.139033
894.253300
894.380367
894.910400
896.022633
896.059733
896.272600
896.991967
897.006333
897.104867
897.243133
897.547267
897.589200
898.069233
898.098833
898.147800
898.297467
898.619500
898.843133
898.911433
899.039967
899.489200
899.627100
899.721333
899.745767
899.835833
899.884867
899.978567
900.376067
900.611300
900.694133
900.973633
901.726267
902.525767
903.003867
903.139367
903.333767
903.547333
904.312167
904.337433
904.360833
904.412133
904.486967
904.818733
905.027033
905.703600
905.788100
905.840133
905.863233
905.919833
905.954267
906.609567
906.654500
906.728367
906.775867
907.528800
907.838700
907.933467
907.991633
908.011433
909.011067
909.424433
909.686300
909.794867
909.865833
909.928233
909.932500
910.016067
910.059500
910.182733
910.248867
910.281667
910.453100
910.598400
910.978500
911.101467
911.173500
911.225267
911.427867
911.466200
911.488533
911.531000
911.748000
911.921300
912.235933
912.640333
912.690467
912.786900
913.303933
913.615933
913.669000
913.813867
913.846300
914.366500
914.375867
914.469733
915.481133
916.082067
916.275833
916.342833
916.380367
916.424433
916.890300
916.951333
917.861300
919.118633
919.326833
920.031467
920.143733
920.470700
920.948700
921.319167
921.454200
921.630667
921.682867
921.786700
921.858800
921.955133
922.060800
922.113400
922.136867
922.164867
922.308400
922.706367
922.965800
923.101433
923.494700
923.651967
923.853767
924.405867
924.479667
925.014633
925.074800
925.297867
925.378033
925.613333
925.693500
926.079967
926.190467
926.253333
926.702400
926.823600
926.907100
927.475700
927.658800
927.885900
928.805700
928.996167
929.048067
929.097200
929.518500
929.984900
930.162700
930.219533
930.261400
930.319000
930.356100
930.449300
930.630833
930.664300
930.681100
930.779933
931.173733
931.922367
931.959467
932.076133
932.273000
932.591900
932.627333
932.837067
933.052300
934.265400
934.317933
934.495833
934.551067
934.568600
934.751467
934.881967
934.927867
935.038667
935.086867
935.173467
935.746400
936.445800
936.506533
936.960133
937.221967
937.236133
937.351667
938.013033
938.093133
938.146167
938.184467
938.215733
938.362933
938.476567
938.526067
938.570867
938.923933
939.702567
939.993467
940.123800
940.249667
940.985500
941.084033
941.182067
941.199233
941.369433
941.587700
941.767467
941.779867
941.819267
942.579667
942.778800
942.819200
943.190300
943.271200
943.507000
943.874467
943.950367
944.723700
945.377600
945.441400
945.585733
945.817067
946.117500
946.377800
946.403800
946.444433
947.323067
947.400800
947.517267
947.533967
947.669000
947.900733
948.156367
948.396000
948.762700
948.833133
948.895767
949.091000
949.113733
949.532733
949.573267
949.627267
949.690833
949.794633
949.857000
949.925867
949.984533
950.453433
950.556500
950.709667
950.820667
950.864500
950.933100
951.036067
951.066167
951.120100
951.583067
951.837367
951.860567
952.160733
952.228500
954.169333
954.265900
954.452733
954.590967
955.434533
955.561733
955.633467
955.799533
955.945967
956.190633
956.536067
956.693167
956.728700
956.773833
956.793233
956.931733
957.281300
957.336367
957.405767
957.742600
957.803467
957.873433
957.914967
958.090433
958.204967
958.259300
958.306400
958.409333
959.763367
960.235933
960.292533
960.318533
960.352833
960.474633
960.727100
960.835633
960.976867
961.951767
962.052633
962.149100
962.236000
962.793867
962.839667
963.103900
963.264967
963.998967
964.235167
964.297033
964.358233
964.450967
964.589467
965.028167
965.226333
965.276033
966.163800
967.158433
967.485767
967.815333
967.955933
968.486667
968.958667
969.204967
969.408367
969.901300
969.924900
970.508867
971.390233
971.446567
972.192033
972.449467
972.747067
972.858367
972.939833
972.958667
973.141300
973.260567
973.349367
973.462133
973.773800
973.799100
973.845767
974.553067
974.622300
974.782100
974.919233
975.122767
975.306367
975.478100
975.549467
975.911967
976.528067
976.569667
976.594833
976.784767
976.818367
976.881967
977.017133
977.041533
977.420400
977.644633
977.939700
978.081300
978.106133
978.617933
978.907900
979.016267
979.499567
979.911867
980.086333
980.105400
980.157567
980.270767
980.327700
980.398100
980.444900
980.455267
980.622400
980.647867
980.682933
980.762267
980.990467
981.014133
981.171833
981.238967
981.947933
982.243233
982.397167
982.663933
983.118533
983.317333
983.497467
983.606500
983.844400
983.951267
984.008200
984.020433
984.226467
984.452400
984.458667
984.539200
984.550467
984.567467
984.594200
984.809467
985.272900
985.296567
986.001833
986.060633
986.140300
986.934933
987.253667
987.516200
987.559167
987.658567
988.738833
988.928000
988.948167
989.070200
989.125967
989.242200
989.382767
989.423633
989.462933
989.523933
989.748200
989.781467
989.958600
989.996333
990.184933
990.720100
990.921533
990.952967
991.502700
991.606500
991.638300
992.129767
992.168167
992.924433
992.957533
993.419267
993.541167
993.628867
993.669567
994.005900
994.383033
994.411767
994.637267
994.836067
994.912567
995.034300
995.086267
995.361600
995.561267
995.673200
995.719767
995.740267
995.791867
995.840967
995.857833
996.237033
996.435933
996.496467
996.537200
996.975633
997.507167
998.131367
998.427267
998.977433
999.161667
999.249233
999.476700
1000.112067
1000.140867
1000.617300
1000.638600
1000.665233
1000.680200
1000.720500
1000.750333
1000.838833
1000.931033
1001.003933
1001.417967
1001.434500
1001.439833
1001.489800
1002.229100
1002.264767
1002.498333
1002.564133
1002.723900
1002.881133
1002.920233
1003.042067
1003.190500
1003.304467
1003.451033
1003.612233
1004.796600
1004.804133
1004.933900
1004.949000
1005.025900
1005.121633
1005.143233
1005.209733
1005.237300
1005.361167
1005.389533
1005.449600
1005.791600
1005.883233
1006.054067
1006.587367
1006.761467
1006.824833
1006.881667
1007.317500
1007.359000
1007.514333
1007.550133
1008.087067
1008.116800
1008.172100
1008.191067
1008.326267
1008.422533
1008.716467
1008.866700
1009.007667
1009.011300
1009.059200
1009.908567
1010.570367
1010.593667
1010.682533
1011.223733
1011.298600
1011.370233
1011.423833
1011.505100
1011.751133
1012.032267
1012.656867
1012.697067
1013.169267
1013.216300
1013.410133
1013.605000
1014.049033
1014.226067
1014.640633
1014.695133
1014.941933
1015.686267
1015.875900
1015.926800
1015.936300
1015.970800
1016.019000
1016.270767
1016.289333
1016.853833
1017.677900
1017.763133
1018.619567
1018.712833
1018.768300
1018.936867
1020.189900
1020.546833
1020.590133
1020.671300
1021.997000
1022.238933
1022.450933
1022.509000
1022.611700
1022.713867
1022.929033
1023.018467
1024.824267
1024.921500
1025.023400
1025.068800
1025.183433
1025.282733
1025.300633
1025.405633
1025.701167
1025.812400
1026.272033
1026.333100
1026.559300
1026.625400
1028.127567
1028.352900
1028.469933
1028.588067
1028.661633
1028.666967
1028.971633
1029.033033
1029.219533
1029.369567
1029.391833
1029.584500
1029.626900
1029.744500
1030.563533
1030.633600
1030.711133
1030.925300
1030.995267
1031.064400
1031.189600
1031.391233
1031.637300
1031.741467
1032.635133
1033.172767
1033.298100
1033.434600
1033.489333
1033.552767
1033.573600
1033.614433
1033.673400
1033.744267
1033.769700
1033.908700
1034.160733
1034.475600
1034.493033
1034.951667
1035.017300
1036.509533
1036.861000
1037.046767
1037.533000
1037.871367
1037.996267
1038.796700
1038.880667
1039.120133
1039.171167
1039.371833
1040.137400
1040.793633
1041.313400
1041.424767
1041.820500
1042.215400
1042.271433
1042.533800
1042.818167
1042.834400
1042.840867
1042.948267
1043.038267
1043.882667
1044.096833
1044.101533
1044.171333
1044.183900
1044.319667
1044.771300
1044.792633
1044.841900
1045.036233
1045.206767
1045.365733
1045.435600
1045.590367
1045.636600
1045.687467
1046.330300
1047.010433
1048.434333
1048.989900
1049.002633
1049.105233
1049.161500
1049.514700
1049.605233
1049.849367
1049.960300
1050.583633
1050.619800
1050.704867
1052.326700
1052.382067
1052.804967
1053.056067
1053.124333
1053.188100
1053.326033
1053.358533
1053.522567
1053.785600
1053.834500
1054.055467
1054.897533
1054.961700
1055.146500
1055.416333
1055.748400
1056.101167
1056.346400
1056.418500
1056.706667
1056.837667
1057.071933
1057.120300
1057.249333
1057.672267
1057.859500
1058.147867
1058.438600
1058.603633
1058.690267
1059.082200
1059.725833
1060.567967
1061.126667
1062.174433
1062.286533
1062.319933
1062.452000
1062.939533
1063.003000
1063.419967
1063.966767
1064.219767
1064.768233
1065.088233
1065.338433
1065.685600
1066.009500
1066.293367
1066.816100
1066.858233
1066.955000
1067.228467
1067.344700
1067.369333
1067.913867
1068.009700
1068.119533
1068.156667
1068.310000
1068.356133
1068.426433
1068.973167
1069.053167
1069.098433
1069.102533
1069.126633
1069.211900
1069.247233
1069.483600
1069.861367
1069.913600
1069.956933
1070.168533
1070.254900
1070.775900
1071.225800
1071.281667
1072.094633
1072.385667
1072.705533
1073.496733
1074.088167
1074.097233
1074.134500
1074.366467
1074.652567
1075.237833
1075.322033
1075.411500
1075.444033
1076.071000
1076.837700
1077.689567
1077.703167
1077.716900
1078.087700
1078.196900
1078.242733
1078.408667
1078.473967
1078.524800
1078.782100
1078.908133
1079.192367
1080.475867
1080.620667
1080.666167
1080.831200
1081.032533
1081.116433
1081.138500
1081.430733
1082.014867
1082.074767
1082.603400
1083.062333
1083.338000
1084.610833
1085.189233
1085.351267
1085.619033
1085.768267
1086.011267
1087.050600
1087.116333
1087.154967
1087.160333
1087.319667
1087.339967
1087.486967
1087.597900
1087.737633
1087.757033
1087.844267
1087.877167
1088.040267
1088.144733
1088.189467
1088.360067
1088.659567
1088.793100
1088.911933
1088.976167
1091.194833
1091.251067
1091.568867
1091.728367
1092.329000
1093.640533
1093.646800
1094.211233
1094.344033
1094.365700
1094.424167
1094.948967
1096.117067
1096.485967
1096.648600
1096.819300
1096.895400
1097.059667
1097.169767
1097.263100
1097.293933
1097.469633
1097.519467
1097.779667
1097.868700
1098.157367
1098.374167
1099.372267
1099.598367
1100.377333
1100.714567
1100.947300
1100.997267
1101.055167
1101.140067
1101.350933
1101.527533
1101.690633
1101.787667
1102.026533
1102.157867
1102.200333
1102.350967
1102.574967
1103.068833
1104.037633
1104.153433
1104.204833
1104.247833
1104.318100
1104.445967
1104.684433
1104.726933
1104.862933
1104.939433
1105.025333
1105.374867
1105.420633
1105.462967
1105.606633
1105.666233
1105.755133
1105.787467
1105.807200
1105.899267
1105.919833
1106.095467
1106.182533
1106.285767
1106.307300
1106.404100
1106.449767
1106.474867
1106.548400
1107.147100
1107.211867
1107.498467
1108.024733
1108.182267
1108.311967
1108.322600
1108.379433
1109.581433
1109.698433
1109.708833
1109.756067
1109.866367
1110.252800
1110.672100
1111.098767
1111.335000
1111.502700
1111.869533
1112.004533
1112.109167
1112.150133
1112.202000
1112.206733
1112.216433
1112.260700
1112.298933
1112.362067
1112.387900
1112.409467
1112.423533
1113.114833
1113.836933
1113.919367
1114.679467
1114.891600
1116.230733
1116.331833
1116.375033
1116.553933
1116.849967
1116.865200
1116.918600
1116.975767
1117.202267
1117.599667
1118.492633
1119.119400
1119.344533
1119.375267
1119.992100
1120.037233
1120.163400
1120.236833
1120.291033
1120.385367
1120.421167
1120.540567
1121.176967
1121.484933
1121.526267
1121.853300
1121.919033
1121.993800
1122.014267
1122.051200
1122.172300
1122.261833
1122.339200
1122.536600
1122.573500
1122.698967
1122.879767
1122.912267
1123.038433
1123.476833
1124.062967
1124.459233
1124.810567
1124.850033
1125.319467
1125.733333
1125.779500
1125.896100
1126.072167
1126.211967
1127.046800
1127.755033
1127.798767
1128.180800
1128.304400
1128.496900
1128.744833
1128.850200
1129.095867
1129.221167
1129.453433
1129.817900
1129.887167
1130.031500
1130.131967
1131.781667
1132.007100
1132.053833
1132.174167
1132.216467
1132.276000
1132.696000
1132.831300
1133.153800
1133.207867
1133.423833
1133.473067
1133.531500
1134.835233
1134.899867
1135.304367
1135.474067
1135.651633
1136.715867
1136.951500
1136.977867
1137.085233
1137.448367
1138.025733
1138.226867
1138.379967
1138.427967
1139.040467
1139.903533
1139.988067
1140.096133
1140.636133
1140.845600
1140.926467
1141.249700
1141.713833
1141.754333
1141.756500
1141.791167
1142.306167
1142.333767
1142.501333
1142.531233
1142.575933
1142.821067
1143.378567
1143.583667
1144.137400
1144.671500
1144.832600
1144.907600
1145.701367
1146.777367
1146.969167
1147.148000
1147.397633
1147.950500
1147.995033
1148.087333
1148.357500
1148.438533
1148.602500
1149.708500
1149.966200
1150.063767
1150.503567
1150.547267
1150.785133
1150.820233
1150.968900
1151.185933
1151.461100
1151.637433
1151.834667
1152.307533
1152.377800
1152.481700
1152.890200
1152.932533
1153.104433
1153.295000
1153.858033
1154.011967
1154.398133
1154.604000
1154.804667
1154.892300
1154.939300
1156.263200
1156.308733
1156.435633
1156.587100
1157.091833
1157.216300
1157.275167
1157.328233
1157.627100
1157.640800
1157.709267
1157.783200
1158.116100
1158.401600
1158.570900
1158.649200
1158.978367
1159.150333
1159.591367
1159.677467
1159.717133
1159.862533
1159.890500
1159.966333
1159.995200
1160.012000
1160.116867
1160.269900
1160.369600
1160.895133
1161.051567
1161.333333
1161.874000
1162.016167
1162.214700
1162.232367
1162.277400
1162.372233
1162.406567
1162.561467
1162.827000
1162.989333
1163.277567
1163.623800
1163.712267
1165.967233
1166.042100
1166.254967
1166.366833
1166.526700
1166.555333
1166.592333
1166.929067
1166.973000
1167.027333
1167.141767
1167.315133
1167.543100
1167.836900
1168.680733
1168.744400
1169.177533
1169.504600
1169.682567
1169.993167
1170.064467
1170.459167
1170.482933
1171.073500
1171.175767
1171.313033
1171.416533
1171.469900
1171.583167
1171.594367
1171.724833
1171.747700
1171.847767
1171.862233
1172.531033
1173.232333
1173.372400
1173.469267
1173.654267
1174.088200
1174.124633
1174.137933
1174.326633
1174.618933
1174.750367
1174.779333
1174.856500
1174.901000
1175.262333
1175.365367
1175.781333
1175.860800
1175.900233
1176.682600
1176.877600
1177.832333
1178.651000
1178.714900
1179.039300
1179.205067
1179.228767
1179.311267
1179.486567
1179.624533
1179.718133
1179.785300
1180.194167
1180.209800
1180.232767
1180.487700
1180.579233
1180.819200
1180.893600
1180.965233
1181.021267
1181.093667
1181.244400
1181.268833
1181.408933
1181.487400
1181.556300
1181.656700
1181.703033
1181.910500
1181.936200
1181.941433
1181.973967
1182.102933
1182.289567
1182.293533
1182.361133
1183.814433
1184.008767
1184.090667
1184.169267
1184.298100
1184.637333
1184.698100
1184.862433
1185.297200
1185.569333
1185.649067
1185.897200
1186.405733
1186.508933
1186.663333
1187.356167
1187.413700
1187.436433
1187.694733
1187.741167
1187.835300
1187.930533
1187.954367
1188.132167
1188.504133
1188.599700
1190.479533
1191.560533
1191.661400
1191.735400
1193.149367
1193.974167
1194.555100
1195.103100
1196.005367
1196.041167
1196.153700
1196.270233
1196.870533
1196.947400
1197.224600
1197.341300
1198.018500
1198.096000
1198.832800
1198.867000
1198.904700
1198.961300
1199.082800
1199.486400
1201.118700
1201.288800
1201.781767
1201.843867
1201.910667
1202.065833
1202.231467
1202.391467
1202.439167
1202.693900
1202.782367
1203.040667
1203.289900
1203.720233
1203.742633
1204.022267
1204.289500
1204.438567
1204.580000
1204.857967
1205.289767
1205.310967
1205.400667
1205.419633
1205.538233
1205.593700
1205.837333
1205.919567
1206.085767
1206.401267
1207.225900
1207.302533
1207.421067
1207.557967
1207.682133
1207.741933
1208.421500
1209.558467
1209.594100
1209.739467
1209.935767
1210.028367
1210.133400
1210.176633
1211.084800
1211.776700
1212.426700
1212.458000
1212.894367
1213.197033
1213.563533
1213.602300
1214.485933
1214.643800
1214.978967
1215.064967
1215.442400
1215.455067
1215.497900
1215.539100
1215.567933
1215.599967
1215.788433
1215.790733
1215.944500
1216.606367
1216.688800
1216.762267
1217.499833
1217.575167
1217.615933
1217.658633
1217.799133
1217.845167
1217.964067
1217.974900
1218.263000
1218.950667
1219.145433
1219.308833
1219.339200
1219.565133
1219.633467
1219.814233
1220.009500
1220.058600
1220.347767
1220.477433
1221.275033
1221.407700
1222.039633
1222.170467
1222.189833
1222.235233
1222.751700
1223.049233
1224.118700
1224.614233
1224.856167
1225.051767
1225.083367
1225.158533
1225.353000
1225.424467
1225.544500
1225.678467
1225.870833
1226.997100
1227.035533
1227.087867
1227.100033
1227.164633
1227.366433
1227.572333
1228.095967
1228.612300
1228.636567
1228.740433
1228.911900
1229.062300
1229.341067
1229.380100
1229.452333
1229.904300
1230.072500
1230.177700
1231.159133
1231.205500
1231.314633
1231.481333
1231.779233
1233.163633
1233.384800
1233.399033
1233.802267
1233.908567
1233.976033
1234.030233
1234.318867
1234.951600
1235.017833
1235.141367
1235.812000
1237.186333
1237.285867
1237.673533
1238.429467
1238.520267
1238.839467
1238.971867
1239.208733
1239.270200
1239.441233
1239.477667
1239.648267
1239.922967
1240.171133
1240.223067
1240.250200
1240.318600
1240.371233
1240.388300
1240.418633
1240.486067
1240.658067
1240.756100
1240.798933
1241.302467
1241.631733
1243.038867
1243.137233
1243.926700
1244.058133
1244.250233
1244.280233
1244.328400
1244.380200
1244.642367
1245.257967
1245.439000
1245.652533
1245.765600
1246.052167
1246.108467
1246.173633
1246.563533
1246.645100
1246.791467
1247.507467
1247.582600
1247.932567
1248.064300
1248.412167
1248.624233
1248.759600
1248.825867
1248.967467
1249.151567
1249.250567
1249.546167
1249.759867
1249.831500
1250.105967
1250.229433
1250.502533
1251.334267
1251.383767
1251.455600
1251.556667
1252.110400
1252.171733
1252.287633
1253.060900
1253.074633
1253.592400
1253.661933
1253.765500
1253.872267
1253.899600
1253.938600
1253.999267
1254.031800
1254.126967
1254.153167
1254.586600
1254.704067
1255.257467
1255.344800
1256.583533
1256.601433
1256.655833
1256.847367
1257.765500
1257.873833
1259.330200
1259.507233
1259.567867
1259.758833
1259.868600
1260.005000
1260.071967
1260.773667
1260.979800
1261.136833
1261.286700
1261.443767
1261.526233
1261.680600
1261.796100
1262.030100
1263.343667
1263.704467
1263.720333
1263.774933
1263.895133
1264.067033
1264.102100
1264.216533
1264.262233
1264.521433
1264.730633
1265.978367
1266.265067
1266.525600
1266.555633
1266.710900
1267.071767
1267.156400
1267.443900
1267.560667
1267.770600
1268.212567
1269.020467
1269.115133
1269.183633
1269.481600
1269.845733
1269.868900
1270.057467
1270.221867
1270.306000
1270.377567
1271.211700
1271.492600
1271.555400
1271.668100
1271.743433
1271.781167
1271.965867
1272.065600
1272.069433
1272.121267
1272.169133
1272.235767
1273.110333
1273.247267
1273.326733
1273.571367
1274.051700
1274.275100
1274.750033
1275.467600
1275.626467
1276.145600
1277.186033
1277.245800
1277.279300
1277.407333
1277.478600
1278.169367
1278.219133
1278.253500
1279.050167
1279.404567
1279.665567
1280.389567
1280.474333
1280.922400
1281.475100
1282.215433
1282.371033
1283.942933
1284.055533
1284.120633
1284.458700
1284.482800
1284.522467
1284.554600
1284.571800
1284.717900
1284.772233
1284.976567
1285.009033
1285.168067
1285.322467
1285.571067
1285.644400
1285.710900
1285.740800
1285.907333
1286.304000
1286.350300
1286.526833
1286.702667
1286.772100
1287.271967
1287.350833
1287.384433
1288.119933
1288.284333
1288.534667
1288.592767
1288.618333
1288.725900
1288.814733
1289.015233
1289.707967
1290.290967
1290.819667
1290.871400
1290.900033
1291.045300
1291.289500
1291.552700
1292.242800
1292.318867
1292.345033
1292.547767
1292.923867
1293.062767
1293.134200
1293.187233
1293.327933
1293.337633
1293.356000
1293.384367
1293.438967
1293.661167
1293.684867
1293.873533
1293.947000
1293.977867
1294.058167
1294.478900
1295.377067
1295.810967
1296.374767
1296.837300
1297.222767
1297.539133
1297.792433
1297.817767
1298.029567
1298.921467
1301.362967
1301.444100
1301.467433
1301.525433
1301.582100
1301.617300
1302.067467
1302.190100
1302.209500
1302.438500
1302.599733
1303.098733
1303.217100
1304.141233
1304.257933
1305.396700
1305.457533
1305.493800
1305.515300
1305.593833
1305.599700
1305.715833
1305.975067
1306.077167
1306.112667
1306.719667
1306.741933
1306.826100
1306.869300
1306.884867
1306.973467
1307.002433
1307.064600
1307.186133
1307.274867
1307.364033
1307.465467
1307.573000
1307.604967
1307.902267
1308.302533
1309.016300
1309.067267
1309.522233
1309.559033
1309.818267
1309.967000
1310.564633
1310.766000
1311.913500
1311.964633
1312.184900
1312.343533
1312.850900
1312.919700
1312.984567
1313.149067
1313.325600
1313.343967
1313.862033
1313.893933
