0.124300
0.393367
0.493367
0.915033
1.810700
2.044033
2.176533
2.399767
2.486367
2.999933
3.017233
3.507167
4.006167
4.186433
4.460533
5.423733
5.496800
8.219333
8.492000
8.782400
9.477467
11.215700
11.373200
12.765800
12.847500
12.904400
12.985367
13.152067
13.381233
14.333633
14.599600
15.276900
15.398767
15.442567
15.741533
15.823700
16.265467
16.730867
16.957600
17.647633
17.965600
18.091267
18.208600
18.736267
18.990633
19.299600
19.327833
19.364833
19.840867
19.931333
20.300667
20.513333
20.710000
20.807133
21.035300
21.856000
21.941833
21.961667
22.156100
22.586967
23.709033
24.280367
24.464700
24.641667
25.011900
25.276500
26.017567
26.383467
27.032467
27.148067
27.325733
29.372100
30.058367
30.114533
30.138900
30.236700
30.704400
31.609667
31.992567
32.057100
33.157833
34.620367
35.983533
36.061700
36.220833
37.183400
37.414733
38.116800
38.158167
38.228967
38.673033
38.971067
40.659367
40.671900
40.786767
40.800233
42.322200
42.429700
42.495800
42.629400
42.847367
42.981333
45.490267
45.619767
45.841700
47.290500
47.630833
47.825600
48.108500
48.289667
48.529867
48.589267
48.663967
48.751233
48.863133
48.988367
49.054267
49.203467
49.468733
49.561667
49.624867
49.707200
50.809700
50.872767
51.083333
51.865967
52.040667
52.548667
53.059667
53.517767
53.875767
53.990600
54.052633
54.085767
54.223867
54.278967
54.349533
54.369433
55.494267
55.784267
56.900367
57.351167
57.632400
58.479633
58.640267
58.674033
58.811867
59.130600
59.408633
59.530133
59.659133
59.737367
60.130867
60.628400
60.630067
60.685200
61.001333
61.699467
62.016100
63.324733
63.407467
64.402367
64.464733
64.521500
65.018300
65.321067
65.931467
65.965500
66.008133
66.050267
66.206700
66.992867
67.077033
68.188033
68.532267
69.078500
69.217333
69.306267
69.518533
69.670833
69.825167
70.247500
70.860567
71.156500
72.636733
72.686367
73.134167
73.226600
73.314333
73.439533
74.016767
74.245733
74.285000
74.326467
74.583167
74.705933
75.812867
76.016233
76.150400
76.262300
76.433133
77.954733
78.072033
78.083667
78.204500
78.287600
78.861333
79.673800
79.942867
80.959600
81.330633
81.732933
81.906400
82.103333
82.181567
83.025933
83.930533
85.138400
85.156600
85.210000
85.273933
85.415833
86.535433
87.728900
88.066400
88.407400
88.787800
89.313233
89.964967
90.922967
91.406767
91.871733
92.172400
93.871333
93.976567
95.602933
96.821600
97.098500
98.800700
98.869133
99.357067
99.970833
100.040367
101.159200
101.954067
102.097767
102.622600
103.499967
104.244400
104.659900
104.816600
105.037067
105.229400
105.374533
105.401467
105.547600
105.710167
106.344633
107.099167
107.415833
107.456567
107.509933
107.668067
107.990433
108.511100
108.623167
108.635333
108.937667
109.247400
109.298300
109.388733
109.562933
109.657700
110.260933
110.912800
111.014100
111.048733
111.506433
111.806100
112.247300
112.457500
112.805767
113.050000
113.173100
113.354567
113.412167
113.489667
113.956467
114.500367
114.715967
115.177667
115.489833
115.595667
116.277133
116.460133
117.106867
117.111733
118.109300
118.192867
120.213967
120.534367
121.002533
121.213367
121.267833
121.370500
121.515367
121.899400
122.136367
122.177200
123.260533
123.324933
123.741800
124.212133
124.533300
124.581233
124.704233
125.272900
126.308400
126.997233
127.166133
130.249367
130.961667
131.549733
131.648733
132.152667
132.159700
132.572967
132.652867
132.881400
133.757667
134.240267
135.175367
136.542867
136.829933
137.019033
137.091800
137.296867
137.323567
137.782933
138.412267
139.053600
139.229333
139.689800
139.746533
139.847900
139.872600
140.020633
140.275333
141.094833
142.315267
142.916400
143.026033
143.146833
143.236367
143.790333
143.971600
144.105400
144.136267
144.957700
145.163400
145.864167
145.985433
146.937633
147.299633
147.409367
147.580433
147.778800
148.220733
148.980767
149.399367
149.561367
149.623367
149.784333
149.959933
150.070367
150.198100
150.710667
150.911800
151.100567
151.185567
151.212800
151.270333
151.421833
151.571633
151.669467
151.947467
151.975700
152.076600
152.743233
152.765400
153.205733
153.286600
153.426567
153.505667
153.521200
153.549700
154.881900
155.360067
155.400467
156.090567
156.448933
156.464733
156.580667
157.230300
157.702433
157.988967
158.072967
158.603567
159.001367
159.223967
159.750400
160.026000
160.996567
161.333433
162.510067
163.228033
164.043867
164.163333
164.888767
164.898167
165.441433
165.620700
166.275267
166.654300
167.069200
167.153767
167.187867
168.007233
168.587533
168.861000
169.344967
170.425933
171.364533
172.287133
173.599633
174.711400
175.169200
175.372267
175.526667
176.411600
176.905333
177.519433
177.537300
177.571133
177.667833
177.893033
179.134833
179.182333
179.653633
181.005300
181.382267
181.528667
181.627533
181.970567
183.493467
184.091133
184.458833
185.576667
185.629200
185.701333
186.931733
186.970100
187.057033
187.064533
187.083400
187.781767
188.669500
189.054533
189.082000
189.875900
190.050100
190.088100
190.837133
191.991333
192.067500
192.132167
192.710400
193.461167
193.543433
193.627000
194.604467
195.983867
196.014000
196.386500
196.608033
196.783400
196.815733
197.236467
197.292900
197.614367
197.919067
198.151000
198.336400
198.712633
199.114900
199.331167
200.179833
200.253000
200.315833
200.453833
201.087933
201.639167
201.792133
201.852933
202.043633
202.183967
203.211167
204.021800
204.097800
204.270867
205.147300
205.603200
205.690033
205.789033
205.808467
206.004300
206.292567
207.160800
207.516900
207.575633
207.789033
207.824500
208.777200
209.245500
209.419533
209.627033
209.767533
210.311500
210.508467
210.942333
211.589100
211.662233
211.856533
211.999633
212.164667
212.247967
212.355233
212.578400
212.741567
213.706000
214.539267
214.856667
215.716233
216.262100
216.667833
217.525233
218.028567
218.252133
218.701233
218.995433
219.522467
219.755000
219.846633
220.008700
220.113233
220.298400
221.729700
222.415267
222.472400
223.004967
223.053367
224.014367
225.224467
225.320000
225.775067
225.990000
226.119233
226.269367
226.424500
226.747000
226.972167
227.097333
227.294133
227.353367
227.706467
228.071033
228.277467
228.938033
229.556033
229.948233
230.040633
230.460433
230.596967
230.630500
230.657767
230.665000
231.119133
231.320367
231.510367
231.593467
232.033433
232.301600
232.399267
232.630700
233.458200
233.746633
233.877933
233.922867
236.610967
237.102967
237.744167
237.978933
239.073133
239.481133
239.553767
241.311700
241.618433
241.710433
241.982733
242.473167
242.554533
242.768767
242.782667
244.152233
244.155700
244.692033
244.834067
245.002767
245.038133
245.100033
245.403233
245.521300
245.591233
245.775233
245.812300
246.086300
246.854967
247.207467
247.934133
247.999033
248.235800
248.383800
248.398967
248.461300
248.749300
248.770067
248.891033
249.235233
249.320233
249.486633
249.502633
249.650900
249.684233
250.422867
250.804133
250.851333
251.046733
251.293100
251.604367
251.812067
252.129667
252.194400
252.545733
252.617633
252.702467
253.176800
253.220533
253.754700
253.924367
254.291567
254.341733
256.054567
256.404467
257.478033
258.565233
258.854333
259.109633
259.120100
259.186100
259.266233
259.825633
259.876767
260.594967
261.219700
261.596900
261.977633
261.992667
262.878700
263.151167
264.020100
264.412767
265.326533
265.428133
265.807367
266.322233
267.009467
267.112000
267.174800
267.929267
268.293033
268.371100
268.836367
269.271567
269.344600
269.576100
269.645533
270.680800
272.072467
272.257567
272.524167
272.560733
272.784367
273.464533
273.579333
273.915167
274.570467
274.790400
274.991367
275.021267
275.252767
275.396633
275.443200
276.216467
276.351367
276.414933
276.483233
276.551667
277.035133
277.405500
277.961033
278.160000
278.359800
279.565200
279.886833
280.096567
280.114600
280.194200
280.264667
280.723633
281.429167
281.495033
281.979933
282.916967
283.168933
283.510567
284.146400
284.297467
284.373700
285.138000
285.231800
285.455367
286.142567
287.245433
287.251767
287.553267
287.818500
287.956700
288.141767
288.408267
288.667400
288.977667
289.486767
289.550900
289.606767
290.425200
290.777867
290.875333
291.135533
291.540267
291.564233
291.765400
292.365067
292.476133
292.718433
292.790967
293.023967
294.038233
295.037500
295.438767
295.630667
295.662567
295.964900
296.002000
296.240867
296.254467
296.417867
297.579867
297.802867
298.215000
298.492867
298.665933
298.775900
298.984333
299.449667
299.639333
299.971300
300.095200
300.280200
300.492033
300.770067
301.053867
301.231600
301.753967
302.329467
303.151067
303.252133
305.203600
305.277267
305.750133
306.072033
306.510800
306.656200
307.187567
307.619133
308.463067
308.803733
308.848767
308.979167
309.053900
309.625700
309.786500
310.132233
310.495900
310.579433
311.307433
311.436000
311.716933
311.897967
312.131167
312.824867
313.115100
313.416133
314.303467
314.326500
314.345833
314.387100
314.933267
315.693867
315.760133
316.539033
317.135233
317.187833
317.273333
317.289033
317.668067
318.494600
319.142833
319.384467
319.994400
321.518633
321.959200
322.220433
322.330933
322.518267
322.926167
323.379633
323.956500
324.152267
324.328100
324.536867
325.393933
325.747033
326.853500
326.918667
327.046433
327.244733
327.387567
327.400333
327.417867
327.463867
327.480500
327.485933
327.868233
327.887900
328.528333
329.405400
329.510500
329.727533
330.232167
331.191167
331.231867
332.110800
332.526467
334.142167
334.748667
334.964933
335.528867
335.907367
337.287000
337.454467
337.715633
337.864933
338.682467
339.119867
339.904567
340.047233
340.351867
341.119800
341.537400
342.466200
343.040600
343.100133
344.059700
345.799267
345.902933
346.013833
346.106667
346.197233
347.781067
348.194633
348.305000
348.704800
348.892967
349.046300
349.741300
350.016467
350.219667
350.326067
350.472600
350.614467
351.054367
351.235833
352.115900
353.129233
355.081800
355.240200
355.361633
355.515667
355.649533
357.151067
357.215100
358.340967
358.874867
358.904033
358.976067
359.198167
359.480433
360.536667
361.061900
361.384667
361.462933
361.546667
361.645133
362.226500
362.268400
362.528733
362.822333
362.934000
363.011700
363.936900
364.627600
364.737533
364.900933
366.580500
366.717767
367.761300
367.989700
369.457333
369.599967
369.797033
370.285100
371.627000
372.079367
372.293400
372.372900
372.513267
373.639167
373.844933
374.117700
375.219500
375.658367
375.887300
376.502667
376.642600
376.826833
376.893733
376.923200
377.109200
377.245833
377.471067
377.807267
377.914133
378.078633
378.437267
378.596567
379.156000
379.616200
380.104700
380.912467
380.948133
380.989267
381.147667
381.311233
381.871333
381.942767
382.053533
382.128467
382.304767
382.541400
382.923100
383.137200
383.975500
384.456667
384.775800
385.788533
386.770567
386.819600
386.888867
387.345333
387.683933
388.205300
388.506067
388.805367
389.752067
389.798867
390.005300
390.214800
390.678200
390.717267
390.807533
391.114933
391.165067
391.848900
392.186900
392.814733
392.902733
394.760667
397.483000
398.226733
398.505533
398.537033
398.559333
398.655400
398.850500
398.881033
399.002133
399.132367
399.176700
399.279067
399.326833
399.411033
399.447067
399.527767
399.560067
399.588300
399.782433
399.815000
400.679467
400.993767
401.023333
401.219200
401.280267
401.739967
402.265367
402.914967
403.331167
404.410033
404.487633
404.639300
405.500667
405.924700
405.995767
406.241933
406.332000
407.883767
408.064433
408.637600
409.214600
409.720633
410.138400
410.223033
410.538267
411.211167
412.177600
412.233267
412.314567
412.388533
413.906400
414.327067
414.881567
415.791467
416.001100
416.545300
416.661100
416.850067
416.905567
417.150467
417.702900
418.231567
418.270933
418.729367
418.864467
419.591233
420.101833
422.213367
422.623933
422.671033
423.047367
423.741100
423.952100
424.674033
425.929833
426.315333
426.440867
426.713100
427.319267
428.149533
428.409267
428.801333
429.361800
429.519800
429.766367
429.840233
430.184300
430.215933
430.814933
431.060333
431.238733
431.324567
431.372633
431.957100
432.223500
432.628600
433.368767
433.613433
433.982800
434.476167
434.892600
435.074200
435.276200
435.808500
437.061933
437.875567
438.129867
439.110700
439.286200
439.383533
439.754667
440.317433
440.730433
440.977333
441.518633
441.535367
442.116433
442.275233
442.678067
443.942467
444.543633
444.750500
444.982333
445.097033
445.155400
445.840067
445.967267
446.050033
446.449933
446.486133
446.652767
447.386167
447.735900
448.402600
448.643233
448.807333
448.878567
448.929900
449.210667
449.335533
449.400633
449.621667
450.446367
450.877267
451.039033
451.358600
452.423933
452.613267
453.333967
453.441100
453.569133
453.664600
454.470900
454.982733
455.294333
455.325700
455.680133
455.760867
455.853567
456.070633
456.584367
456.751567
457.138533
457.150367
457.178267
458.064433
458.115600
458.884000
459.385933
459.801800
459.893367
460.030800
460.063367
460.102133
460.200933
460.801767
461.321067
462.605467
462.868667
463.146933
463.429733
464.161200
466.035233
466.473067
467.552433
467.589733
468.143500
468.611467
468.654333
468.856100
469.893567
471.348467
471.567633
471.807733
471.893633
471.993667
472.049133
472.112433
472.165600
472.216700
472.389200
472.435000
472.473400
472.628900
473.567967
473.950433
474.283133
474.550667
474.882033
475.028533
475.098867
475.112900
475.470467
475.592433
475.599600
475.986467
476.177400
476.240400
476.337767
476.628233
476.820233
478.488133
478.613967
478.734567
478.770700
478.916767
478.947800
479.410467
479.896133
480.165200
480.888333
482.815233
483.011233
483.550000
483.726167
484.301300
484.363867
484.370633
484.729500
485.738767
487.099633
487.782633
488.102133
488.208000
488.487433
488.511200
488.565900
488.791533
488.843533
488.996433
489.369533
490.156700
490.549900
490.707767
492.001033
492.949800
493.757633
493.877133
494.698467
495.262267
495.351633
495.713200
495.893033
496.037700
496.330100
496.333567
496.685800
496.820067
497.748767
497.949933
497.977600
498.254267
498.313733
499.177267
499.224233
499.357000
499.439033
499.627367
499.841133
499.879000
500.448067
500.856733
501.085967
501.428033
503.001167
503.102300
503.478467
503.532600
503.552933
503.893300
503.943300
504.462300
505.238900
507.502000
507.734300
508.514800
509.889400
510.336967
510.505833
511.406133
511.945767
512.187533
512.561367
514.544800
514.568200
515.246833
515.341300
515.630000
515.750967
516.657433
517.062400
517.357100
517.475933
518.361733
519.114867
519.818967
519.852833
520.042333
520.602667
522.183100
522.596933
522.841567
522.850167
523.252000
523.386067
523.870033
523.944533
524.085200
524.251533
524.769567
525.055167
525.408100
525.471300
526.129067
526.418533
526.895633
527.601133
528.152100
528.539067
528.815233
529.282833
529.970633
530.224500
531.068000
531.327567
531.428067
531.451067
531.562133
531.961100
532.461467
532.549667
533.021967
533.265833
534.125733
534.312000
534.512733
534.684400
535.541300
535.547200
535.847000
535.943700
536.719300
536.905833
537.286900
538.075733
538.187800
540.123767
540.485000
540.651300
541.019567
541.733167
542.380267
542.966600
543.085733
543.144467
543.168067
543.383300
543.449233
544.005133
544.642433
544.909600
545.054167
545.276900
545.484533
545.686767
545.814000
547.000267
547.999133
549.030300
549.108633
549.134700
549.839233
549.879300
550.062167
550.290833
550.314167
550.512633
550.892433
551.400067
552.405267
553.113967
553.152000
553.502633
553.690200
553.869600
554.520533
554.681700
554.998800
555.043700
555.941667
556.037000
556.598233
557.678933
557.781233
557.861500
557.911467
560.182800
560.281700
560.792400
560.917000
560.984667
561.850633
562.315000
562.607733
563.424167
563.700667
563.866100
565.004933
565.354200
565.539100
566.553833
566.640067
566.670467
566.749500
566.917500
566.979367
567.580767
568.021667
568.078233
568.811033
569.575833
569.748200
569.987533
570.880333
570.987900
571.318500
571.639867
572.122233
572.403333
573.059367
573.076667
573.757200
575.328800
575.561167
575.691800
575.767333
576.007067
576.281967
576.335767
576.386267
578.315100
580.217433
580.382767
580.981133
582.052067
583.098967
583.747967
584.387667
584.910367
585.359633
585.796867
588.428600
589.878533
590.321900
590.720600
590.758333
591.050933
591.389333
591.459800
591.684333
591.984633
592.987033
593.785333
594.424300
595.497467
595.738133
595.836467
596.793700
597.748967
598.080800
598.238300
598.332300
598.389467
598.551767
599.074400
599.151467
599.919667
600.076433
600.161533
601.949233
602.203500
602.386300
603.148567
603.278833
604.798400
606.113933
606.583167
606.967767
607.180700
609.042167
609.702900
609.914467
610.161833
611.272433
611.475600
611.497400
611.588867
612.701700
613.226633
613.742167
614.710300
614.791867
614.915733
614.978633
616.108600
617.166967
617.234500
617.535467
617.627300
617.919433
618.100100
618.252200
618.277767
619.646667
619.955800
620.618700
620.885700
621.027600
621.466500
621.537867
621.606633
621.626933
621.918533
622.022233
622.124500
622.169433
622.257700
622.847467
624.050900
624.284900
624.409900
624.521667
626.085167
626.171867
626.324400
626.390933
626.445367
627.294800
627.389167
627.560100
627.958933
628.064233
628.268467
628.467867
629.141833
629.646300
629.730567
630.062867
630.273133
630.350967
632.857467
632.954800
633.504900
634.546800
635.035200
635.352600
635.378000
635.954900
636.296600
636.546633
636.890033
637.395567
637.884700
638.023600
638.126533
638.176433
638.186733
639.835667
640.093433
640.145033
640.161700
640.167333
641.361300
642.181900
642.224833
642.402400
642.570500
642.757000
643.332400
644.404400
644.476633
644.635700
645.867633
646.056100
646.230633
646.428100
647.124067
647.606367
647.782067
647.815233
647.916233
648.243400
648.343900
648.504967
648.846067
649.245967
650.143700
650.329400
650.537367
650.772600
651.692633
651.779333
651.834433
652.768800
654.055300
654.204300
654.649233
654.937533
655.083267
655.669933
655.860833
655.942367
656.420333
656.428200
656.464733
656.511500
656.869967
656.984033
657.448367
657.552633
658.127800
658.263433
658.510400
658.657667
659.877167
660.311800
660.441600
660.550133
660.735200
661.187033
661.840867
661.891333
661.999200
662.521000
662.652467
662.656800
662.742000
662.944033
663.029033
663.065167
663.167200
663.421167
663.713467
663.996633
664.731567
664.903933
664.996000
665.009867
665.232300
665.788100
665.802333
666.027833
666.332300
666.386900
667.221000
667.258467
667.534200
667.671533
667.858400
668.299067
668.488000
669.210167
669.801600
670.274433
672.581000
672.769467
672.936233
673.403000
673.594833
674.104500
674.108233
674.226333
674.804700
674.891567
676.247867
676.317433
677.742733
677.856367
678.225433
678.411733
678.630667
679.506400
679.764000
680.198367
680.248867
680.372167
680.538267
680.671067
681.008000
681.192867
681.404533
683.370467
683.401500
684.541100
685.310867
685.379233
685.614500
686.032800
686.235633
686.870900
687.021600
687.825167
688.326033
688.527267
688.794633
689.688667
689.758767
689.989567
690.170667
690.237533
690.242167
690.818333
690.898333
691.701800
691.808367
692.025100
692.993700
693.161200
693.195133
693.248600
693.525467
693.535067
693.634233
694.005800
694.204200
695.043967
695.201100
695.795000
696.074333
696.544567
696.673667
697.032367
697.207033
697.303267
697.379233
697.855167
697.977700
698.624200
698.711167
698.793667
699.223767
699.833600
700.035000
700.189133
700.388867
701.554167
702.137933
702.432000
702.622233
702.738867
703.430467
703.602167
703.641533
704.065267
705.134133
705.494933
705.533833
705.832233
707.869467
708.884600
708.938467
708.981833
710.333333
710.393800
710.695400
710.776867
711.049467
711.057433
711.738733
711.973567
712.161700
713.204333
713.279433
713.385333
714.304267
714.887200
715.081333
715.204900
715.296867
716.250967
716.288533
716.916967
717.349733
718.839367
719.778167
719.850933
720.471300
720.485533
720.541133
721.513600
721.880433
724.389100
726.610000
727.065733
727.379533
727.416633
727.534867
728.878933
729.583667
729.637200
729.650633
730.420400
731.482733
731.995067
732.224333
732.230433
732.359867
733.259600
733.320233
733.559633
734.082067
734.133833
734.253033
735.150000
735.238133
735.963833
737.241100
737.311033
738.529667
738.764733
739.113533
739.469167
739.921733
740.569800
740.844367
741.064200
741.624133
741.839567
742.439900
742.760033
743.180533
743.292433
743.449600
743.558267
744.492900
744.508433
744.682200
745.168333
745.385267
745.954933
746.206133
746.430433
746.639000
747.010267
747.774533
747.928100
748.699667
749.032367
749.596200
750.145300
750.271833
750.344400
750.742733
750.979400
751.442600
751.539733
751.589367
754.402633
755.009567
755.132833
755.345300
755.841333
756.898467
757.157900
757.315267
757.632633
758.594867
758.758033
758.801900
759.512133
759.620133
760.595433
761.041967
762.006500
762.028467
762.427167
762.520400
762.565267
762.688000
763.427267
763.962867
764.849100
765.133167
765.565933
766.805467
766.870800
767.535300
767.584200
768.162267
768.954933
769.054900
769.103667
769.182700
769.258867
769.701367
771.071333
771.547867
771.803833
775.781800
776.183933
777.079633
777.802300
778.518967
779.590933
779.751233
779.843867
779.976300
780.341833
781.408733
781.591333
781.667700
783.216833
783.676333
783.995867
784.420000
784.577867
784.741400
785.756000
786.262133
786.289433
786.741967
786.965600
786.990900
787.360633
787.923500
787.970967
788.250400
788.270567
789.223733
789.562133
789.873733
790.273467
790.352167
791.128500
792.318800
792.387233
792.671267
792.782667
793.178700
793.567900
793.753100
794.041000
794.263367
794.919467
795.004100
795.566800
796.226067
796.313433
796.881033
796.996367
797.435900
797.653200
798.095567
798.760800
799.226800
799.579767
799.676767
800.299700
801.363033
803.521133
803.983467
804.348567
805.324000
805.777700
806.191800
807.011333
808.761533
808.984900
809.224033
810.353033
810.388600
810.518333
810.598633
810.795133
811.389467
811.834933
812.700400
812.984033
813.480233
814.901700
815.205900
815.679833
815.757367
816.256900
816.613867
817.119567
817.179067
817.309667
817.656633
818.591833
818.882333
819.747500
819.932333
820.084033
820.439600
820.954033
821.568300
821.681233
822.829433
823.806733
824.719800
824.857000
825.002867
825.411100
825.481000
826.074200
826.605767
826.962967
828.163333
828.665000
829.416600
829.702533
829.778967
830.094367
831.016867
831.098167
831.109967
831.426300
832.332833
832.524700
832.686800
832.921567
832.938967
833.419233
833.434033
833.733800
833.826767
834.316300
834.328567
834.707333
836.364700
837.090733
837.671067
837.955133
838.242267
838.311167
838.362033
838.488833
838.598933
838.603533
838.723567
838.774200
839.068667
839.130367
839.346067
839.431067
840.766333
841.032533
841.409267
841.439633
841.570400
842.627700
843.116133
843.338300
844.263267
844.891600
845.587100
845.852933
845.890700
845.917400
846.203800
846.720733
846.865900
846.935100
846.960500
847.983900
848.440367
850.438733
850.463800
850.552767
851.309800
851.775833
853.046233
853.703300
853.936400
854.614833
854.703567
854.947267
856.253533
857.169633
857.205933
858.835333
859.126567
859.248200
859.853867
860.030433
860.216700
860.293267
860.445067
860.686567
860.708433
860.737600
861.047267
861.537433
861.887200
861.955000
862.464567
862.952067
863.639567
863.789400
863.924667
866.678833
867.055600
867.976033
868.357300
868.464367
868.507133
868.582633
868.618767
868.845233
868.879067
868.970367
868.989767
869.331133
869.575100
869.895100
870.460833
870.928600
871.069900
871.844700
871.933533
872.649367
872.926933
873.546467
873.589900
874.867633
876.730633
877.428200
877.613200
878.580400
879.245000
879.502433
879.671133
879.688833
879.969433
880.156733
880.258400
881.379267
881.519167
881.637667
882.175967
882.375133
882.405033
882.766167
882.917700
883.041333
884.482333
884.786033
885.237267
886.070000
887.462333
887.854200
888.469700
888.598767
888.932133
889.794133
889.976467
891.084233
891.395567
891.527967
892.218933
892.333900
893.318900
893.378100
893.831033
894.116933
894.605067
895.083133
895.783100
895.912067
896.856467
897.138200
897.699833
898.034367
900.067267
901.291700
901.390967
901.463300
901.954867
902.083900
902.209133
902.254200
903.002400
903.641367
904.030967
904.327933
904.360000
904.596033
906.644200
907.273167
907.537067
908.178700
908.271433
909.163533
909.208333
909.838867
909.944933
910.207933
911.103533
911.628633
911.752833
912.002367
912.328233
912.850733
913.017233
913.667633
914.038133
914.246600
914.252067
916.934967
916.969167
917.292967
917.635600
918.686800
918.799933
918.916533
918.987167
920.243200
920.903733
921.043033
921.301933
922.623200
922.928633
923.068433
923.143533
923.541100
923.790900
924.403400
925.423400
926.944133
927.425567
928.274233
928.574633
929.032533
929.102000
929.159133
929.768700
930.046400
930.756067
931.762900
931.817767
932.072933
932.968700
933.048167
933.634133
933.745733
934.799200
935.081600
935.184767
935.269600
935.946533
936.053333
936.423500
937.060533
939.397367
939.553300
940.250133
940.773367
941.062100
943.092200
943.221567
944.006567
944.621700
944.672767
944.941867
945.551500
946.120733
946.302167
946.308300
946.567067
947.255333
947.636367
948.553867
948.742600
949.328467
949.423933
949.742033
949.942967
950.099967
950.473400
950.820600
951.007467
952.648167
952.871167
953.051233
953.208867
953.391133
953.537667
953.695467
953.806200
954.074433
954.627467
954.990133
955.115833
955.255900
955.644500
955.665000
956.443967
956.479067
957.513100
958.005267
958.090733
958.670467
958.881067
959.072467
959.821967
960.488933
960.599333
960.626733
960.770567
961.314733
962.463200
962.818767
962.914533
963.435467
964.636233
965.215200
965.858100
966.185367
966.401633
966.440867
966.811333
967.026000
967.069267
967.170367
967.520300
967.905167
968.293433
968.597767
968.693833
968.712300
969.177800
969.448233
970.048867
970.207800
970.621600
970.977533
971.163533
971.618000
972.153300
972.492033
974.010800
974.336067
974.429300
975.420200
975.741300
975.864733
976.561567
977.132733
977.331400
977.731000
978.521967
978.772267
979.230933
979.287400
979.337600
979.884033
979.892133
980.089933
981.143767
981.265867
981.755267
982.552133
983.234233
983.410067
983.586733
983.775600
984.088567
984.160033
984.782833
984.853700
985.122967
985.406800
986.193133
986.264667
986.408267
986.626800
987.011567
987.070700
987.163267
987.374067
988.041000
988.219400
988.490533
988.922233
989.279533
990.020300
990.298867
990.886000
991.006300
991.084133
991.228000
991.868233
991.901833
992.157433
992.192367
992.398833
992.763500
994.108400
994.132367
994.349533
994.615067
994.967200
994.982767
995.279400
995.423033
995.472667
996.649900
997.112167
997.116067
997.867467
999.867967
1000.031867
1000.096233
1000.181767
1000.880967
1001.123867
1001.557633
1001.808200
1001.843467
1002.972067
1003.266367
1003.392600
1003.565367
1003.664133
1005.081667
1005.301100
1005.486567
1005.579333
1005.849167
1005.865533
1006.159333
1006.801333
1007.031467
1007.136667
1008.059900
1009.382233
1009.635533
1010.491633
1010.710200
1012.298233
1012.933267
1013.036433
1013.160867
1013.212367
1014.856467
1015.104400
1015.463733
1016.533933
1016.705700
1017.979200
1019.572533
1019.671300
1020.067333
1020.395833
1022.202667
1022.645967
1022.850867
1024.009433
1024.087100
1024.132467
1024.444800
1024.505433
1024.559567
1024.871633
1025.739833
1027.115200
1027.922867
1029.030233
1029.598433
1029.686633
1030.553867
1031.190400
1031.241567
1031.933733
1032.000600
1032.555400
1032.619333
1032.734733
1033.199967
1033.248767
1033.442667
1033.629967
1034.720833
1036.967800
1037.551467
1037.815433
1038.797733
1038.982167
1039.226033
1039.472200
1039.722233
1040.071533
1040.169300
1040.474500
1041.350067
1041.491833
1042.120000
1042.435900
1042.534800
1042.893200
1043.115700
1043.266900
1043.946000
1044.369467
1044.863733
1045.344767
1045.569833
1046.494033
1047.019967
1047.524500
1047.659967
1047.686367
1048.076967
1048.357767
1048.530467
1048.657967
1049.341800
1049.613300
1049.750433
1050.532733
1050.741833
1051.379067
1051.395767
1051.686600
1051.924500
1052.060633
1052.528333
1053.441267
1053.764967
1054.241300
1054.304533
1054.593333
1056.086200
1057.291200
1057.634833
1057.893767
1057.901533
1059.786433
1059.964333
1060.407633
1061.603333
1061.724267
1061.811700
1062.018467
1062.641833
1062.891467
1063.517433
1063.717967
1064.024467
1064.396133
1065.057133
1065.506333
1065.586567
1066.004000
1066.032300
1066.616467
1066.707167
1067.316233
1067.945533
1068.447500
1068.945533
1069.092133
1069.143067
1069.490233
1069.741567
1070.653167
1071.180967
1071.494333
1072.221967
1073.493567
1074.152567
1075.553800
1076.430300
1076.794500
1076.881567
1076.910900
1077.365367
1077.433500
1077.503767
1078.401267
1078.503233
1078.643667
1079.089433
1079.892733
1081.090633
1081.492467
1082.043467
1082.317433
1082.343133
1082.694367
1082.968767
1083.054667
1083.145000
1083.485000
1083.941067
1085.157100
1085.684733
1086.425133
1086.605767
1086.985433
1087.009967
1087.263067
1087.364733
1087.607267
1087.927167
1087.958667
1088.283767
1088.916700
1089.164567
1089.188600
1090.086300
1090.168733
1090.571133
1090.937867
1092.335600
1092.442267
1094.536933
1094.841033
1094.964233
1095.306933
1095.542700
1095.816333
1095.891867
1095.987667
1096.231633
1096.537567
1097.052533
1097.254500
1097.519100
1097.715767
1097.768833
1097.894067
1099.358867
1099.621267
1099.884100
1099.924267
1100.224533
1100.459633
1100.586633
1100.850500
1103.191733
1103.198467
1103.471333
1103.503333
1104.145667
1104.901433
1105.753200
1106.038433
1106.182700
1106.293900
1106.539767
1107.574167
1108.531500
1108.860533
1109.227033
1109.788067
1109.884467
1110.001433
1110.311933
1111.112733
1111.670033
1112.180400
1112.621800
1112.807033
1112.865100
1112.977200
1113.058867
1113.356633
1114.677400
1114.697967
1115.762700
1115.841533
1116.520100
1117.118400
1117.174300
1117.530367
1117.641567
1117.920033
1118.042167
1118.352733
1118.530500
1118.662000
1118.707133
1118.752033
1118.973833
1119.116867
1119.410567
1120.003200
1120.137233
1120.551867
1122.014933
1123.333600
1124.583133
1124.889933
1125.190567
1125.455433
1125.706533
1125.977633
1126.044267
1126.122100
1126.307767
1126.793600
1126.922133
1127.334733
1127.787767
1128.440067
1128.472400
1129.684467
1129.880567
1131.425533
1131.542767
1131.851267
1133.214133
1133.245233
1133.580167
1134.067233
1136.190300
1137.473233
1137.679800
1137.759100
1138.145100
1138.265700
1138.886533
1138.995700
1139.425033
1139.660600
1139.798200
1139.850967
1140.372733
1140.446533
1140.719367
1140.994367
1141.250900
1141.812500
1142.953000
1143.386500
1143.799800
1143.959400
1144.791533
1144.944000
1144.957500
1145.181333
1146.089333
1146.361467
1146.417600
1146.625167
1146.766833
1148.183367
1148.531100
1148.759700
1149.503400
1149.723567
1149.953600
1150.082900
1150.089567
1150.573067
1150.689867
1151.594167
1151.896300
1151.991933
1153.259767
1153.367033
1154.328833
1154.770533
1154.938800
1155.989533
1156.285033
1156.897000
1157.630767
1159.260100
1160.040633
1160.076000
1160.203067
1160.206867
1160.453967
1160.519333
1161.853167
1163.236067
1163.539500
1163.840533
1164.712867
1164.770767
1164.804133
1164.826667
1165.012533
1165.311833
1165.355433
1166.261533
1166.388600
1166.621267
1167.221767
1167.899233
1168.696600
1168.830433
1169.759367
1170.673433
1171.057267
1171.216067
1171.306800
1171.360000
1171.661900
1171.913367
1172.157133
1172.248133
1172.557800
1173.252267
1175.044967
1175.357900
1176.023267
1176.261000
1176.508200
1176.642967
1177.349967
1177.390533
1177.440867
1179.283700
1180.795900
1181.366700
1181.757033
1181.965800
1182.260233
1182.478567
1182.509367
1182.674000
1182.831800
1184.036300
1185.313667
1186.111967
1186.185267
1187.107767
1187.630600
1187.794933
1187.886067
1188.119900
1189.980800
1190.254700
1190.294400
1190.385667
1190.951567
1191.475667
1191.571700
1191.828000
1192.399633
1194.705833
1194.741933
1195.150567
1195.239967
1195.937967
1196.318700
1196.601367
1196.796933
1197.111933
1197.324067
1197.790867
1197.869900
1198.071333
1198.497800
1199.047733
1200.275767
1201.791700
1202.206500
1202.219733
1202.571433
1203.462767
1203.648900
1203.764767
1203.820767
1203.933400
1204.130567
1204.188533
1204.334800
1204.432233
1204.473833
1204.611733
1204.796500
1205.082000
1205.084067
1205.492600
1205.780967
1206.060200
1206.200833
1206.697433
1206.907933
1207.156700
1208.032333
1209.194333
1209.389033
1209.708300
1210.006800
1211.404000
1212.151533
1212.888467
1213.271967
1213.748367
1214.145300
1214.634600
1215.662633
1215.811967
1217.187600
1217.191500
1217.283400
1217.578567
1217.603100
1218.261433
1218.615700
1218.714033
1220.408133
1220.758233
1220.780933
1220.818733
1221.053167
1221.115800
1221.460300
1221.684400
1221.928633
1221.989000
1222.815167
1224.468233
1226.078167
1226.331733
1226.433500
1226.758133
1226.857467
1227.088933
1227.265000
1227.928833
1228.048567
1228.743567
1229.574467
1230.487100
1230.860167
1231.692700
1232.177900
1232.614633
1232.979600
1233.542167
1234.055667
1234.286567
1234.461033
1234.774833
1234.976767
1235.371567
1236.073233
1236.361267
1236.584533
1236.919967
1237.693967
1237.787433
1237.867400
1237.973533
1238.043633
1238.606033
1238.926267
1239.816167
1240.093800
1240.273267
1240.389600
1240.662167
1240.725467
1241.087433
1242.655800
1242.713767
1242.787967
1242.885267
1243.654333
1243.678367
1245.037733
1245.061733
1245.538700
1245.596933
1246.019900
1246.098933
1246.400467
1246.479133
1247.215467
1249.478033
1250.020467
1250.445467
1250.655067
1250.969400
1251.715467
1252.364700
1252.878967
1252.944967
1254.093533
1254.356867
1254.381733
1255.318533
1255.783067
1255.852333
1256.429733
1257.213533
1257.739533
1258.005200
1258.211300
1258.721500
1259.140533
1259.343100
1259.433700
1259.538900
1259.824867
1259.908800
1260.058033
1260.537900
1262.577767
1263.486333
1264.157200
1264.558800
1264.750833
1264.886967
1265.242467
1267.182067
1267.526767
1267.709867
1267.886300
1269.331800
1269.416500
1269.821833
1271.256800
1271.971667
1273.103833
1274.338800
1274.476200
1274.682100
1275.399767
1275.776633
1275.994200
1276.210633
1276.341767
1276.720667
1276.803300
1276.904100
1276.955400
1277.207233
1277.334000
1277.402900
1277.472667
1277.571333
1277.676567
1277.791633
1278.145500
1278.326733
1278.573467
1278.961533
1279.048600
1279.257867
1279.847033
1283.681133
1283.948767
1284.421200
1284.554000
1284.671367
1285.837733
1286.284000
1287.422500
1287.565600
1287.615800
1287.742167
1287.925300
1287.927333
1288.442500
1288.651800
1288.699833
1288.727767
1288.775133
1288.780167
1292.253133
1292.312300
1292.413000
1292.685067
1292.843000
1293.329967
1293.504267
1293.872767
1294.360167
1294.413267
1294.582200
1294.910367
1294.981567
1295.014567
1295.127567
1295.163367
1295.244400
1296.023700
1296.432967
1296.464167
1296.527567
1297.062800
1297.295400
1297.695300
1297.896367
1298.033200
1298.676900
1299.130133
1299.457267
1299.799467
1300.087400
1300.352033
1300.357800
1300.684067
1300.952233
1301.037967
1301.075333
1301.133667
1301.344600
1301.541767
1301.850500
1302.332867
1304.279900
1304.330167
1305.168767
1305.506900
1306.883333
1306.907967
1308.119800
1308.165267
1308.169800
1308.501167
1309.221967
1309.332900
1309.481933
1309.787200
1310.707100
1311.709733
1311.867733
1312.711867
1313.074567
1313.711667
