3.791433
5.990833
6.535633
10.539300
13.819267
18.073467
18.122533
18.451100
18.753967
18.771067
18.970667
19.191033
19.859767
20.158367
20.279900
20.639833
20.710367
21.086733
47.360967
48.519900
49.182367
50.211033
50.229133
51.585667
53.295267
53.660700
59.417233
61.020100
61.091167
61.153067
61.164533
61.383533
63.836433
64.707900
65.105867
66.427667
69.014400
69.438367
69.990967
70.513467
73.846033
78.662233
85.284767
88.878133
93.806667
105.794833
106.518867
106.572200
107.726100
107.930567
108.215667
108.246867
108.273233
108.452700
109.556267
112.837633
113.416033
113.530700
113.856433
115.707967
118.913533
119.112567
120.578533
122.831567
122.834767
123.479367
124.449333
145.425300
147.380600
150.453900
151.667200
152.824433
152.841133
152.985500
153.937667
154.371867
155.082767
155.640767
155.720667
156.681433
156.746500
157.008600
160.639733
164.247967
165.238200
165.339800
166.008567
167.182533
179.398867
195.534167
197.472600
198.856667
201.623567
203.665700
205.164600
206.964100
207.477867
207.616933
209.501467
209.578300
222.853567
223.083333
223.822333
226.839100
227.480100
227.812133
229.610800
229.626000
230.400333
236.324067
245.235567
246.244333
247.279533
247.568967
247.618933
247.965233
249.044900
262.815367
269.387367
271.478700
274.798867
275.171700
275.243067
275.869267
276.189367
283.191100
286.892200
288.005300
290.411000
290.483500
292.047500
294.034067
298.109567
298.505067
298.689933
302.191933
314.216967
315.666833
317.295533
319.803767
322.883467
326.828733
326.921933
327.237733
327.499833
327.508933
328.979633
331.810733
331.887000
337.599400
338.430700
339.904933
340.854300
341.981100
345.832200
354.552767
358.082800
360.396367
372.721400
373.469933
374.695667
377.728967
381.688133
389.424633
401.255867
409.633167
415.007833
417.713433
417.921167
418.087233
419.416133
435.318433
439.524267
442.937300
446.380267
446.533067
448.755467
449.166433
451.065367
451.638667
451.781433
452.008967
452.402133
452.481500
453.588667
455.242467
455.477933
455.766467
456.306667
456.525967
457.078767
457.669367
461.440100
463.441767
464.469033
470.908967
472.854667
476.126767
478.787200
479.314967
487.731300
498.999933
507.784733
508.015633
509.771433
509.794200
510.311300
511.087533
513.429233
513.524767
519.478400
521.644767
522.116967
522.715267
523.696467
523.755400
531.905867
542.788100
543.410533
553.766667
565.904300
569.434933
570.688367
570.720567
570.791733
570.807433
571.059433
575.958800
587.716700
588.172467
590.754167
594.306833
598.970800
602.038933
603.103533
603.113533
604.506833
605.016600
605.161867
605.802600
606.194567
606.536233
615.498600
617.715467
618.261100
618.773300
618.824933
618.889967
621.241233
624.815433
626.898033
630.785100
634.233367
637.481533
647.775800
647.907133
649.711267
651.928100
653.368967
658.262767
662.563300
663.436567
664.613833
668.034067
669.515700
670.775000
670.859367
673.523000
676.935133
678.725600
679.562833
680.017967
683.005933
686.574400
688.620767
692.219633
694.942300
695.192567
700.181400
715.774200
715.779800
718.161567
718.226167
722.992667
726.461833
729.821500
734.097500
734.104433
735.192733
738.225467
739.593467
743.625200
746.207167
751.340567
755.958200
756.149333
756.202533
757.320900
758.296300
761.671233
769.060200
769.108300
778.375133
779.362567
780.517133
782.012833
782.054700
792.127833
797.259033
797.471133
798.923967
799.152433
801.998100
804.563433
814.146900
814.179967
820.418533
824.294833
829.336667
831.827200
832.699300
834.489733
836.543467
837.263100
838.719667
839.382933
839.428267
841.746800
841.789367
856.476667
856.938933
857.685800
863.915767
878.534467
880.018567
880.095433
880.358467
880.434333
881.807500
883.121700
889.118333
889.169467
892.337900
897.857633
901.589267
904.859467
907.469667
909.769867
913.640533
913.745133
915.739700
915.878833
916.187567
919.058233
924.193167
935.864567
950.263300
955.051133
955.255333
958.854733
969.921833
972.051967
972.827700
975.835200
977.563300
978.617367
980.090833
981.647367
983.936867
988.164233
991.004667
994.039633
995.171400
999.034633
1010.998867
1014.054600
1015.365633
1015.519700
1024.128633
1028.468467
1028.538533
1029.267300
1030.727167
1030.770300
1031.281900
1031.285467
1031.549233
1034.168300
1036.193800
1036.860167
1037.130300
1037.434400
1038.053333
1039.208967
1048.147400
1052.147300
1061.924333
1064.313233
1066.434633
1070.007967
1070.796867
1074.104833
1082.534367
1083.873767
1086.900100
1090.107033
1092.643200
1092.717100
1093.318033
1095.444833
1097.947033
1099.461900
1112.235400
1112.892667
1118.259733
1118.391633
1119.847633
1119.911800
1123.636267
1126.385867
1129.554467
1134.025800
1134.199833
1135.326167
1138.198533
1138.603733
1138.778867
1139.258367
1145.476033
1148.357367
1148.395233
1151.194067
1155.675300
1168.625600
1169.960133
1171.518900
1172.492167
1172.588367
1173.079833
1173.234967
1177.661367
1177.741700
1180.995767
1181.493800
1186.316800
1187.284633
1189.242667
1189.530367
1189.854567
1190.336133
1190.803133
1191.034033
1191.402500
1191.472167
1193.870100
1198.742733
1199.712167
1204.984033
1205.081200
1216.383133
1219.417133
1221.024467
1223.526000
1232.984033
1241.074500
1245.224567
1246.798300
1251.013967
1251.366933
1255.027400
1259.132900
1260.366067
1260.964100
1264.144733
1264.155700
1264.213733
1264.649600
1266.694900
1269.642267
1269.869567
1272.981367
1273.016400
1274.393233
1275.800633
1275.820067
1276.153800
1278.034033
1278.609200
1279.284900
1286.874800
1287.777967
1287.830867
1287.835467
1287.863567
1287.924700
1288.419233
1296.644000
1297.087267
1297.100667
1300.645433
1300.919867
1301.335900
1308.948400
1311.776067
