0.070333
0.299500
0.424500
0.772067
1.006333
1.349167
1.488900
1.650167
1.675833
1.876100
1.997500
2.259400
2.371267
2.464967
2.710233
2.757433
2.782333
2.804967
2.859033
2.924200
2.993767
3.097733
3.289967
3.312600
3.385700
3.475800
3.518200
3.735100
4.034733
4.060367
4.124500
4.630367
4.841700
4.859633
4.902300
5.164300
5.220967
5.416833
5.861033
6.070300
6.204567
6.268633
6.466300
6.502500
6.509767
6.573833
6.627433
6.662700
6.827300
7.088700
7.319867
7.343933
8.250167
8.415467
8.450833
8.515867
8.571300
8.606800
8.628967
9.073500
9.178067
9.742533
9.770133
9.816167
9.998467
10.123833
10.280033
10.701633
10.878133
10.992833
11.041700
11.173900
11.374600
12.063767
12.301467
12.575733
12.710467
12.993100
13.137133
13.442800
13.795967
13.955067
14.118567
15.473233
15.703067
15.993667
16.102133
16.281633
16.878267
17.498133
20.111033
20.642567
20.648533
20.658100
21.754867
21.942967
22.049367
22.088567
22.600600
22.680267
23.001633
23.051200
23.139700
23.217667
23.641733
23.711067
23.861800
24.084000
24.239800
24.321967
24.447567
24.499900
24.680167
24.762300
25.173233
25.376000
25.486233
25.734600
25.847800
26.316967
26.871333
26.939167
27.158000
27.230633
27.436267
27.520267
28.096067
28.144533
28.268233
28.303833
28.492500
28.682167
28.817800
28.944933
29.166400
29.202233
29.320600
29.381133
29.528967
29.899867
30.146000
30.303333
30.516967
30.760733
30.919200
31.073067
31.633900
31.727733
31.924767
32.046900
32.191900
32.276200
32.429133
32.469700
32.701567
32.748333
32.850500
32.883700
33.308867
33.347667
33.363667
33.366000
33.429833
33.671200
33.967733
33.996733
34.080267
34.608100
34.629033
34.680067
34.740300
34.834767
34.881300
34.969433
35.093867
35.195733
35.338967
35.373467
35.397367
35.446333
35.479433
35.551500
35.725633
35.771533
36.157767
36.284200
36.785067
37.030867
37.183200
37.311667
37.460033
37.649700
38.052800
38.283933
38.328300
38.429167
38.609233
38.847967
39.074133
39.394533
39.516567
39.672300
39.686967
39.721500
39.824900
39.846667
39.961700
40.308100
40.414033
40.525200
40.561533
40.600767
40.737000
40.793867
41.048567
41.121867
41.317067
41.462200
41.800567
41.873200
42.267500
42.299967
42.354933
42.554600
42.821500
42.941567
42.974067
43.044367
43.083967
43.101467
43.211200
43.271300
43.357467
43.489067
43.530633
43.955967
44.108833
44.306933
44.326033
44.471267
44.698700
44.746833
44.925600
44.984700
45.061367
45.322333
45.539133
45.731333
45.992067
46.267800
46.326633
46.384733
46.605000
46.755633
46.854267
46.930833
47.055000
47.127033
47.232500
47.290733
47.993267
48.415467
48.613400
48.640067
48.958167
48.963333
49.057967
50.404367
50.462067
50.502400
50.611600
50.986933
51.043100
51.261833
51.285567
51.307167
51.383800
51.813133
52.364000
53.094800
53.138100
53.247233
53.370733
53.411467
53.444333
53.467567
53.492367
53.519733
53.553833
53.579900
53.618533
53.640533
53.677800
53.693233
53.974433
54.129433
54.181867
54.390867
54.501267
54.582000
55.008733
55.036100
55.088833
55.534800
55.541667
55.601467
55.822167
55.944067
56.081267
56.518833
57.032833
57.090233
57.247800
57.671733
57.769733
57.813300
57.871467
57.934033
58.181833
58.187067
58.780600
58.870633
58.941900
59.017067
59.156267
59.701000
59.729333
59.932700
60.161900
60.745933
60.941833
60.983767
61.110433
61.128900
61.195200
61.218867
61.364733
61.390867
61.424233
61.463800
61.504133
61.575133
61.632000
61.900933
63.095333
63.323767
63.559933
63.600733
63.634400
63.963467
64.035800
64.271400
64.795833
64.826933
65.333300
65.436633
65.902367
65.974833
66.117600
66.141600
66.190933
66.231833
66.281433
66.293067
66.310233
66.360833
66.635700
66.762667
67.001133
67.109467
67.329967
67.484667
67.817867
67.917167
68.049567
68.260767
68.334567
68.500733
68.588167
68.984667
69.103033
69.146233
69.366467
69.416433
69.858867
69.949500
70.094333
70.420900
70.998833
71.100733
71.407333
71.516700
71.559100
71.649167
71.709300
71.775667
71.872533
72.103433
72.224133
72.227133
72.362433
72.552500
72.624467
72.754633
73.303000
73.444467
73.776100
74.195033
74.356867
74.386333
74.741267
75.186800
75.359867
75.797833
75.898067
76.293833
76.540467
76.811600
77.025967
77.188533
77.269333
77.432300
77.465733
77.530733
77.561533
77.610833
77.904900
77.937867
77.968333
78.036567
78.145900
78.175200
78.337200
79.200200
79.256833
79.303367
79.334867
79.356867
79.416233
79.526033
79.746567
79.895500
79.942100
79.982867
79.988000
80.020033
80.117833
80.149667
80.219567
80.261600
80.366200
80.432800
80.693667
80.933533
81.186633
81.243967
81.438900
81.797300
82.413633
83.139800
83.200233
83.214033
83.534300
83.594133
83.629667
83.882800
84.032633
84.178933
84.420567
84.708133
84.761800
85.131367
85.237533
85.362567
85.475467
85.498033
85.724533
85.827667
86.033500
86.075433
86.161300
86.245200
86.279767
86.352133
86.472833
86.583533
86.655900
87.011767
87.302067
87.366333
87.495200
87.588500
87.754267
87.807533
87.854600
87.875533
87.923467
87.948033
88.003100
88.086733
88.206500
88.259467
88.345567
88.544600
88.717233
88.851867
89.008367
89.026500
89.108200
89.137633
89.461167
89.463167
89.534933
89.793233
90.417100
90.631600
90.908533
91.156833
91.597200
91.605233
91.737400
92.150400
92.164500
92.219267
92.634167
92.818100
92.953133
93.375433
93.566233
93.787867
94.941600
96.497833
96.612567
96.980933
97.307533
97.528033
97.661367
97.879767
97.986633
97.991133
98.128700
98.272533
98.300500
98.333000
98.370800
98.489100
98.714233
98.977300
99.572500
99.710400
99.774167
99.817633
99.877933
99.927800
100.026767
100.161967
100.549167
100.769233
100.837300
100.928300
100.959900
101.085933
101.291367
101.952667
102.017100
102.026933
102.143233
102.291967
102.350833
102.363000
102.471667
102.512367
102.643567
102.780833
102.890100
102.964267
103.069033
103.244533
103.272633
103.338567
103.467300
103.529033
103.630900
103.677333
103.744100
103.860767
104.829000
104.901500
105.324467
105.371900
105.555300
105.567200
105.647567
105.735533
105.756967
105.778767
106.153400
106.183033
106.311933
106.988500
107.546467
107.778233
107.801267
107.823900
107.847533
107.885800
107.893167
107.943000
107.964867
107.971800
108.030500
108.126300
108.224667
108.320800
108.328400
108.395667
108.435533
108.565833
108.573667
108.655933
108.730267
108.798533
108.848367
109.003000
109.297300
109.340433
109.398733
109.426967
109.629833
109.727267
110.082067
110.457233
110.556067
110.850800
111.049533
111.154500
111.388633
111.504567
111.559833
111.636433
111.886433
111.975733
112.015600
112.038300
112.098400
112.163533
112.234800
112.329333
112.417400
112.478600
112.576567
112.678967
112.726233
112.805267
113.051767
113.108500
113.175867
113.270733
113.342433
113.375733
113.542467
113.581067
113.649700
113.687733
114.140767
114.176000
114.222600
115.009667
115.794900
116.583800
116.755567
117.190533
117.534733
118.052967
118.095700
118.255367
118.277300
118.544000
119.422767
119.505933
119.556133
119.889033
120.033933
120.109433
120.271933
120.522933
120.667600
120.911100
120.987067
121.052600
121.357867
121.490000
121.554100
121.591400
121.705067
121.754167
121.867233
122.045633
122.152900
122.242267
122.387467
122.950200
123.060267
123.228600
123.274633
123.328700
123.366067
123.495300
123.661233
123.873733
124.012533
124.343633
125.235333
125.270067
125.461167
125.521867
125.913300
125.962500
126.138567
126.276900
126.359533
126.701833
126.964000
127.054733
127.194533
127.272233
127.314933
127.531567
127.629667
127.634833
127.722567
127.798800
128.040933
128.087467
128.121867
128.244967
128.309333
128.574100
128.957800
129.281733
129.391267
129.581533
130.011767
130.130600
130.181933
130.356000
130.578733
130.719967
130.781300
130.935600
130.964200
131.000600
131.062833
131.174400
131.345333
131.416067
132.364500
132.482400
132.568067
132.646667
132.714100
132.749300
133.179167
133.226767
133.641600
133.715067
133.763400
133.835000
134.050667
134.072767
134.078433
134.193667
134.339533
134.677567
134.722533
134.757267
134.825900
134.874733
134.969000
135.092767
135.418467
135.440600
135.583567
135.722833
135.893033
135.956300
136.080267
136.316200
136.363267
136.410333
136.439400
136.500033
136.519567
136.620867
136.781367
136.906733
137.174733
137.399667
137.401433
137.516967
137.708333
137.771367
137.802400
137.917367
138.037600
138.072000
138.303600
138.465833
138.562633
138.690400
138.739467
138.870467
138.953233
138.984167
139.141733
139.260700
139.344833
139.384733
139.386800
139.432667
139.853767
139.943967
140.016200
140.037333
140.066967
140.168967
140.250833
140.336567
140.596167
140.644133
140.714467
140.796067
140.877400
140.945600
141.013133
141.259133
141.401900
141.516333
141.829267
141.880533
141.923000
142.089033
142.550567
142.578600
142.668367
142.683867
142.730167
142.876600
142.901067
142.946700
143.546400
143.609100
143.690500
143.721667
144.240533
144.373067
144.460067
144.657000
144.766633
144.831633
145.045533
145.280900
145.391367
145.806400
145.827533
145.905100
146.369700
147.033233
147.154533
147.373067
147.468767
147.827500
148.385000
148.975733
149.544200
149.550933
149.677067
149.899233
150.357433
151.007200
151.144233
152.203667
152.480267
152.608900
152.645633
152.873967
152.925833
153.004567
153.027000
153.052400
153.100933
153.148367
153.190700
153.214400
153.279333
153.818733
154.063300
154.626433
154.786933
155.550833
155.590967
155.667000
156.136000
156.753100
157.069000
157.158367
157.456200
157.511567
157.621100
157.793767
157.823600
157.882367
157.941033
157.999200
158.020633
158.069867
158.095000
158.203733
158.454200
158.877133
159.239867
159.316400
159.407400
159.506633
159.543633
159.574200
159.734967
159.952167
160.193067
160.513067
160.613667
160.666500
160.896633
161.196033
161.838433
161.974733
162.068200
162.169400
162.227567
162.447833
162.492500
162.546600
162.778300
163.138400
163.549567
163.621700
163.835967
164.049500
165.160633
165.270133
165.328067
165.408933
165.451600
165.537500
165.562933
165.598333
165.619733
165.712233
166.206900
166.324467
166.410167
166.858767
166.908400
167.390300
167.462700
167.662233
167.757900
167.971933
168.133300
168.348300
170.065067
170.182833
170.226633
170.269833
170.290767
170.339867
170.436167
170.539867
170.624600
170.691133
171.002200
171.033333
171.060433
171.128767
171.159567
171.256767
171.290400
171.377333
171.472767
171.549633
171.591400
171.624100
171.847933
171.916400
172.013767
172.046900
172.202033
172.440000
172.834633
173.578300
173.699133
173.819733
174.026633
174.108833
174.189433
174.525633
174.638667
175.130600
175.213333
175.489900
175.709633
176.338333
176.412533
176.453967
177.080033
177.424800
177.565067
177.694733
177.781867
177.808200
177.847333
177.859633
178.359700
179.812133
179.966233
180.528600
180.807400
180.946500
181.026233
181.160000
181.292000
181.336633
181.746300
181.909033
182.256600
182.446567
182.528500
182.555833
182.585300
182.624867
182.721033
182.898800
183.159333
184.126033
184.134433
184.444533
184.578200
184.580233
184.757467
184.846533
186.058833
186.247300
186.527400
186.660533
186.872633
188.200533
188.236233
188.292600
188.612000
188.705167
188.724900
189.096967
189.335900
189.491700
189.846300
189.965967
190.018067
190.356133
190.414533
190.744133
190.787933
190.999300
191.065600
191.213267
191.406600
191.543600
191.592833
191.669133
191.698833
191.798600
191.873967
192.090633
192.538900
193.518667
193.610867
193.870833
193.917200
193.993667
194.164767
194.310433
194.511100
194.577267
194.602233
194.664733
194.788267
194.985800
195.010033
195.825367
195.984700
196.302800
196.429067
197.077800
197.278733
197.321067
197.384067
197.622067
197.679867
197.741333
197.867433
197.985700
198.199633
198.279833
198.324200
198.393500
198.762400
198.867467
198.933433
198.990433
199.069767
199.112933
199.184700
199.250467
199.463300
199.777967
200.326400
200.653667
201.115467
201.349333
201.660233
201.761867
201.848967
201.973167
202.076567
202.209433
202.586667
202.698100
202.994067
203.103667
203.289500
203.329200
203.389767
203.460133
203.474433
203.539967
203.763000
203.921433
203.993133
204.168633
204.315967
204.416433
204.969133
205.076600
205.116800
205.384867
205.512567
205.590800
205.874600
206.581100
206.998200
207.169867
208.383900
208.507733
208.613700
208.730767
208.822167
208.865133
209.044600
209.174267
209.255767
209.283800
209.365667
209.436533
209.450367
209.485833
209.513433
209.697733
209.996600
210.387500
210.657533
210.773533
210.974133
211.346600
211.386333
211.526367
211.582500
211.603567
211.790233
212.100400
212.186400
212.269100
212.353400
212.512033
212.678500
212.757067
213.152767
213.305933
213.372900
213.499167
213.547100
213.633967
213.654033
213.687667
213.762167
213.952767
214.174400
214.425033
214.612500
214.831500
214.890800
214.961933
215.009333
215.651467
215.937433
216.110567
216.161267
216.333067
216.549167
216.605800
217.049633
217.099133
217.156733
217.262267
217.565067
217.975200
218.096533
218.146700
218.233600
218.486967
218.578600
218.647833
220.084533
220.432900
220.681500
221.128500
221.395467
221.418300
221.539800
221.652833
221.704367
221.812000
221.943067
222.013600
222.125500
222.150800
222.241667
222.279233
222.503567
223.531300
223.598500
224.101100
224.264500
224.345800
224.581300
224.764533
225.062767
225.366500
225.400467
225.452767
225.533933
225.695433
225.766300
226.081367
226.983467
227.577900
227.655567
227.932500
228.076367
228.212333
228.229400
228.280200
228.762800
230.057333
230.214867
230.483400
230.639333
230.844667
231.021433
231.181533
231.336333
231.426200
231.690033
231.958533
232.363200
232.384867
232.451233
232.476600
232.519467
232.618733
232.665667
232.689467
232.730100
232.797033
232.869933
233.085067
233.143900
233.220567
233.300633
233.358200
233.461000
233.488300
233.593100
233.735500
233.741333
233.853667
234.100700
234.233467
234.295933
234.467133
234.575033
234.680833
234.708633
234.829200
234.934033
235.010767
235.036067
235.068767
235.096400
235.180800
235.199933
235.235333
235.342000
235.453967
235.519533
235.555600
235.563367
235.750467
236.012467
236.045667
236.057867
236.136500
236.171633
236.207000
236.239500
236.282900
236.325233
236.444500
236.595733
236.967833
237.287233
237.327467
237.376567
237.506400
237.631633
237.719033
237.876733
237.898900
237.945067
238.408567
238.588400
238.712100
238.754700
238.955933
239.155900
239.267433
239.284767
239.304500
239.327433
239.427733
239.490700
239.507900
239.524500
239.702467
239.855633
239.965267
240.015900
240.096333
240.408433
240.441100
240.553067
240.591767
240.840233
241.089567
241.630533
241.653267
241.681700
241.735267
241.811133
241.920067
242.534700
242.697700
242.847600
242.885300
242.920167
243.050867
243.158533
243.200233
243.357533
243.505500
243.620233
243.663467
243.915367
244.005433
244.097000
244.230533
244.301567
244.315200
244.461233
244.491133
244.657767
244.802233
244.929433
244.980800
245.568567
246.312267
247.137133
247.819267
247.845267
247.897067
247.914600
248.088600
248.153833
248.937967
249.120467
249.201900
249.756167
249.841433
249.994000
250.075767
250.314100
250.394300
250.469233
250.748333
250.851067
250.884333
251.141233
251.208433
251.332167
251.438900
251.505467
251.660633
251.756767
251.812167
251.917500
252.415767
252.513233
252.570567
252.688900
252.792667
252.945067
253.153067
253.231967
253.245767
253.259267
253.298000
253.340833
253.499000
253.564667
253.600900
254.051700
254.090467
254.399867
254.535567
254.717500
254.803833
254.960467
255.166933
255.301700
255.361800
255.392867
255.744033
256.603833
256.881933
257.004567
257.095800
257.189300
257.225567
257.316533
257.395700
257.423167
257.448767
257.475967
257.804367
257.908300
257.914733
258.065067
258.180133
258.322033
258.384633
258.477900
258.529500
258.570533
258.637667
258.715300
258.769767
258.867967
258.878900
258.937433
259.002800
259.233000
259.402800
259.660433
259.704467
260.428333
260.510933
260.531833
260.568133
260.660967
260.693567
260.734400
260.763700
260.826700
260.884000
260.973400
261.084067
261.292033
261.501100
261.631500
261.669000
262.136333
262.299200
262.308233
262.480500
262.537067
262.629400
262.744100
262.801867
262.899733
262.960167
262.971667
262.980033
263.095667
263.354467
263.612933
263.686333
263.749367
263.866967
263.948200
263.962233
264.090800
264.139500
264.719500
264.900667
265.033700
265.152300
265.196467
265.714367
265.784200
265.849100
265.946200
265.990467
266.001067
266.194167
266.366867
266.408433
266.482733
266.506600
266.740667
266.820100
267.115067
267.736300
267.783500
267.810200
267.857767
267.998000
268.053267
268.094700
268.335000
268.480900
268.593733
268.705900
268.746567
268.835367
268.887100
269.194000
269.221367
269.292167
269.569633
269.768967
270.308933
270.373733
270.476633
270.697067
271.388667
271.456767
272.162933
272.302567
272.422767
272.591233
272.831100
272.915733
273.091467
273.166900
273.225100
273.293567
273.396933
273.481333
273.610900
273.632167
273.697733
274.528600
274.585000
274.634533
274.715700
276.227767
276.692700
276.804133
276.837533
276.866133
277.339867
278.239200
278.269167
278.379900
278.383433
278.391200
278.464067
278.527200
278.677533
278.720667
278.790833
278.865833
278.952667
278.971333
279.013333
279.041667
279.086600
279.342733
280.021767
280.170033
280.226333
280.672033
281.022167
281.173000
281.228567
281.358100
281.531833
281.715867
281.828100
282.113467
282.124900
282.206433
282.386833
282.667400
282.744400
282.856367
282.902633
282.966800
283.034833
283.082767
283.138667
283.348300
283.698800
283.771067
283.781700
283.804467
283.835333
283.879567
283.887900
283.917767
283.964867
284.100200
284.417433
284.898900
285.252133
285.520667
285.603467
285.621833
285.687233
285.981000
286.011867
286.058700
286.085533
286.118033
286.206300
286.233933
286.656533
286.737500
286.922267
287.725633
287.787467
287.939167
288.072900
288.193967
288.251567
288.423400
288.477533
288.527767
289.041800
289.125133
289.335033
289.443167
289.996367
290.045033
290.116333
291.598033
291.705500
291.797200
292.036600
292.155600
292.427733
292.505600
292.532400
292.632300
292.913067
293.025467
293.321633
293.359033
293.645000
293.684300
293.765467
293.792500
293.872400
293.904967
293.942067
294.189133
294.382233
294.699033
294.914367
294.987900
295.046667
295.128900
295.229633
295.379133
295.421233
295.659200
295.824500
295.864533
296.480267
296.602900
296.662500
296.782200
296.821467
296.845000
296.866567
296.978867
297.061633
297.134400
297.209533
297.328567
299.746800
300.706067
301.054933
301.223433
301.289267
301.375067
301.409333
301.488967
301.671667
301.756733
301.790567
302.264600
302.360100
302.424000
302.465000
302.522433
302.545667
302.584400
302.616800
302.741033
302.805067
302.930767
302.968367
303.480967
303.642333
303.787533
303.882567
304.091333
304.163400
304.337500
304.381967
304.553400
304.665233
304.718700
304.853900
304.891000
304.930833
305.034867
305.137300
305.178000
305.200633
305.452100
305.488367
305.528367
305.564567
305.763133
305.803367
305.995567
306.084467
306.251300
306.575733
307.007800
307.064767
307.238500
307.300467
307.668433
307.795667
307.867367
308.090733
308.398267
308.482500
308.987833
310.067700
310.608300
310.659633
310.677700
310.997000
311.058400
311.159267
311.179733
311.185033
311.381167
311.543333
311.732133
311.854900
311.972467
312.037233
312.263567
312.296367
312.344233
312.434000
312.895100
313.102500
313.776800
313.817200
313.837933
314.161100
314.269700
314.316933
314.382533
314.430100
315.411133
315.505767
315.812467
315.880833
315.948267
316.072733
316.122100
316.164033
316.170767
316.329267
316.394067
316.436933
316.528533
316.614200
316.661733
316.672167
316.704067
316.742633
316.825867
317.069767
317.252900
317.365600
317.401033
317.444067
317.623433
317.625400
317.694133
318.200100
318.234867
318.643700
319.378033
319.425400
319.964700
320.281100
320.340467
320.479200
320.643067
320.775833
320.955233
320.988367
321.066400
321.262033
321.298600
321.361333
321.375167
321.486800
321.589167
321.733033
321.746400
321.772900
321.822433
321.890000
321.933667
322.004633
322.475233
322.920333
323.154200
323.171567
323.203533
323.206633
323.310933
323.410233
323.848933
324.236667
324.445800
324.953500
325.131367
325.475067
325.771700
325.991767
326.314667
326.383567
326.746233
327.639467
327.717800
327.908133
328.963500
328.988233
329.024967
329.092600
329.249333
329.312367
329.409067
329.447433
329.711700
330.220600
330.332867
330.410467
330.465867
330.495933
330.539333
330.694067
330.831467
330.931833
331.089933
331.121400
331.165000
331.516633
331.591867
331.946200
332.156567
332.205100
333.812700
333.847833
334.016500
334.052267
334.440133
334.551933
334.600833
334.992667
335.059267
335.214700
335.739267
335.756633
335.808133
335.974600
336.053300
336.174733
336.430667
336.452600
336.509467
336.545500
336.607233
337.079733
337.187100
337.350633
337.398533
337.530367
337.861200
338.072500
338.259333
338.467900
338.544867
338.629367
338.709433
339.383133
339.387833
339.831167
339.938500
340.172700
340.821800
341.864033
342.295733
342.723867
343.237233
343.347067
343.351833
343.398233
343.475267
343.804233
344.089400
344.686233
344.840900
345.058100
345.183000
345.228667
345.267900
345.549233
345.564233
345.586800
345.700400
345.721000
345.763900
345.809600
345.848067
345.987500
346.022400
346.372433
346.443933
346.533067
346.671300
346.720133
346.765367
346.899633
347.398133
347.900267
347.938133
348.064467
348.100067
348.296700
348.396500
348.414100
348.438167
348.466433
348.478500
348.511733
348.673867
348.714900
348.728500
348.750000
348.987667
349.187500
349.265467
349.348600
349.404233
349.422933
349.491633
349.745200
350.298067
351.319167
351.429267
351.862367
352.065233
352.171433
352.358767
352.506500
352.607100
352.708400
352.836700
352.942200
353.084100
353.182100
353.420467
354.010467
354.196267
354.288800
354.402000
354.787667
355.120367
355.204000
355.315933
355.540967
355.687133
356.009033
356.032600
356.056967
356.080033
356.109400
356.193033
356.216600
356.329767
356.364600
356.399467
356.507233
356.539533
357.220533
357.352533
357.763300
357.928833
358.152533
358.194267
358.308200
358.464300
358.660333
358.711333
358.775233
359.027233
359.092800
359.267233
359.456600
359.792533
359.895200
359.930367
359.973100
360.284133
360.471333
360.614633
360.684767
360.893933
361.110067
361.471333
361.539933
361.767867
361.863133
361.966767
362.046367
362.441267
363.005433
363.925633
364.054867
364.338100
364.474100
364.541167
364.667900
364.874467
364.928567
364.965867
365.078400
365.122433
365.252167
365.290833
365.319567
365.498600
366.149600
366.771900
366.814800
367.287900
367.515967
368.223833
368.595500
368.999500
369.094100
369.236133
369.277600
369.353267
369.417633
369.573000
369.803500
369.901900
370.662633
370.728333
370.960700
371.082267
372.063333
372.275267
372.318333
372.648067
372.901333
373.218000
373.269433
373.309700
373.693133
373.762267
374.319767
374.366067
374.451767
374.695767
375.094500
375.322833
375.868633
376.395300
376.632000
377.376700
377.547867
377.667967
377.729567
377.777667
377.912333
377.916233
378.135533
378.269133
378.360400
378.631100
378.674667
378.849367
378.879200
379.264800
379.373233
379.581000
380.878900
381.186533
381.229467
381.308467
381.865133
381.888600
381.976667
382.035533
382.977767
383.002400
383.067300
383.188567
383.270633
383.483833
383.559633
384.289867
384.367167
384.801033
385.265133
385.352567
385.384567
385.413400
385.492267
385.516233
385.609067
385.647067
386.052500
386.131300
386.170700
386.212567
386.306367
386.542100
386.978933
387.210667
387.510467
387.544800
387.609367
387.619400
387.646333
387.679700
387.735900
387.758300
387.896167
387.989267
388.098700
388.120900
388.239067
388.241600
388.454433
388.631700
388.825867
388.935233
389.425133
389.746533
390.252400
390.527400
390.732367
390.810733
390.969200
391.594900
391.809100
391.851467
392.075367
392.178067
392.236233
392.237933
392.342133
392.367700
392.519900
392.548333
392.615567
392.681200
392.925367
392.962967
393.100667
393.184333
393.383667
393.444500
393.468700
393.498767
393.679933
393.846467
394.268867
394.741800
394.749100
394.786733
395.352367
395.370167
395.384867
395.416100
395.459067
395.668333
395.726933
395.822433
395.911867
396.605833
396.619967
396.643900
397.014967
397.056767
397.384133
397.574433
397.891833
397.975133
398.118000
398.208300
398.372967
398.670433
399.190400
399.572333
400.639467
402.230100
402.371967
402.622833
402.850233
402.885933
402.898500
402.926033
402.946067
403.047733
403.119667
403.345267
403.390100
403.454067
403.486400
403.759433
403.826100
404.493667
404.599933
404.652633
404.703567
404.852033
404.967667
405.071967
406.785333
406.834167
406.980233
407.020367
407.063133
407.267933
407.386467
407.405400
407.906733
407.990700
408.032067
408.193167
408.306567
408.666567
408.776967
408.828800
408.871000
409.018267
409.182533
409.400167
409.631700
409.892200
409.987533
410.120467
410.503400
410.673367
410.726800
411.074533
411.263100
411.317133
411.499133
411.516500
411.550167
411.793700
411.922233
412.052167
412.471567
412.559167
412.596033
412.801400
413.003267
413.032500
413.062600
413.117300
413.171100
413.293467
413.359267
413.412533
413.715300
414.045200
414.194900
414.399900
414.497600
414.988700
415.369300
416.118133
416.296500
416.369400
416.397333
416.430100
416.609400
417.173967
417.307233
418.381833
418.425433
418.548167
418.592200
420.311700
420.343267
420.892267
420.981400
421.159800
421.473567
421.668867
422.277633
422.462000
422.567600
423.401067
423.476833
423.583033
423.607967
423.821133
423.858700
423.875367
423.988567
424.105633
424.134300
424.317200
424.335267
424.344667
424.421967
424.440833
424.584800
424.607000
424.703467
424.782033
424.851867
424.915167
425.203100
426.124100
426.239567
426.355300
426.568300
426.684900
426.737700
426.761033
426.870233
426.951700
427.027067
427.267467
427.360567
427.732633
428.801467
429.008067
429.203533
429.599233
429.854400
429.901200
429.966800
430.137167
430.236733
430.345367
430.364700
430.475800
430.491567
430.571733
430.648133
430.803533
431.010600
431.075900
431.396200
431.537900
431.624300
431.845333
431.959567
432.056900
432.137467
432.366200
432.423500
432.996700
433.169700
433.222533
433.339167
433.385967
433.769833
433.805833
433.828367
433.847633
433.931933
433.979767
434.685467
434.943933
435.243900
435.518433
435.581033
435.653633
435.919267
435.961133
436.106233
436.116100
436.249000
436.376367
436.723533
436.960033
437.099700
437.247033
437.299633
437.484867
437.658267
437.930367
439.230833
439.354567
439.418433
439.451000
439.522267
439.605200
439.806967
440.072100
440.241167
440.331800
440.647933
441.073800
441.147433
441.447567
441.819733
441.821967
441.869633
442.159000
442.400500
442.456067
443.115900
443.161833
443.418567
443.647300
444.265500
444.368000
444.430733
444.788900
445.026733
445.158600
445.209233
446.593867
447.309367
447.316267
447.370100
447.524333
447.542767
447.602867
447.684400
447.700033
447.719067
447.751100
447.811200
447.850800
447.900533
448.012967
448.044267
448.102433
448.137167
448.188367
448.679667
449.195233
449.365633
449.601200
449.950900
450.539433
450.601933
451.260500
451.814433
451.852433
451.907167
452.142000
452.270900
452.441633
452.821533
452.925200
453.062967
453.220600
453.474267
453.619600
453.670033
453.673467
454.038600
454.128167
454.307400
454.490700
454.567367
454.621900
454.903500
454.999500
455.134200
455.157533
455.262767
455.293167
455.375033
455.489133
455.733000
455.790800
457.004067
457.060833
457.271833
457.750633
457.808967
458.256233
458.406267
458.564133
458.985500
459.448600
459.663633
459.822033
460.400933
460.680933
460.847467
460.924600
461.033200
461.131133
461.182300
461.244733
461.296867
461.645500
461.719867
462.279733
462.431867
462.844733
463.032167
463.117600
463.185433
463.328067
463.596467
463.658433
463.681533
463.772033
463.958933
464.016600
464.159967
464.611833
464.686000
464.845267
464.948967
464.978400
465.135600
465.286767
465.425067
465.535367
465.648200
465.707333
465.778767
465.988667
466.057100
466.145233
466.189067
466.278400
466.312000
466.353433
466.736433
466.998833
467.424000
467.534267
467.873267
468.987200
469.401533
469.550467
469.687133
469.789500
469.944300
470.410833
470.757400
471.315533
471.397100
471.466967
471.605133
471.779367
472.070700
472.143467
472.261767
472.285467
472.397000
472.454867
472.944133
473.066100
473.099933
473.105900
473.197233
473.308633
473.333167
473.585233
473.679167
473.896000
473.949733
474.038267
474.099033
474.211433
474.706733
474.931333
475.626833
475.663200
475.906767
476.043567
476.151367
476.224100
476.734733
477.249800
477.322133
477.643100
477.674467
477.774500
478.078367
478.186867
478.250767
478.292267
478.362933
479.415367
479.496700
479.751933
479.790133
480.036067
480.129767
480.925633
481.284767
481.483467
481.529300
481.669867
481.846800
481.885500
482.341133
482.582267
482.621800
482.744633
482.934633
482.991700
483.061200
483.135267
483.644033
484.037867
484.082433
484.112133
484.169233
484.222900
484.269900
484.507267
484.860533
485.023400
485.064000
485.104900
485.158033
485.411333
485.659933
485.814967
486.130500
486.183233
486.294100
486.447033
486.771600
486.930633
487.147900
488.247900
488.577967
488.974033
489.218267
489.240900
489.380567
489.423933
489.550033
489.626900
489.971467
490.088700
490.133067
490.164200
490.243033
490.332600
490.345967
490.402800
490.494400
490.685000
490.939733
490.972200
491.423400
491.924267
492.151233
492.183100
492.209900
492.244400
492.273633
492.339267
492.369533
492.676367
492.703167
492.897867
492.933467
492.963433
492.981867
493.155867
493.201967
493.284067
493.458100
493.640267
493.649400
494.076333
494.327600
494.460367
494.602800
494.970900
494.997600
495.037133
495.047667
495.371867
495.426700
495.455933
495.526000
495.582100
495.613733
495.642733
495.742733
495.863500
495.990200
496.382100
496.574133
496.961467
497.123933
497.496367
497.551500
498.105233
498.237067
498.526467
498.571400
498.711867
498.801533
498.832300
498.888833
499.002333
499.218000
499.280500
499.331300
499.404800
499.440867
499.474433
499.714767
499.967433
500.160433
500.505267
500.767633
500.846133
501.014300
501.085033
501.087067
501.365200
501.414200
501.515600
501.602933
501.731033
501.776300
502.365300
502.901267
503.042133
503.140633
503.383767
503.552500
503.831767
504.053167
504.122467
505.102367
505.440300
505.570667
505.757400
505.787467
505.857933
506.089867
507.231867
507.295667
507.332067
507.415433
507.688700
507.754533
507.845067
508.001433
508.110633
508.146433
508.243800
508.333733
508.497333
508.638700
508.659867
508.984567
509.188967
509.244733
509.671167
509.681567
509.718133
509.921300
509.985500
510.133733
510.180633
510.590733
510.756400
510.848033
510.957967
511.027433
511.133900
511.160833
511.288367
511.333933
511.514700
511.955700
512.073100
512.123100
512.336100
512.391700
512.432533
512.474467
512.586633
512.700467
513.110600
513.215800
513.247500
513.974433
514.152833
514.815433
514.952967
515.613200
515.734567
515.858033
515.997333
517.250700
517.329167
517.505467
517.616200
517.731333
518.524367
519.011567
519.201100
519.370333
519.400533
519.936933
520.067700
520.136933
521.382967
521.545700
521.611833
521.657700
522.614500
522.647133
522.886300
522.918533
522.998400
523.058567
523.236800
523.482400
524.201567
524.303467
525.582733
525.657933
525.761767
525.851633
525.924300
526.411700
526.830367
526.880200
526.975267
527.144500
527.391667
527.646700
528.094400
528.338400
528.563133
529.406433
529.454167
529.495667
529.619867
529.685200
529.716300
529.798467
530.834200
530.883867
530.992700
531.246367
531.311900
531.313633
531.350133
531.368200
533.280167
533.400533
533.461100
533.617300
533.699867
533.843200
533.997667
534.164733
534.417800
535.266633
535.821433
536.159167
536.212733
536.267433
536.270933
536.476567
536.587400
536.701600
536.964533
537.247300
537.494533
537.712467
538.339800
538.551267
538.599733
538.626300
538.680333
538.806467
539.117100
539.184000
539.233600
539.416467
539.453633
539.485567
539.605800
539.657567
539.873400
541.070700
541.257067
541.261433
541.450967
541.846600
541.956267
542.030967
542.613067
542.760733
543.097200
543.271600
543.328733
543.692867
543.835200
544.207233
544.755833
544.874100
544.913400
544.963100
545.075767
545.377633
545.607033
546.327367
546.420567
546.462433
546.578800
546.620567
546.676000
547.197300
547.267633
547.335000
547.602167
548.252833
548.508300
548.589900
549.013667
549.282000
549.574500
549.694867
550.404333
550.555367
550.769267
551.023867
551.157133
551.343567
551.347867
551.426833
551.531867
551.576233
551.874933
551.916400
551.970900
552.275700
552.334733
552.429567
552.486300
552.715467
553.096800
553.835600
554.214200
555.188533
555.238600
555.501633
555.605933
555.657933
555.774067
555.899400
556.042900
556.160067
556.237400
556.683600
556.772633
556.891500
557.141667
557.561267
557.842933
557.925700
558.046000
558.136767
558.254467
558.644567
559.097833
559.161667
559.174400
559.218967
559.251300
559.317000
559.536300
559.571067
559.587833
559.922367
560.042967
560.706800
560.720567
561.529433
561.543633
561.588300
561.648500
561.691000
561.839200
562.001900
562.373767
562.444100
563.392033
563.573667
563.599500
563.647200
563.716300
563.838733
563.882000
563.920233
563.926867
564.260167
564.364167
564.415567
564.675367
564.955833
565.361867
565.795300
565.879667
566.196667
566.340933
566.717267
566.821033
567.189500
567.433267
567.766800
567.997767
568.106633
568.137233
568.172600
568.339300
568.373933
568.408233
568.577033
568.689400
568.813333
568.968567
569.053533
569.294267
569.351000
569.389600
569.513233
569.888467
570.312733
570.367833
570.559500
570.609633
571.007433
571.163633
571.221833
571.263733
571.774833
571.913067
572.006400
572.025467
572.085800
572.224233
572.584700
572.672767
572.838467
572.912633
573.028200
573.109600
573.329133
573.380567
573.507100
573.629933
573.754633
573.891200
574.243133
574.472433
574.619300
574.725067
574.794500
574.909367
574.931867
575.096600
575.243033
575.751600
575.875867
576.961333
577.251967
577.302200
577.621233
577.935267
578.196067
578.276667
578.322200
578.374833
578.567900
578.753867
578.793200
578.822933
578.895767
578.937033
579.059033
579.127500
579.268833
579.303633
579.343800
579.387167
579.504467
579.542300
579.586433
579.780467
579.840867
580.391600
580.440200
580.857833
581.262833
581.315400
581.459133
581.653567
582.053067
582.159300
582.411867
582.418500
582.780533
582.801000
582.860967
583.583533
583.785800
583.886067
583.926167
584.359700
584.804200
585.374867
585.439533
585.476167
585.714067
586.023800
586.134267
586.211800
586.537033
586.586600
587.054533
587.159333
587.218900
587.373033
587.556933
587.730667
587.759767
587.766800
587.892167
588.192267
588.197600
588.357900
588.365133
588.728300
589.598500
589.667967
589.872100
590.207767
590.397533
590.640767
591.554567
591.606633
592.177600
592.691100
592.966167
592.986567
593.312133
593.383267
593.406967
593.509000
593.625400
593.730767
594.034500
594.149633
594.197667
594.502033
594.829400
594.939800
594.996267
596.071333
596.572133
596.615467
596.815433
596.841967
597.263433
597.551800
597.583733
597.723233
597.797067
597.860533
597.965967
598.149567
598.179300
598.240367
598.498700
598.570633
598.683367
598.835333
599.175600
599.732300
599.815867
599.845000
600.114500
600.246900
600.646300
600.856767
600.927367
600.976933
601.177033
601.353500
601.651400
601.833000
601.989067
602.162133
602.322867
602.564800
602.665067
603.342500
604.251167
604.683600
604.810600
604.971400
605.385767
605.458000
605.559867
605.770033
605.850033
605.983533
606.212100
606.250267
606.549933
606.643733
606.674300
606.749267
606.766167
606.815767
606.998700
607.042933
607.139100
607.197633
607.260100
607.315433
607.464700
607.728833
607.839100
607.885967
608.052600
608.086833
608.125800
608.188600
608.411633
608.719833
608.820200
608.839833
609.016667
609.555067
609.723300
609.866700
609.914267
610.062667
610.229433
610.311700
610.325367
610.447167
610.713433
610.769500
610.883400
610.905333
610.955033
610.970467
611.031233
611.147200
611.209967
611.528500
611.575733
611.609700
611.758200
611.797500
611.888967
612.094100
612.139067
612.172600
612.343333
612.365667
612.395367
612.677233
612.826767
612.941967
613.321033
613.529500
613.773367
613.874833
614.050200
614.400867
614.453833
614.588233
614.681533
614.974367
615.418567
615.476333
616.079333
616.220967
616.555900
616.623200
616.816700
616.948700
617.574500
618.498533
618.523600
618.654200
618.757033
618.954033
619.085867
619.122267
619.207067
619.350400
619.458533
619.738200
620.149600
620.243267
620.393767
620.441067
620.681933
621.006300
621.374200
621.491600
621.684333
621.732233
621.783067
621.789067
622.212533
622.282667
622.459567
623.599700
623.721033
623.790533
624.193933
624.323033
624.559567
624.652067
624.783133
624.958667
625.134433
625.187833
625.215967
625.339200
625.384333
625.442167
625.653433
625.995733
626.020167
626.212400
626.330733
626.347133
626.379833
626.631967
626.677067
626.800733
626.890800
627.211000
627.678000
627.732333
627.795133
628.068367
628.148600
628.283767
628.626000
628.835400
629.127200
629.275733
629.674433
629.835067
629.881600
629.927667
630.456300
630.531333
630.604567
630.665933
630.700700
630.939333
631.064400
631.081600
631.237567
631.380867
631.562967
631.697700
631.816633
632.092733
632.237533
632.275100
632.485367
632.533200
632.694767
632.788133
632.836233
632.870000
632.917067
632.996267
633.113933
633.126867
633.613200
634.002533
634.140433
634.192433
634.329467
634.422567
634.429933
634.475233
634.479733
634.588600
634.704567
634.748400
634.834133
634.896600
634.985700
635.193567
635.265833
635.526233
635.584333
635.906667
636.001700
636.351333
636.817700
636.860400
637.146367
637.238367
637.269067
637.296367
637.554933
637.739867
637.850733
638.287233
638.323867
638.541900
638.582900
638.781000
638.973033
639.229733
639.342067
639.494933
640.219033
640.374600
640.834700
641.015933
641.522400
641.852967
642.341200
642.357867
642.377133
642.467633
642.540533
642.911433
642.982267
643.090300
643.500467
643.585533
643.609767
643.677567
643.745733
643.766567
643.796800
643.852400
643.997100
644.067533
644.600467
644.956500
645.145300
645.393900
645.689367
647.080700
647.107133
647.189600
647.436633
648.054300
648.612600
648.804433
649.036800
650.009933
650.204667
650.299867
650.406800
650.490833
650.575767
650.819400
650.850367
650.904200
651.008800
651.059467
651.887500
652.099933
652.254933
652.487867
652.914867
653.308100
653.517800
653.608700
653.706667
653.870633
653.931967
654.195433
654.269133
654.331833
654.381733
654.660067
654.721733
655.104767
655.154533
655.253667
655.308333
655.389500
655.434600
655.567867
655.734133
655.934767
656.376333
656.525600
656.934500
656.965867
657.086233
657.193267
657.229833
657.353667
657.459467
657.499700
657.679767
657.797567
657.867833
657.961667
658.219300
658.285300
658.626667
658.735033
658.973000
659.028867
659.121633
659.397033
659.754600
659.980167
660.069933
660.132667
660.165867
660.426233
660.487967
660.656533
660.871933
661.362167
661.546400
661.597467
661.755500
661.836167
661.918600
662.647933
662.912933
662.957000
663.061833
663.441900
664.588200
664.719700
664.758933
665.036000
665.331967
665.377333
666.106167
666.271733
666.459933
666.545867
666.750167
667.048200
667.143267
667.188867
667.308700
667.491533
667.837367
667.926900
668.018367
668.281267
668.393033
669.669500
669.761933
670.058200
670.375700
670.476233
670.650967
670.789100
670.851067
671.247467
671.399633
672.659100
672.729367
672.760267
672.831567
672.891467
673.047433
673.084100
673.151033
673.320567
673.385933
673.450467
673.783233
673.855667
674.001433
674.176733
674.220167
674.392600
674.419933
674.500367
674.734633
674.768600
674.830567
675.025867
675.039533
675.094233
675.136400
675.496133
675.635600
675.741433
675.867200
675.924833
675.956167
676.110733
676.258767
676.327533
676.540267
676.875933
676.973533
677.272433
677.469967
677.484233
677.516467
677.560933
677.649767
678.067433
678.142133
679.205300
679.437300
679.841733
680.478000
680.706833
681.033067
681.520067
681.533633
681.941233
682.049867
682.099100
682.583333
683.025467
683.112433
683.386200
683.538200
683.574267
684.080333
684.178200
684.264500
684.669367
684.690733
684.720467
684.768833
686.504433
686.693533
686.757500
686.818567
686.863633
687.028433
687.077567
687.093300
687.541200
687.707833
687.798133
687.860467
687.952900
688.101767
688.257267
688.405333
688.480633
688.600867
688.798300
688.864400
688.912567
689.052900
689.147867
689.171567
689.222967
689.330967
689.623067
689.680233
689.906567
690.665233
690.790567
690.878300
690.923233
691.578633
691.858367
691.976900
692.028000
692.083567
692.172967
692.434233
692.601767
692.697300
692.734000
692.775767
692.883333
692.946167
692.988400
693.073800
693.228033
693.396500
693.718033
693.724700
693.876267
694.529233
694.790500
694.841367
695.613700
695.670067
695.840333
695.866633
696.015100
696.245267
696.468433
696.564500
696.653133
696.818600
697.801033
697.971800
698.640333
698.712700
698.872500
699.088233
699.191133
699.244233
699.377200
699.514500
699.608433
699.617767
699.765867
699.793600
699.985167
700.063567
700.136167
700.439500
700.688300
700.747567
700.792167
701.020233
701.499600
701.512167
701.616600
701.652867
701.753267
701.831200
701.861667
701.928467
701.934633
701.972033
702.001500
702.048733
702.117967
702.186567
702.204100
702.209600
702.366567
702.692000
703.001267
703.040033
703.346533
703.370700
703.429767
703.454700
703.528633
703.652500
703.702600
704.127467
704.180500
704.573833
704.653267
704.979333
705.197367
705.314933
705.353633
705.631133
705.730500
705.840167
706.057033
706.530533
706.687367
706.903133
706.945933
707.115200
707.139800
707.276833
707.324800
707.383900
707.838367
708.241567
708.405900
708.478833
708.813367
708.851833
708.898967
708.934100
709.065033
709.139733
709.220467
709.245400
709.762667
710.047700
710.080700
710.786233
710.946000
711.067633
711.095900
711.127633
711.150333
711.210400
711.270533
711.548700
711.741633
712.182267
712.355133
712.832800
712.970167
713.253367
713.307667
713.582033
713.683267
714.052800
714.187167
714.349033
714.532667
714.632300
714.732167
714.813867
714.852433
714.862767
714.958933
715.018933
715.127500
715.411833
715.573667
715.668867
715.810833
715.872333
716.001500
716.581300
716.762500
716.811400
716.881400
716.972300
717.023333
717.230000
717.341167
717.763167
717.873767
718.000467
718.030367
718.036967
718.501933
718.602867
718.684200
718.772100
719.088133
719.248300
719.390100
719.508033
719.574300
719.645567
720.167467
720.323900
720.929033
721.293467
721.344467
722.104600
722.422933
722.614967
722.713633
723.503833
723.536800
723.672700
723.747900
723.867467
724.018167
724.151367
724.237700
724.383633
724.747667
724.923300
725.015833
725.200000
725.650133
725.656433
725.785600
725.915667
725.962900
726.030300
726.119500
726.241200
726.859333
727.263800
727.288467
727.358867
727.418300
727.461200
727.509900
727.658667
728.125033
728.206167
728.309733
728.360400
728.450033
728.463200
728.515867
728.598767
728.621033
728.851367
729.140400
729.307367
729.667167
729.698633
729.785900
729.828767
729.897900
729.952900
730.144000
730.213867
730.892300
731.326933
731.429067
731.478767
731.695733
732.364067
732.847300
732.862033
733.000800
733.064667
733.339333
733.974133
734.053667
734.095400
734.168567
734.468367
734.531700
734.891467
735.297667
735.506100
735.570400
735.597200
735.650000
735.964433
736.040933
736.309733
736.398800
736.664333
736.791067
736.968767
737.119667
737.323300
737.489533
737.536733
737.655567
737.711733
737.750733
737.965300
738.078300
738.118100
738.469533
738.558533
738.794967
738.869900
739.334033
739.615533
739.680133
739.873133
740.053633
740.185533
741.164333
741.495800
741.530133
741.546200
741.587533
741.700533
741.761667
741.924433
741.954533
742.000100
742.177633
742.289933
742.692733
742.828900
742.877000
742.927433
742.932267
743.090133
743.230333
743.319100
743.361200
743.857833
743.902867
743.957700
744.062733
744.415233
744.472367
744.511500
744.714533
744.847700
744.986967
745.117367
745.338333
745.487633
745.810867
746.270600
746.364833
746.405367
746.733867
746.957100
747.680933
748.040067
748.145467
748.179533
748.210200
748.248100
748.282867
748.640033
748.813733
748.882900
749.022767
749.170200
749.398067
749.939167
749.996667
750.050433
750.263767
750.362067
750.429667
750.499233
750.542567
750.563633
750.929067
751.116333
751.180167
751.202633
751.230300
751.474000
751.581967
751.659967
751.904700
752.057867
752.245967
752.600800
752.683733
752.813400
753.256467
753.586700
754.005233
754.150100
754.264533
754.368033
754.496600
754.681300
754.731033
754.784800
754.957067
755.098333
755.176333
755.249067
755.457633
755.579433
755.631100
755.701067
755.760033
756.173900
756.190700
756.399433
756.478333
756.585333
756.621400
756.811367
756.937533
757.181867
757.415667
757.460067
757.556167
757.638233
757.717000
757.771000
758.359333
758.450667
758.499833
758.965367
758.968167
759.087833
759.146200
759.169067
759.191233
759.295200
759.338133
759.531467
759.567100
759.635400
759.728233
759.789833
759.947267
760.034633
760.373367
760.494700
760.537833
760.635833
760.807067
760.907667
761.187500
761.234833
761.271400
761.459133
761.495467
761.708700
761.961133
762.633567
763.122100
763.162267
763.299933
763.443333
763.523300
763.583233
763.663533
765.111100
765.683967
765.733567
765.932333
766.455867
767.410267
767.490467
768.289600
768.549467
768.610433
768.655633
768.966100
769.236167
769.267600
770.145467
770.201933
770.249533
770.575967
770.722067
770.922633
770.929000
771.082167
771.326667
771.590733
771.618433
771.730300
771.797000
772.061867
772.330033
772.518300
772.686867
772.841833
772.998367
773.076800
773.433067
773.549167
773.710600
773.779833
773.848633
773.942500
774.005100
774.191533
774.310533
774.344167
774.368267
774.426500
774.483133
774.654967
774.790467
775.111333
775.579633
775.748000
775.901167
775.912033
776.246200
776.481667
776.584067
776.696733
777.214000
777.386667
777.428833
777.503400
777.909300
778.047733
778.301500
778.382933
778.510367
778.538533
778.645200
778.684433
778.937167
779.003233
779.028200
779.054767
779.088367
779.413433
779.788733
779.976367
780.464433
780.543100
780.742667
781.458000
781.525367
781.798467
781.837333
782.081067
782.309433
782.767900
782.864833
783.158633
783.210967
783.258033
783.351300
783.453133
784.014700
784.158767
784.549933
784.758667
784.864767
785.007900
785.204133
785.298900
785.787667
785.894833
786.097000
786.227500
786.338033
786.416833
786.505767
786.850433
786.949033
786.985600
786.998633
787.134467
787.422633
787.482100
787.692600
787.792800
787.818300
787.867867
788.097167
788.146467
788.344333
788.559933
788.624000
788.666400
788.854867
789.024667
789.130167
789.381533
789.406567
789.452500
789.524133
789.575400
789.648600
790.127000
790.600400
790.767100
791.059800
791.108033
791.120700
791.344167
791.904167
792.017900
792.033267
792.292767
792.575200
792.627500
792.852433
792.934000
793.410833
793.460133
793.810733
795.083767
795.985167
796.057133
796.130900
796.420367
796.704700
797.119133
797.264067
797.334833
797.373200
797.708867
798.378067
798.568467
799.830600
800.527933
801.162733
801.487033
802.257567
802.316000
803.098833
803.153900
803.184867
803.694467
803.962467
804.205933
804.436633
804.613733
805.061833
805.321267
805.500633
805.687600
805.943267
806.208167
806.625833
806.848767
806.981733
807.268100
807.383133
807.462867
807.697333
807.787767
807.960167
808.477533
808.483967
808.493500
808.848233
808.943600
809.065700
809.266200
809.469667
809.727800
809.951600
810.179267
810.222467
810.402000
810.472200
810.881633
811.000300
811.165667
811.251300
811.802267
811.914967
812.098333
812.210767
812.235300
812.580833
812.825933
812.856933
812.974300
813.070000
813.257667
813.546000
813.771833
814.075867
814.506433
814.918167
816.138533
816.526833
816.660133
816.743200
816.776167
817.331533
817.361800
817.700267
817.757867
817.782933
817.828500
817.832067
817.911833
817.995967
818.098800
818.404200
818.461500
819.008467
819.352767
819.453667
819.892267
820.140300
820.412167
820.588533
820.686367
820.990200
821.139633
821.283533
821.676800
821.686367
822.043833
822.152133
822.513533
822.604400
822.787400
822.923967
823.056467
823.172067
823.228000
823.290600
823.324000
823.460833
823.810600
823.988133
824.030000
824.091767
824.139800
824.179833
824.215700
824.247767
824.285367
824.354500
824.409933
824.623400
824.713467
824.744333
824.762033
824.984033
825.432367
825.674833
825.901333
826.070400
826.202667
826.521533
826.649400
826.762933
826.836100
826.972100
827.035133
827.212567
827.483033
827.490633
827.640433
827.644233
827.691367
828.590067
828.668833
828.838300
828.859000
828.945533
829.035700
829.085100
829.339333
829.594000
829.640267
829.865333
830.648600
830.787167
830.966600
831.073867
831.094267
831.250600
831.385367
831.501033
831.847400
832.340667
832.697900
832.920767
832.972300
833.062767
833.155600
833.530600
833.727733
834.082333
834.257167
834.431233
834.608833
834.704867
834.748900
834.776600
834.931033
835.008833
835.100167
835.291633
835.337667
835.525267
835.995900
836.065767
836.122767
836.283300
836.386600
836.495900
836.599033
836.785600
836.815800
836.888233
836.924067
836.947733
837.016767
837.097367
837.137833
837.177067
837.360033
837.453433
837.571567
837.657267
838.153700
838.195800
838.252367
838.346900
838.559033
838.649467
839.219300
839.272467
839.295267
839.327367
839.380600
839.508533
840.362667
840.740633
840.899533
841.181667
841.347767
841.415467
841.495900
841.569033
841.591767
841.624967
841.711600
842.100533
842.884433
843.360933
843.424233
843.759167
844.460833
844.496300
845.189033
845.392533
845.438200
845.679233
845.948533
846.390600
846.426700
846.889600
846.988933
847.003267
847.330567
848.025633
848.396033
848.439933
848.674367
848.734667
848.836833
848.902233
849.556133
849.864800
850.170333
850.242133
850.309233
850.418500
850.745467
850.851233
851.352067
851.506333
851.791467
852.093767
852.150300
852.342000
852.433967
852.727033
852.810633
852.953333
853.020467
853.331000
853.503000
853.574367
853.623667
853.856400
853.930400
853.949400
854.071533
854.125467
854.261933
854.351033
854.449433
854.472133
854.614500
855.025167
855.559933
855.603667
855.755267
856.354133
856.529333
856.569200
856.619933
856.826233
856.862867
856.961867
857.064367
857.753867
857.992833
858.211067
858.497933
858.635533
858.821800
858.881333
859.491633
859.724600
859.863500
859.955067
860.747500
860.814200
860.840667
860.879100
860.941733
860.947400
861.160800
861.272467
861.414300
861.441867
861.526433
861.558767
861.587800
861.602633
861.641633
861.788467
861.859600
862.143800
862.201100
862.434600
862.579900
862.709933
863.341167
863.500500
863.884833
863.958833
864.259800
864.470167
864.655633
864.888500
865.263700
865.475367
865.498367
865.942333
866.483333
867.106100
867.213767
867.354267
867.395933
867.733367
867.838600
867.844600
867.866633
867.899267
868.020533
868.411933
868.487700
868.685967
868.738233
869.079900
869.695267
870.145067
870.669800
870.739533
870.875800
871.029900
871.584300
871.748400
871.878100
872.026733
872.120033
872.204800
872.422767
872.488667
872.592033
872.710633
872.768500
872.840200
873.092200
873.145933
873.402433
873.672433
873.899467
873.917733
874.043033
874.170800
874.314633
874.453300
874.582200
874.647467
874.698867
874.811267
875.103500
875.173067
875.207033
875.251967
875.485733
875.548133
875.577333
875.637800
875.688100
875.756700
875.997467
876.122233
876.173667
876.312567
876.320467
876.425000
876.559133
876.651900
876.671000
876.686300
876.797567
876.894600
876.961633
877.259767
877.297300
877.325267
877.351133
877.387433
877.522933
877.564700
877.737733
877.891600
877.955100
878.187333
878.315167
878.387933
878.565433
878.712333
878.830000
878.840900
878.983133
879.132867
879.426300
879.820633
879.875100
880.577533
881.098200
881.369067
881.415600
881.509467
881.747200
881.788467
881.855167
882.009100
882.138433
882.206367
882.315767
882.342100
882.388233
882.441867
883.028867
883.132500
883.203867
884.585400
885.042400
885.566133
885.741900
885.861600
886.633567
886.940533
887.405300
887.890133
888.389900
888.528100
888.821333
888.847300
888.872733
888.946733
889.153333
889.198633
889.374500
889.511400
889.594800
889.717033
889.790467
889.873133
889.940567
889.977600
889.985667
890.230533
890.303267
890.504400
891.209467
891.271600
891.305767
891.789700
891.919067
892.114633
892.207600
892.360033
892.471033
892.568467
892.630233
892.754800
893.489067
893.622200
893.653167
893.745133
893.797867
893.984367
894.199667
894.262567
894.367100
894.447767
894.529633
894.596467
894.638967
894.941967
894.970633
895.025900
895.058367
895.126167
895.178233
895.656600
895.829667
895.956233
896.201867
896.438433
896.611067
896.736267
896.772967
896.967733
897.245333
897.657433
897.860800
897.916633
898.220000
898.266900
898.559000
898.651133
898.810967
898.850167
898.930367
899.025267
899.100200
899.320900
899.463267
899.610667
899.884433
899.945500
900.130400
900.202267
900.292933
900.451233
900.573667
900.693800
900.993600
901.047333
901.054233
902.257700
902.421400
902.701133
902.987967
903.262100
903.358867
903.554600
903.791867
904.149200
904.249433
904.591467
904.748533
904.884733
904.930933
904.970033
905.062533
905.089467
905.096667
905.126333
905.434300
905.815833
905.824000
905.977300
906.130733
906.415333
906.546233
906.868867
906.937267
906.945200
907.098533
907.118633
907.147567
907.245267
907.302100
907.491800
907.903867
908.207600
908.263033
908.507300
908.633800
908.779133
908.915433
908.986100
909.014400
909.164733
909.319067
909.554167
909.610600
909.687367
909.731467
909.924433
909.945633
910.016800
910.087867
910.188167
910.342300
911.261867
912.231067
912.733667
912.909267
913.096067
913.584100
913.612833
913.728700
914.007600
914.035067
914.371367
914.465433
914.535900
914.617033
914.633533
914.644067
914.693100
914.722133
915.398100
916.283400
916.326267
916.660400
916.911500
917.527100
917.646600
917.832600
917.894033
918.059567
918.091600
918.128800
918.190267
918.345400
918.396967
918.472200
918.511967
918.624167
918.658533
918.816267
918.882933
918.928100
918.964133
919.066833
919.288367
919.763700
919.803833
919.985467
920.389367
920.424500
920.466200
920.739600
921.136967
921.854400
921.901767
922.563933
922.643133
922.985900
923.044100
923.391733
923.672533
923.794200
924.048467
924.191500
924.567433
924.651967
924.709067
925.021900
925.264967
925.661500
926.071033
926.100667
926.359333
926.701667
926.799000
927.117767
927.172067
927.476067
927.641967
927.774100
927.816733
927.877133
928.018700
928.093933
928.125033
928.185000
928.367667
928.524967
928.750867
928.798467
928.990000
929.285467
929.364700
929.495000
929.537933
929.638800
929.716600
929.886233
930.732833
931.179200
931.347167
931.537500
931.721700
931.773500
931.874067
931.925267
932.040700
932.338033
932.460567
932.585900
932.934433
933.012700
933.083500
933.250567
933.286067
933.391467
933.504833
933.587833
933.713200
933.762600
933.949733
934.021933
934.117967
934.282500
934.690167
934.885133
934.927633
935.015433
935.162567
935.213733
935.284500
935.554033
935.570667
935.777700
935.817600
935.867267
935.974867
936.142867
936.217233
936.524333
936.558500
936.648000
936.725100
937.021433
937.218900
937.636000
937.709800
938.349500
938.427667
938.467733
938.526700
938.616533
938.722233
938.860433
939.041800
939.079333
939.568333
939.602500
939.639533
939.689433
939.721033
939.747367
939.893333
940.047567
940.073733
940.143000
940.354367
940.460000
940.512767
940.605800
940.623633
940.759500
940.826333
941.191900
941.303333
941.402167
941.438500
941.603933
941.964200
942.030533
942.138600
942.367367
942.433700
942.602800
942.634867
942.797467
942.878800
942.922667
942.975233
943.127067
943.160500
943.287833
943.328967
943.405300
943.470800
943.520533
943.606500
943.970533
943.991833
944.053433
944.244133
944.454567
944.504200
944.527067
944.578067
944.687100
944.738300
944.867667
944.925867
945.005400
945.445467
945.763133
946.509233
946.545767
946.724967
946.748200
946.791533
946.899600
946.988400
947.057267
947.242567
947.396267
947.453967
947.763833
947.945400
948.000067
948.768467
948.829933
948.942700
949.136733
949.292867
949.400200
949.601700
949.870133
949.893700
949.915800
950.218900
950.244500
950.380067
950.437500
950.945300
951.320767
951.370667
951.920467
952.040667
952.045567
952.227800
952.485500
952.636367
952.890300
953.112567
953.158933
953.408367
954.460433
954.592633
955.195933
955.350633
955.459733
955.544900
955.746633
955.751633
956.079367
956.186133
956.267533
956.438133
956.751300
956.803533
956.973033
957.171767
957.194500
957.290567
957.550333
957.604433
957.790167
957.837167
957.885433
958.059700
958.297967
958.715000
959.070633
959.128900
959.197300
959.274933
959.369333
959.416167
959.569733
959.649133
959.789367
959.872867
960.110233
960.134033
960.173400
960.273467
960.368233
960.448067
961.076733
961.363300
961.562500
961.898767
961.961800
962.059833
962.138667
962.202600
962.580633
962.662533
963.411733
963.442167
963.451367
963.606533
964.023267
964.079133
964.123200
964.195133
964.546867
965.083533
965.145033
965.433300
965.588067
965.621700
965.782933
965.834500
965.857867
965.986200
966.096700
966.335533
966.379167
966.456233
966.749833
966.994700
967.063533
967.332900
967.646333
967.667867
967.871200
968.258833
968.606133
969.183233
969.247800
969.465700
969.793867
969.946867
970.242533
971.073600
971.339267
971.572567
971.851467
972.090233
972.173167
972.633067
972.669333
972.691200
972.869733
973.133467
973.551733
973.794433
973.846367
974.053600
974.138000
974.147400
974.191767
974.341433
974.359967
974.473467
974.507867
974.588000
974.816400
974.885467
975.012133
975.066500
975.215233
975.252833
975.319433
975.513567
975.769533
976.030533
976.182367
976.402233
977.160967
977.360667
977.400967
978.102567
978.203867
978.225267
978.350500
978.391433
978.760300
978.913000
979.694467
979.959067
980.317467
980.431467
980.608567
981.026600
981.062400
981.122267
981.185900
981.275833
981.299200
981.397100
981.427367
981.506767
981.557167
981.724267
981.781700
981.832300
981.861233
982.146967
982.463767
982.479500
982.538100
982.572800
982.801200
982.879600
983.055933
983.241267
983.351600
983.588700
983.965000
984.155833
984.241567
984.961000
985.022033
985.137867
985.148333
985.446967
985.577967
985.700633
985.754500
985.805667
985.943833
986.074867
986.204800
986.265500
986.302333
986.653800
986.709633
986.836667
987.009100
987.550100
987.626400
987.810300
987.972933
988.015733
988.041333
988.088233
988.133000
988.373433
988.415867
988.464133
988.512167
989.957800
990.130667
991.434233
992.429600
992.889000
993.116067
993.345933
993.432333
993.611000
994.307900
994.333133
994.465367
994.820633
995.016100
995.033700
995.158300
995.296467
995.399133
996.137933
996.242633
996.306000
996.382933
996.907200
997.089067
997.104600
997.140100
997.199367
997.217133
997.254367
997.576467
997.893700
997.971933
997.999133
998.143567
998.446400
998.609700
998.738033
998.965600
999.044000
999.063567
999.147533
999.155600
999.337133
999.406833
999.448133
1000.670433
1000.908467
1001.211600
1001.241433
1001.531567
1001.596033
1001.847333
1002.038333
1002.096900
1002.144100
1002.325267
1002.724900
1002.956900
1003.030467
1003.178433
1003.237567
1003.357467
1003.378167
1003.405433
1003.581200
1003.674900
1003.725967
1003.863067
1003.890867
1004.008467
1004.289867
1004.319600
1004.601133
1004.818867
1005.554733
1005.609200
1005.779800
1006.387500
1006.457700
1006.612467
1006.688700
1006.803433
1006.983367
1007.375400
1007.635767
1007.788700
1007.840300
1007.946967
1008.028667
1008.075600
1008.173267
1008.192633
1008.267600
1008.340200
1008.489033
1008.534733
1008.836633
1009.106500
1009.272200
1009.335367
1009.354433
1009.431800
1010.558200
1010.934300
1010.952400
1011.156533
1011.357267
1011.609000
1011.866633
1011.911333
1012.090300
1012.176700
1012.259300
1012.358800
1012.471767
1012.514833
1012.633800
1012.748000
1012.812167
1013.032467
1013.553033
1013.694733
1013.789600
1013.879900
1014.622633
1014.906800
1015.101267
1015.126267
1015.164567
1015.193200
1015.238700
1015.263967
1015.292233
1015.331533
1015.438133
1015.479833
1015.505967
1015.540167
1015.567867
1015.863233
1015.955700
1016.044833
1016.245167
1016.776833
1016.935333
1016.984167
1017.254067
1017.342900
1017.665833
1018.105067
1018.120000
1018.183267
1018.271633
1018.323200
1018.499133
1018.691633
1018.724267
1018.882667
1018.950600
1018.991133
1019.054200
1019.308733
1019.377800
1019.538700
1019.795967
1019.941667
1020.011067
1020.124333
1020.234333
1020.342633
1020.487733
1020.546367
1020.661667
1020.897500
1021.266300
1021.329433
1021.596267
1021.605467
1021.703800
1021.822433
1022.049367
1022.238833
1022.265133
1022.662233
1022.720267
1022.743367
1022.825033
1023.020333
1023.082100
1023.112833
1023.183967
1023.222433
1023.258500
1023.483633
1023.514133
1023.704000
1023.916467
1023.953400
1024.010000
1024.131800
1024.164667
1024.212333
1025.108667
1025.402800
1025.468833
1025.744600
1025.830033
1026.084600
1026.383367
1026.459267
1026.523667
1026.604033
1026.612067
1026.669333
1026.709600
1026.742200
1026.911900
1027.222700
1027.231633
1028.198733
1028.284533
1028.566800
1028.619233
1028.692767
1028.909500
1028.943067
1029.187233
1029.664600
1029.685633
1029.717067
1029.727633
1029.785367
1029.805700
1029.917433
1030.006100
1030.136333
1030.501933
1030.519800
1030.621100
1030.635367
1031.203300
1031.392767
1032.424433
1034.269267
1034.532100
1034.681033
1034.727000
1035.115500
1035.360900
1035.398833
1035.559633
1035.792500
1035.848733
1035.906667
1035.925133
1035.947467
1036.007533
1036.032367
1036.055300
1036.261633
1036.267933
1036.272967
1036.292367
1036.364633
1036.518400
1036.707000
1036.841200
1037.430967
1037.483000
1038.979500
1039.303900
1039.376167
1039.736533
1039.952600
1040.111033
1040.208400
1040.269800
1040.682867
1040.866833
1041.105367
1041.150267
1041.349033
1041.601467
1041.984233
1042.198633
1042.222667
1042.365533
1042.463600
1042.712167
1043.361867
1044.190133
1044.202100
1044.293933
1044.428067
1044.454400
1044.495900
1044.659267
1044.847533
1045.095600
1045.150633
1045.163833
1045.436367
1045.545100
1045.572567
1045.621600
1045.653700
1045.921400
1045.963167
1045.992500
1046.071133
1046.387400
1046.479567
1046.599533
1046.670433
1046.695867
1046.751667
1047.126033
1047.310933
1047.741833
1047.758700
1047.793800
1047.829200
1048.233267
1048.370300
1048.453633
1048.750833
1048.819767
1048.966300
1049.528133
1050.058133
1050.366100
1050.419767
1050.665833
1050.953500
1051.675833
1052.356567
1052.675733
1052.748833
1052.782433
1053.183733
1053.281467
1053.305100
1053.357333
1053.434000
1053.748600
1054.111133
1054.201467
1054.308333
1054.393100
1054.433567
1054.549700
1054.590900
1054.665767
1054.687800
1054.826967
1054.985967
1055.114600
1055.354233
1055.642033
1055.829233
1055.882100
1055.966800
1056.116100
1056.252000
1056.284167
1056.460833
1056.585900
1056.913700
1056.964967
1057.141900
1057.201233
1057.400267
1057.432167
1057.696067
1058.178867
1058.393233
1058.557567
1058.819367
1058.879800
1059.067733
1059.305333
1059.435267
1059.466433
1059.647167
1059.759367
1059.865433
1060.151400
1060.698667
1061.011833
1061.016867
1061.104433
1061.156733
1061.224633
1061.254100
1061.391200
1061.513167
1061.618900
1061.742433
1061.886000
1062.344533
1063.212600
1063.404000
1063.544233
1063.657900
1063.717567
1063.846200
1064.324733
1064.354000
1064.419200
1064.497067
1064.762967
1064.894367
1065.137367
1065.694400
1065.887667
1066.090300
1066.529867
1066.749667
1066.848300
1066.914867
1066.952233
1067.141067
1067.397500
1068.142133
1068.245667
1068.896500
1069.040200
1069.296300
1069.462233
1069.642167
1069.688800
1070.017667
1070.152100
1070.216833
1070.243267
1070.319833
1070.381233
1070.466167
1070.655267
1070.740900
1070.894900
1070.940433
1070.942600
1071.010267
1071.053467
1071.088467
1071.342400
1071.383100
1071.618067
1071.844900
1072.011967
1072.654433
1072.737900
1072.771133
1072.945167
1072.974567
1073.038933
1073.043500
1073.105267
1073.129000
1073.175033
1073.558000
1074.044267
1074.143133
1074.211633
1074.251933
1074.400533
1074.434900
1074.538400
1074.718267
1075.016867
1075.070600
1075.085633
1075.506500
1075.668000
1076.113467
1076.325800
1076.521100
1076.715267
1076.964767
1076.990000
1077.075333
1077.427600
1077.677467
1078.238467
1078.304000
1078.722167
1078.768767
1079.103100
1079.508800
1079.540833
1079.658267
1079.705200
1079.807467
1080.138367
1080.272567
1080.562133
1080.589833
1080.732700
1080.781100
1080.934467
1081.053967
1081.201967
1081.816367
1081.906367
1081.936600
1082.212900
1083.122200
1083.126633
1083.440200
1083.684200
1084.525867
1084.606000
1084.711833
1085.080933
1085.273600
1085.356567
1085.679833
1085.833267
1086.027533
1086.286767
1086.347567
1086.424700
1086.534167
1086.563867
1086.584467
1087.021467
1087.420600
1087.517033
1087.538400
1087.558667
1087.583400
1087.687367
1087.874867
1088.162033
1088.369800
1088.409933
1088.663633
1088.749167
1088.825833
1089.184267
1089.255500
1089.665367
1089.780400
1089.783667
1090.258767
1090.334467
1090.526033
1090.537567
1090.567767
1090.619833
1090.849700
1090.860233
1091.342867
1091.388100
1091.496333
1091.717400
1091.792533
1091.871933
1092.223533
1092.240833
1092.341567
1092.398333
1092.557500
1092.730200
1093.052300
1093.108633
1093.140467
1093.580633
1093.743767
1093.918933
1093.995033
1094.145133
1094.495400
1095.229967
1095.306100
1095.353400
1095.457267
1095.616700
1095.661167
1095.946067
1096.017667
1096.075967
1096.664033
1096.830233
1097.173100
1097.488333
1097.564267
1097.625400
1097.765267
1097.773933
1097.883200
1098.699167
1099.164567
1099.579000
1099.687833
1099.767400
1099.783733
1099.876033
1099.942767
1100.091400
1100.172533
1100.389633
1100.425000
1100.741833
1100.800967
1100.810800
1101.242933
1101.405633
1101.626333
1101.768900
1101.919167
1102.348967
1102.601300
1102.828033
1102.918200
1102.967567
1103.045667
1103.102167
1103.339067
1103.372067
1103.492067
1103.548100
1103.841100
1103.898267
1104.060767
1104.108700
1104.215633
1104.269100
1104.290367
1104.305400
1104.364833
1104.478667
1104.539433
1104.612333
1105.385300
1105.574200
1105.848567
1105.912167
1106.881733
1106.943433
1107.119400
1107.407333
1107.629033
1107.778300
1108.077200
1108.116400
1108.170033
1108.341000
1108.450700
1108.509367
1108.835300
1109.051400
1109.068600
1109.153400
1109.192467
1109.229467
1109.264033
1109.325033
1109.368733
1109.560933
1109.794200
1110.213400
1110.272633
1111.221200
1111.309467
1111.797100
1111.994300
1112.546467
1112.592100
1113.285833
1113.387267
1113.399167
1113.558867
1113.687500
1113.801967
1114.085100
1114.125433
1114.402500
1114.539867
1114.594900
1114.663367
1115.042700
1115.347200
1115.549400
1115.675200
1115.783367
1116.044000
1116.146667
1116.751167
1116.922533
1117.217700
1117.603167
1117.685433
1118.518700
1118.555233
1118.639133
1118.677067
1119.539533
1119.543667
1119.608067
1119.906933
1119.960467
1120.374233
1120.602567
1120.715400
1121.010467
1121.131033
1121.242500
1121.286500
1121.327400
1121.385067
1121.445133
1121.772767
1121.775967
1122.134000
1122.358100
1122.530167
1122.576400
1122.602400
1122.696100
1123.055433
1123.247733
1123.982800
1124.078667
1124.493267
1124.547133
1124.909733
1125.379700
1125.422267
1125.551433
1125.575200
1125.873000
1126.264567
1126.560300
1126.692867
1126.882000
1127.754333
1127.783167
1127.806033
1127.811467
1127.830500
1127.882367
1127.917767
1128.134867
1128.399367
1128.486800
1128.606167
1128.710900
1129.814233
1129.880100
1129.911433
1130.051567
1130.209967
1130.302767
1130.371400
1130.454967
1130.530967
1130.577233
1130.654533
1130.761833
1130.801800
1130.844800
1131.278667
1131.561300
1131.718800
1131.807033
1131.861400
1132.169433
1132.449467
1133.297733
1133.389367
1133.519767
1133.581533
1133.656000
1134.256833
1134.313800
1134.641233
1135.131933
1135.295133
1135.322867
1135.491967
1135.588567
1135.864267
1135.955067
1136.151167
1137.629500
1137.697500
1137.795233
1138.121800
1138.470500
1138.586600
1138.612933
1138.956767
1138.997600
1139.171300
1139.325633
1139.414200
1139.474833
1139.521633
1139.558100
1139.596400
1139.780433
1139.995433
1140.240433
1140.289700
1140.355133
1140.487733
1140.636133
1140.760267
1141.252800
1141.296600
1141.551567
1141.605500
1142.199367
1142.368433
1142.532333
1142.678233
1142.712667
1142.849900
1143.002800
1143.453267
1143.772633
1143.849467
1143.972767
1144.073733
1144.091667
1144.349967
1144.489267
1144.552000
1144.718633
1144.756633
1144.812333
1144.840167
1144.890700
1144.916167
1144.960033
1144.999100
1145.041800
1145.123333
1145.518467
1145.546400
1145.591333
1145.717767
1145.861533
1145.900500
1145.925033
1146.249800
1146.412500
1146.519167
1146.545800
1146.845633
1147.366900
1147.544033
1147.605867
1147.648133
1147.959867
1147.997933
1148.082367
1148.101900
1148.484033
1148.643367
1148.692267
1148.752700
1148.783767
1149.128733
1149.170200
1149.262500
1149.448900
1149.694567
1149.764567
1149.874533
1149.920467
1149.981333
1150.026833
1150.098667
1150.285833
1150.323700
1150.653400
1151.064800
1151.153833
1151.197000
1151.203067
1151.223267
1151.263833
1151.288433
1151.303067
1151.416000
1151.463267
1151.556033
1151.671667
1151.761133
1151.862633
1152.630900
1152.797267
1152.897700
1152.923333
1153.061800
1153.094533
1153.158600
1153.209133
1153.269500
1153.408067
1153.503233
1153.529767
1153.721967
1153.746067
1154.072600
1154.197433
1154.246533
1154.290267
1154.397067
1154.911500
1154.942100
1155.141900
1155.301667
1155.401000
1155.455667
1155.485067
1155.509067
1155.567567
1155.592067
1155.812800
1156.827300
1157.563400
1157.671900
1158.107200
1158.224567
1159.115267
1159.268867
1159.842800
1160.013667
1160.105500
1160.179867
1160.216967
1160.471100
1161.289167
1161.485567
1161.515167
1161.674967
1161.931500
1162.370800
1162.440600
1162.486067
1162.877233
1163.085267
1163.528100
1163.658467
1163.802033
1164.086500
1164.406967
1164.449833
1164.529600
1164.927667
1165.179167
1165.780467
1166.091333
1166.156600
1166.226767
1166.427867
1166.541667
1166.806200
1167.069233
1167.305033
1167.389167
1167.468100
1167.472733
1167.500667
1167.612800
1167.826800
1168.218467
1168.303767
1168.453800
1168.571633
1168.954433
1169.231833
1169.325200
1169.608767
1169.856633
1170.621367
1171.019000
1171.245200
1171.371867
1171.638867
1171.701100
1171.729633
1172.247200
1172.419400
1172.506300
1172.784500
1172.812867
1173.053067
1173.177867
1173.261533
1173.416133
1173.760400
1173.980267
1174.243433
1174.655000
1174.662233
1174.735600
1174.791467
1174.824900
1174.922200
1175.000600
1175.098767
1175.148400
1175.207200
1175.429433
1175.474233
1175.563833
1175.706633
1175.785667
1175.858200
1175.911300
1176.172100
1176.292133
1176.440900
1176.622300
1176.716000
1176.838867
1176.911867
1177.241167
1177.308400
1177.443033
1177.604300
1177.912767
1178.250400
1178.307567
1178.384400
1178.798367
1178.858467
1179.056967
1179.093633
1179.204967
1179.254367
1180.037300
1180.286333
1180.367000
1180.787533
1180.842067
1180.931167
1181.029133
1181.545500
1181.839033
1182.052567
1182.117933
1182.829067
1182.950133
1182.995267
1183.052933
1183.119800
1183.157433
1183.338700
1183.510233
1183.591700
1183.639867
1183.669267
1183.807867
1183.878667
1183.931733
1184.236400
1184.453567
1184.486033
1184.541867
1184.653267
1184.800933
1184.921033
1185.203667
1185.234267
1185.286000
1185.827300
1185.971200
1186.053933
1186.143867
1186.431533
1186.813567
1187.123633
1187.291667
1187.407500
1188.337800
1188.937500
1188.985733
1189.181567
1189.611567
1190.353733
1190.515800
1190.585767
1191.534800
1191.733667
1192.017067
1192.122667
1192.256167
1192.516700
1192.711233
1192.781167
1193.767533
1193.818000
1193.870667
1194.028500
1194.177233
1194.225767
1194.476333
1194.489500
1194.578833
1194.677100
1194.818800
1194.887633
1194.942667
1194.984667
1195.009200
1195.104567
1195.826167
1196.271800
1196.534800
1196.707733
1196.731000
1197.297700
1197.380067
1197.572633
1197.803833
1198.058367
1198.114100
1198.165367
1198.432733
1198.738133
1198.781000
1198.827933
1198.865067
1199.016933
1199.066033
1199.603600
1199.721733
1199.900733
1200.366133
1200.455767
1200.606500
1200.756233
1200.928167
1201.137700
1201.386867
1201.431333
1201.489667
1201.591733
1201.681367
1201.705433
1201.872600
1202.016933
1202.073700
1202.140900
1202.279700
1202.302533
1202.478100
1202.594200
1202.901833
1203.117667
1203.164833
1203.217267
1203.247133
1203.363100
1203.544133
1203.579133
1203.748600
1203.960000
1204.494167
1205.004700
1205.045733
1205.111200
1205.149200
1205.209133
1205.523733
1205.963300
1206.032000
1206.237133
1206.430033
1206.470533
1206.572167
1206.662867
1207.056000
1207.236667
1207.669933
1207.808033
1207.883833
1207.998600
1208.220600
1208.586800
1208.969300
1208.994400
1209.037333
1209.061733
1209.483633
1209.622333
1209.706100
1210.206867
1210.457667
1210.835400
1211.075833
1211.195967
1211.722300
1211.780567
1211.949433
1212.048633
1212.572767
1212.759567
1212.785700
1212.942700
1213.022533
1213.065133
1213.101733
1213.161133
1213.717600
1213.764833
1213.800933
1213.858200
1213.898567
1213.973367
1214.051933
1214.100333
1214.214533
1214.365500
1214.723067
1214.755267
1215.297767
1216.257867
1216.398333
1217.028600
1217.095933
1217.313733
1217.410533
1217.438233
1217.468833
1217.555233
1217.710267
1218.010100
1218.040800
1218.077000
1218.292633
1218.468467
1218.574867
1218.969633
1219.088967
1219.276367
1219.313067
1219.713767
1219.872100
1219.874833
1219.905100
1219.926133
1220.018533
1220.155200
1220.208800
1220.214167
1220.390433
1220.651200
1220.914667
1221.286600
1221.379300
1221.935033
1222.007500
1222.307000
1222.863167
1222.923433
1223.172767
1223.259067
1223.293967
1223.524900
1223.662733
1223.726300
1223.783133
1223.997167
1224.214733
1224.341300
1224.904967
1225.060400
1225.077467
1225.685200
1225.935300
1225.946767
1226.105367
1226.400600
1226.462733
1226.763000
1227.718400
1228.036067
1228.449467
1228.816733
1228.989233
1229.109133
1229.194233
1229.405233
1229.473467
1229.535533
1229.672200
1229.806333
1230.051833
1230.259700
1230.693133
1231.287533
1231.792767
1231.945767
1232.363533
1232.432500
1232.465933
1232.590533
1232.615867
1232.641233
1232.751467
1232.802900
1232.845267
1232.893167
1232.980500
1233.074933
1233.273233
1233.316400
1233.951167
1234.025867
1234.058800
1234.142133
1234.207167
1234.282400
1234.628800
1234.776867
1234.826033
1234.875467
1235.256833
1235.381100
1235.778533
1235.843000
1235.881433
1235.984600
1236.121567
1236.173533
1236.334367
1236.674467
1237.333700
1237.639833
1237.756300
1237.963900
1238.179067
1238.368067
1238.448100
1238.695733
1238.823133
1238.883867
1238.972933
1239.038000
1239.275800
1239.358267
1239.376233
1239.436867
1239.710900
1239.828367
1239.969233
1240.382033
1240.413167
1240.484700
1240.530267
1240.558200
1240.591367
1240.742600
1240.771233
1241.002533
1241.039833
1241.094867
1241.157800
1241.213367
1241.253833
1241.279033
1241.373867
1241.826233
1241.866200
1241.880600
1242.015500
1242.062667
1242.133500
1242.309500
1242.384867
1242.463867
1242.822233
1242.824133
1242.968200
1243.483700
1243.660500
1243.936700
1244.160667
1244.402833
1244.473433
1244.563400
1244.665500
1245.025700
1245.273967
1245.307333
1245.727067
1246.232167
1246.422933
1246.715933
1246.842600
1246.890500
1247.036933
1247.522667
1247.587167
1247.843300
1248.142000
1248.367967
1248.559567
1248.853733
1248.970633
1249.863533
1250.068100
1250.358933
1250.390833
1250.447733
1250.656867
1250.683667
1250.741767
1250.809233
1250.863633
1251.251367
1251.587833
1252.545100
1252.758533
1252.890200
1253.026533
1253.475200
1253.504033
1253.569100
1253.613800
1253.695033
1253.849700
1254.063700
1254.139833
1255.548233
1255.744400
1255.832767
1255.886867
1256.114833
1256.209533
1256.237667
1256.289900
1256.737967
1256.753300
1256.759567
1256.930067
1256.960400
1256.989567
1257.006400
1257.073633
1257.109567
1257.182567
1257.728133
1257.820367
1257.916200
1257.921833
1258.014700
1258.042767
1258.055700
1258.079700
1258.109533
1258.254967
1258.306000
1258.415900
1258.441833
1258.708900
1258.963133
1259.102333
1259.134867
1259.251867
1259.289233
1259.693433
1259.780767
1259.871833
1260.480133
1260.642733
1260.647233
1260.704933
1260.855400
1262.061633
1262.240100
1262.274300
1262.355100
1262.544433
1262.628300
1262.804733
1262.983000
1263.043467
1263.263567
1263.294967
1264.108767
1264.176867
1264.309300
1264.406033
1264.425933
1264.438133
1264.647867
1264.876800
1264.909900
1265.122733
1265.815433
1265.854367
1266.007000
1266.683733
1267.130600
1267.214100
1267.454533
1267.516533
1267.579233
1267.685967
1267.829200
1267.881900
1267.953967
1267.999033
1268.087233
1268.166300
1268.265300
1268.318200
1268.403367
1268.601000
1268.761833
1268.811433
1270.160900
1270.401500
1270.540133
1270.651533
1270.886367
1271.028933
1271.156900
1271.244233
1271.518433
1271.539833
1271.587167
1271.605867
1271.714367
1271.780900
1271.879700
1271.899333
1272.022367
1272.040800
1272.201633
1272.259433
1272.308967
1272.328900
1272.393000
1272.545233
1273.293133
1273.494933
1273.967300
1274.400967
1274.791333
1274.938933
1274.963100
1275.154767
1275.447233
1275.702367
1276.214300
1276.320633
1276.365033
1276.940200
1276.970000
1277.144767
1277.291767
1277.645933
1277.651033
1277.948067
1278.127933
1278.184467
1278.509867
1278.527067
1278.671567
1280.103333
1280.171100
1280.520500
1280.565400
1280.627100
1281.032533
1281.473933
1281.534667
1281.763067
1281.889467
1282.045133
1282.250867
1282.359900
1282.376933
1282.629467
1282.702900
1282.862467
1282.959700
1283.107533
1283.149000
1283.222733
1283.283000
1283.453567
1283.501100
1283.712667
1283.827500
1284.130500
1284.655700
1285.341967
1285.597267
1285.637867
1285.930700
1285.983400
1286.047367
1286.259800
1286.294300
1286.364667
1286.444400
1286.766167
1286.815900
1286.985100
1287.237067
1287.389733
1287.547433
1287.835133
1288.097133
1288.184300
1288.432567
1288.654400
1289.235700
1289.282667
1289.342333
1289.452267
1289.599567
1289.658267
1289.742167
1289.768567
1289.869367
1290.270367
1290.614233
1290.672000
1290.711933
1290.788367
1291.175200
1291.437733
1291.547900
1291.712800
1291.842867
1291.911233
1292.103467
1292.175333
1292.295733
1292.370600
1292.834733
1293.778633
1293.840667
1294.155433
1294.240567
1294.456267
1294.619433
1294.806167
1295.057767
1295.181733
1295.228400
1295.288133
1295.471233
1296.238867
1296.345733
1296.447400
1296.693933
1296.930167
1297.056200
1297.105733
1297.379100
1297.395200
1297.434100
1297.962133
1298.032567
1298.213067
1298.417167
1298.476367
1298.614233
1298.676100
1298.862800
1298.869100
1299.154433
1299.372033
1299.523700
1299.582733
1299.623733
1299.977900
1300.176133
1300.218633
1300.263433
1300.295200
1300.377933
1300.762300
1300.911933
1301.027067
1301.286800
1302.014733
1302.123200
1302.131233
1302.476800
1303.198100
1303.229333
1303.385467
1303.764800
1303.830533
1303.876267
1304.357867
1304.408933
1304.483367
1304.512533
1304.563800
1304.629733
1304.673667
1304.819133
1304.849433
1305.162033
1305.450667
1306.135567
1306.167633
1306.444400
1306.840633
1306.849700
1307.673700
1307.965667
1308.138167
1308.244000
1309.113033
1309.355233
1309.390233
1309.520700
1309.554567
1309.698433
1309.731200
1309.843067
1309.880000
1310.017700
1310.104900
1310.196833
1310.287367
1310.356767
1310.518900
1310.857367
1310.917733
1310.960400
1311.021967
1311.054100
1311.061900
1311.109267
1311.169433
1311.243600
1311.290800
1311.328533
1311.445633
1311.481000
1311.842367
1312.209867
1312.302500
1312.341333
1312.839867
1313.193567
1313.355333
1313.380733
1313.648100
1313.812433
1313.904700
