4.580300
7.886000
20.799733
23.445467
25.487600
27.286467
27.533200
28.137767
30.575300
30.644000
31.030433
33.091900
34.242733
48.229000
57.516200
58.582300
60.578267
62.016567
64.928900
68.333333
68.498767
69.120700
69.223600
69.867067
74.896367
85.203333
87.774033
92.245067
93.505600
93.794567
94.796033
95.643600
97.992867
101.104500
107.108167
108.230500
115.630367
116.369433
120.583800
120.588767
124.247800
128.890733
137.432800
138.294100
141.848100
141.865267
144.187067
144.362100
161.271900
164.889467
167.775033
170.123300
170.153367
174.821100
175.007400
179.398300
183.748133
186.937700
188.544000
197.090733
207.216767
209.335267
211.416567
212.693300
230.913200
233.054600
233.362833
237.530633
237.565667
262.454467
290.612133
290.709200
295.213500
307.575967
308.652467
310.842067
311.180167
314.218333
322.503900
326.573400
326.609000
338.725200
340.285667
342.970233
354.123300
356.064267
356.099333
356.980833
360.736133
361.971067
365.036667
366.702433
367.343733
370.679333
373.967667
376.072733
377.649867
377.777333
380.845767
381.382633
384.224867
385.966800
390.977633
393.301600
393.606500
406.988467
408.975533
423.452833
425.658167
425.718300
425.722133
428.031567
428.550400
432.765600
435.461600
440.308367
447.453267
447.900100
449.696533
455.337533
461.127100
463.903900
466.623000
471.193933
471.770500
472.058267
472.069000
472.983167
475.253733
475.304633
476.385700
478.736933
479.800367
482.664833
483.154833
492.885100
497.087600
500.199900
502.515467
504.068400
504.762733
509.878533
514.340300
521.710533
522.223767
528.588333
535.985733
543.034667
543.695000
545.262167
555.416767
556.097667
561.433067
562.120500
562.160433
565.280633
568.714700
571.109933
575.703333
578.480133
582.103400
582.712233
588.176767
592.122267
593.016233
600.685433
606.804567
606.840200
606.963233
614.493800
617.495833
617.524567
617.528733
617.797067
618.220500
618.946033
621.698033
622.315833
624.983967
625.051867
625.471833
630.427233
646.429000
650.286367
657.512833
658.609467
658.624533
658.684733
658.783733
671.117400
671.540333
673.005567
674.358833
675.604433
675.820367
680.583433
683.578733
692.621900
699.627233
710.372700
712.898033
716.324533
718.215633
722.216767
724.368033
730.190400
735.133400
745.935567
755.630667
755.966133
763.039533
763.156300
768.690567
772.690333
774.778633
787.932100
790.470633
791.838767
796.446567
806.825900
808.097967
808.310667
809.966867
815.951400
819.418833
832.218633
833.184433
833.218700
836.855933
839.239000
848.492000
851.909467
854.987867
860.684900
863.192000
864.340400
867.249233
881.141633
881.555933
884.805933
885.339333
887.517500
891.688200
896.739133
899.130467
900.997967
901.058867
904.778700
904.805233
911.956733
912.263533
913.189500
916.162967
916.176000
918.343900
928.668700
928.864233
932.146800
932.178600
932.937400
934.549867
940.351833
941.871100
942.005033
942.499967
947.967233
949.902267
955.958233
957.624267
962.241300
962.743567
965.903533
966.641533
971.250167
975.514767
983.304867
989.070067
991.280133
991.738533
995.466867
1015.144567
1015.637933
1017.806600
1030.064667
1030.910500
1031.551400
1032.631733
1032.701767
1034.633833
1034.642833
1036.744933
1040.870367
1042.883933
1045.685567
1053.156467
1053.663167
1055.485833
1060.021667
1060.856867
1062.494933
1064.222033
1064.226333
1064.247567
1064.304700
1072.289200
1076.329933
1086.053067
1088.928967
1091.901533
1092.401433
1094.337267
1094.801333
1096.353900
1097.768500
1112.072933
1112.222900
1114.013400
1117.614033
1118.155600
1119.333500
1119.659133
1119.751333
1126.251267
1126.570767
1126.601567
1126.651700
1126.738367
1126.824867
1128.743633
1130.432067
1136.279667
1137.284900
1144.794467
1147.600033
1149.272400
1149.874900
1151.059233
1151.081300
1154.719867
1155.400633
1158.410100
1160.286500
1171.509733
1173.400533
1175.261967
1178.625900
1181.402200
1182.130467
1182.232533
1190.879567
1191.372033
1192.845667
1193.604533
1197.108933
1199.040067
1199.048600
1199.140500
1199.150967
1203.567000
1203.630767
1203.650400
1203.665900
1209.530300
1212.289133
1213.948200
1218.288467
1219.247867
1222.573600
1231.367767
1234.507567
1241.068600
1241.110933
1241.116000
1261.134700
1262.151400
1268.437267
1268.941333
1275.340533
1277.068267
1277.153033
1288.279800
1288.303767
1288.328867
1288.627767
1297.373733
1297.772300
1297.779233
1302.039767
1304.438267
1310.574967
1311.129333
1312.153300
