0.309767
0.418300
0.677367
0.702467
1.217767
1.381733
1.538867
1.693933
1.941567
2.122333
2.495467
2.623267
2.657067
2.962200
3.578833
3.690067
3.778700
4.132633
4.153167
4.261800
4.391067
4.847767
4.985733
5.014567
5.033800
5.123833
5.151733
5.482133
7.682367
8.349633
9.685367
10.453700
11.967300
12.084067
12.159633
13.068267
13.356733
13.671067
15.104700
15.954367
17.736767
17.888000
18.351367
19.392933
19.980967
20.060000
20.241867
20.693567
22.217867
22.969900
25.336067
25.897000
25.944400
27.716400
28.912967
29.585500
29.624400
29.820833
30.390967
31.057367
31.126567
31.172800
31.222300
32.500167
32.944300
33.037167
33.073967
33.171233
33.572200
35.702200
38.039033
38.220500
39.228300
39.849500
40.193267
42.103433
42.474533
42.921300
43.051900
43.085800
43.151967
43.445400
43.930400
44.602533
45.353500
45.416633
46.203433
46.610533
48.385933
48.594533
49.195000
49.530667
49.604433
49.702067
51.385233
51.781633
51.945167
52.339667
52.603067
54.703367
55.062800
55.099100
55.525067
55.726367
55.988500
56.172933
56.686567
57.534567
57.672667
57.764133
60.472233
61.017267
61.192167
62.050467
62.984900
63.639367
65.522833
65.617033
66.108700
68.084067
73.365667
73.732267
73.752233
74.562533
75.120733
80.059300
80.374867
80.843133
80.885633
80.997500
81.642367
83.683100
84.065500
84.562600
84.631400
84.737500
84.748833
85.037967
85.094333
86.155567
86.997333
87.622233
89.059533
89.615333
89.760533
90.012300
90.235033
90.455300
90.950633
91.215667
91.463867
91.875367
92.015600
92.383867
93.129700
93.602667
93.907333
93.967767
94.313467
94.532700
95.036833
95.676867
96.060233
96.175767
96.382333
97.807633
97.922467
101.462933
101.599867
103.479000
103.734100
103.781100
106.448567
106.745033
106.748333
106.876367
107.032133
107.048567
109.129133
109.272833
110.742667
113.051667
113.221267
114.123533
114.159100
114.190800
114.319700
114.840033
114.876167
114.896733
115.392500
115.730333
115.774833
115.786000
115.813767
116.070900
116.754633
117.433367
117.702800
117.825000
118.718733
119.253833
119.879667
120.269067
120.997000
121.647100
121.857100
121.937067
122.133667
122.454433
122.484167
124.853567
126.405400
126.442100
126.541100
126.950067
127.008600
127.250567
128.514400
128.893567
132.527633
132.757300
133.085733
133.247067
133.345933
134.759833
135.124000
135.355200
135.385500
137.137500
137.409633
138.705200
140.758667
140.922100
141.245067
141.341000
141.594933
144.128467
144.474800
144.772233
144.933800
146.072867
148.478700
148.857633
149.221567
149.513633
149.567433
149.638533
149.743267
152.231800
158.520733
161.062100
161.128433
161.492833
161.666333
161.680300
161.709800
162.475367
163.251300
164.905433
167.484967
170.955800
171.193667
171.307500
172.175300
172.296900
172.537700
173.043567
173.905067
175.501667
177.065467
177.615033
178.467433
178.671900
178.879867
179.377533
179.479767
179.487333
179.704267
180.382500
180.435767
180.617667
180.977300
181.575400
184.208700
184.983400
185.719633
187.100867
187.544900
188.103267
188.264367
188.673733
190.913033
191.239767
191.546567
192.871967
193.999967
194.131567
195.339600
196.052867
197.330067
197.915100
199.279100
199.447467
199.515333
199.918933
199.994400
200.708000
200.767633
203.467667
203.943733
204.051833
204.266633
205.091933
205.249000
206.581967
207.467333
207.518600
208.040367
209.621567
210.210767
210.637533
210.703267
211.485200
212.438433
212.726600
214.238800
214.489567
215.322100
215.411467
215.660100
215.769933
217.628233
217.733200
223.793400
224.417300
227.168567
227.215400
227.260033
228.278467
228.486733
228.527500
228.778167
228.886067
229.204767
231.096567
231.269400
231.425333
231.651767
232.307167
234.095333
234.222833
236.037767
236.439300
239.406100
239.674233
239.844700
240.508700
240.770133
241.045267
241.754167
242.259500
242.404433
242.406433
242.613833
242.690700
243.317667
243.547967
244.088867
244.275600
244.539100
244.779467
244.978433
245.324800
245.608133
246.391767
246.904033
248.030900
251.044300
251.643233
251.872733
251.959567
252.918167
253.287100
253.820000
254.109700
254.237200
254.423167
254.757567
254.787200
255.006833
255.061233
255.137167
255.220033
255.301433
255.373900
255.403033
255.695267
255.856700
256.013800
256.174800
256.643067
256.860500
256.963167
257.986400
257.991067
258.289067
258.306233
258.423100
261.837533
261.937667
262.072133
262.264600
262.970033
263.065600
263.802600
263.831800
264.109933
264.403933
264.574100
264.666867
264.829633
265.048533
265.936200
266.302300
266.453967
266.891833
267.237300
267.246733
267.836233
268.004633
268.332867
270.670500
270.878600
271.460300
271.550667
271.682000
271.742567
271.755700
272.795133
273.114633
274.329267
275.112400
275.148033
275.264100
275.339233
275.365667
276.364100
276.932567
276.991633
277.036967
277.089467
277.158400
277.902767
283.537667
283.664567
283.838700
284.938067
287.463433
287.914533
287.988967
288.124600
288.609900
289.208100
289.704067
290.370533
290.461033
291.511433
291.658167
291.719633
292.776367
293.298533
293.748100
294.163267
294.548367
295.236467
295.783233
296.159067
296.585233
297.850667
298.999267
299.318300
300.266000
300.797267
302.219133
304.419367
305.655433
307.741867
307.953867
308.670600
309.644933
309.948667
310.320733
310.742467
310.938100
312.511367
314.287833
314.894700
314.947033
315.055767
315.368733
315.757300
315.823033
315.887633
316.098667
316.140667
316.365900
316.578033
316.649133
316.779900
316.917933
317.904733
318.609067
319.557933
319.669600
320.287500
320.585033
321.776667
321.949733
322.066433
324.315300
325.618300
326.032000
326.182933
327.553600
327.810200
327.880033
327.970667
328.037000
328.415033
329.175367
329.242233
329.637067
329.644000
329.979833
331.096900
331.169033
331.272667
331.336000
331.343167
335.185000
335.409267
335.752567
336.126833
336.567767
336.686733
336.994533
337.770267
339.061233
339.293833
339.357267
339.771533
340.480800
340.893300
341.160433
341.352300
341.816500
342.309200
343.598967
344.044500
344.082000
344.133967
344.233900
344.396933
344.512500
344.588333
344.854633
345.176433
345.909300
348.186467
349.782367
349.841100
350.549333
351.425000
353.920233
355.544300
356.873733
356.965400
357.056900
357.331033
357.528933
357.551833
357.593200
357.641767
358.735967
358.838667
359.055200
359.319300
360.085033
360.205733
360.368700
360.911867
361.024067
361.143467
361.453333
361.462933
361.549733
361.681867
362.158833
362.253833
362.280933
362.432567
362.436967
362.630833
363.040100
363.227933
363.656400
364.145500
364.220833
364.366600
364.423067
364.617500
364.657967
365.038867
365.759900
365.945967
365.997467
366.216200
366.908400
367.281233
367.340000
369.940500
370.890967
375.798767
375.827333
376.123300
377.057833
377.454400
378.431867
378.743700
378.879633
379.084233
379.192267
380.360600
380.634033
380.979733
381.569433
382.370167
382.793433
382.894733
382.939267
384.260867
384.263700
384.714000
386.953633
387.094533
387.399333
387.525500
387.818967
388.305400
389.000133
391.171033
391.874633
392.452133
392.534000
392.578067
393.002667
393.168800
393.388433
393.872800
394.649167
395.428367
397.569133
398.178567
398.397700
398.427800
398.928900
399.117100
399.694900
400.181767
400.234300
400.857900
400.967167
401.368833
401.545733
401.756133
405.866833
405.927233
405.978900
406.165933
406.360367
406.971533
408.402700
408.847400
408.934333
411.067800
411.557167
412.142667
414.727833
414.824600
415.119600
415.169567
416.036533
416.039133
416.402300
416.513100
417.126333
417.927467
418.212800
418.302300
418.309667
418.587467
420.689800
421.161733
421.238467
421.275800
421.697067
422.551133
423.028000
423.342067
425.294767
425.570733
425.749833
425.913767
426.062800
427.110233
427.208533
427.369800
427.669933
427.914267
429.472433
429.574800
430.298433
431.485800
431.839533
433.837067
435.011400
436.485167
436.596167
436.777467
437.064400
437.376000
438.344700
438.483967
439.260467
439.338400
439.551233
440.865867
441.056467
441.651800
442.869167
442.953633
443.077767
445.100033
446.431500
446.518400
446.748133
446.992500
447.160067
448.264433
449.230933
452.181600
454.711433
454.791300
455.433167
455.559600
455.668600
455.842033
456.494800
456.610100
456.976167
458.621633
459.325033
460.598367
460.967667
461.886267
462.783733
465.363733
467.379933
467.569000
467.740867
467.898367
468.179367
468.391633
468.522900
468.674467
469.562033
469.838233
470.639567
470.741167
470.863600
471.320667
472.422700
472.488433
472.734833
474.184200
477.927333
477.975800
480.162767
481.887067
481.894900
482.307200
482.565800
483.234600
483.269633
483.442500
483.724733
483.773200
483.960633
483.965967
484.847167
484.856833
485.918867
487.163233
487.695967
487.793167
487.823700
487.901900
487.972133
488.333433
488.764733
489.031367
489.081900
489.720233
489.924367
491.490867
491.846367
492.032467
492.226100
492.661867
493.442133
496.069333
496.959567
497.062867
497.170533
497.255367
497.349700
497.369867
497.486033
497.709367
498.017567
498.439933
499.433900
502.287167
503.123867
503.511000
504.391633
504.911933
506.043567
507.194667
507.512833
507.979567
508.406000
508.572700
508.607733
509.001500
509.343400
510.079033
511.470500
511.962467
512.379767
513.007700
515.626100
515.896067
516.486400
516.579767
516.986100
517.623533
517.714767
517.909367
517.977733
518.808200
519.010833
519.192667
520.662667
521.427700
521.583267
521.758300
522.201467
522.491633
522.930267
524.881933
525.474833
526.547700
527.123500
527.632467
528.589333
529.557467
529.803600
531.122633
531.520800
531.590900
531.834533
532.451633
532.545100
532.683900
534.050100
534.498667
535.226100
537.650633
537.766700
537.982967
538.242467
538.250600
538.888233
538.956067
539.614633
539.687500
540.032300
541.091000
541.547233
543.325300
543.355367
543.396700
543.554633
543.780700
544.694300
545.039367
545.167800
545.559200
546.223000
546.561633
546.632300
546.690933
546.697433
547.522600
547.539167
548.154367
548.637367
549.084167
549.177233
550.609933
550.791333
551.150067
551.225333
551.361467
551.448767
551.766767
551.891533
552.136200
552.196800
552.281800
553.870433
555.537400
555.819300
556.009200
556.104067
556.164267
557.413667
557.932200
558.674800
559.201967
560.578667
560.605467
560.680000
560.781267
560.790300
560.910267
561.015367
561.333900
563.790167
564.326267
564.915933
565.331600
566.172167
567.582000
568.104100
568.909533
569.482400
569.741433
569.971700
570.594567
570.751767
570.871133
571.219567
571.297600
571.353033
572.233500
572.407233
572.584400
572.788400
573.987967
574.044933
574.067067
574.284900
575.022933
575.517200
575.622967
577.288000
579.992733
580.142667
580.462333
583.189367
583.439667
583.490600
584.224933
584.330533
584.523167
584.595067
584.881733
585.956500
585.997833
586.077800
586.806200
586.871300
586.883200
587.695333
587.801267
588.104767
588.931233
589.322633
589.606933
589.732000
589.835900
589.953400
590.008167
590.042300
590.044900
590.126067
590.209800
590.219167
590.222167
590.473000
590.479967
590.685000
590.843167
591.653700
592.093333
592.693833
593.795633
593.829633
596.574467
600.488633
601.391400
601.496000
602.275567
603.035933
605.928533
606.009000
606.156033
606.347033
606.419367
609.687400
610.516067
611.215967
614.435333
614.641533
615.421100
616.596867
616.767733
617.383533
617.505300
617.883333
620.980567
621.063600
621.357233
621.731233
622.975833
623.437400
624.114300
624.668567
624.959567
625.273300
625.473200
625.818667
626.019267
628.045900
628.248067
628.388667
628.629033
628.849000
629.038000
629.876000
630.114600
631.157633
631.296033
631.523433
631.672467
632.055600
632.513500
632.539433
632.597633
632.969067
634.105100
635.156000
635.200867
636.329567
637.323567
637.428700
637.706167
638.120533
639.293100
639.339200
639.615467
639.741333
639.773267
639.797967
639.849133
641.037467
642.226500
642.673833
643.217133
643.978133
643.981367
645.360367
645.575033
647.619200
648.413267
649.778833
650.222767
655.111667
656.111667
656.575567
657.373533
657.851833
658.469400
658.737667
658.805733
658.948667
659.315467
660.072167
660.680000
661.225267
661.817567
662.187200
662.223767
662.292367
662.355367
663.121000
663.180333
663.331400
664.705500
664.845667
665.094900
665.396933
665.702400
665.793067
666.467733
666.505033
667.434400
667.617900
667.677067
668.766067
669.162333
669.827533
670.232667
672.045033
672.057933
672.152000
672.386100
672.802633
672.934433
672.975733
674.006300
674.044800
675.077233
675.211167
675.412433
676.156100
676.634767
680.918900
682.282200
683.356633
683.385867
683.524133
683.719300
683.905433
684.835467
685.847633
685.929900
686.110233
686.201833
686.511833
686.579333
687.384467
687.791133
688.380400
688.617467
689.061233
690.002300
690.950233
691.796533
692.223733
695.687933
695.757800
695.795300
696.281367
696.501600
697.256400
697.301933
698.076767
700.508333
702.038367
703.377600
703.869433
704.473367
705.634333
707.191933
707.262700
707.316033
707.562567
707.668567
707.884033
708.262633
708.615700
711.613167
712.021167
712.135533
712.624133
713.182467
713.258800
713.949533
714.641633
714.747467
715.305933
715.816700
716.056800
716.358533
716.986700
717.117267
717.138400
717.285500
717.830200
717.952800
718.612967
718.768900
718.831767
719.178567
719.332533
719.406267
719.657800
719.794933
719.945967
720.340300
720.681000
721.124200
721.431700
721.454767
721.463600
721.527533
722.440833
722.698933
723.598667
723.797233
723.989100
724.068933
724.083900
724.484400
724.540067
724.734933
725.048700
725.135867
726.030967
727.115700
728.729333
728.786700
729.001867
730.958967
731.663633
732.803500
732.848700
733.794433
736.368700
736.776267
737.279700
740.101300
741.126533
741.737633
742.089700
742.813167
745.636733
746.695767
746.802033
746.928433
746.997200
748.062333
748.324967
748.721867
748.835800
749.066433
749.452200
749.575300
753.158367
754.450700
754.693800
755.032833
755.593433
755.762133
756.837200
757.027133
759.218733
760.177267
760.686467
760.827667
762.390233
762.883733
765.731800
766.347400
766.399933
766.992467
768.214600
768.818833
769.056567
769.226800
769.341200
769.368167
770.232733
770.464533
771.279133
771.527667
771.865867
773.501733
773.648967
773.757333
773.956233
775.500867
776.139267
777.122867
777.978433
778.510367
778.547800
778.590100
778.674967
779.135500
780.708100
781.026467
781.130233
781.669100
781.694700
782.216000
783.359833
784.114700
785.675767
786.855267
787.401433
787.436467
787.533200
787.738867
787.791267
788.858667
789.419433
789.752567
790.243833
790.594100
790.708667
792.608133
792.761667
792.932133
793.657800
793.817067
794.016933
795.146700
795.240267
795.969133
797.065167
797.709100
798.953433
799.046833
799.117467
799.594033
799.625200
799.832133
801.745833
802.561533
803.284200
804.714533
804.829767
808.029900
808.125967
808.770900
808.783233
809.037767
809.095100
810.055000
810.474867
810.941367
811.295500
811.494933
812.869033
813.154000
814.530267
814.621567
816.319200
816.483200
816.693167
817.441800
818.302133
818.351533
819.345600
819.480033
819.719200
819.939600
820.015567
821.154467
821.750567
822.131267
822.529000
823.586133
826.394000
826.876200
827.309500
827.575967
827.733933
827.749600
827.805167
828.401233
828.834833
831.735567
831.939433
833.235267
834.240133
834.375867
835.792200
835.854167
836.491833
838.514567
838.546300
838.697133
839.028400
839.088967
840.136333
840.706633
841.368767
841.877500
842.547267
842.693833
844.922067
845.177067
845.824300
846.114400
847.336433
848.243300
848.663733
848.802900
849.569900
849.807533
850.888033
853.217733
857.393367
857.527000
858.038633
858.206233
859.099233
859.145733
860.021467
860.309167
860.448867
860.672267
860.712500
860.874000
861.287933
863.162400
863.753300
863.875200
864.094467
866.785433
867.200600
867.253067
867.549500
868.023833
868.491233
869.170233
869.225767
869.745767
870.776000
872.288033
872.433167
872.628833
874.886267
875.362200
875.402900
875.794400
876.294867
877.676200
878.560533
878.750200
881.470100
881.681633
881.993133
881.996100
882.312833
882.531800
882.922167
883.028467
883.138367
883.757233
883.809600
883.926100
886.145067
886.412133
886.701367
886.785833
888.240567
888.765533
888.833933
889.150767
890.578767
890.652633
892.656133
893.277567
893.761433
894.725733
897.296967
898.376433
898.576267
898.667900
898.778000
899.854733
900.282400
900.437233
900.789867
901.156167
901.966233
902.029467
903.398700
903.848467
904.130333
904.342067
904.659767
906.050500
906.548233
906.679200
907.285067
908.334233
908.412600
908.978300
909.218767
909.340533
909.855767
909.907267
910.699600
911.383800
911.497000
911.702733
911.798667
911.895100
912.141967
912.517200
913.089233
913.580300
913.751467
913.998933
914.341667
914.505467
914.518467
914.534867
914.544600
914.791600
915.209467
915.306433
915.363800
915.465500
915.490367
915.570033
915.662000
917.706600
918.237500
919.365533
919.771800
919.888233
920.846267
921.744967
922.025667
922.089067
922.396067
922.631633
923.301667
924.643433
925.441667
926.185733
926.647133
926.689833
928.763767
929.039100
929.332967
929.875100
929.920367
931.292000
932.067100
932.179333
932.822367
932.853600
932.877567
934.174133
934.223100
934.473133
935.291733
939.303800
939.544600
939.929767
940.082033
940.226767
940.439400
940.839200
941.926900
942.148600
942.620267
942.824700
943.181533
943.230667
943.256067
944.716367
944.853833
945.546133
945.904400
946.638100
947.016633
947.884467
948.863367
949.422600
949.631700
950.047967
950.249367
950.282300
950.943567
951.102833
951.341967
951.388233
952.384100
952.463133
952.805967
953.219833
953.597233
953.729500
954.000167
954.021967
954.440500
954.819700
958.365500
958.551567
958.583200
958.821467
958.943333
959.260800
960.035700
960.436833
960.542567
960.673800
961.611967
961.843333
962.146333
962.903167
963.940100
964.721633
965.287633
965.854067
966.311767
966.639867
967.093233
967.261900
967.992367
968.521967
968.605333
969.249933
969.721967
969.830900
969.970000
970.274200
970.353733
970.422100
970.444800
970.605267
971.485033
971.562100
972.763633
973.268267
974.573200
975.058167
975.077900
975.128333
975.134200
975.195200
977.117033
977.328633
977.745267
978.105033
978.493000
978.705167
980.843967
981.166633
981.352500
981.890333
982.675000
982.933033
983.105933
983.232533
983.822333
986.956933
986.965633
986.991067
987.497700
988.819467
990.070233
990.347300
990.507200
990.748367
991.136367
991.657700
991.820267
992.071500
992.281700
992.527367
992.697067
993.347300
996.282400
997.195133
997.264333
998.466433
998.544967
998.547200
998.662167
998.674900
998.877967
999.305333
999.702867
999.785833
1001.167933
1001.855400
1002.262067
1002.700967
1002.727733
1002.910533
1003.482167
1004.021900
1006.055767
1007.665367
1008.716300
1008.851600
1009.455100
1009.596300
1009.637100
1009.895800
1010.314800
1010.926400
1011.198667
1012.624600
1012.829533
1013.196833
1013.448100
1014.305567
1015.055567
1016.564367
1016.619000
1016.966900
1017.718533
1017.729567
1017.756300
1018.574600
1019.358233
1019.649700
1021.417267
1021.520133
1022.891633
1022.951000
1022.986333
1023.368767
1024.216733
1024.818867
1025.310533
1025.525800
1025.622500
1026.605433
1026.669500
1027.628633
1027.666367
1028.700000
1028.853833
1029.212800
1029.606933
1029.795433
1030.069367
1030.142000
1030.528500
1030.741033
1031.016467
1031.107667
1031.445267
1031.457000
1032.272733
1032.476167
1032.892733
1033.443533
1033.554467
1033.571467
1033.663733
1033.699833
1033.862100
1034.215000
1034.629933
1035.143033
1035.480533
1035.541700
1035.550533
1035.834000
1035.862300
1035.910933
1036.077700
1036.125867
1036.236100
1036.516533
1037.695267
1037.750100
1038.106933
1038.438767
1038.462733
1038.483600
1038.556567
1040.804333
1041.494967
1042.583900
1043.004033
1044.963267
1045.015933
1045.684833
1049.337500
1050.633700
1050.942033
1052.078600
1052.786433
1052.890867
1054.029267
1054.448033
1055.741500
1057.450200
1058.017667
1058.120733
1059.209767
1060.179800
1062.079900
1062.262633
1064.826700
1065.491533
1065.681133
1065.945533
1066.966700
1067.545333
1069.500467
1070.655967
1071.079367
1071.398233
1071.824867
1071.879067
1072.705100
1072.823233
1072.874200
1073.001167
1073.672833
1075.727200
1075.742467
1075.753900
1076.091300
1076.113167
1077.474467
1078.121433
1079.234067
1079.434900
1079.617267
1081.379367
1081.755567
1082.146900
1082.723800
1082.871833
1083.218867
1083.444267
1083.503100
1083.617367
1083.933533
1084.140667
1084.671867
1084.835267
1084.945600
1085.140200
1085.201033
1085.797600
1085.871433
1085.962567
1086.288067
1086.534933
1086.990900
1087.527067
1089.534900
1089.643800
1089.661867
1090.286333
1091.198800
1091.569567
1093.474067
1094.939167
1096.934133
1097.210067
1098.810433
1099.086200
1099.397333
1099.508000
1099.883600
1100.032300
1101.436067
1101.537167
1101.909900
1102.212533
1102.449600
1102.630733
1102.795400
1104.790333
1104.861567
1105.078933
1105.472900
1105.901333
1106.240833
1106.397000
1106.537100
1106.615533
1106.806467
1106.898067
1107.153733
1107.178567
1110.111967
1110.577967
1110.626633
1111.878033
1112.898700
1113.350533
1113.751467
1114.671933
1117.650167
1118.011733
1118.041133
1118.806067
1118.880267
1119.105600
1119.428667
1120.085333
1121.270067
1121.473100
1121.955667
1122.129833
1122.627633
1124.529633
1124.783833
1124.906200
1124.975967
1125.228533
1125.512633
1125.584800
1126.463233
1126.484200
1126.594100
1127.191467
1128.526733
1128.656633
1128.959233
1129.097933
1129.167100
1129.539967
1129.788633
1129.905033
1130.199367
1130.203500
1130.570333
1130.614533
1131.013867
1131.070533
1131.579267
1132.731900
1133.092467
1133.267700
1133.424467
1133.717467
1134.680400
1135.418500
1135.775133
1138.010200
1138.107933
1139.773700
1141.782400
1143.200733
1143.603667
1144.065733
1144.557400
1144.681033
1145.758633
1145.947267
1146.827367
1147.305700
1147.381133
1147.527567
1147.673567
1147.847867
1147.960567
1148.761000
1149.447600
1149.778800
1151.220233
1151.714233
1151.729867
1152.118733
1152.553700
1153.351767
1154.152567
1154.591233
1154.664233
1155.752967
1158.788833
1159.814067
1159.883000
1160.403900
1160.917100
1162.445633
1162.518600
1163.054467
1163.277567
1163.887100
1163.911800
1164.894300
1165.969800
1166.287100
1166.795200
1166.867067
1170.570667
1170.832400
1171.372400
1171.636267
1172.879167
1173.665200
1173.917067
1175.041767
1175.306900
1175.568467
1175.705633
1175.797433
1175.913533
1176.167167
1177.636167
1178.220367
1178.290133
1178.614700
1179.364267
1179.961633
1180.841100
1181.065733
1181.071433
1182.817000
1183.383300
1183.670433
1183.735567
1183.917000
1185.202500
1185.271633
1185.550600
1186.015233
1186.077333
1186.109733
1186.809867
1187.396533
1188.331700
1188.887667
1189.160633
1189.515467
1189.651433
1189.742367
1190.235600
1190.604033
1191.325833
1191.644567
1192.965833
1193.240133
1193.460433
1193.552100
1194.525633
1194.988333
1195.205800
1195.578333
1195.881733
1196.766000
1197.525333
1197.768567
1197.816000
1198.062500
1199.768367
1200.202233
1200.847900
1201.094100
1201.313633
1202.661267
1202.807700
1203.399700
1203.517867
1203.550500
1204.036067
1205.720667
1206.240500
1206.754033
1207.318100
1208.751033
1209.404467
1210.318067
1211.361533
1212.068167
1212.132700
1212.641600
1212.891133
1213.696333
1216.500600
1216.799933
1218.844367
1220.006000
1220.104833
1220.133933
1220.446667
1220.502233
1220.668067
1220.680300
1221.634800
1221.960800
1222.070167
1222.802433
1223.045767
1224.214000
1224.354467
1224.776167
1226.755333
1230.619500
1230.683300
1230.733400
1231.775567
1232.336567
1232.437933
1233.298800
1233.371733
1233.805433
1234.444167
1234.858933
1237.812167
1237.973433
1238.020667
1238.109233
1238.306800
1238.904300
1239.088367
1239.116067
1239.451800
1239.618500
1239.828100
1240.264433
1240.594300
1240.764667
1240.811167
1241.182367
1241.188067
1241.251567
1241.287000
1242.226333
1243.058767
1244.318200
1244.731700
1245.221733
1245.495300
1247.255200
1247.332000
1247.418667
1247.696267
1248.770867
1248.816700
1248.965433
1249.313233
1249.402967
1249.494200
1253.093467
1253.548833
1253.660867
1254.388633
1254.850467
1255.420700
1256.174100
1256.818333
1256.861300
1256.892000
1256.987367
1257.416633
1258.273300
1258.375500
1258.481267
1258.629267
1258.751533
1258.865533
1259.133833
1259.192733
1259.513833
1259.623633
1259.927167
1260.187833
1260.195833
1260.356500
1260.556467
1260.585633
1260.834400
1260.968033
1261.580600
1262.029033
1262.292000
1262.458333
1262.526700
1262.595200
1262.647400
1262.662200
1262.865467
1262.969833
1263.052233
1263.059800
1263.380433
1264.512200
1264.928700
1265.919233
1266.055533
1267.007100
1267.254400
1267.274267
1267.387133
1267.988233
1268.172000
1268.196800
1268.208367
1268.244667
1268.263967
1268.363533
1268.485667
1268.514933
1269.018467
1269.777733
1269.869700
1269.912767
1270.091900
1270.191567
1270.278100
1271.118733
1271.133800
1271.688267
1271.732033
1272.058033
1272.103100
1272.127467
1272.186767
1272.224433
1272.231300
1272.283033
1272.393033
1272.942700
1274.526233
1274.757567
1277.271567
1277.326867
1277.831700
1278.956467
1279.300400
1279.408733
1280.664900
1281.044700
1281.527233
1281.987767
1282.219100
1286.339300
1286.838767
1286.944800
1287.463233
1287.530000
1287.780900
1288.245733
1290.212733
1290.846333
1292.166000
1292.854933
1293.540067
1293.651067
1293.845433
1293.938200
1295.236667
1295.282567
1295.529133
1295.798533
1295.944000
1297.805767
1299.035067
1299.169267
1299.770633
1299.778433
1299.860600
1300.111167
1301.475100
1302.537133
1303.163067
1303.913233
1306.242633
1306.749500
1307.791733
1308.030367
1308.082867
1308.135900
1308.191867
1308.234400
1308.455600
1308.501967
1308.935567
1309.926133
1310.085400
1310.270233
1312.843967
1313.964967
