0.058867
0.152933
0.195433
0.284867
0.475600
0.596200
0.668800
0.692000
1.091600
1.198033
1.442267
1.938100
2.480900
3.055433
3.082933
3.175267
3.238767
3.292900
4.096167
4.861500
5.775467
5.870100
5.973100
5.992467
6.240633
6.270267
6.309500
6.500700
6.589200
6.657133
6.704433
6.823600
6.895900
7.032267
7.191333
7.549167
7.914467
8.333200
8.416700
8.490267
9.004233
9.391533
10.017567
10.269800
10.360400
10.701833
10.888200
11.004667
11.199767
11.447167
11.602567
11.689333
11.925967
12.138800
12.200333
12.295433
12.348867
12.431700
12.465733
12.525300
13.292900
13.501733
13.535133
13.792967
14.081433
14.209733
14.335600
14.437133
14.490933
14.822500
16.081567
16.691000
16.918433
17.393300
17.518367
17.827333
18.035500
18.057333
18.155267
18.186167
19.072433
19.738333
19.927600
20.314333
20.447733
20.550733
20.557367
20.838800
20.907500
21.672067
22.369533
22.615733
22.765133
23.157700
23.642900
23.672333
24.030900
24.223167
24.422067
24.749833
24.818733
25.123800
25.383667
25.558967
25.657933
25.836200
26.331567
27.013967
27.162233
27.353733
27.766567
28.064000
28.260000
28.302500
28.383733
28.514433
28.762533
28.921233
29.122267
29.295500
30.451700
30.559100
31.201367
31.658067
31.987433
32.210167
32.511567
32.658833
32.771900
32.954933
33.264933
33.397367
33.545167
33.820100
33.914333
34.381300
34.674733
34.935200
34.992633
36.033033
36.120467
36.583700
36.878167
37.274167
37.315633
37.363767
37.729833
38.098733
38.123700
38.351633
38.699333
38.887900
38.957267
39.124867
39.510300
39.516867
39.639433
39.697667
39.723333
40.137100
40.266800
40.318633
40.680000
40.764400
40.850033
40.879567
41.010567
41.269700
41.376733
41.435000
41.635933
41.900600
42.031433
42.183900
42.304800
42.346133
42.425133
42.476333
42.572133
42.908700
43.075000
43.545333
43.762667
43.913167
44.500967
44.635733
44.690733
44.720533
45.741667
45.791733
46.311800
46.568833
46.929967
47.198333
47.403367
47.741567
47.808467
47.810967
47.974467
48.024333
48.251833
48.415500
48.833200
49.026167
49.135500
49.438800
49.723133
49.982633
50.153233
50.409300
50.509467
50.786500
50.887733
51.059867
51.315333
51.405767
51.651267
51.882167
51.936933
52.014367
52.124600
52.253967
52.410167
52.636000
53.125767
53.176200
53.242467
53.327967
53.495300
53.571733
53.683067
53.908200
54.059100
54.346267
54.355000
54.420100
54.595467
54.856900
55.202100
55.677267
55.754767
55.782133
55.926700
55.956700
55.967233
56.006800
56.067600
56.690833
57.114567
57.140133
57.147600
57.462167
57.471367
57.510867
57.545967
57.582033
57.597000
57.714800
57.734400
57.990967
58.021033
58.245733
58.416267
58.702267
58.741500
59.335767
59.523767
59.561200
59.588500
59.805700
59.950167
60.105033
60.166533
60.185500
60.878600
60.971367
61.234167
61.273300
61.800600
62.557333
62.616367
62.701667
63.286633
63.930200
64.129967
64.331733
64.408700
64.441833
64.479667
65.069233
65.793933
66.302433
66.367800
66.376133
66.805933
67.179000
67.303900
67.372033
67.399900
67.634200
67.888433
68.493633
68.800967
69.086367
69.699767
69.765033
69.767933
69.920200
70.119233
70.415400
70.474033
70.568500
70.704567
70.745367
70.976833
71.455367
71.734133
72.139767
72.147033
72.800867
72.833233
72.912900
72.961633
73.335400
73.522900
73.830500
73.965367
74.387433
74.541400
75.294167
76.088100
76.447567
76.576233
76.673167
77.161100
77.370067
77.532267
77.747700
77.854067
78.030533
78.232667
78.251467
78.402567
78.547267
79.553333
79.605600
79.726533
80.930267
81.340133
81.547733
81.635733
81.972400
82.455167
82.465067
82.679100
83.247133
83.796967
83.855800
83.858500
84.832267
85.005433
85.161500
85.224633
85.270533
85.715800
86.082667
86.293533
86.319367
86.417133
86.826367
86.992367
87.109300
87.172800
87.489000
87.554633
87.714367
87.802700
87.982000
88.159600
88.306233
88.334567
88.369600
88.750833
88.788600
88.937467
88.984167
89.402333
90.492867
90.565700
91.415267
91.475400
91.546933
91.662100
92.198600
92.279567
93.433567
94.286100
94.671700
94.861233
94.991267
95.224167
95.729267
96.460600
96.569667
96.641300
96.705567
96.825733
97.468167
97.649767
97.692433
98.052267
98.172367
98.425800
98.482000
98.590967
98.747933
99.275767
99.561433
99.712467
99.890733
100.682800
100.849433
100.897433
101.844500
101.975667
102.422567
102.700700
103.190267
103.582167
103.690200
103.775900
104.113267
104.139333
104.355367
104.798067
105.123633
105.467600
105.905200
106.019200
106.422133
106.497500
106.626133
107.013167
107.107767
107.623433
107.666300
107.700667
107.728333
107.927467
107.941100
107.966567
108.070633
109.042067
109.098167
109.118167
109.371300
109.454767
109.756333
109.776333
109.998467
110.214933
110.251767
110.292700
110.821133
110.926733
111.264033
111.390933
111.413467
111.477300
111.546033
111.849767
112.207700
112.485400
112.552133
112.582267
113.013233
113.171200
113.248767
113.295733
113.674200
113.817633
113.868733
114.348200
114.398800
114.469767
114.613200
114.686733
115.532833
115.589033
115.603467
115.645633
115.764733
115.821333
116.099533
116.309433
116.384600
117.256933
118.852900
119.643933
120.046067
120.585867
120.668267
121.087367
122.027067
122.337800
122.504867
122.623833
122.688167
122.716300
122.782100
123.317933
123.737133
123.848433
123.924733
124.124200
124.373200
124.507200
124.672267
124.982733
125.632167
125.678100
125.757100
126.514133
126.982233
127.027167
127.094800
127.378567
127.698633
127.821733
128.152767
128.751467
128.761400
129.182467
129.925400
129.966800
130.489267
130.643867
130.675400
131.110800
131.357300
131.533900
132.010867
132.069000
132.674233
132.862800
133.699567
133.842500
133.941567
134.192867
134.330500
134.513667
134.541367
134.680933
134.732767
134.810767
135.126800
135.505933
135.577900
135.751767
136.025633
136.366300
136.691500
136.808867
137.049733
137.381500
137.577233
137.709433
137.930233
138.046833
138.105933
138.159500
138.243200
138.779100
138.807000
139.052700
139.515033
139.628200
139.771333
139.916500
140.010600
140.489833
140.589467
140.957100
141.142267
141.212633
141.802367
141.861567
142.180000
142.429900
142.678467
142.705267
142.771367
142.807667
142.863367
142.960700
143.067800
143.164333
143.554667
143.645700
143.757400
143.908667
144.378767
144.907667
145.149967
145.185700
145.234900
145.289867
145.356433
145.382200
145.777900
145.858233
146.555100
146.937200
147.025100
147.166500
147.289300
147.757633
148.091667
148.363433
148.585700
148.680667
148.735000
148.990067
149.404900
149.681200
149.792633
150.261167
150.549533
150.584933
150.789967
150.834733
151.186867
151.229033
151.345367
151.358133
151.555167
151.887667
152.079500
152.259167
152.528300
153.133567
153.514433
153.559600
153.730833
153.899700
154.275967
155.024933
155.748133
155.811633
155.838067
156.017167
156.090400
156.829033
157.017400
157.466733
157.547400
157.637167
157.751633
157.822267
158.015700
158.273000
158.283167
158.370233
158.415133
159.021733
159.163433
159.312533
159.528533
159.556800
159.729167
160.072700
160.082467
160.638233
160.778500
161.382400
161.606433
161.729700
161.781233
162.039667
162.171433
162.639200
163.086367
163.531667
163.594333
163.814967
165.048567
165.309333
166.306200
166.947367
167.208467
167.260433
167.710067
167.788900
167.967800
167.995833
168.466500
168.614967
168.803033
169.138267
169.219700
169.235500
169.396967
170.288300
170.636567
170.658600
171.365300
171.390200
171.529733
171.778900
172.127900
172.259933
172.303833
173.042500
173.358700
173.798467
173.800300
174.386867
174.589967
174.635467
175.467000
176.138200
176.487033
176.595700
176.956900
177.187667
177.364633
178.073400
178.214400
178.293867
178.567900
178.672733
178.748800
178.947733
179.074833
179.301467
180.798633
180.874900
180.905033
180.929933
181.187600
181.380633
181.416333
181.587033
182.224200
182.493400
182.916533
182.949100
183.400300
183.536367
183.762800
183.785833
183.901000
183.931367
185.069733
185.739000
186.646633
187.097600
187.213400
187.386367
187.438200
187.494833
187.564667
187.734333
188.246800
188.318500
188.583767
188.784533
188.856800
189.229967
189.260533
189.375567
189.499500
189.548867
189.568133
189.593533
190.052600
190.094633
190.224333
190.300467
190.570467
190.589400
190.729433
190.826900
191.271600
191.618133
191.901300
192.148400
192.195733
192.663300
192.860867
193.033333
193.192033
193.305600
193.843600
194.065233
194.368767
195.329500
195.810233
195.883067
196.022467
196.301533
196.449000
196.658067
196.952533
197.232733
197.464533
197.508700
197.750367
197.902667
197.943700
198.047500
198.210467
198.539133
198.861167
199.270933
199.768833
199.914100
200.391967
200.798300
201.849367
201.877433
202.051800
202.091367
202.093500
202.145167
202.297200
203.043500
203.087767
203.198100
203.246567
203.432900
203.492333
203.553400
203.644200
203.743833
203.789200
203.870333
205.082833
205.197533
205.622867
206.049933
206.160733
206.376933
206.673500
206.856600
207.626500
207.647800
207.932733
208.093967
208.279400
208.362233
208.561933
208.593933
208.734200
208.764300
208.860100
209.407100
209.610367
210.284533
210.683000
210.975033
211.007767
211.124400
211.340100
211.364333
211.446100
211.781200
211.812033
211.870367
211.916567
212.122500
212.989900
213.198367
213.681200
213.848567
213.870133
213.983900
213.998233
214.052167
214.457667
214.665800
215.453000
215.627933
215.647467
215.792367
215.925933
216.174167
216.394600
216.469700
216.503300
216.821400
216.873100
217.107733
217.444600
217.494367
217.560200
217.844433
218.624567
218.989500
219.006233
219.275833
219.367267
219.464267
219.513367
219.534000
219.920600
220.628100
221.208700
221.256467
221.261067
221.306300
221.559633
221.599233
221.870300
221.886567
222.149800
222.866900
222.932767
223.071600
223.141567
223.184733
223.233700
223.547967
223.816767
223.915200
224.280533
225.129667
225.583933
226.650300
228.442900
229.344900
229.481100
229.738667
229.993967
230.062633
230.300100
230.405467
230.461433
230.881967
231.167133
231.370200
231.435000
231.480667
231.624667
232.529467
232.536667
232.730633
233.064267
234.444000
234.705833
235.303567
235.441433
235.934433
236.063167
236.091600
236.313400
237.358033
238.153800
238.340433
238.655033
238.703467
238.972567
239.341767
239.362933
240.464800
241.155933
241.216700
242.491067
242.722133
242.855967
243.163167
243.196667
243.258667
243.325500
243.596233
243.885700
243.914500
244.088767
244.152400
245.023567
245.052633
245.415967
245.504433
245.734933
246.029700
246.307867
246.669067
246.735233
246.915800
247.064600
247.244867
247.284600
247.868467
248.811600
248.916667
248.963533
249.223067
249.497867
249.684767
250.083433
250.498500
250.881300
251.436767
251.631500
251.716600
251.818533
251.878867
251.936533
252.041167
252.403933
252.683533
252.811333
252.813633
253.101400
253.180633
253.376200
253.468533
253.574967
254.051967
254.500000
254.523467
254.602233
255.207333
255.353000
255.601067
255.699667
256.175133
256.201433
256.466400
256.546733
257.027033
257.537133
257.838500
257.974933
258.034033
258.303233
258.863300
258.919800
259.051033
259.502233
259.726733
260.198867
260.271833
260.579833
260.729567
260.890900
260.909967
260.951100
260.991933
261.081900
261.477333
261.503333
262.384333
262.511433
262.582867
262.704800
262.785467
263.783700
264.106167
264.347033
264.911200
265.163167
266.164233
266.233400
266.562467
266.655133
266.898333
266.986000
267.060767
267.422867
267.502933
267.636500
268.028200
268.060733
268.063767
268.220100
268.451100
268.550233
268.818833
269.003300
269.200500
269.257067
269.312967
269.593900
269.625833
269.675900
269.823967
270.407000
270.411667
270.578000
270.760167
270.941433
271.197333
271.321967
271.746233
272.608267
272.983300
273.220667
273.275633
273.396533
273.587333
274.441100
274.528833
274.591400
274.727100
274.802733
274.806500
275.182333
275.228933
275.514367
276.425200
276.651133
276.717433
277.262300
277.651900
277.841567
277.898900
278.168333
278.220467
278.459867
278.529367
278.637133
278.720267
279.076400
279.462367
279.725000
279.879433
280.711833
280.850233
280.960567
281.255967
281.273867
281.319333
281.711400
281.734367
282.205333
282.529733
282.660967
282.732767
282.855967
283.094300
283.120067
283.612233
283.693133
284.234100
284.477700
284.521267
284.635433
284.694800
284.778100
284.859733
284.948367
285.043567
285.398600
285.606333
285.966033
286.184867
286.333367
288.333200
288.996333
289.283433
289.980100
290.035033
290.624167
291.517933
291.883067
292.074533
292.204267
292.410067
294.258000
294.993867
295.200167
295.724100
295.992933
296.025333
296.101467
296.388900
296.485833
297.023367
297.047367
297.079267
297.178500
297.204167
297.347233
298.295233
298.478367
298.772867
299.667200
300.006267
300.173967
300.273867
300.317433
300.438733
301.308100
301.694067
301.927333
302.000000
302.072433
302.392700
302.756567
302.829967
303.297600
303.354433
303.499767
303.593967
303.902500
304.133533
304.232200
304.305900
304.366367
304.653700
304.800067
305.094000
305.117933
305.199767
305.267300
305.597600
305.892833
306.004633
306.104900
306.166767
306.194467
306.305267
306.336800
306.338733
306.352967
306.901467
307.217200
307.281900
307.327300
307.569400
307.674933
307.766800
308.051133
308.087900
308.874833
308.960900
309.111667
309.248833
309.791833
310.775033
310.892333
311.832900
311.994167
312.028733
312.199433
313.209767
313.372000
313.610367
313.767000
314.283567
315.194833
315.409767
315.437767
315.483533
315.573767
315.727567
315.733067
316.072767
316.120467
316.155067
316.641700
316.809333
316.962000
317.162000
317.202800
317.511167
317.988333
317.994233
318.444367
318.666167
319.076567
319.723200
319.795900
319.933033
320.449700
320.525300
320.554700
320.735100
320.873000
320.969867
321.341667
321.779333
322.552267
322.643733
322.752900
322.825233
323.201300
323.408167
323.654167
323.871467
324.282933
324.442800
324.503433
324.593400
325.249467
325.543667
325.698967
325.800133
326.103667
326.508533
326.914633
327.300433
328.366300
328.416067
328.879767
329.102667
329.360067
329.569700
331.319133
331.484800
332.140233
332.177700
332.338667
332.469767
332.506533
332.719667
332.790633
333.103000
333.351800
333.418567
333.551200
334.392733
335.243733
335.942733
336.356333
337.161333
337.275067
337.957333
338.112500
339.763200
339.914767
340.020233
340.106733
340.778900
340.830267
341.201133
341.593433
341.661167
342.154400
342.236233
342.327767
342.611667
342.734533
342.777300
342.925433
343.965400
344.432500
344.513567
344.989300
345.044867
345.194433
345.435467
345.541667
345.637167
345.940233
346.147100
347.295100
347.356067
347.753633
347.868267
347.978333
348.315533
348.599667
348.867467
349.114533
349.168867
349.583567
350.079200
350.099833
350.632600
350.667400
350.854667
350.900033
350.987000
351.280733
351.377800
351.754533
351.854267
352.201267
352.539333
352.812767
353.111900
353.382133
353.428133
353.843167
354.663267
354.770067
355.378267
355.529267
355.838300
356.144400
356.280833
356.434600
356.459033
356.521333
356.691567
356.721567
356.908300
357.382267
359.568400
359.609100
359.993333
360.049033
360.828767
360.997267
361.053600
361.114667
361.152800
361.212833
361.821767
362.865133
363.020400
363.230633
364.277267
364.494200
364.553867
364.933700
365.888700
366.119300
366.247267
367.623500
367.704833
368.237233
368.504533
368.742733
369.089067
369.321400
369.353233
369.517400
369.734100
369.795400
370.446900
370.893767
371.553900
371.577600
371.962100
372.860100
372.986267
373.043533
373.299867
373.492767
373.766433
374.041300
374.139533
374.312233
374.387400
374.611600
375.267267
375.564200
375.822800
375.852933
376.907367
378.143833
378.487933
378.601633
379.504467
379.735333
380.423400
380.834667
381.128100
381.854067
381.931000
382.174700
382.441200
383.097633
383.409900
383.462833
383.705267
383.834267
383.835967
384.099967
384.727900
384.889767
384.931700
385.196833
385.268100
385.692967
385.765667
386.130833
386.290067
386.887300
387.294633
387.674100
388.426333
388.796567
388.880767
388.917033
388.987067
389.062367
389.105033
389.173967
389.270833
390.394800
390.431333
390.532033
390.650733
391.718967
392.222900
392.530867
392.784167
392.851167
393.019833
393.048067
393.092967
393.630333
393.772300
393.885900
393.985567
394.754100
394.958033
394.993900
395.660267
395.839467
396.075667
397.209833
397.615200
397.726333
397.785633
398.106333
399.055400
399.221833
399.468833
400.202800
401.804433
401.877467
401.966867
401.983833
402.315567
402.443767
402.509867
402.588200
402.801300
403.032700
403.301333
403.662000
403.875733
404.135433
404.296300
405.134033
406.457800
406.594433
406.662200
407.123800
407.252800
407.344900
407.475900
407.620733
407.795433
408.077433
408.642133
408.731333
408.805567
409.142067
409.434767
409.678267
409.809100
409.968233
410.053167
410.082500
410.508200
410.675000
410.686900
410.789300
410.791167
411.057600
411.264500
412.270067
412.271967
412.690733
412.994933
413.676133
414.149333
414.268400
414.785667
415.209600
416.090533
416.242033
417.743500
417.886333
417.990833
418.378800
418.917100
419.623467
419.923367
419.926367
420.032767
420.097800
421.493167
422.415467
423.702467
423.823900
424.143333
424.232000
424.335100
424.639767
424.933000
425.128267
425.743100
426.303800
426.719767
427.530800
427.578933
427.983000
428.166367
428.222100
428.452600
428.769500
428.988367
429.349133
429.858133
430.225000
430.297133
430.334400
430.573700
430.809467
431.367667
431.439833
431.752167
432.009033
432.831533
433.297000
433.473967
433.622100
433.871633
433.946633
434.300200
434.930333
434.985467
435.138433
435.289167
435.426333
435.438667
435.549733
435.995067
436.137567
436.213067
436.626767
436.837200
437.078533
437.114167
437.227833
437.249433
437.415033
438.102367
438.154233
438.404833
438.696133
438.835933
439.530833
439.765833
440.085900
440.396233
440.822633
441.428167
442.493600
442.689167
442.811533
442.994767
443.024567
443.550767
443.660367
444.367200
444.409900
444.771733
444.785133
445.497833
445.885900
445.992800
446.510200
447.041200
447.219333
447.418000
447.452967
447.485567
447.521733
447.623800
447.674467
447.750467
447.792767
447.808500
448.007267
448.419033
448.534833
448.696100
448.791133
449.297133
449.357067
449.858333
450.597600
450.650633
450.709067
451.078633
452.009400
452.365000
452.713167
452.716733
452.777867
452.986100
453.006033
453.428733
453.495567
453.874633
453.914200
454.236567
455.283667
455.551500
455.728700
455.794867
456.431267
456.647833
456.877167
457.347600
457.994500
458.014467
458.415033
458.607267
459.535300
459.602533
459.921967
460.139033
460.662767
461.179167
461.262333
461.300300
461.377233
461.393700
461.464400
461.517267
461.654100
461.992767
462.984833
463.543100
463.596400
463.935767
464.588700
464.732100
464.746133
465.490600
465.596700
465.664500
465.681633
465.722600
465.774467
466.043067
466.047900
466.105567
466.912200
468.024400
469.574333
469.696300
470.148400
470.311867
471.585267
471.937033
472.567233
472.857933
474.086267
474.273467
474.698867
474.979933
475.537500
476.068000
476.092000
476.186700
476.381867
476.480267
477.651333
478.159333
478.440500
479.101467
479.293300
479.495567
479.797067
479.817800
479.970000
480.348633
480.630500
480.632533
481.368233
481.446167
481.581100
481.768133
482.404567
482.549633
482.632800
482.846367
482.899733
483.276467
483.366467
484.907500
485.336933
485.857200
485.930500
486.423767
487.227433
487.798400
488.738000
488.894700
489.994367
490.259033
490.414700
490.712133
490.798400
490.882500
491.003467
491.119033
491.281067
491.738767
491.956933
492.272400
492.546733
492.602867
493.081933
493.190933
493.596767
494.349533
494.578733
494.634833
495.118267
495.181200
495.221967
496.012500
496.512733
496.680767
496.724133
496.992267
497.073433
497.845333
497.898167
498.072800
498.441800
498.539567
498.851000
498.910933
499.049533
499.346333
499.368267
499.526167
499.647733
500.570467
500.761400
501.265533
501.904200
502.516133
502.588933
503.129133
503.175367
503.322700
503.615700
504.186300
504.887133
505.203833
505.481767
505.657167
505.883233
506.546167
506.972700
507.494500
508.463933
508.604433
508.853167
509.641733
510.032633
510.581767
510.980500
511.142100
511.264700
512.040900
512.102400
512.226900
512.228567
512.248133
512.649933
512.838567
512.965333
513.631867
513.878667
514.172900
514.545700
515.256600
515.356433
515.906600
516.007367
516.372367
516.454500
517.005067
517.189633
517.251267
517.405400
518.180100
518.450867
518.677833
518.916700
519.139933
519.444367
519.481933
519.840267
519.964167
520.009933
520.311733
520.898267
521.346400
521.880600
521.936267
522.266533
522.734500
522.779967
523.016300
523.030267
523.143667
523.463600
523.886967
524.515867
524.727267
525.038267
525.315867
525.513600
525.540500
525.637600
525.702300
525.711967
525.833533
525.871433
526.045600
526.246633
526.501567
527.055867
527.203367
527.330000
527.373900
527.546933
528.186700
528.332233
528.339300
528.721767
528.852733
529.275833
529.280867
529.466967
529.771500
529.810667
529.922700
530.094200
530.413600
530.993600
531.410433
531.604400
531.631233
531.728433
532.665067
532.892067
534.079867
534.325500
534.631867
534.745367
535.217167
535.273333
535.734133
535.980633
536.276867
536.715900
536.764233
536.795433
536.961667
537.227900
537.429533
537.510467
538.267567
538.483367
538.804200
538.841567
538.884233
538.898300
539.366467
539.504633
539.734333
539.854600
540.443300
540.476200
540.626033
541.378400
541.577600
541.648700
541.653967
541.863200
541.920300
542.296700
542.417967
542.567867
543.048800
543.566900
544.558367
544.914667
544.983867
545.060567
545.489833
545.514200
545.575233
546.102000
546.278067
546.855133
547.505533
548.503900
548.750167
549.402867
549.515900
549.731167
550.298433
550.788000
550.797967
550.859500
551.115000
551.151700
552.053033
552.356233
552.442400
552.840167
552.950067
553.023900
553.602500
553.647733
553.890200
553.988900
554.180500
554.689033
554.865633
555.114533
555.470200
555.710567
556.048433
556.087833
557.331900
557.840833
558.614133
558.690567
559.049200
559.808767
560.142433
560.232867
560.371733
560.457767
561.173000
561.464200
561.642933
562.159933
562.190000
562.211000
562.236400
562.505000
563.322633
563.444367
563.698400
563.741567
563.850067
563.941200
564.007733
564.126200
564.474300
564.524433
564.926700
565.738733
566.019133
566.291800
566.406867
566.448200
567.116567
567.722000
567.810767
567.963633
568.085733
568.110000
568.324867
568.432333
568.904333
569.347467
569.807567
569.901900
570.617667
570.729500
571.007433
571.069433
571.120100
571.167533
571.424067
571.641300
571.767267
571.925100
571.966467
572.017533
572.657300
572.896533
573.019700
573.139300
573.188633
573.279267
573.884367
574.012500
574.155767
574.449000
574.945933
575.832000
575.913400
575.959567
576.378333
576.898500
576.979400
577.126833
577.303367
578.006733
578.489867
578.592367
578.663200
578.845833
579.028533
579.161700
579.191833
579.401133
579.482467
579.578400
579.637933
579.823567
580.075333
580.235400
580.519367
581.046233
582.148733
582.568200
582.643300
582.694667
582.726833
582.751300
582.910400
583.040033
583.160300
584.628167
584.915833
585.649633
585.765867
585.924867
586.944900
587.528267
589.037667
589.636267
589.892900
590.104267
590.236133
590.484833
590.615500
590.807033
591.409500
591.432933
591.682700
591.946733
592.194000
592.257167
592.563667
592.943933
592.981333
593.132033
593.277567
594.093800
594.811100
594.938300
595.066800
596.473933
596.538133
596.864767
596.957767
597.714233
598.140400
598.187533
598.496233
599.163167
599.687000
599.901267
600.447367
600.854467
601.042767
601.515300
601.532667
601.756433
601.835700
602.055767
602.188433
602.209067
604.189233
604.362067
604.665367
604.721767
605.031100
605.128533
606.904733
606.915667
606.932300
606.962400
607.944300
608.543700
608.814267
609.242600
609.880333
609.886400
610.490867
610.616867
610.692933
611.226133
611.402067
611.771167
612.087500
612.180800
612.509467
612.718400
613.393667
613.885033
614.215267
614.234800
614.810933
614.873200
614.933000
615.058133
615.145933
615.294967
615.531733
615.583800
615.721567
615.752333
616.569867
616.929733
617.349667
618.443700
618.552700
618.725667
618.990500
619.113967
619.553367
619.699233
619.751100
619.753167
620.009933
620.398800
620.467367
620.635367
620.825200
620.891267
620.963433
621.080100
621.131333
622.477367
623.529900
623.964400
624.219567
624.823667
624.930700
625.230833
625.861433
626.249133
626.401733
626.403733
627.143267
627.531567
627.613867
627.695000
627.831733
627.859767
627.971567
628.174133
628.407800
628.564267
628.604633
629.005633
629.057267
629.095533
629.471333
629.931567
630.007200
630.415000
630.512367
630.636700
631.023433
631.073300
631.131700
631.157767
631.225133
631.339967
631.584967
632.366967
632.469667
632.614433
633.028300
633.380833
633.662900
633.676067
633.823767
633.847167
633.949600
634.303500
634.343533
634.397733
634.549800
634.903333
635.604567
636.536367
636.700033
636.705333
636.860267
636.925267
637.114667
637.448733
638.149000
638.211600
638.408533
638.489567
638.520933
638.692833
639.293467
639.367700
639.694533
640.342233
640.508233
640.548800
640.662233
640.857900
641.055733
641.109167
641.211200
642.100400
642.531567
642.668533
642.788533
642.855500
642.889667
643.208233
643.595800
643.644567
643.682767
643.785367
643.919433
644.105100
644.182567
644.883767
645.821767
646.110067
646.165800
646.690933
646.778100
647.298100
647.323100
647.718567
647.854867
647.890867
648.185667
648.325200
648.344867
649.324500
649.419167
649.641633
649.846933
650.008567
651.095733
651.188300
651.248600
651.314200
651.782900
652.344933
652.828700
652.989767
653.238533
653.653033
654.254100
654.273967
654.431133
654.496067
654.682567
654.963000
655.086500
655.122800
655.512067
655.746800
655.952833
656.155367
656.372733
656.618767
656.687600
656.744100
657.062267
657.131000
657.419600
658.332167
658.981767
660.224400
660.324933
660.530233
660.957233
661.612633
662.151100
662.869400
663.186533
663.219800
663.425767
663.554600
663.590633
663.702267
663.924100
663.979567
664.238933
664.282433
664.359700
664.620767
664.862633
664.960233
665.345333
665.681600
666.612133
666.663500
666.813633
667.751400
668.001100
668.830533
668.967800
669.121467
669.402067
669.584100
669.994233
670.241967
670.275600
670.313733
671.597200
672.220300
672.502233
672.740267
673.042033
673.103133
673.425800
673.870467
674.531800
674.652033
675.249300
675.799967
675.955667
676.054733
676.255900
676.288400
676.498733
676.985167
677.182567
677.238000
677.740533
677.830333
678.113700
678.125100
678.225933
678.298600
678.458067
678.645600
678.715300
678.789600
679.307167
679.483500
679.555400
680.087167
680.479400
681.600800
682.675067
682.727033
684.676467
684.947967
685.006433
685.090300
685.677033
685.712233
685.813900
686.070200
686.681100
686.714767
686.882033
686.968900
687.219200
687.321367
687.692100
687.776867
687.794233
687.806200
688.053867
688.359600
688.699767
689.609467
689.662467
689.814867
690.788300
690.839267
690.932167
691.260067
691.515200
692.669233
692.742433
693.230167
693.315300
693.364867
693.730400
693.853267
694.222867
694.663367
694.784533
694.844733
695.593433
695.627467
696.139333
696.646067
696.994600
697.213700
697.333300
697.426267
697.617867
697.812567
698.230500
698.629500
698.971733
699.508333
699.545467
699.723333
701.171333
701.262400
701.486267
701.918000
701.952533
701.993367
702.136500
702.229100
702.383033
702.580667
702.947400
703.289500
703.490700
703.897100
704.116267
704.169933
704.935600
705.210867
705.347167
705.614767
705.835300
705.897233
705.942600
706.562500
707.867633
709.374433
709.414933
709.622500
709.659067
709.952900
710.066433
710.267200
710.473333
710.588367
711.009900
711.106533
711.339500
711.466200
711.787300
712.173867
712.196100
712.464333
712.567267
713.673500
713.810367
714.473433
714.681467
714.961600
715.040867
715.303767
715.636400
716.168533
716.903767
717.013367
717.178767
717.258733
717.984433
718.211333
718.651433
718.901000
719.140533
719.455100
720.459900
720.696933
722.104800
723.055133
723.248467
723.273233
723.340733
723.664100
723.991800
724.796667
724.933867
725.152467
725.494633
725.652400
725.722067
725.757100
725.899367
726.177233
726.714333
726.732267
727.253767
727.399267
727.478767
727.750467
728.167000
728.568500
728.838233
729.377533
729.502133
729.780700
729.825900
730.011300
730.144133
730.954333
731.039600
731.154467
731.159533
731.685967
731.975367
732.422200
732.890767
732.983400
733.193133
733.441467
733.590267
733.594833
734.216733
734.219667
734.324300
734.434733
734.483300
734.547467
734.645700
735.494767
735.620233
735.722100
735.989633
736.270133
736.556733
736.806900
736.984133
737.828867
738.109367
738.135833
738.149733
738.309933
739.253900
739.940167
740.071267
740.117967
741.810833
742.207267
742.350400
743.135567
744.075367
744.201233
744.878867
744.921733
745.131900
745.728167
745.885867
745.935267
746.250800
746.285267
746.940400
747.784367
748.200400
748.406067
748.840533
748.889333
748.985867
749.714567
750.232900
751.139000
751.225733
751.258400
751.284167
751.418800
751.533200
751.843100
752.144233
752.447933
753.370967
753.463633
753.596500
753.901300
754.002367
754.123300
754.164333
754.779933
754.995533
755.484567
755.726600
755.868500
756.191233
757.118967
757.130333
757.786400
757.860033
758.448933
759.371000
759.534933
759.609300
759.888167
760.057967
760.673200
760.751100
760.831500
761.301367
761.654700
761.876767
761.950533
762.613367
762.754200
762.926433
763.171067
763.588800
764.193300
764.379467
764.472233
764.527067
764.641300
764.751533
765.279567
766.300900
766.395133
766.612600
767.105600
767.261733
767.315500
767.367933
767.713800
768.317567
769.226067
769.645267
771.572333
771.916033
771.974033
772.083400
772.269800
772.413067
773.159100
773.189867
773.334500
773.446033
773.546200
773.697533
773.789900
773.948733
774.033200
774.102833
774.239033
774.276433
774.748667
775.948833
776.436700
776.493000
776.710867
776.812400
777.216667
777.328633
777.723067
778.964700
779.071333
779.209967
779.364700
779.713400
780.118400
780.121600
780.271100
780.664933
781.559167
781.680000
781.829767
781.972400
782.433600
782.648833
782.776933
784.042733
784.173667
784.785400
785.027533
785.186800
785.237867
785.835300
786.101067
787.235233
787.451367
787.558133
787.760967
788.269133
788.765900
789.084500
789.148433
790.195667
790.987467
791.066700
791.448333
792.024200
792.306167
792.388267
792.514000
792.647000
793.389800
793.442167
794.020267
794.157300
794.349033
795.504567
796.444700
796.527600
796.919933
797.046733
797.128267
797.380600
797.422000
797.839867
798.337000
798.664400
798.819033
799.228900
799.283333
799.372933
799.677467
800.016067
800.245767
800.288100
800.347200
800.386367
800.567133
801.139900
801.566967
801.958600
802.095967
802.431300
802.569600
802.765933
803.645967
804.156700
805.032167
805.579600
806.128333
806.527933
806.646433
806.965500
807.135533
807.366400
807.584767
807.599867
807.781633
807.894667
808.059433
808.405567
808.483400
808.681967
809.011433
809.067500
809.274100
809.479167
809.562267
809.704267
809.900867
810.303600
810.862067
810.878867
811.139500
811.269567
811.360867
811.444300
811.754667
812.104700
812.500233
813.123400
813.469000
814.169400
814.295500
814.396967
814.846367
815.212167
815.261433
816.856467
817.082867
817.171033
817.214367
817.244267
817.332100
817.557933
818.002333
818.138433
818.861967
819.194767
819.430000
819.865367
820.377700
820.443900
821.013533
821.998833
822.449700
822.680933
823.147533
823.190333
823.250867
823.937200
824.295100
824.401200
824.791867
824.814200
824.954733
824.996633
825.226333
825.309467
825.516900
825.581333
825.849200
826.682833
826.784767
826.856267
827.150133
827.203433
829.530267
829.578333
829.794000
830.075067
830.579900
831.388367
832.337000
832.761067
833.155100
833.215167
833.275233
833.570033
834.263900
834.292467
834.650433
834.726567
834.992200
835.041100
835.233167
835.464000
835.513400
835.661833
835.846967
836.021433
836.638033
836.700667
836.944433
837.107800
837.122833
837.267433
837.425567
837.729367
837.792633
837.865200
837.990467
838.193233
838.256867
839.429133
839.616733
841.060833
841.123000
841.395933
841.657733
841.862533
842.649567
842.733700
843.233733
843.316900
843.533100
844.848633
845.524100
845.652233
845.783100
845.832200
846.001033
846.113300
846.178033
846.274933
847.138833
847.635500
847.951233
848.236200
848.405367
848.728067
848.855533
849.019467
849.811200
849.880767
849.970433
850.220167
851.631133
851.700233
851.746533
851.784200
852.021800
852.233867
852.992900
853.514767
853.636167
853.682867
853.752633
854.347967
855.090633
855.422133
855.610167
855.648333
856.546333
856.635133
856.744133
857.327267
857.462300
857.572467
857.816200
857.856000
857.964733
858.178000
858.695667
858.804967
858.840467
859.098333
860.636400
861.206600
861.308067
861.436167
861.618333
861.706233
861.761100
861.806900
862.172300
862.854700
863.276667
863.288967
863.518867
863.888833
863.899267
864.102633
865.326533
865.780667
866.276000
867.466200
867.929100
868.823700
868.872033
869.019833
869.816567
869.834433
870.350600
870.453867
870.673900
871.156567
871.381133
871.431100
871.500400
871.542867
872.018467
872.200100
873.762067
873.989833
874.194533
874.355767
874.950233
875.340300
875.696367
876.218800
876.596967
876.823100
876.857067
877.304967
877.539800
877.762567
878.368567
878.438400
878.646133
878.697500
879.617567
879.808733
879.856233
880.084633
880.697500
880.721533
881.146700
881.204933
881.252233
881.990133
882.063200
882.593767
882.752067
882.886700
883.157233
883.213100
884.770467
884.981733
885.202833
886.005133
886.131167
886.578200
886.841067
886.998533
887.133700
887.798700
888.738400
889.090100
889.681333
889.869400
890.028067
890.442400
890.539067
891.310300
891.405000
891.431433
891.509000
891.644667
892.807933
892.980800
893.905567
893.962467
894.630900
894.709933
895.504100
895.569033
895.640467
896.189867
896.444267
896.842733
896.864967
896.968467
897.439133
897.659933
897.691333
897.950000
899.669200
899.965000
900.102200
900.669467
900.954633
901.003933
901.420667
901.426433
901.568933
902.054900
902.569100
902.575033
902.674067
902.973967
903.299533
903.375933
903.421533
903.898233
904.232300
904.572133
905.070000
905.202233
905.303933
905.426933
905.491667
905.673667
905.818500
906.134433
906.314167
906.602733
907.019467
907.066567
907.406133
907.514833
907.853900
907.926967
908.426900
908.455100
908.468500
909.019900
909.138267
909.304733
909.404467
909.736933
910.064267
912.057100
912.337900
912.550333
912.739900
912.815933
913.047700
913.252433
913.349967
913.511700
915.977567
916.003633
916.112533
916.476600
916.515000
916.809567
916.859433
917.350433
917.455100
917.556400
918.247433
918.422500
918.620567
918.873367
919.171867
919.200367
920.034000
920.052967
920.088100
920.460300
920.706333
921.337633
921.345500
921.785733
921.888200
922.102600
922.274200
922.515233
922.811867
922.972300
923.261300
923.339667
923.616800
923.701767
923.774233
924.113000
924.196300
924.390567
925.204300
925.242367
925.369900
925.725333
925.919367
926.763633
926.852367
928.212400
928.339933
928.513667
928.574300
929.353167
929.459667
929.546767
929.624467
929.874467
930.545567
930.643000
931.769567
932.108167
932.201500
932.656233
932.785100
932.905967
932.937833
932.959067
933.020367
933.095867
933.603200
934.722067
934.908900
935.069467
935.104900
935.379000
935.474367
935.722233
936.039033
936.367833
936.551067
936.754933
937.581900
937.605533
937.615667
937.635933
937.751333
938.668700
938.673033
939.130367
939.311633
939.377033
939.454833
939.972867
940.706000
941.135667
941.412800
941.859667
942.462300
942.521667
943.742433
944.032633
944.137333
944.900800
945.156933
946.253533
946.558600
946.728900
947.278267
947.289033
947.314567
947.658967
948.515900
948.600067
949.135133
949.478200
950.666933
950.807233
951.049900
951.254000
951.293900
951.344633
951.795300
952.319033
952.843233
952.876733
953.702333
953.990933
954.508133
954.655700
955.087100
955.356400
955.527033
955.813467
956.099067
956.399667
956.638767
957.031133
957.042600
957.121767
957.186433
957.334367
957.604333
957.767567
957.891467
958.674933
958.730233
958.933433
959.047667
959.614500
959.639467
959.672167
959.901733
960.024367
960.490300
960.532667
960.667333
960.753633
960.949667
961.936000
961.965800
962.142500
962.160900
962.197433
962.745900
963.386400
964.005767
964.294633
964.571333
965.969433
965.987133
966.116500
966.404933
966.770233
966.969700
967.649867
967.939967
968.002333
968.050400
968.328067
968.680300
968.990700
969.113833
969.307900
969.506667
969.751800
970.802267
971.782533
971.852333
972.001800
972.118000
972.397400
972.639533
972.660400
973.392633
973.443600
973.472633
973.535300
973.905267
974.333400
974.384333
974.454967
974.665367
975.546833
975.867033
976.208233
976.268767
976.635300
977.155667
977.301400
977.932233
978.697067
979.273200
979.315667
979.469567
979.683967
979.697100
980.490433
980.584467
980.814233
981.145200
981.201767
981.716200
981.907967
982.354567
982.495800
982.544967
982.869333
983.479367
983.820833
983.839333
984.846767
985.300833
985.520567
986.653300
986.762733
987.839233
987.959800
988.104267
988.389567
988.461233
988.512300
988.856233
989.289900
989.580100
990.065167
990.401567
990.760600
992.428033
992.622000
992.832600
992.944167
992.972667
993.410767
993.718767
993.944967
994.370933
995.055200
996.168967
996.958867
997.203933
998.438167
1000.207667
1000.268133
1000.357467
1000.446133
1000.907667
1001.805000
1002.154200
1002.399833
1002.610300
1003.469667
1003.698900
1004.700533
1005.465200
1005.873900
1006.150867
1006.301033
1006.399900
1006.609433
1007.243533
1007.556700
1008.290200
1008.371667
1008.554100
1008.997533
1009.331167
1009.469900
1010.009900
1010.197467
1010.416600
1010.933267
1011.105233
1011.666767
1011.712333
1011.800500
1013.030700
1013.483000
1013.737233
1014.705567
1014.900167
1015.155367
1015.258000
1015.665000
1015.812067
1015.899867
1016.514800
1017.262667
1018.154933
1018.369100
1018.833067
1018.834933
1020.008567
1020.409500
1021.969567
1022.041500
1022.142233
1022.209200
1022.258600
1022.365900
1024.582800
1025.140167
1025.501267
1025.664200
1026.309000
1026.632067
1026.753333
1026.834500
1026.948167
1027.117667
1027.142267
1027.269767
1027.362867
1027.907067
1028.160767
1028.373200
1028.378467
1028.658833
1028.829367
1028.955933
1029.228933
1029.258300
1029.453867
1029.617467
1029.657067
1029.718067
1029.823800
1029.982133
1030.296900
1030.439000
1030.647833
1030.834733
1031.036067
1031.174800
1031.687200
1032.326200
1032.382267
1032.457733
1033.375133
1033.608400
1033.656567
1033.858400
1034.197533
1034.994067
1035.563200
1036.085100
1036.152533
1036.546867
1036.729233
1036.842367
1037.009967
1037.025700
1037.297167
1037.338667
1037.749500
1039.163000
1039.302467
1039.473633
1039.674633
1039.712333
1039.914767
1039.990233
1040.382667
1040.903267
1041.153133
1042.325500
1042.610233
1042.868433
1043.085467
1043.763033
1043.918133
1044.018300
1044.203467
1044.619800
1044.902567
1045.102667
1045.146567
1045.473933
1045.671500
1045.715467
1046.081667
1046.506167
1046.751133
1046.820467
1046.880300
1047.447300
1047.526967
1048.060300
1048.141533
1048.207333
1048.258467
1048.446067
1048.691833
1048.914300
1049.203200
1049.277700
1049.339633
1049.461067
1049.886467
1050.167200
1050.331333
1050.446367
1050.828667
1051.424667
1051.722500
1052.419933
1052.465167
1052.503867
1052.711900
1053.054567
1053.267533
1053.862100
1054.166767
1054.357833
1054.434567
1054.480267
1054.568800
1054.770333
1054.861600
1055.068767
1055.478233
1055.617867
1057.067467
1057.128400
1057.204300
1057.354833
1057.580567
1057.840867
1058.304533
1058.998367
1059.326100
1059.609067
1060.272800
1060.927667
1061.264600
1061.538767
1061.666367
1062.020467
1062.099067
1062.144833
1063.543933
1063.657867
1063.878300
1064.121133
1064.658967
1064.971800
1065.013667
1065.046433
1065.114567
1065.614667
1066.406900
1066.827067
1066.907300
1067.076533
1067.211767
1067.504867
1067.706667
1067.829767
1068.127633
1068.146400
1068.340667
1068.381733
1068.484733
1068.606900
1068.660667
1070.672267
1070.901967
1072.238900
1072.686767
1073.005900
1073.037133
1073.058300
1073.295267
1073.727667
1073.892867
1074.300767
1074.307267
1074.570533
1074.735167
1075.600300
1075.657133
1075.922700
1076.261000
1076.501733
1076.829500
1077.085400
1077.131700
1077.219633
1077.376733
1077.576867
1078.046567
1078.076533
1078.335800
1078.562300
1078.730367
1079.069933
1079.105633
1079.140900
1079.285067
1079.520233
1079.743000
1079.813800
1079.950867
1080.289967
1080.740033
1081.465033
1081.709867
1082.761200
1083.070233
1083.100000
1083.166733
1083.382867
1083.640467
1084.146833
1084.158967
1085.120000
1085.192033
1085.375500
1085.740067
1086.126233
1086.372900
1086.418300
1086.917933
1087.025367
1087.244767
1087.253067
1087.309067
1087.403933
1087.485333
1087.505900
1087.866467
1088.492567
1089.306700
1089.822167
1089.854667
1090.899800
1091.054800
1091.434433
1091.571433
1091.590700
1091.629367
1091.745567
1091.912033
1092.200633
1092.428267
1092.619100
1092.712967
1092.759867
1092.787867
1093.241100
1093.615367
1093.787600
1094.218133
1094.640533
1095.214133
1095.500400
1095.826100
1095.917067
1097.069200
1097.207767
1097.427367
1097.447733
1097.511433
1097.787300
1097.864233
1098.364933
1098.427233
1098.615367
1098.935667
1099.120633
1099.209600
1099.287167
1099.704300
1100.393267
1102.014600
1102.173667
1102.480833
1102.506600
1102.622633
1102.843233
1103.022000
1103.097567
1103.536400
1103.593700
1104.022067
1104.441867
1104.649167
1105.095167
1105.249100
1105.646833
1106.023500
1106.296833
1106.761400
1106.997833
1107.102600
1107.165100
1107.297933
1107.544400
1108.000433
1108.447800
1108.662667
1108.969600
1109.025567
1109.175267
1109.973333
1110.463033
1111.032533
1111.039467
1111.663567
1111.996800
1112.190567
1112.408900
1112.669600
1112.883933
1113.014200
1113.086733
1113.543100
1113.913967
1114.430933
1114.524267
1114.867300
1115.401233
1115.705533
1115.987667
1116.208433
1116.210200
1116.372300
1116.529133
1116.755900
1116.767567
1117.039967
1117.361300
1118.336333
1118.570233
1119.206300
1119.253033
1119.469633
1119.587767
1120.445333
1120.521067
1120.571133
1120.622933
1120.939067
1121.201833
1121.206200
1121.263033
1121.329933
1121.692533
1121.963600
1122.619700
1122.876267
1123.078167
1123.135333
1123.205000
1123.267800
1123.275867
1123.578200
1123.897533
1124.004700
1124.205933
1124.222433
1125.226967
1125.498200
1125.885133
1126.316267
1126.473533
1126.639633
1126.753367
1126.859500
1127.179000
1127.476467
1127.820767
1127.993633
1128.663933
1129.225833
1129.829133
1130.323567
1130.387633
1130.672167
1130.733733
1130.867833
1131.182533
1131.552900
1131.591933
1131.697600
1131.786233
1131.942867
1132.063800
1132.115967
1132.233833
1132.698233
1132.872733
1133.763200
1134.015533
1134.141367
1134.198733
1134.724767
1134.775967
1135.018467
1135.092200
1135.269933
1135.875500
1137.292400
1137.404933
1137.498667
1137.749567
1137.776167
1137.870633
1138.018233
1138.144200
1138.307400
1138.690700
1139.191767
1139.219667
1139.480967
1139.580500
1139.879700
1140.127800
1140.193867
1140.400367
1141.100500
1141.277100
1141.407167
1141.702000
1142.267633
1142.461833
1143.328700
1143.683967
1144.248700
1144.396467
1145.249533
1146.117333
1146.613467
1146.616800
1146.995300
1147.538200
1147.618000
1147.857567
1148.529467
1148.838933
1148.879967
1148.944700
1149.911833
1150.163400
1150.706433
1151.183400
1151.462000
1151.577233
1151.631767
1152.455267
1152.562800
1152.569000
1152.845767
1153.720933
1153.811167
1154.325500
1154.402000
1154.434500
1154.650100
1154.694000
1154.721300
1154.739100
1154.779400
1156.983233
1157.428267
1157.496067
1157.745100
1158.277967
1159.731600
1159.860267
1160.329267
1160.693100
1160.769500
1160.972500
1161.018567
1161.060033
1161.552367
1161.693633
1161.853167
1161.941833
1162.956100
1163.219500
1163.652467
1163.816833
1164.567567
1165.749367
1166.172000
1166.227033
1166.259367
1166.722733
1167.954033
1168.029933
1168.257867
1168.325767
1168.936400
1169.100267
1169.261333
1169.380800
1169.922633
1170.027467
1170.429667
1170.970033
1171.663800
1171.734833
1172.711100
1172.769200
1173.253400
1173.312533
1174.811200
1174.873200
1175.170667
1175.613267
1176.327433
1177.786033
1178.016833
1179.137500
1179.900533
1180.331900
1180.375800
1180.535967
1180.897167
1181.248167
1181.518800
1181.956333
1182.194000
1182.385333
1182.570133
1182.683500
1182.920200
1183.089167
1183.136767
1183.342367
1183.431833
1183.667067
1183.708967
1183.802700
1183.956867
1183.969233
1184.003700
1184.957267
1185.007900
1185.268067
1185.823867
1187.156400
1187.209667
1187.366067
1187.700400
1187.861333
1188.048567
1188.505933
1188.825033
1189.016167
1189.391067
1189.491100
1189.634200
1189.818767
1189.887200
1190.223000
1190.248733
1191.428700
1191.665233
1191.806700
1192.332133
1192.526533
1192.651033
1193.557500
1193.629967
1193.799467
1193.925533
1193.960033
1194.033967
1194.083400
1194.402000
1194.757000
1194.777733
1194.862033
1195.179100
1195.230800
1195.422700
1196.714367
1197.126100
1197.542733
1198.033467
1198.404167
1198.545100
1198.780367
1198.782533
1198.895433
1199.273833
1200.113233
1200.411433
1200.857100
1200.896400
1201.085800
1201.156200
1201.908567
1202.064200
1202.286600
1202.447067
1202.525533
1203.230400
1203.625933
1203.913133
1203.915933
1204.205467
1204.237267
1204.325433
1205.184800
1205.288867
1205.441033
1205.552000
1206.741800
1206.790367
1207.120933
1207.660933
1208.806900
1208.975000
1209.019233
1209.638333
1209.710933
1209.860700
1210.227300
1210.292900
1210.730533
1210.851000
1210.958800
1211.093833
1211.480300
1211.586567
1211.828433
1211.969633
1212.230767
1212.692667
1213.359500
1213.411300
1213.730867
1213.786433
1213.883900
1214.452000
1214.574967
1214.807967
1214.949800
1215.328567
1215.555433
1215.712633
1216.296000
1216.609500
1216.826233
1216.836700
1216.953800
1217.220233
1217.392067
1217.695000
1217.880033
1217.890767
1218.488167
1218.869067
1219.232900
1219.270933
1219.638200
1219.705067
1220.192033
1220.256767
1220.290833
1220.813400
1221.305167
1221.616233
1222.138800
1222.342600
1222.596600
1222.646300
1222.744500
1222.953500
1223.152833
1223.348800
1224.542267
1224.864500
1225.543300
1226.187133
1226.433267
1226.472767
1226.883267
1226.991367
1227.093067
1227.241467
1227.377133
1227.759033
1227.898367
1228.009033
1228.053100
1228.483533
1228.514533
1228.531967
1228.652933
1228.846067
1228.981867
1229.076467
1229.362700
1229.388533
1229.442100
1229.760567
1229.859600
1229.959767
1230.079633
1230.388333
1230.417633
1230.460100
1231.027967
1231.158067
1231.243800
1231.294067
1232.668667
1233.022133
1233.522700
1233.575733
1233.942400
1234.074133
1234.273933
1234.352567
1234.421433
1234.717600
1235.017800
1235.298700
1235.428300
1236.091367
1236.318700
1236.454800
1236.558000
1236.869300
1237.221333
1237.337100
1238.095533
1238.234367
1238.307633
1238.338733
1238.549133
1238.706300
1238.791467
1239.718667
1239.809467
1240.171733
1240.210833
1240.374633
1240.420467
1240.628033
1241.188133
1242.531900
1242.795133
1242.799367
1242.854567
1243.131133
1243.169367
1243.316133
1243.318333
1244.301933
1244.771700
1244.938967
1244.953000
1244.992333
1245.330467
1246.216033
1246.487733
1247.133233
1247.197867
1247.673433
1247.805867
1247.918167
1247.975867
1248.102667
1248.195300
1248.449833
1248.576733
1248.583600
1248.667767
1248.760733
1248.827233
1249.541500
1250.080733
1250.144967
1250.774800
1250.946667
1251.159467
1251.380133
1251.742733
1252.453667
1252.575600
1252.761900
1252.908900
1253.030167
1253.107233
1253.882500
1254.341100
1254.847100
1255.576800
1255.796000
1255.866967
1255.968900
1256.035300
1256.076867
1256.554700
1257.132667
1257.217667
1257.516033
1258.256733
1258.430767
1259.859900
1260.353433
1260.708800
1261.151367
1261.704533
1262.435167
1263.135533
1263.413633
1263.937200
1264.376733
1264.757667
1265.092200
1265.190933
1265.541600
1265.703867
1265.807000
1266.015233
1266.423933
1266.601433
1266.926100
1267.063533
1267.275400
1267.862933
1268.542867
1268.930267
1269.147433
1269.605933
1270.075367
1270.230433
1271.842000
1272.946833
1273.218267
1273.853167
1273.916333
1273.977700
1274.039000
1274.483800
1275.074267
1275.235033
1275.311433
1275.348667
1276.037200
1276.127933
1276.623500
1276.694400
1277.116100
1277.445433
1277.484233
1277.919567
1278.148167
1279.096433
1279.591300
1279.705100
1279.859533
1280.390600
1280.603367
1280.992967
1281.724200
1281.909600
1282.012433
1282.331367
1282.342800
1282.501000
1282.637967
1282.888267
1283.318400
1283.500600
1284.045233
1284.103967
1284.591300
1284.870700
1285.179467
1285.249167
1285.255033
1285.592967
1286.016800
1286.070533
1286.153700
1286.702733
1286.958700
1288.393600
1289.044867
1289.932367
1290.295967
1290.921733
1291.393900
1291.792333
1291.996233
1292.129700
1293.498900
1293.781833
1294.329533
1294.439733
1294.657667
1294.711133
1295.251300
1295.567767
1295.606000
1295.733400
1296.253267
1296.341167
1296.694233
1296.904033
1297.380833
1297.518100
1297.715500
1298.035800
1298.213267
1298.487633
1298.749333
1298.885233
1299.203367
1299.333033
1299.477067
1299.820100
1300.043800
1300.216667
1300.333667
1300.364967
1300.565700
1300.848367
1301.010800
1301.144500
1301.478100
1301.577967
1301.608500
1302.073367
1302.462933
1302.924000
1303.241633
1303.481600
1303.651167
1303.881633
1304.062167
1304.205867
1304.650600
1304.670833
1304.770400
1304.836067
1304.902533
1304.977667
1305.044467
1305.286900
1305.917967
1306.207867
1306.948233
1308.505900
1308.798633
1310.005933
1310.162633
1310.780267
1310.863467
1310.999567
1311.031000
1311.514100
1311.660100
1311.813700
1311.931567
1311.995600
1312.481600
1312.830967
1313.023367
1313.314533
1313.625400
1313.659000
1313.807400
