15.598367
23.028367
23.681900
24.751500
25.464233
30.194033
35.523533
43.902600
43.971167
44.201567
44.265633
44.275667
44.289167
44.371200
44.468733
44.730367
45.953767
47.769767
53.386967
54.227233
55.336133
56.676433
58.113433
59.905667
59.927133
59.944233
59.967200
59.988800
59.996967
60.019133
60.043133
60.056533
60.110667
60.112467
60.162933
60.173333
60.188067
60.257667
60.272700
60.312000
60.344500
60.405000
60.954467
61.147200
61.537333
62.707500
63.148500
66.695267
68.355100
76.378800
76.630600
76.764133
77.959000
79.716867
83.828233
83.843400
83.885267
83.923767
84.094800
84.115833
84.197367
84.216867
84.231900
84.246167
84.312600
84.434767
84.878767
85.431633
96.057400
99.267867
99.679433
99.710433
100.218733
100.459333
106.521800
106.551433
106.587967
106.625933
106.682000
106.736733
106.805500
106.840667
106.887100
106.945733
107.077133
107.122600
117.109067
117.899733
118.233467
118.315633
118.348133
118.356233
118.424233
118.504400
135.853933
136.529333
139.240567
139.703367
140.122700
142.556700
143.197667
144.714467
144.770200
146.015067
149.550933
151.774300
151.864900
151.897700
151.923433
152.118400
152.132733
152.169033
152.246267
152.276267
152.941233
153.055633
153.100600
157.938000
158.016600
158.074833
158.138200
158.150800
158.988567
159.993067
168.810833
168.968267
169.036167
169.076633
173.169767
174.605400
174.971267
175.029933
175.348300
185.349567
185.424600
185.495667
185.546700
185.737567
185.869533
185.899900
186.370967
191.342733
191.406933
192.688333
195.752333
195.773533
196.032967
201.908533
203.674567
203.696700
208.429300
208.507133
215.428100
218.576233
221.987300
225.452200
227.410900
232.680133
232.809400
249.146100
250.099000
250.735100
252.836733
252.947000
253.093100
253.189733
253.248000
253.521667
255.013767
255.048400
255.161533
260.840567
261.530233
271.212800
276.716133
276.826867
280.279867
280.331567
282.638667
282.812767
283.883500
284.074433
287.290267
290.739067
294.275533
301.719800
312.416733
313.051900
313.673367
313.742800
313.759367
313.816300
313.897733
313.935733
314.004200
317.406933
317.779733
324.715067
324.898767
332.986300
343.554467
343.694833
343.868500
343.927867
344.071533
344.108700
344.236067
344.281000
344.296533
344.353667
344.396800
344.418300
344.465567
344.521033
344.697167
344.910767
344.927700
345.031300
345.188933
349.531567
349.604300
349.666933
349.726200
350.257833
350.406667
350.427767
350.494167
350.617633
350.669800
351.625867
358.679167
361.519800
362.001033
365.514333
365.597933
365.901700
366.530500
370.773167
373.311000
373.498467
373.617533
376.851433
381.700600
385.239033
385.901533
388.005600
389.514067
394.473067
394.481500
394.566600
395.528067
395.601700
397.421100
409.836500
409.868733
410.570767
420.710567
421.083200
421.119300
421.176433
421.756033
421.844167
422.124133
422.161667
422.195700
422.640133
422.764467
422.827733
423.045433
423.352167
423.582033
428.128500
428.350233
431.643033
438.429433
441.753133
443.086333
443.124700
443.167433
443.182200
443.251800
443.354067
444.766800
444.899000
446.656633
446.675533
446.705533
446.726067
446.743433
446.942033
446.970367
446.989033
447.008467
447.034567
447.067333
447.131033
447.144133
447.147533
447.167367
447.326200
447.339233
447.408700
447.445100
447.809200
447.947333
451.840700
452.313000
452.470533
452.492267
452.555533
453.030233
459.624333
463.845033
465.849133
465.989767
481.703267
486.535067
491.948400
495.696567
498.479600
503.698833
503.855333
504.230300
508.485633
508.614133
508.634300
508.728867
508.764733
508.834467
508.863367
508.894733
508.943633
509.212267
509.251433
509.297333
509.413300
509.453233
509.491867
509.618500
513.278167
513.353933
513.498367
513.924533
513.940867
515.774933
519.438800
520.413133
521.579500
524.279533
528.369200
528.388000
528.987333
529.037767
529.271300
538.300700
538.356467
538.420500
538.684667
543.353867
552.793067
553.956300
554.124933
557.360833
561.512567
566.099767
566.199967
566.280800
568.598967
574.509700
574.621900
574.770833
574.959067
575.037600
575.077633
575.089067
575.148167
578.459600
579.755767
580.987100
581.870533
581.873333
585.588633
588.063467
593.940067
594.665833
599.265867
599.395767
602.495767
605.549633
606.417967
608.341533
612.662933
612.733500
613.014267
613.148800
614.138967
614.462067
619.642700
620.282433
627.027400
627.153467
627.664000
627.784200
627.888000
633.127200
639.885700
640.477067
640.540100
643.686000
644.554900
645.480633
652.129867
652.179400
653.900300
653.916033
653.940467
663.816000
664.654967
666.584100
668.018833
668.114600
670.347233
670.426967
670.428567
670.517733
671.053167
672.160633
673.299467
673.704800
677.717500
677.873433
677.914567
679.622467
682.833433
687.321067
687.545367
687.651167
687.721333
693.239167
699.482300
699.487500
705.445200
705.528633
705.954433
711.470167
712.205533
719.011867
722.536367
722.625367
729.140800
731.026100
738.352033
742.489300
743.199600
745.292267
750.258833
753.232600
753.541400
756.675067
762.139200
762.216833
762.350967
764.089067
767.115467
767.120633
767.175133
767.185667
767.216267
767.277500
767.316333
767.363433
767.410533
767.498267
767.508800
768.277433
768.314467
785.369600
785.472367
785.589033
785.671033
786.394467
786.513600
786.637133
788.784600
790.337167
790.591633
790.718667
791.112500
792.722233
795.247700
795.383633
795.423200
795.501767
795.650700
795.728533
797.289633
797.292033
808.432300
808.719567
809.242467
809.493200
809.646100
809.695067
809.751800
809.850033
811.095700
811.282667
814.637600
814.689667
819.649167
819.803600
819.922733
821.493667
823.217667
825.231933
828.276100
829.400500
829.795067
829.958700
835.749867
836.424100
841.995667
842.095900
843.769700
843.863233
844.205700
844.255567
844.263000
844.340100
844.364500
844.424433
844.438133
844.461067
844.474867
844.509367
844.527567
844.628767
844.641700
844.670367
844.700700
844.734100
844.743133
844.775500
844.844533
844.851800
844.886967
844.918033
844.935000
844.957300
844.993567
845.005333
845.122867
845.141100
845.155667
845.249033
845.280767
845.291200
845.311467
845.326167
845.393733
845.422600
849.672933
849.781367
849.876300
849.927300
850.062700
851.476200
852.084133
856.233100
857.618133
860.297600
862.987933
873.059400
873.305333
873.383900
873.452233
873.559067
883.398267
888.240700
888.292933
888.373567
888.592067
888.599067
888.771167
888.898633
891.337333
891.354467
891.418467
891.497233
891.594033
891.661933
891.681600
891.690933
891.719900
894.752633
902.013567
904.599500
909.690633
909.768033
909.858200
910.012100
910.366233
910.469267
910.801733
910.895333
911.998967
912.180167
915.055500
918.909200
918.929100
919.012233
919.048500
919.506667
919.509300
919.561500
919.664233
919.703667
919.735067
919.776467
919.813967
919.862900
919.892733
920.000000
922.028033
925.241533
925.431500
925.541300
927.505633
929.373633
929.569400
929.716867
929.828100
942.246633
943.053833
945.212233
945.249033
945.327933
945.383367
947.188200
948.499967
954.386433
961.669967
961.671667
965.134300
965.262067
965.309000
965.389500
965.512200
965.705133
965.845300
966.946033
978.542833
999.935867
1000.348433
1008.512067
1008.515033
1008.593533
1008.688200
1012.086000
1012.140033
1012.213667
1012.216300
1013.248433
1023.439500
1027.536967
1027.791033
1029.093000
1029.119067
1029.234100
1029.315767
1030.652200
1030.879467
1041.549900
1046.781600
1046.804600
1054.920900
1055.940267
1055.973667
1056.036067
1056.517733
1056.577300
1056.676067
1061.900033
1065.901867
1066.797500
1067.687400
1067.693967
1068.524567
1068.572900
1068.626700
1073.431700
1073.481500
1074.014067
1075.204133
1075.552833
1075.612133
1075.659733
1075.871600
1087.624567
1090.731600
1092.367367
1092.392133
1094.809667
1094.946733
1096.245433
1098.564333
1100.100000
1102.702833
1105.437133
1106.728400
1108.029600
1111.287833
1111.573567
1115.276667
1130.314467
1136.023267
1137.911467
1140.435700
1140.734500
1140.946667
1141.565833
1144.201700
1144.361433
1144.561267
1145.408767
1148.880933
1152.118767
1154.667533
1154.893867
1155.044400
1155.102433
1155.732600
1155.949900
1158.938567
1159.026733
1159.126033
1159.423700
1159.441967
1159.822333
1162.014000
1163.039233
1163.789667
1165.072833
1167.089300
1170.272000
1170.522667
1171.026867
1174.708967
1174.720433
1175.663333
1175.750567
1177.834400
1186.563300
1186.670900
1193.375933
1193.669100
1194.355633
1194.772200
1194.840033
1194.974267
1195.019067
1195.161400
1195.664067
1197.833733
1198.191100
1202.926900
1202.991567
1207.195333
1207.701200
1208.805800
1208.981200
1211.611667
1212.213267
1212.680500
1214.071467
1214.400267
1214.429433
1214.452767
1215.225367
1216.012867
1216.925633
1217.801500
1221.592433
1221.771667
1222.049433
1222.190767
1222.273733
1224.072900
1224.758533
1224.806767
1224.888067
1224.921467
1224.971400
1224.996767
1225.413733
1225.473267
1225.527233
1225.572200
1225.620233
1225.628700
1225.659367
1225.726333
1225.805133
1226.762433
1226.791700
1233.864933
1233.925500
1236.028467
1236.061667
1236.277833
1236.305300
1237.233700
1239.049033
1239.179700
1239.451400
1239.473667
1239.498500
1239.573933
1239.594400
1239.688267
1243.417733
1245.162233
1245.737933
1245.868867
1245.957600
1245.975100
1246.042367
1246.408300
1246.514867
1246.529033
1246.534167
1246.576167
1246.633833
1247.537200
1248.366700
1249.315733
1249.688100
1251.365067
1256.356433
1258.879700
1259.187833
1260.380400
1260.647500
1261.043633
1263.646200
1268.558500
1272.418700
1272.720600
1273.161767
1283.103567
1283.556833
1284.134600
1287.324867
1294.043700
1294.162400
1301.190233
1305.246367
1305.338433
1305.829867
1305.997400
1310.024267
1311.638100
1311.715200
1311.783100
1311.855767
1311.881300
1312.329500
