0.085500
0.659367
0.994100
1.016900
1.639300
2.176033
2.428167
3.955700
4.031267
5.001267
5.098633
6.050633
6.185900
7.149733
7.258533
7.547333
7.617533
8.478400
9.096600
9.316433
9.449167
10.018933
10.038100
10.136000
10.205733
10.365800
10.431400
10.503333
10.695833
10.862533
11.654867
12.274833
12.429400
12.626933
12.996933
13.025467
13.030167
13.230133
13.362000
13.605000
13.639233
13.670167
13.731200
13.793000
14.070533
14.099233
14.892633
14.952133
15.292433
15.314100
15.394900
15.578633
15.622733
15.762500
15.877433
16.467200
16.655067
16.853300
17.188067
17.419333
17.655133
18.315133
18.695733
19.020000
19.210333
19.717800
20.231667
20.317833
20.567067
20.651933
20.860600
21.265000
21.400867
21.967933
23.009733
23.848967
24.183467
24.274400
24.323967
24.530433
24.645600
25.365467
26.352667
26.786800
26.861600
27.072567
27.120700
27.250067
27.252233
27.441233
27.536667
27.754100
27.922900
28.401733
28.702900
28.732333
29.159367
29.201300
29.259300
29.352767
29.845933
29.978867
30.006733
30.112433
30.453067
30.764867
31.007500
31.125033
31.774833
32.642467
32.860433
32.905767
33.172633
33.308567
33.721133
33.925867
33.939467
34.126133
34.334367
34.399200
34.806900
34.915767
35.431567
35.457933
36.424533
36.598733
36.980767
37.030867
37.460533
37.727033
37.787933
37.954567
38.243900
38.282967
38.313000
38.395100
38.529333
39.238233
39.312267
39.677767
39.736433
39.876367
40.049500
40.145200
40.323967
40.514433
40.881000
41.047633
41.734700
41.830100
41.881533
42.343300
42.390133
42.737733
42.744067
42.970133
43.273633
43.394567
43.702700
43.774867
43.980700
44.792667
44.862600
45.109233
45.404400
45.439867
45.659833
45.679833
45.703667
45.929400
46.511567
46.872867
47.186267
47.191300
47.219367
47.839067
48.602333
48.620600
49.000700
49.382067
49.499967
49.610367
49.782833
49.975633
50.107833
50.365667
51.030467
51.201300
51.377400
51.509567
52.196067
52.221200
52.558533
52.625667
53.044400
53.093400
53.155133
53.373133
53.808133
54.539533
54.639133
54.944767
55.084900
55.388900
55.820433
56.042867
56.137033
56.384800
56.594467
56.744700
56.999533
57.185233
58.010000
58.336967
58.487867
58.765967
59.011400
59.736433
61.239900
61.489233
61.607333
61.702567
61.709000
61.826467
62.146267
62.458400
62.509800
62.630233
62.729133
62.841067
63.063300
63.211567
63.534800
63.996367
64.024933
64.222467
64.659667
64.778100
64.839667
65.182267
65.188267
65.226867
65.346500
65.525667
65.689200
66.203633
66.761633
66.863267
67.080933
67.527767
67.559867
67.666033
68.081500
68.153900
68.194767
68.359933
68.411000
68.704167
68.916533
68.994533
69.155700
69.191700
69.353067
70.058133
70.158967
70.316033
70.428167
70.563200
70.671633
70.730333
71.050933
71.252833
71.577633
71.648733
71.896067
71.968000
72.090300
72.321300
73.267067
74.071000
74.129200
74.932300
75.170900
75.364367
75.477867
75.594867
75.684000
75.921167
76.009600
76.084100
76.254733
76.509433
76.676000
78.483033
78.549600
78.750000
79.385100
79.401233
79.442500
79.711033
79.768500
79.785167
79.810233
80.662867
80.956767
81.045967
81.085967
81.182100
81.579000
81.622033
81.680067
81.758133
82.318033
82.440267
83.151433
83.293633
83.351900
83.514833
83.606700
83.984267
84.484667
84.727300
85.916233
85.970867
86.063100
86.797567
87.851967
89.893600
89.955200
91.092433
91.286967
91.426300
92.191533
92.296133
92.759300
93.042667
93.097267
93.325967
93.333900
93.431467
93.601433
93.642767
93.776500
94.202833
95.035300
95.652133
96.264233
96.493533
97.243800
97.672233
97.856400
97.943967
98.284667
98.661800
98.892200
99.143700
99.194700
99.246967
99.417133
99.443133
99.471967
99.889900
99.977733
100.055433
100.214200
100.265067
100.312567
100.380600
100.392400
100.429100
100.449167
100.552300
100.652833
101.067100
101.195867
101.284033
101.309933
101.340600
101.467100
101.746967
101.949367
102.139233
102.247933
103.134567
103.257467
103.259400
103.353133
103.369333
103.453133
103.898667
104.530033
104.711867
104.897100
104.976833
105.358367
105.476600
106.160633
106.353533
106.566033
106.803700
108.316267
108.513433
108.566500
108.573133
108.594800
108.793100
108.798433
108.831133
108.855300
108.963667
109.547200
109.680000
109.852700
109.961667
110.120000
110.234567
110.436667
110.657133
110.663700
110.893367
110.912933
110.962500
110.969200
111.009000
111.374533
111.423467
111.680400
111.910033
112.088567
112.141733
112.431567
112.468800
112.630133
112.848933
113.035833
114.085600
114.242233
114.795267
114.861967
115.059100
115.227167
115.329367
115.938433
116.388700
116.919167
116.944233
117.003300
117.112200
117.185467
117.256100
117.377500
117.448233
117.821800
117.995233
118.267367
118.384833
118.501300
118.547067
119.170300
119.181167
119.903900
119.926367
119.952400
120.154467
120.350467
120.426367
120.593500
120.897900
121.033833
121.367200
121.481700
121.851000
122.122767
122.185200
122.378200
122.471467
123.469933
123.579933
123.588133
123.693533
123.983500
124.187567
124.366167
124.498233
125.011767
125.341733
125.348300
125.530900
125.654000
126.314000
127.020300
127.069367
127.937400
127.964633
128.404633
128.749900
128.990000
129.092533
129.510200
129.598167
130.267333
130.596367
130.599900
130.915733
130.984633
131.065800
131.272833
131.494200
132.089100
132.631633
132.764600
132.986267
133.261233
133.297133
133.368300
133.891667
134.260667
134.311667
134.451667
134.501233
134.618467
134.896300
134.933933
135.105767
135.350767
135.750867
136.368333
136.766033
137.011800
137.201400
137.484267
137.602733
137.686167
137.694667
138.417900
139.020833
140.114900
140.236500
140.494500
140.622567
140.661400
140.705267
140.720200
141.065467
141.191633
141.218300
141.368633
141.968200
142.422300
143.245933
143.327200
143.436700
143.518200
143.751867
144.045233
144.119733
144.164800
144.408567
144.567733
144.662133
145.290767
145.387233
145.818000
146.045133
146.085100
146.109267
146.242767
146.332967
146.585333
146.724933
146.985933
147.358833
147.529067
148.061833
148.172733
148.244233
148.289567
148.547200
148.827267
148.942000
148.969433
149.041233
149.157200
149.179633
149.275033
150.367400
150.563267
151.276667
151.283800
153.222700
153.230067
153.307500
153.392800
153.547467
154.204800
154.344067
154.439000
154.522467
154.789600
155.048600
155.151967
155.537767
155.603700
155.649467
155.716267
156.370167
156.545600
156.892233
157.373967
157.432300
157.622733
157.673200
158.131700
158.349067
158.404600
159.136867
159.344400
159.532367
159.697800
159.748633
159.769933
160.169000
160.181333
160.880867
161.245233
161.297767
161.383133
161.603733
161.791200
162.211467
162.220967
162.272033
162.282800
162.336900
162.656533
162.728667
162.768233
162.805233
162.834333
162.981667
163.103033
163.370767
163.420333
163.707567
163.887267
163.935667
163.982367
164.084500
164.402833
164.495567
164.563167
164.783033
165.409833
165.878667
165.911533
166.443367
166.742233
166.967767
167.204633
167.279267
167.351900
168.090300
168.101567
168.221400
168.340367
168.410667
168.972400
169.258400
169.444033
169.522467
169.669367
169.907400
169.996067
170.225967
170.409767
170.669967
170.955633
171.015667
171.153200
171.221600
171.358133
171.383100
171.822667
171.970367
171.999000
172.099867
172.204100
173.441133
174.310667
174.881233
174.937567
175.263400
176.135100
176.601267
176.935500
177.009367
177.051400
177.516333
177.832967
177.880833
178.125000
178.193333
178.394267
178.590833
178.805300
179.461667
179.502767
180.320567
180.527667
180.563133
180.592267
180.697433
181.020833
181.330133
181.591667
181.615600
181.700867
181.711500
181.764000
182.184000
182.220033
182.509833
182.855567
183.134533
183.372900
183.567267
183.639000
183.647133
183.782833
183.992033
184.349433
184.900533
185.373733
185.649333
185.752967
185.999400
186.003533
186.303667
186.440467
186.465233
186.784833
186.838833
186.969867
187.004767
188.498700
189.212800
189.295300
189.349867
189.565700
189.839067
189.883567
190.122600
190.135167
190.251900
190.661667
190.793800
190.850300
190.864867
190.924233
190.933067
191.278333
192.193633
192.313433
192.406133
193.258300
193.271933
194.276300
194.440333
194.474067
194.621600
194.640967
194.907100
195.243133
195.311633
195.730400
196.077267
196.214300
196.442867
196.624767
196.716600
196.736067
196.843967
197.294800
197.308500
197.364333
197.600267
197.834967
198.055200
198.500933
199.128633
199.756733
199.982333
200.243633
200.273467
200.465633
200.551767
200.764233
200.930633
201.082300
202.227967
202.539167
202.868400
203.147267
203.227700
203.776533
203.824500
204.155300
204.213533
204.250833
204.330333
204.687833
204.769733
205.176700
205.269933
205.273367
205.561533
205.623933
205.800833
205.859033
206.280367
206.605633
206.639133
207.116667
207.871000
208.452967
208.562733
208.760200
209.306467
209.345767
209.563633
209.636133
209.703067
209.802267
209.914867
210.214067
210.519833
210.558933
210.652233
210.720067
210.834700
210.870100
211.006567
211.061633
211.093267
211.349533
211.472167
211.614733
211.883700
212.063533
212.114100
212.254600
212.348700
213.290267
213.516067
213.657400
214.014533
214.116433
214.234833
214.262267
214.550867
214.710567
215.275533
215.355800
216.194167
216.512633
216.643800
216.724667
216.767667
216.916000
217.240967
218.362967
218.417533
218.470200
218.838433
219.171467
219.252567
219.292967
219.316533
219.442467
219.789000
220.067500
220.428867
221.323200
222.120033
222.859267
223.407833
223.703567
223.803867
224.033867
224.071833
224.135167
224.207700
224.229333
224.519733
224.732000
224.880733
225.113600
225.186933
225.395067
225.528000
225.731967
225.836167
225.843400
225.941033
225.986433
226.005533
226.030867
226.039033
226.047333
226.220333
226.264100
226.427967
226.434933
226.463200
227.094133
227.287833
227.329867
227.779633
228.127167
228.606200
228.682200
228.899567
229.254600
230.352367
230.499867
230.684233
230.927033
231.042367
231.109933
231.433433
231.639933
231.838133
232.076867
232.136733
232.316233
232.341567
232.445933
232.462267
232.604400
232.775967
232.921567
232.952600
233.192300
233.301267
233.507233
233.607100
233.693633
233.732533
233.737900
234.820667
235.144467
235.252100
235.421567
235.667333
235.777033
235.860200
236.579100
236.667367
236.793600
237.142033
237.186600
237.201500
237.268533
237.330567
237.515800
237.615000
237.642133
237.693667
237.815500
237.913033
238.251067
238.553400
238.988000
239.483000
239.794133
240.034167
240.131900
240.336933
240.408633
240.673667
240.889867
241.017967
241.039167
241.212133
241.243967
241.403733
241.408567
241.652567
242.242067
242.536000
242.569333
243.811633
243.836967
244.090733
244.632033
245.460833
245.994967
246.079333
246.883267
247.358467
247.439300
247.490267
247.580933
247.636033
247.768467
248.031667
248.591700
248.789200
249.040800
249.583433
249.619833
249.653267
249.692767
249.793500
250.235100
250.473367
250.810933
251.085333
251.704233
251.889133
251.910433
251.964000
252.274200
252.339433
252.389300
252.587967
252.640600
252.824333
252.832467
252.960967
252.980667
253.051900
253.123467
253.132867
253.212100
253.637967
253.760433
253.934367
254.189067
254.197300
254.325967
254.331433
254.545167
254.595867
254.633333
254.986200
255.387467
255.500133
255.772667
256.346267
256.417467
257.282400
258.297467
258.667567
258.788567
259.080867
259.838700
260.407900
260.667033
261.333867
261.393833
261.667333
261.759067
261.954600
262.241900
262.287067
262.478833
262.530367
262.630700
262.959400
263.083433
263.258700
264.484333
264.638167
265.966967
266.090167
266.305733
266.470933
267.335067
267.591467
267.677833
268.388467
269.760033
269.788600
269.860333
269.992200
270.399600
270.784767
270.877300
270.987367
271.209767
271.320100
271.913400
272.080867
272.213567
272.379933
273.911767
275.206267
275.328533
275.865367
276.097967
276.429900
277.117167
277.287967
277.376600
277.568767
277.857800
277.880367
278.027867
278.055067
278.159200
278.171733
278.216567
278.375700
278.401267
278.485967
278.506633
278.566333
278.580033
278.626600
278.650433
278.779900
278.804967
278.952567
279.086067
279.326367
279.339300
279.464800
279.636800
279.775567
279.799433
280.050933
280.358933
280.494900
280.790233
280.902133
281.006400
281.044033
281.191667
281.213700
282.793733
282.878633
282.993233
283.528967
283.705900
283.821500
284.230400
284.297833
284.419833
284.541633
284.595500
284.823033
285.018133
285.065067
285.119467
285.276533
285.400400
285.614733
285.673133
285.805533
285.978800
286.014533
286.121133
286.734733
286.859233
287.390767
287.417133
287.611700
288.291700
288.634033
289.287400
289.333433
289.519300
289.578200
289.661200
289.843000
289.911933
290.157400
290.326033
290.352767
290.590067
290.811167
291.016300
291.059267
291.133767
291.163467
291.408867
291.484200
291.533033
291.593000
291.673833
292.205933
292.553933
292.921733
293.968500
294.573067
294.673100
294.892267
295.179667
295.733833
295.789367
296.096633
296.313567
296.398667
296.443167
296.573700
297.165733
297.297833
297.513100
297.552533
297.706200
297.991067
298.160000
298.274100
298.453400
298.770267
298.848667
299.172533
299.512400
300.137933
300.404667
300.647067
300.751700
300.991800
301.126033
301.879933
301.996067
302.083467
302.116667
302.462300
302.582800
302.633033
303.014800
303.302433
303.639367
303.964867
304.107300
304.487933
304.601167
304.707000
304.760000
304.853333
304.974133
305.144133
305.538733
305.608367
306.127933
306.193000
306.427267
306.525833
306.736733
306.831467
307.042333
307.049800
307.172967
307.357500
307.508833
307.702867
308.119133
308.219233
308.269967
308.321767
308.656333
309.223367
309.489833
309.608433
309.704600
309.822967
310.039533
310.154200
310.259467
310.318067
310.517633
310.572900
310.594000
310.602233
310.653400
310.966900
311.032833
311.233233
311.357600
311.442633
311.495467
311.727133
311.808900
312.217233
312.257533
312.329367
312.867733
313.067933
313.106267
313.226433
313.623667
314.224333
315.193233
315.352667
315.413700
315.687500
315.741367
315.761467
316.063867
316.112900
316.145467
316.551267
317.589000
317.667067
317.749033
317.998733
318.809500
318.960233
319.416367
319.455000
319.494700
319.977667
320.241600
320.580667
320.689267
321.219233
321.965733
321.989367
322.599067
323.070467
323.262500
323.332467
323.437100
323.819433
324.234700
325.244533
325.959267
326.041300
326.060167
326.096833
326.101600
326.184900
326.524200
326.707067
327.263967
327.343133
327.779567
327.875900
327.934500
327.987300
328.366567
328.884400
329.382767
329.490033
329.599800
329.874367
329.950867
329.965500
330.183133
330.256633
330.307933
330.458567
330.664267
330.865667
330.887200
330.951400
331.138700
331.238867
331.379767
331.456900
331.725500
332.124033
332.208300
333.423233
333.494333
333.540400
333.965333
334.128533
334.299500
334.345267
334.595133
335.199333
335.250933
335.497600
335.885567
336.026833
336.046967
336.251800
336.575533
336.797000
336.957967
337.074467
337.323000
337.416933
337.583500
337.886967
337.954867
337.994367
338.012000
338.040333
338.392100
339.095100
339.150533
339.322900
339.845200
339.852267
339.920133
340.087067
340.148100
340.298533
340.476867
340.595233
340.687433
340.891667
341.046100
341.136633
341.524433
341.863833
341.938833
342.298767
342.381333
342.562200
342.693967
342.866467
343.289667
343.336600
343.372233
343.483033
343.909867
344.315733
344.589067
344.850000
344.940733
345.286633
345.340000
345.468967
345.626267
346.252133
346.295633
346.416600
347.414433
347.511033
347.562467
347.842400
348.018100
349.470367
350.318600
350.482100
350.851900
350.946467
351.099233
351.212467
351.480367
351.609967
352.118333
352.472667
353.622633
354.007267
354.031467
354.176167
354.547033
354.712067
354.716833
354.775933
355.157267
355.541167
355.628867
355.858133
356.128800
356.262600
356.903000
357.293433
357.392333
357.470300
358.334467
358.534633
358.773100
359.199333
359.241567
359.407833
359.431600
361.293133
361.345300
362.359433
362.384733
362.688400
362.880567
362.966433
363.033967
363.077433
363.435533
363.843067
364.008733
364.040000
364.271733
365.293733
365.992500
366.012967
366.870867
366.988100
367.095567
367.157033
367.604867
367.711000
367.814400
367.970433
368.044267
368.298733
368.320500
368.378600
368.600133
369.728167
369.780933
370.131033
370.332667
370.658833
371.189767
371.309700
371.314667
371.517233
372.263967
372.283867
372.334000
372.419233
372.577700
372.765233
373.564033
373.810000
373.943833
374.021000
374.497933
374.942800
375.058533
375.319933
375.614233
375.638867
375.695600
376.012400
376.670400
376.907633
377.468300
377.563667
377.837467
377.871333
378.054000
378.111100
378.752333
378.914600
379.692467
379.764733
379.833567
379.869867
380.235467
380.316667
380.397900
380.469100
380.974900
381.131667
381.256167
381.261600
381.292733
381.318667
381.815133
381.826767
381.869633
382.058000
382.087300
382.121000
382.173167
382.249600
382.421900
382.546800
382.622933
383.189133
383.323867
383.472600
383.868100
384.243567
384.849033
385.355367
385.598133
385.713333
385.764433
386.295533
386.300900
386.506333
387.178700
387.224333
387.404767
387.973367
388.037733
388.381233
388.739400
389.804833
389.902667
389.990900
390.079533
390.253533
390.402400
390.431133
390.607133
390.646533
390.908000
391.440400
391.844100
392.329233
392.330833
392.680300
393.324033
393.611900
393.930400
394.685267
394.783233
395.001833
395.026000
395.157367
395.623067
395.786000
395.892333
395.981800
396.241667
396.407200
397.184700
397.268200
397.635433
397.755933
398.245400
398.640500
398.694500
398.764833
398.906700
399.065400
399.223333
399.302733
399.496733
399.511000
399.553400
400.323967
400.514667
400.533600
400.647800
400.849500
401.049367
401.081133
401.134000
401.254667
401.277600
401.634200
401.641200
402.130933
402.312900
402.463700
402.745067
402.785800
402.882933
403.270500
403.347100
403.670200
403.774300
403.841233
404.008900
404.283767
404.442400
404.693300
404.919600
404.923433
405.178067
405.438900
405.456833
405.768633
406.083633
406.139667
406.376067
406.770800
406.919967
407.611733
407.858567
407.875100
407.964333
408.164067
408.468300
408.743467
408.883100
409.519967
409.693433
409.734167
409.856833
409.895267
410.932533
411.001000
411.165133
411.280867
411.433667
411.990633
412.450800
412.475433
412.516867
412.543467
412.664733
412.948267
413.209800
413.253433
413.412100
413.810800
414.173733
414.292333
414.463033
414.520000
415.065100
415.153533
415.231367
415.364867
415.472800
415.507633
415.552400
415.672767
415.783233
416.356867
416.371800
416.612133
416.684167
416.735700
417.119033
417.311433
417.465633
417.580867
417.828900
417.941433
418.034200
418.239967
418.405600
418.567767
418.711767
418.802033
419.479500
420.837500
420.888533
420.963233
421.035967
422.288233
422.473967
422.677333
422.795533
423.245867
423.596467
423.713967
423.776100
423.851133
424.260733
424.435667
424.500900
424.515633
424.589200
424.595800
424.798367
425.331367
426.591867
426.678667
426.693400
426.823133
427.040533
427.447267
427.498800
427.652933
427.935633
428.008900
428.084533
428.182967
428.320533
428.493500
428.499967
428.545300
428.833200
428.913000
429.020667
429.035733
429.162733
429.271000
429.294633
429.426133
429.639300
430.117733
430.299133
430.910433
431.508433
431.712500
431.824833
431.864700
431.902467
432.235833
432.547167
432.815633
433.444933
433.493733
433.548967
433.611800
433.613667
433.696133
433.977667
434.141000
434.723933
434.777233
434.783600
434.910367
435.081200
435.151000
435.350000
435.438800
435.479900
435.862667
437.186433
437.390233
437.508867
437.523133
437.575467
438.152400
438.318400
438.329733
438.420267
438.613933
438.629967
438.688400
438.708900
438.743067
439.140933
439.314700
439.390533
440.088867
440.206233
440.265733
440.510133
441.033767
441.207967
441.314333
441.443267
441.509767
441.550633
441.695933
442.166533
442.513467
442.606400
442.921433
442.976267
442.982867
443.282267
443.344367
443.407267
444.125567
444.242733
444.509100
444.647600
445.025833
445.370000
445.554933
445.818833
446.157900
446.384867
447.141033
448.045600
448.158767
448.256033
448.280833
448.481000
448.572667
448.705967
448.785067
449.226167
449.482000
449.915200
450.186367
450.254067
450.756000
451.208667
451.665633
451.828800
451.885967
452.238667
452.335833
452.991000
453.145867
453.260267
453.374200
453.627433
454.531633
455.043333
455.119200
455.258167
455.433467
455.483300
455.749300
456.150100
456.349200
456.566267
456.895367
456.962400
457.056400
457.113967
457.117400
457.207700
457.487600
457.589067
458.113500
458.330567
458.448400
458.490967
458.924867
459.034600
459.270800
459.698633
459.754033
460.076267
460.109967
460.761967
461.234467
461.718367
461.958900
462.179233
463.245533
463.517367
464.487200
464.554700
464.656267
464.685900
464.986867
465.224133
465.926767
466.502000
466.765967
466.784200
467.001533
467.268267
467.445033
467.567333
467.718300
467.962233
468.211000
468.450967
468.476533
468.518667
468.587067
468.684800
469.100067
469.161067
469.165633
469.321133
469.785100
469.876633
470.235400
470.631000
470.728533
470.857233
471.114900
471.538400
471.908533
472.163467
472.480133
472.553700
472.896800
472.929033
472.983167
473.040467
473.088033
473.486833
473.915900
474.222500
474.454533
475.229400
475.429500
475.475667
475.484733
475.526200
475.727533
475.786867
475.796900
475.950700
475.988067
476.024933
476.283767
476.609600
476.651633
476.685000
476.727967
477.298833
477.427833
477.435133
477.826700
477.906133
477.985300
478.074700
478.121633
478.160800
478.285567
478.517633
478.672200
478.892233
479.349033
479.448067
479.724700
479.953533
480.062500
480.410500
480.490000
480.662167
480.719067
480.846067
481.185867
482.642000
483.006333
483.271600
483.684500
484.529533
485.097667
485.614700
485.953833
486.676567
486.729667
486.793467
486.805433
487.599533
487.997400
488.202200
488.462267
488.669867
488.752100
489.002833
489.496400
489.616100
490.445000
490.611500
490.777467
491.120833
491.424967
491.531100
492.032067
492.200800
492.345567
492.406867
492.598367
493.324867
493.661133
493.960233
494.323767
494.456833
494.754933
495.073900
495.860367
496.110400
496.157933
496.375267
496.881267
496.884633
496.901100
497.009833
497.058033
497.104033
497.220233
497.525067
497.607333
497.795867
497.959700
498.687300
498.860233
498.951333
499.071033
499.238400
499.353600
499.947133
499.957667
500.007633
500.322700
500.402067
500.587900
500.836067
500.953267
501.218833
501.330667
501.433900
501.630267
501.979867
502.313333
502.425267
502.530200
502.804133
503.017833
503.105500
503.145367
503.236567
503.338067
503.828067
504.388233
504.416633
504.432333
504.696133
505.485400
506.122967
506.192800
506.269700
506.377433
506.463467
506.737133
506.816133
506.902700
507.089800
507.141433
507.359367
507.390033
507.803767
508.217067
508.301000
509.327533
509.371133
509.535300
509.851900
509.934000
510.311867
510.403800
510.452300
510.513900
510.701267
510.706467
510.964500
511.036967
511.066700
511.291400
511.519433
511.521700
511.587033
512.170433
512.727900
513.299467
513.906733
514.010133
514.338167
514.378467
514.469300
514.529967
514.750500
515.618333
515.694267
516.013633
516.102767
516.397833
516.949467
516.998567
517.123033
517.299633
517.349267
517.457700
517.652500
517.796133
517.912200
518.024733
518.109733
518.537300
519.499800
519.662600
519.929667
520.151433
520.249600
520.274000
520.312867
520.367833
520.532333
520.984900
521.133233
521.140100
521.413533
521.564967
521.752200
521.954400
522.029400
524.224000
524.358733
524.430367
524.465133
524.606000
524.803667
525.055167
525.170200
525.217200
525.283700
525.784500
526.358367
526.391200
526.419867
526.421933
526.536900
526.726700
527.205500
527.661000
528.036533
528.191367
528.678067
528.745833
528.823500
529.004167
529.454333
530.027000
530.242833
530.547000
530.642200
530.722300
530.818533
530.912867
531.646767
531.666100
532.367300
532.369033
532.485300
532.639067
533.115400
533.170167
533.290533
533.309433
533.330000
533.472133
533.543800
533.592367
533.623500
534.243433
534.591333
534.944767
535.223333
535.461433
535.566833
535.724333
535.890400
536.261167
536.436933
536.999467
537.207367
537.480767
537.595067
537.674167
537.728033
537.831867
538.000567
538.145400
538.315767
538.652800
538.827333
539.079800
539.303167
539.369800
539.652933
539.698600
539.797800
539.844467
540.113267
540.148933
540.407667
540.504133
540.889667
540.912200
541.444967
541.452433
541.639967
541.821633
541.926033
542.008200
542.085633
542.331533
542.421933
542.767133
542.882900
542.921167
543.179267
543.194567
543.278033
543.549767
543.602500
543.741733
544.300067
544.301967
544.768500
544.876267
545.993533
546.242600
546.320200
546.798167
546.815500
547.569867
547.902633
548.004400
548.216867
548.333233
549.076367
549.857500
550.076700
550.387133
551.064033
551.174200
551.839567
552.483900
552.756800
553.118067
553.147800
553.424100
553.567900
553.574967
554.048567
554.837767
555.031633
555.347933
555.818433
556.149300
556.813667
557.395567
557.470500
557.544133
557.953500
558.033833
558.112100
558.323767
558.402100
558.483333
558.555733
559.262800
559.534200
560.339933
560.662033
560.867400
561.451033
561.721200
561.829800
561.925100
562.025867
562.358867
562.809367
562.991733
563.343167
563.640233
563.767600
564.000200
564.418767
565.170733
565.173233
565.600233
565.832500
565.863467
566.091467
566.096933
566.219667
566.341800
566.564567
566.599367
567.257733
567.385867
567.524867
567.989233
568.677133
568.934933
569.384733
569.767300
570.412967
570.599300
570.710233
570.799967
570.844467
570.916933
570.965167
571.033267
571.294300
571.492100
571.591133
571.788533
571.865033
572.043367
572.210933
572.310333
572.417533
572.700300
572.983167
573.555933
574.037333
574.136667
574.190600
574.232600
574.365133
574.491933
574.578233
575.442233
575.605600
576.163067
576.830833
577.135700
577.141500
577.166767
577.173233
577.760300
577.869600
577.954367
578.777633
578.909367
579.246633
579.457633
580.176633
580.488967
582.184067
584.446200
584.980567
585.514433
585.566933
585.615800
585.692933
585.965533
586.098500
586.243300
587.428200
587.560000
587.834200
588.015300
588.116767
588.312933
588.348000
589.005300
589.176400
589.582400
590.319700
590.752500
590.896133
591.269233
591.769333
591.837100
592.021300
592.177067
592.210000
592.263533
592.481800
593.140433
593.217667
593.660900
594.071400
595.746533
595.793967
595.852100
596.152233
596.293833
596.464467
596.779633
597.139767
597.171933
597.289767
597.683333
597.843133
597.977333
598.086300
598.220967
598.342167
598.589067
598.740267
600.061667
600.123300
600.433733
600.549000
600.637933
600.743200
600.868833
601.076433
601.253267
601.520067
601.684733
601.701967
601.757133
601.790300
601.861067
602.125800
602.151633
602.330733
602.518467
602.577633
603.002233
603.272100
603.369533
603.591400
603.676800
603.863600
603.889467
604.172733
604.216200
604.326233
604.484233
604.953733
605.411800
605.649500
605.694533
605.902167
606.074933
606.178200
606.293533
606.575667
606.584433
606.692167
606.737600
607.094933
607.170367
607.236567
607.422733
607.747267
607.762133
608.170067
608.242500
608.327267
608.550367
608.793833
608.985733
609.317167
609.374800
610.280367
610.693400
610.943500
612.254867
612.717700
613.188033
613.839133
614.220167
614.623600
614.942600
614.971567
615.297367
615.354433
615.432533
615.649833
615.902200
615.953000
616.062467
616.151533
617.047333
617.120700
617.430600
617.808667
617.923300
618.136167
618.601933
618.921767
618.969133
619.007633
619.508267
619.580300
619.633133
619.808967
619.876067
620.855267
620.907267
621.655233
622.172767
622.425000
622.730400
622.992533
623.284267
623.856633
623.894133
623.934833
624.139267
624.189467
624.335967
624.409000
624.571867
624.866433
624.886800
625.057167
625.214733
625.799567
625.960033
626.690400
626.879167
627.289900
627.646867
628.065233
628.104967
628.278200
628.439433
628.653533
628.926433
629.341667
629.661600
629.727333
629.953033
630.122133
630.160967
630.176500
630.235167
630.508533
630.532633
630.630133
630.673433
631.124300
631.290333
631.435533
631.800833
631.976800
632.376967
632.443500
632.627200
632.644033
632.806600
632.877633
633.018133
633.412400
633.440400
634.401533
634.498333
635.049467
635.289400
635.521100
635.911367
635.947133
636.000333
636.026200
636.171467
636.301100
636.316733
636.544467
636.577933
636.978800
637.002900
637.183167
637.340267
637.501967
637.518633
638.195967
638.381300
638.424067
638.433033
638.520667
639.523133
639.629300
639.838967
640.019700
640.368500
640.594700
640.948600
641.044933
641.098933
641.152000
641.532800
641.780167
642.292333
642.657867
643.046133
643.106600
643.160433
643.415967
644.222700
644.290067
644.353800
644.450333
644.589300
644.661067
644.751333
644.885567
645.386467
645.479367
645.505533
645.644900
645.657533
646.952400
647.016933
647.303367
648.028067
648.539233
648.741600
649.118467
649.169100
649.304033
649.309167
649.438200
649.684700
649.709600
649.940100
650.004600
650.057400
650.762267
650.842100
650.963800
651.079833
651.915100
652.207300
652.469233
652.617333
652.786867
653.127267
653.325533
653.554267
653.702967
654.024033
654.437767
655.094933
655.240300
656.396800
656.684100
657.028733
657.255067
657.357467
657.394467
657.489033
658.039733
658.293067
658.439000
658.908533
659.052667
659.190167
659.257700
660.829900
661.108967
661.122767
661.172300
661.206400
661.456367
661.482300
662.118167
662.138667
662.673867
662.994667
663.205067
663.488867
663.723800
664.071500
664.170000
664.202267
664.541500
665.311967
665.457633
665.515233
665.579400
665.851167
666.161567
666.540000
666.678167
666.731433
666.797333
666.823733
666.844567
666.989267
667.475000
667.537867
667.778933
668.219900
668.247900
668.407900
668.465600
668.543067
669.068033
669.218767
669.535333
670.405400
670.462767
670.563000
670.770333
670.935167
671.071867
671.626200
671.719300
671.845400
673.026333
673.092433
674.083833
674.382867
674.387133
674.473733
674.676000
674.739900
674.999933
675.376433
675.494100
675.555633
676.034367
676.381767
677.125267
677.222300
677.228733
677.331933
677.567833
678.314900
678.622900
678.803867
679.016900
679.079733
679.405933
679.554167
679.936367
680.053633
680.555200
680.630833
681.102733
681.152733
681.295833
681.417800
682.462867
682.619867
682.712933
682.844433
682.920467
682.967733
683.176533
683.530367
684.064667
684.755067
684.892233
685.020867
685.100767
685.201600
685.415233
685.635533
685.771467
686.049833
686.109667
686.236500
686.591467
686.601400
686.684500
687.595667
688.068333
688.076533
688.127333
688.377867
688.771533
689.574833
689.779267
689.797367
689.927133
690.799000
690.869567
691.251433
691.393000
691.427533
691.510033
691.701733
691.992833
692.416700
692.686767
692.705633
693.934967
694.297067
694.333400
694.480133
694.500867
694.873367
695.028367
695.228500
695.336567
695.915267
695.980367
696.201033
696.625100
696.695500
698.721467
698.818567
699.906500
699.909967
700.002300
700.037233
700.193533
700.396800
700.548367
700.607233
701.618933
702.621567
702.779300
702.855267
703.241333
703.382433
703.554800
703.695367
703.701467
704.349200
704.652867
705.029167
705.954400
706.116100
707.247667
708.238933
709.385967
709.983367
710.043267
710.135233
710.155933
710.214567
710.613333
710.651300
711.214567
711.302267
711.447100
711.605967
712.704967
712.773600
712.827900
713.424633
713.688067
713.937433
714.469500
714.583667
715.692733
716.411200
717.692567
717.739200
717.920033
718.002267
718.132633
719.351333
720.860400
721.857933
721.925667
721.949400
722.133633
722.551900
722.941233
724.093633
724.576567
724.661933
725.970267
726.255233
726.464600
726.469633
726.791100
726.903667
727.001600
727.090000
727.096567
727.147033
728.986733
730.149333
730.269867
730.867933
730.918600
731.182567
731.628433
732.326633
732.380000
732.450167
732.661133
732.831267
732.985233
733.086033
733.152633
733.296033
733.624333
734.452000
735.312033
735.382833
735.436267
735.561933
735.740000
735.760200
735.858767
736.034967
736.143733
736.291700
736.405633
736.575767
736.874533
736.917533
736.987133
737.568400
737.958833
738.061967
738.114300
738.277067
738.650067
738.718667
738.990367
739.275800
739.519100
740.349733
740.409367
740.453233
740.583633
740.671967
740.751800
741.276633
742.352033
742.420967
742.526200
742.593400
743.217567
743.717800
743.754067
743.826333
744.687800
744.885800
744.934867
744.991433
745.474100
745.769333
746.001967
746.332967
746.542400
746.664067
746.752167
746.760067
746.816433
747.078967
747.138733
747.223967
747.636100
747.690067
747.902433
748.258233
748.474433
749.144767
749.563567
749.656100
749.704700
750.322433
751.036933
751.100567
751.164233
752.036200
752.134400
752.418800
752.839767
753.427233
753.507800
753.697867
753.750333
753.756000
753.868233
754.472267
754.923100
755.444667
755.537167
755.732267
755.953067
755.971100
756.042667
756.109633
757.244700
757.250333
757.454433
757.542500
757.765967
757.770867
757.938933
758.079233
758.799433
758.842933
759.051967
759.242833
759.507600
759.692167
759.901567
759.962700
760.042567
760.120167
761.510233
761.548267
761.883500
762.645300
762.676400
762.938067
763.065200
763.222833
763.974133
764.373467
764.459267
764.527500
764.717133
764.878533
764.941567
765.618967
765.984567
766.030167
766.147900
766.632300
766.664567
766.798900
767.072167
767.854633
768.535333
768.714900
768.775700
769.231667
769.546300
769.669367
770.319933
770.476333
770.501100
770.687500
770.776733
770.793700
771.234000
771.335100
771.575667
771.991733
772.045667
772.272533
772.299933
772.309367
772.367267
772.652833
772.986533
772.996400
773.297833
773.551233
773.675233
773.727400
773.874367
774.034067
774.329500
774.383800
774.809533
775.109867
775.403033
775.465900
775.568967
776.821133
776.961167
777.114567
777.199567
777.206800
777.277667
777.702367
777.757033
777.804867
778.081333
778.497300
778.684767
779.110967
779.442167
779.633233
779.795333
779.875033
780.133200
780.721967
780.758767
780.846900
782.201900
782.653533
783.427900
783.959233
785.113133
785.262233
785.877567
786.203400
786.411467
786.549700
786.655400
786.746067
786.829400
786.935367
787.586967
787.763233
788.075733
788.647633
788.823167
789.905500
790.104533
790.505333
790.542433
791.109300
791.550567
792.055333
792.109000
792.386500
792.557367
792.661100
793.176600
793.228167
793.931400
793.948233
794.123067
794.304600
795.133400
795.225267
795.882100
795.956833
795.990467
796.345200
796.440800
796.515400
796.781000
796.851267
796.998133
797.078067
797.466633
797.501433
797.642600
797.649400
797.744500
798.032500
798.242100
798.641333
799.522300
799.623433
799.985167
800.524533
800.859633
800.955300
801.086733
801.097967
801.219933
801.247567
801.517567
801.663800
801.826400
801.915333
802.039533
802.172667
802.366167
802.516367
802.996700
803.035200
803.081867
803.377367
803.661667
803.910400
804.048200
804.192467
804.387167
804.417067
804.446267
804.751033
805.256367
805.672033
805.733500
806.009700
806.074933
806.127267
806.169333
806.446100
806.548733
806.633100
807.165533
807.263767
807.319733
807.488833
807.654600
808.023567
808.104033
808.395367
808.677767
808.790200
809.307300
809.391567
809.468167
809.871133
810.227567
810.385867
810.757767
811.003500
811.276267
811.475867
811.550367
811.663900
811.827067
812.111267
812.431733
812.599733
813.163667
813.605400
813.848100
813.990733
814.139300
814.200533
814.226333
814.301167
814.573633
814.658067
814.778867
814.796333
814.878900
814.922800
814.993667
815.243033
815.324633
815.638867
816.043267
816.285267
816.729867
817.039167
817.124333
817.381067
817.399867
817.429833
817.515333
817.783867
817.914100
818.518200
818.932967
818.961033
819.039000
819.168800
819.404133
819.608333
819.685000
820.199333
820.483900
820.784300
820.924800
821.007800
821.068800
821.401933
821.446333
821.575900
821.827667
821.856000
822.321933
822.441233
823.213333
823.298167
823.910167
824.452433
824.882767
824.955367
825.926300
826.675833
827.008300
827.416833
827.928300
827.935400
828.094467
828.192767
828.484900
828.536467
828.558100
828.593433
828.784633
828.971867
828.985800
829.110467
829.480100
829.775633
829.845833
829.989800
829.999033
830.162767
830.621200
830.794100
831.068567
831.195133
831.432533
831.471333
832.389800
832.557533
832.624900
832.684833
832.728067
832.815467
833.001100
833.321167
833.364233
833.490133
833.641767
833.829400
834.383367
835.165600
835.431800
836.144133
836.800467
836.961067
837.975333
838.153867
838.399767
838.493733
838.819033
838.975833
839.117100
839.326467
839.415533
839.598567
839.664000
839.771000
839.778600
839.951033
840.568200
840.682033
840.771867
840.934967
841.080733
841.442867
841.780400
842.521233
842.694533
842.750667
843.050167
843.577667
844.808433
844.817367
845.589367
845.881900
846.158133
846.702967
846.823067
846.928667
847.226433
847.442067
847.475600
847.791200
847.833167
847.877133
848.092567
848.367267
848.863967
849.478433
849.714867
849.854867
849.915700
850.053500
850.099567
850.268800
850.452233
850.535700
850.716433
850.789100
851.021167
851.093633
851.232600
851.274067
852.004833
852.312267
852.410500
852.667167
852.717800
852.937400
853.163300
853.456100
853.533700
853.542767
853.676033
853.870333
853.967400
854.079267
854.147100
854.253300
854.302867
854.415500
854.512333
854.855033
855.236000
855.650233
855.704233
855.790367
855.881633
856.123067
856.395167
856.728400
857.047867
857.144433
857.253133
857.357133
857.720433
857.912167
857.989067
858.687967
858.750400
859.307900
859.825033
859.850633
860.025200
860.170500
860.258567
860.370833
861.561867
861.677200
861.682667
861.924067
862.217900
862.322767
862.405833
862.658800
863.484867
863.556433
863.590900
863.642433
863.691467
864.055500
864.181200
864.372200
864.543433
864.592533
864.804600
865.321400
865.327100
865.627267
866.048067
866.170467
866.416333
866.616467
866.892133
867.079400
867.266033
867.340200
867.708400
868.001100
868.029167
868.049900
868.381633
868.505333
869.273533
869.927167
870.212100
870.372000
870.388167
870.873167
871.219600
871.587833
871.683667
871.962933
872.094733
872.415133
872.498833
872.596667
872.684433
872.873400
873.053800
873.150533
873.193867
873.436933
873.487767
873.653400
873.667933
873.959600
874.468667
874.798333
875.087867
875.107000
875.156000
875.218367
875.415033
875.466167
875.530967
875.591333
875.636900
875.862133
876.113667
876.167033
876.305467
876.412000
876.595633
876.651267
877.058067
877.552933
877.919500
878.065200
878.500333
878.837933
878.942600
879.029500
879.266867
879.286100
879.534933
879.670067
880.045500
880.908600
881.190167
881.312767
881.605367
881.926367
882.247300
882.454567
882.562800
882.588267
883.422767
883.571333
883.645433
883.824967
883.865133
883.991033
884.355100
884.982300
885.237267
885.339567
885.978867
886.459500
887.280467
887.887533
887.949500
888.282000
888.349667
888.622533
888.790967
888.828400
889.065733
889.200333
889.323100
889.391733
889.418567
889.473300
889.581267
889.667267
889.996167
890.227567
890.479800
890.582900
890.618833
890.626233
891.131800
891.172233
891.207767
891.281200
891.372233
891.670867
892.032133
892.517633
892.882467
892.959733
893.450267
893.495233
893.609467
893.939700
894.069200
894.164867
894.556167
894.864133
894.984833
895.136967
895.897633
895.984333
896.353800
896.699800
897.170433
897.430400
897.444000
897.613467
898.897533
898.980667
899.045300
899.123133
899.546400
899.755500
899.851200
900.116233
900.333067
901.397733
901.552867
901.663833
901.763100
901.883933
902.114100
902.173000
902.265433
902.515067
902.534900
902.573200
902.706733
902.828500
903.002067
903.127567
903.181200
903.351433
903.650067
903.804433
904.528100
904.573267
905.123000
905.243700
905.466467
906.489267
906.947233
907.687600
907.983067
910.539567
910.917767
912.777800
912.868000
912.881900
912.933533
913.109500
913.149233
913.162733
913.547633
914.297067
916.009833
916.133767
916.724167
917.208067
917.415000
917.750967
919.729200
919.747033
920.103900
920.151967
920.267367
920.433833
920.444633
920.640433
920.922133
921.728233
921.884867
922.314167
922.425833
922.455633
922.461800
922.769033
922.800867
923.024033
923.110300
923.254233
923.652933
923.814100
924.232400
924.507667
925.119467
925.424433
925.590300
925.879100
925.940933
926.007600
926.644967
926.655433
926.942067
927.115633
927.240833
927.298100
927.343433
927.935867
928.314067
928.377100
928.449667
928.862100
929.034133
929.185200
929.682900
929.938367
930.042267
930.131733
930.185633
930.553133
931.419633
931.528500
931.697200
931.903867
931.914733
932.310333
932.574067
933.263533
933.277400
933.486333
934.262300
934.589300
935.361633
935.748100
936.730300
938.038033
938.135467
938.550200
938.843133
939.615867
939.891833
939.969467
940.013300
940.083200
940.187300
940.635600
940.739133
941.455733
941.881567
941.929300
942.045333
942.072967
942.167433
942.299667
942.664567
942.771833
943.097500
943.210900
943.360167
943.518300
943.653567
943.815333
944.007700
944.582767
944.896800
945.150300
945.323900
945.506400
945.839167
945.957467
945.984600
946.135200
946.283567
946.481333
947.287633
947.415933
947.585300
947.654033
947.725200
947.819267
947.927500
948.114367
948.237667
949.029167
949.103367
949.243467
949.271000
949.404567
949.773567
949.885900
951.177200
951.213767
951.305633
952.242200
952.250933
952.423500
952.769467
952.878967
952.916200
953.152867
953.331900
953.420600
953.896567
954.222167
954.318533
955.335933
955.644533
955.700933
955.727333
955.734833
955.790300
955.928667
955.976800
956.018000
956.219467
956.359633
956.414367
956.767633
956.771400
956.852133
957.328300
957.567067
957.766067
958.197267
958.406500
958.673300
959.054833
959.300300
959.416033
960.489467
960.521133
961.224967
961.263067
961.559167
961.811267
961.975767
962.025333
962.356200
962.484167
962.900133
962.950967
963.172800
963.363100
963.373367
963.987200
964.596900
964.675867
964.731533
965.223100
966.187067
967.305267
967.376900
967.513900
967.999400
968.151567
968.201433
968.515533
968.759233
968.844467
968.934467
968.975000
969.042967
969.123100
969.690767
969.754067
969.819767
970.048900
970.209300
970.432133
970.473400
970.596300
970.971267
971.083567
971.134400
971.223567
971.331367
971.477100
971.545433
972.137433
972.202867
972.843833
972.898200
972.997500
973.120167
973.173200
973.788733
974.056433
974.160767
974.617767
974.741000
975.125767
975.853300
975.961100
976.338200
976.365533
976.673833
976.697800
976.832533
977.487067
977.731333
977.744000
977.862767
977.946100
978.262333
978.442667
978.534967
978.805433
978.877533
979.222033
980.016167
980.308533
980.442400
980.519700
980.705467
981.123600
981.199500
981.227100
981.496567
981.559400
982.078033
982.083467
982.359267
982.812467
983.064367
983.460400
983.477467
983.594467
983.691733
983.763267
983.909033
983.946500
984.146300
984.179633
984.241000
984.426933
984.497367
984.880367
985.010733
985.075133
985.529933
985.866533
986.014800
986.053800
986.144367
986.361667
986.484500
986.850667
987.265233
987.655000
987.956600
988.018867
988.093567
988.170633
988.368733
988.607467
988.881667
988.981700
989.121433
989.749700
989.836267
990.017467
990.151367
990.726267
990.809233
991.132933
991.162867
991.206300
991.445233
991.860633
991.979467
992.054200
992.146867
992.191533
992.331567
992.342800
992.414767
992.472800
992.630500
992.671633
992.863700
992.892633
993.174867
993.557567
993.957000
994.144633
994.509467
994.562333
994.813000
995.118767
995.292667
995.360033
995.366733
995.415033
995.672700
995.924667
995.999800
996.138267
996.140500
996.212167
996.653100
996.667867
996.785600
997.195967
997.349700
997.405967
997.895367
997.955400
998.382400
999.058667
999.221900
999.356433
999.373300
999.448833
1000.264667
1000.570833
1000.601800
1000.696000
1001.299400
1001.838167
1002.007000
1002.058900
1002.147533
1002.232533
1002.385800
1002.752667
1002.819967
1003.351300
1003.562300
1003.684367
1004.670000
1005.127733
1005.334567
1005.427300
1005.534767
1005.589133
1005.597833
1005.812700
1005.890700
1005.968700
1006.169033
1006.813300
1007.068533
1007.954100
1008.154667
1008.235833
1008.378700
1008.393967
1008.795333
1008.890400
1009.519600
1009.894833
1009.949667
1010.065367
1011.349133
1012.323267
1012.341200
1012.351467
1012.504433
1012.583300
1012.606800
1012.661100
1012.679600
1012.723300
1013.135200
1013.137100
1013.145833
1013.287900
1013.488967
1013.504267
1013.584233
1013.639900
1013.907900
1013.965733
1013.975800
1014.074733
1014.096167
1014.180400
1014.375767
1014.480467
1014.528300
1014.676667
1014.727167
1014.817300
1014.863167
1014.909200
1014.921967
1015.055567
1015.387033
1015.706933
1015.810867
1016.265567
1016.462167
1016.495067
1016.542800
1016.564467
1016.669500
1017.175367
1017.240000
1017.761233
1017.884567
1018.232333
1018.260367
1018.495533
1018.586467
1018.647600
1018.751600
1019.411300
1020.078300
1020.548467
1020.565067
1020.882300
1021.710600
1022.173867
1022.774400
1022.875533
1022.937600
1024.188933
1024.361700
1025.023300
1025.072367
1025.373267
1025.690367
1025.793633
1025.983433
1026.082600
1027.428700
1027.552533
1028.035500
1028.100133
1028.122667
1028.522900
1029.297567
1029.813433
1030.590633
1031.029600
1031.881067
1033.263667
1033.526567
1033.704333
1033.773767
1033.866700
1033.969133
1035.318000
1036.462700
1036.528233
1037.020633
1037.055800
1037.469100
1037.726600
1037.978167
1038.123367
1038.542700
1039.243000
1039.319300
1039.379933
1039.491367
1040.035033
1040.036767
1040.114567
1040.185533
1040.199667
1040.267200
1040.394300
1040.513967
1040.758967
1040.853733
1040.870233
1041.082533
1041.351633
1041.638167
1041.754267
1042.004467
1042.122300
1042.338467
1042.708633
1042.918033
1043.080300
1043.273300
1043.313667
1043.326667
1043.344600
1043.526400
1044.303833
1044.320333
1044.943000
1045.026567
1045.196100
1045.255767
1045.790967
1046.295033
1046.390800
1046.522500
1046.640400
1046.909900
1047.072433
1047.113600
1047.165300
1047.205400
1047.230800
1047.328100
1047.883367
1048.526700
1049.228967
1049.558067
1049.719533
1050.010000
1050.066667
1050.213200
1050.329733
1050.386867
1050.549600
1050.624967
1050.712533
1051.059733
1051.275067
1051.280967
1051.727467
1052.307967
1052.661467
1052.676633
1052.808933
1052.864733
1053.254033
1053.356967
1053.444400
1053.460300
1053.588067
1053.608067
1054.054600
1054.159500
1054.777900
1055.041833
1055.225967
1055.415167
1055.471167
1056.058500
1056.858467
1056.984167
1057.060200
1057.146633
1057.631467
1057.722600
1057.729733
1059.139500
1059.168767
1059.375733
1059.481433
1059.797967
1060.726633
1061.219467
1061.454700
1061.536200
1063.176833
1063.239733
1063.386800
1063.562433
1063.930700
1063.991633
1064.093533
1064.577300
1064.828567
1064.990167
1065.633067
1065.725600
1065.766267
1066.928967
1067.150367
1067.199933
1067.374733
1067.606700
1067.847100
1068.160133
1068.471100
1068.956200
1069.192233
1069.891367
1070.026433
1070.068433
1070.155633
1070.347833
1070.952100
1071.050167
1071.127100
1071.264000
1071.352500
1071.485233
1071.563633
1071.679233
1071.892833
1072.352867
1072.692167
1073.446367
1073.477167
1074.498800
1074.565733
1074.814633
1074.854767
1074.884433
1074.965000
1075.397467
1076.107333
1077.501033
1077.579367
1077.623200
1077.634233
1077.697400
1078.083300
1078.239700
1078.572400
1078.751233
1078.781533
1079.069800
1079.394833
1079.487633
1079.720133
1080.327200
1081.049133
1081.114700
1081.189733
1081.294000
1081.543067
1081.853033
1082.331300
1083.106100
1083.139700
1083.626500
1083.759033
1084.172933
1084.392000
1084.599133
1084.640733
1084.692300
1085.726567
1086.109000
1086.167600
1086.386433
1086.616433
1087.064833
1087.327733
1087.851100
1087.996400
1088.302633
1088.616400
1088.677100
1088.914867
1089.008367
1089.145933
1089.381933
1089.457700
1089.552433
1089.761767
1090.899700
1091.154667
1091.181167
1091.197733
1091.268233
1091.537133
1091.583133
1091.769633
1092.186800
1092.518800
1092.607900
1092.877000
1093.190867
1093.337833
1093.447200
1093.480500
1093.927200
1094.021333
1094.744733
1094.923900
1095.317833
1095.440733
1095.606967
1095.715700
1095.730467
1095.792367
1095.847767
1096.500467
1096.503867
1096.695700
1096.768067
1096.837300
1097.164100
1097.223100
1097.626967
1097.798600
1097.964033
1098.390800
1098.427967
1098.471700
1098.600233
1098.758133
1099.353800
1099.412533
1099.868100
1100.168533
1100.351867
1100.405600
1100.876733
1101.452633
1101.816533
1102.290533
1102.373167
1102.460967
1102.580600
1102.626867
1102.828833
1103.115533
1103.364233
1103.376000
1103.530833
1103.593567
1104.326600
1104.466033
1104.530300
1104.906867
1104.967333
1104.997367
1105.186300
1105.479967
1105.741233
1105.775000
1105.786033
1106.234100
1106.582800
1106.749900
1107.059333
1107.168700
1107.366633
1107.516733
1108.316967
1108.647900
1108.657200
1108.851600
1109.011633
1109.201933
1109.286333
1109.408133
1109.449733
1109.509067
1109.645167
1109.925567
1110.046833
1110.060400
1110.155300
1110.238300
1110.872667
1110.973367
1111.015500
1111.185600
1111.271300
1111.318300
1111.329100
1111.391233
1111.475600
1111.561400
1111.569967
1111.706967
1111.710033
1111.818833
1111.870767
1111.901567
1111.942567
1111.980367
1112.417367
1112.704600
1112.876567
1113.196167
1113.567567
1113.880900
1113.893500
1113.929033
1114.429000
1114.565933
1114.625067
1115.049900
1115.552400
1115.638833
1116.284167
1116.523167
1116.602400
1116.987767
1116.992900
1117.441967
1117.467467
1117.730267
1117.868900
1118.380533
1118.465400
1118.482367
1118.486867
1118.521400
1118.772900
1118.890900
1118.951767
1119.420300
1119.720300
1120.196800
1120.260033
1120.378600
1120.450100
1120.693067
1120.882733
1120.910067
1121.612867
1121.899767
1121.914300
1122.543200
1122.727333
1122.812100
1123.298733
1123.413367
1123.613433
1123.659733
1123.868900
1124.334800
1124.377900
1124.548733
1124.796067
1124.893900
1125.225533
1125.509600
1125.518033
1125.612233
1125.726500
1125.825233
1125.984467
1126.090433
1126.786700
1127.512833
1127.618133
1128.245200
1128.323833
1128.489267
1129.086200
1129.372067
1129.410833
1129.970833
1130.016600
1130.097467
1130.177467
1130.548033
1131.288133
1131.360200
1131.447367
1131.796767
1132.216267
1132.483300
1132.701300
1132.869200
1133.187600
1134.182900
1134.349933
1134.693233
1134.829700
1135.164433
1135.178267
1135.981667
1136.130133
1136.288900
1136.549133
1136.705000
1136.981833
1137.225667
1137.449800
1137.511400
1137.764067
1137.975700
1138.563933
1138.853567
1138.860367
1139.300967
1139.584433
1139.825600
1140.270400
1140.297933
1140.343100
1140.395800
1140.542667
1140.645633
1142.415700
1142.495000
1142.559700
1142.628900
1142.707967
1142.742567
1142.821667
1142.926800
1143.186933
1143.426467
1143.445933
1143.797667
1143.845933
1144.385367
1144.527700
1144.708433
1145.720267
1145.798467
1145.985733
1146.321067
1146.801367
1147.495833
1147.595300
1147.889600
1148.299867
1148.511667
1148.726367
1149.079767
1149.125733
1149.418067
1149.476900
1149.632267
1149.758767
1150.028900
1150.040600
1150.258767
1150.448867
1150.708967
1151.108667
1151.110267
1151.206167
1151.566333
1151.638733
1151.965967
1152.153667
1152.284300
1152.421033
1152.661133
1152.902967
1153.457500
1153.520867
1153.584233
1153.719500
1153.792200
1153.880867
1154.303533
1154.794533
1155.140467
1155.623833
1155.854133
1155.859400
1156.071967
1156.304800
1156.795767
1156.882367
1157.049500
1157.528000
1158.107567
1158.275700
1158.478667
1158.715600
1158.872433
1159.355167
1159.388667
1159.448400
1159.473167
1159.932967
1160.142333
1161.342533
1161.845267
1161.921067
1162.475000
1162.923767
1163.366433
1163.406467
1163.600267
1163.671367
1163.686133
1163.809267
1163.996467
1164.100033
1164.296733
1164.664700
1165.291933
1165.585600
1165.729500
1165.846300
1166.212167
1166.639200
1166.878167
1167.049067
1167.307233
1167.681533
1167.775700
1168.387100
1168.700967
1169.257367
1170.109933
1170.122000
1170.353333
1170.416433
1170.533100
1171.051833
1171.161100
1171.204067
1171.295700
1171.402233
1171.437467
1171.691300
1172.197367
1172.268200
1172.357000
1172.834900
1173.091967
1173.722400
1173.770467
1173.947033
1173.989767
1174.100967
1174.476067
1174.968933
1175.095433
1175.333167
1175.553733
1175.899167
1175.937467
1177.195833
1177.545133
1177.630867
1177.731533
1177.864033
1178.234433
1178.327600
1178.558967
1178.655767
1178.964067
1179.087700
1179.204867
1179.259833
1179.445967
1179.781833
1179.907233
1179.964467
1180.882500
1180.940067
1180.985567
1181.029400
1181.633900
1181.794267
1182.022600
1182.194433
1182.767733
1182.855233
1183.583800
1183.756633
1183.762933
1183.872367
1184.117800
1184.302167
1184.356333
1184.610767
1185.006967
1185.010200
1185.239133
1185.672933
1185.956167
1186.354500
1186.393467
1186.450600
1186.509200
1186.818633
1186.977867
1187.136033
1187.164233
1187.393000
1187.546767
1187.808033
1188.506500
1188.782033
1189.101900
1189.346467
1189.884667
1190.220133
1190.422000
1190.765233
1190.831933
1190.913567
1191.118100
1191.198500
1191.766100
1192.179467
1192.627133
1192.754900
1192.930267
1193.076300
1193.156000
1193.158300
1193.235100
1193.323967
1193.554833
1193.563333
1193.795933
1194.132300
1194.332067
1194.400400
1194.592567
1195.463333
1195.647633
1196.129633
1196.227733
1196.610833
1196.651367
1196.925233
1196.949600
1197.003933
1197.229567
1197.247200
1197.568100
1197.689167
1198.022500
1198.299633
1198.490133
1198.671467
1198.689367
1198.996133
1199.181867
1199.700433
1199.759667
1199.904400
1200.535800
1200.611933
1200.866700
1200.924400
1200.987833
1200.994400
1201.207167
1201.262067
1201.348867
1201.706333
1201.933800
1202.021800
1202.291433
1202.309400
1202.724767
1202.911367
1202.943867
1203.415300
1203.459667
1203.578800
1203.697267
1203.746733
1203.840433
1204.198267
1204.335900
1204.845533
1205.051467
1205.110200
1205.533267
1206.641133
1207.254200
1207.849700
1207.914567
1207.984800
1208.290700
1208.730700
1208.995700
1209.222267
1209.278367
1209.363500
1209.389000
1209.535267
1209.772500
1209.806033
1210.436933
1210.444967
1210.841333
1211.267167
1211.437333
1211.813833
1211.852233
1211.867667
1211.881133
1212.034300
1212.348300
1212.482733
1212.601867
1212.674533
1212.939233
1213.213700
1213.317033
1213.899600
1214.275733
1214.441733
1214.653600
1214.757067
1215.194600
1215.729033
1216.284333
1216.445433
1217.346533
1217.614867
1217.987067
1218.762100
1218.893000
1218.941933
1219.247400
1219.662233
1219.688033
1220.031400
1221.152433
1221.688100
1222.003700
1222.031433
1222.135467
1222.298900
1222.633000
1222.790633
1222.906367
1222.991067
1222.997800
1223.201467
1223.216933
1223.470167
1223.636567
1223.748667
1223.944200
1224.011067
1224.116333
1224.160133
1224.295600
1224.982067
1225.114933
1225.188533
1225.754067
1226.252400
1226.310500
1226.702067
1226.866633
1226.901933
1226.956833
1227.179967
1227.504633
1228.760500
1228.823767
1228.955667
1229.297500
1229.346133
1229.427833
1229.955567
1230.077133
1230.092133
1230.435333
1230.820400
1230.996067
1231.058867
1231.600533
1231.709533
1231.789267
1231.801533
1231.973200
1232.143733
1232.408833
1232.763967
1232.852800
1232.882100
1233.109767
1233.243067
1234.086300
1234.672300
1234.898567
1235.060000
1235.171767
1235.632333
1235.757833
1235.781933
1235.839233
1235.857933
1238.916200
1239.219500
1239.507000
1239.584600
1239.971033
1240.033767
1240.057633
1240.303867
1240.491967
1240.556733
1240.802100
1241.115967
1241.393700
1241.509400
1241.773067
1241.841933
1241.965667
1242.295233
1242.494333
1242.548100
1242.993800
1243.271933
1243.433133
1244.003167
1244.062000
1244.097500
1244.480700
1244.837233
1244.929133
1245.003100
1245.245367
1245.702533
1245.759267
1245.882467
1246.074967
1246.377867
1246.719267
1247.055033
1247.274400
1247.365233
1247.697833
1247.875167
1248.940967
1248.960600
1249.183700
1249.263033
1249.371433
1249.381567
1249.397833
1249.603633
1249.732300
1249.853800
1249.893633
1249.916167
1250.132933
1250.181833
1250.258133
1250.320000
1250.436167
1250.482633
1250.575800
1250.629933
1250.796133
1250.855600
1251.011300
1251.337600
1251.463667
1252.049167
1252.077700
1252.537633
1253.745600
1254.198033
1254.274667
1254.330600
1254.575600
1254.773333
1255.824100
1256.047267
1257.163667
1257.396300
1257.450700
1257.684100
1257.788500
1257.897867
1258.222300
1258.285700
1258.448100
1258.567167
1258.620667
1259.288000
1259.326933
1259.392733
1259.643400
1261.093267
1261.283433
1261.733167
1261.819033
1262.130833
1262.196300
1262.259200
1262.529400
1262.994100
1263.465667
1263.749967
1264.087567
1264.961367
1265.874867
1266.303833
1266.413967
1266.583333
1266.613433
1266.955233
1267.644867
1268.500867
1268.689800
1269.284767
1269.610800
1269.642400
1269.646233
1269.770433
1269.810300
1270.477600
1270.743467
1271.528733
1271.630967
1271.666700
1271.699467
1271.823267
1271.930700
1272.334467
1272.446733
1272.567000
1273.020700
1274.190867
1274.336467
1274.445533
1274.508033
1274.527400
1274.540300
1274.787200
1274.821667
1274.830433
1274.864533
1275.166667
1275.238900
1275.273833
1275.353167
1275.540333
1275.593967
1276.666667
1277.460167
1277.668000
1277.793567
1277.945033
1278.075500
1278.220400
1278.518233
1278.747767
1279.032600
1279.243300
1279.480533
1279.656767
1279.907967
1280.249900
1280.413500
1280.432767
1280.613433
1280.653567
1280.698533
1280.887867
1280.988533
1281.054000
1281.327933
1282.073567
1282.234567
1282.377267
1282.638967
1282.644500
1282.939367
1283.312300
1283.985733
1284.476833
1285.140300
1285.234767
1285.276367
1285.544033
1286.128800
1286.812867
1286.882833
1286.903533
1287.578933
1287.591633
1287.677100
1287.680800
1287.739400
1288.036900
1288.311400
1288.371300
1288.967333
1291.047167
1291.271867
1291.422033
1291.557233
1291.714500
1292.031767
1292.925100
1293.518600
1293.582967
1294.034467
1294.058400
1294.112167
1294.209900
1294.246800
1294.627900
1294.800633
1295.072767
1295.272100
1295.351333
1295.361100
1295.478033
1295.616900
1295.756967
1295.912333
1296.330233
1296.467700
1296.633333
1296.867100
1297.271033
1297.403733
1297.477667
1298.087233
1298.953333
1298.969400
1298.986933
1299.341533
1299.398767
1299.555800
1299.842333
1300.812267
1300.834267
1301.053333
1301.380600
1301.402000
1301.606100
1301.756033
1302.099133
1302.293733
1302.507200
1302.560433
1302.631033
1302.639300
1303.025467
1303.221100
1303.285567
1303.440200
1303.552400
1303.741133
1303.870133
1303.919633
1303.974333
1304.123733
1304.269833
1304.387500
1304.632800
1304.778133
1305.907667
1306.323200
1306.409667
1306.709133
1306.888533
1307.104700
1307.191333
1307.262267
1307.321133
1307.371067
1307.415867
1307.769867
1307.800733
1307.888700
1308.022900
1308.078967
1308.113800
1308.576467
1308.702733
1308.845000
1308.962767
1309.024500
1309.065033
1309.179233
1309.389467
1309.423700
1309.486967
1309.690833
1310.559867
1311.618967
1311.960200
1312.085767
1312.438300
1313.672433
1313.775400
1313.947800
