0.182867
0.344500
0.956900
1.193067
1.636733
3.242000
3.503267
3.818767
4.067233
4.407733
4.611733
4.892867
5.146300
5.839867
5.910167
5.983733
6.264233
6.561467
6.730100
6.954200
7.034100
7.601833
7.679733
7.864700
8.072867
8.174433
8.213700
8.370500
8.549667
8.765367
11.677833
11.954767
11.999933
12.059367
12.676500
12.772900
12.989433
13.386667
13.484967
13.618867
13.777267
13.913933
13.927700
13.976833
14.448300
14.491033
14.512067
14.796567
15.015033
15.768633
16.209567
16.486867
16.773967
16.952667
17.041000
17.055667
17.067400
17.177033
17.355967
17.609300
18.636100
18.967267
19.032067
19.736533
20.221133
22.685700
24.636067
25.200733
27.374467
27.405400
28.949400
29.214700
30.231200
31.013667
31.698367
32.130300
32.773600
32.968433
34.414233
34.560500
34.905467
35.093933
35.120033
35.196833
35.230633
35.671100
36.056400
36.240800
36.745833
37.733867
37.875033
38.622833
38.813300
38.991600
39.000467
39.093867
39.539933
39.925233
39.931333
40.014767
40.066400
40.391000
40.822167
41.624333
41.879333
42.105133
42.488700
43.027367
43.069767
43.482400
44.216867
44.407967
44.931633
44.993500
45.107600
45.188133
45.832833
45.899933
47.799300
48.087567
48.371867
48.597067
49.113833
49.941067
50.187367
50.389200
50.488467
50.690067
50.904900
51.045067
51.150200
51.191800
51.512267
51.576900
51.760533
53.747967
54.029600
54.113233
54.316700
54.795067
55.131233
55.336700
55.379133
55.446400
56.342100
56.651633
56.939200
57.190633
57.820833
58.395900
59.141800
59.604767
60.034400
60.431400
60.642600
61.619367
61.759333
63.640900
63.753600
64.612400
64.753800
64.812700
65.190167
65.292767
65.446167
65.500167
65.714933
65.749800
66.000100
66.314767
66.659867
67.370100
67.429200
67.652900
67.977733
68.613667
68.659567
68.731700
68.869300
69.239500
69.839200
70.335800
70.372800
70.564167
70.823800
71.000300
71.080400
71.487167
71.526433
73.122800
73.167600
73.415067
73.449000
73.788833
73.991333
74.251633
74.364700
74.424700
74.462200
75.490300
76.393700
77.306600
77.482867
77.574933
77.919867
77.991300
78.126100
78.719600
79.636500
79.685400
79.981433
81.267200
81.591867
81.926300
82.025567
82.062300
82.249133
82.358567
82.570567
82.961967
83.006400
83.079333
83.844433
86.109700
86.262000
87.054567
87.178867
88.719000
89.233133
89.364667
89.719133
90.185367
91.426167
92.604733
93.977967
94.454600
94.500867
94.721167
95.910900
96.559767
96.920233
98.502900
98.615233
98.639067
98.687333
99.135400
99.294433
100.008767
100.255467
100.725267
101.387367
101.650833
102.077900
102.262600
102.344600
102.946367
103.024500
103.043500
103.060600
103.601667
103.701567
104.301800
104.573200
104.692000
104.842833
105.514433
105.555267
105.919000
105.940367
106.012800
106.131400
106.161300
107.004100
107.151067
107.200433
107.272833
107.306033
108.061500
108.919300
109.064633
109.242500
109.478900
110.000267
110.186133
110.290567
111.338300
111.413133
111.527667
112.019833
112.340200
112.692800
112.865433
113.112167
113.171067
113.277067
113.500067
113.838567
114.381000
114.443467
114.639233
114.792233
115.045233
115.270467
115.351733
115.446967
115.794033
116.216033
117.563367
118.842633
118.991433
119.078067
119.097267
119.244167
119.467233
119.517433
119.573900
119.969100
120.380200
120.994233
121.366433
121.384267
121.635933
121.732167
121.873933
122.179133
122.203067
122.377333
122.481633
122.544100
122.611233
123.269833
123.475067
123.837167
124.093767
124.470300
124.520600
124.705700
124.921433
125.239800
125.366067
125.858300
125.925567
125.946500
126.520533
126.791033
127.739667
129.181167
129.281333
129.358700
129.363167
129.405667
131.506600
132.159100
132.221633
132.806000
132.964467
133.441333
133.669533
134.049733
134.298333
134.494633
134.589100
134.636267
135.140733
135.178233
135.267200
135.338500
135.399200
135.450133
135.490167
135.671733
135.740133
136.244233
136.277467
136.383167
136.491867
136.704433
136.807433
137.063900
137.794600
138.057333
138.291233
138.786833
139.732967
140.365633
140.586367
140.675633
141.302067
141.394600
142.301900
142.363200
142.670267
143.233867
143.251733
143.961467
144.192433
145.211300
145.290533
145.425967
145.510767
145.530267
145.544600
145.771967
147.132133
147.444800
147.948600
148.084767
148.119800
148.311933
149.284633
149.481467
149.653133
149.982200
150.113733
150.599967
150.654933
150.935333
152.269733
153.347600
153.590533
153.831967
154.072133
154.247133
154.735333
154.882100
155.006667
155.873267
156.368633
156.621900
156.803400
156.856633
156.932433
157.102633
157.464200
157.714700
157.757100
157.817000
158.017967
159.012067
159.940267
160.805833
161.170500
161.702000
162.733133
163.261667
164.217900
164.949167
165.304733
165.957433
165.978800
166.011667
166.232333
166.427333
166.632633
166.927933
167.235900
167.449200
167.538300
167.646667
167.677067
168.126233
168.655967
169.040867
169.285167
169.484767
169.764500
169.778267
169.802300
170.173967
170.315867
170.438567
170.452367
170.811967
170.924467
171.192600
171.440233
171.769667
171.925333
172.264333
176.261733
176.311533
176.519033
176.683267
177.087133
177.154333
177.863567
178.280333
182.610600
182.700933
183.394433
183.438733
183.618567
184.882900
185.028567
185.598267
185.666233
187.169367
187.336167
188.873700
188.888167
188.941800
189.302667
189.632967
189.877267
190.855867
190.981567
191.550367
191.994167
192.297333
192.608900
192.672933
192.808400
192.967767
194.351900
194.511167
194.730400
194.848367
194.948400
195.040400
195.414267
196.600867
196.691100
196.910533
197.471267
197.561467
197.749533
199.028533
199.977533
200.400867
201.349700
201.540667
201.833500
201.854800
201.894033
202.825767
202.971733
203.048867
203.724467
203.748433
204.245200
204.324533
204.891367
204.912667
205.438467
205.577967
205.602667
205.703733
205.740533
205.863967
206.267200
206.808967
206.986833
208.267667
209.126233
209.601833
209.862767
210.073400
210.320867
210.605567
211.520333
211.850333
211.933300
212.263200
212.328600
213.120800
213.522667
213.954200
214.123200
214.169100
214.539333
214.809033
215.559367
215.963900
216.884600
217.061533
217.178933
217.372967
218.297533
219.258200
219.323267
219.361333
220.863567
221.388500
221.632300
221.671200
222.139067
222.321833
222.410000
222.446967
223.310233
223.780333
223.898100
224.478933
224.643233
224.847700
224.896500
224.966400
225.437367
225.498133
225.837933
225.922600
225.925800
225.998200
226.358733
226.728033
226.830600
226.942833
226.974133
227.336100
227.520233
227.533833
227.549333
227.602833
227.640567
227.808000
227.870667
228.278967
228.515600
228.534400
229.028367
229.033867
229.074700
229.374700
229.784533
229.807967
229.855067
230.636333
230.677033
230.809567
230.833867
231.653800
232.701033
233.501867
233.583567
233.734367
234.332167
235.162900
235.436233
236.051833
236.349067
236.457867
236.644567
236.855567
237.215700
237.447533
237.649300
237.870233
237.890433
237.915067
238.048800
238.073533
238.094500
238.207667
238.327300
238.476967
239.243667
239.279600
240.504033
240.985967
241.471900
241.718433
241.901300
242.510567
242.848767
242.879133
243.040267
243.199967
243.490233
243.546667
243.578867
244.175367
244.462600
244.521033
244.616567
245.115500
245.546200
245.746000
245.979800
246.186067
247.029133
247.153067
247.562333
247.673933
248.695433
248.754400
249.679133
249.753700
250.137100
250.320900
250.523833
250.655500
250.718000
250.751233
251.485533
251.877600
251.959400
252.028133
252.422100
252.989600
253.294833
253.777467
253.969967
254.047600
254.461033
254.615233
254.823433
256.043400
256.704567
257.171067
257.571000
258.886500
258.992000
259.007767
259.307900
259.402133
260.092633
261.023600
261.115533
261.560600
262.157033
262.550033
262.600200
264.290700
264.649433
265.064833
265.281033
265.873400
266.552433
266.928533
267.601567
267.842133
268.225033
268.380333
268.427200
269.336300
269.620933
270.175133
270.772067
271.046667
271.148567
271.252633
271.443367
271.533967
271.784500
271.830500
271.878800
271.902333
272.036133
272.057933
272.125033
273.192867
273.263900
273.270200
273.710733
273.754567
274.238100
274.298033
274.354000
274.584700
274.864333
275.027633
275.178533
275.266167
275.618600
275.674767
275.757867
275.778900
275.800733
275.827467
275.850067
276.332467
276.610367
277.053400
277.374300
278.080733
278.213600
278.410567
278.729167
279.130800
279.175433
279.245067
279.852933
280.192667
280.434267
280.731567
281.233767
281.426533
281.558733
281.996167
282.014867
282.243400
282.663300
282.847567
283.015333
283.052633
283.168933
284.249533
284.494267
285.186933
286.169100
286.486367
286.709500
287.108067
287.125733
287.295167
287.337933
287.478533
287.509733
287.527033
287.748600
287.926700
288.140400
288.793500
288.844633
290.037900
290.149033
290.176367
290.806567
290.851633
290.945667
291.111700
291.180800
291.327967
291.407533
291.756067
291.827433
292.165500
292.919967
293.346433
293.818900
294.408667
294.660000
294.955367
295.041133
295.152900
295.337800
295.766700
296.191333
296.345167
296.453967
296.650900
297.746467
298.138333
298.599767
298.696967
299.435267
299.706400
299.805933
300.331467
301.871900
302.805400
302.970233
303.292500
303.391800
304.062000
304.334333
305.096800
305.222000
305.622600
306.021367
306.062900
306.363533
308.090900
308.117600
308.352500
308.864867
309.124800
309.196800
309.254667
309.592533
309.707500
310.050567
310.710800
310.760367
310.885900
311.219100
311.676933
311.846433
312.097033
312.639933
312.684600
312.722100
312.903233
314.341333
314.356267
314.561100
314.648267
314.689767
314.886300
314.903300
315.382333
315.673367
316.553933
316.592300
316.723600
316.909600
316.994900
317.329000
317.439700
317.523500
317.662300
318.662133
319.006367
319.490533
319.538367
319.818500
320.413633
320.639933
320.911700
321.954100
322.125100
322.214900
322.393400
322.516333
322.554367
322.607433
322.998400
323.051900
323.423667
323.755133
323.858067
324.108600
324.425233
324.476267
325.061333
326.129233
326.339733
326.738867
326.961300
327.370267
327.561167
327.701833
327.910300
328.005233
328.114733
328.776367
328.849900
328.962067
329.340433
329.978767
330.045400
330.124667
330.228700
331.207533
331.734667
331.956467
332.568300
332.647733
332.858200
332.991033
333.031233
333.902533
333.948000
335.223533
335.233200
335.264467
335.312100
335.431200
335.529067
335.580733
335.709567
336.044633
336.145633
336.574600
336.630667
336.659300
336.744300
338.228967
338.292167
338.561933
338.711800
339.109100
339.246167
339.262067
339.656133
339.920200
339.955800
340.000933
340.012633
340.187367
340.208100
340.253467
340.408500
340.432833
340.814967
340.973967
341.385133
341.685167
341.722200
341.784500
341.967800
342.091300
344.034067
345.610800
345.821867
345.919467
346.262667
346.382467
349.523467
349.662700
349.874800
350.426500
350.508867
350.560333
350.588067
351.727700
351.762867
352.362233
352.913533
353.856100
354.989267
355.080667
355.635700
356.209167
356.308567
356.474167
356.546467
356.757733
357.117567
357.337167
357.978567
357.981267
358.411400
359.003267
359.146933
359.192800
359.302200
361.196733
361.379567
361.945433
362.216400
362.863300
363.987067
364.027967
364.634433
364.862967
365.156067
365.417100
365.456267
365.667767
366.763867
366.840467
366.966833
367.316100
367.482300
367.723467
368.472467
369.002533
369.335533
369.440200
370.063533
370.104667
370.177733
370.220800
370.502467
371.016133
371.326133
371.568900
371.764567
372.685233
375.166667
375.277533
375.456733
375.964033
376.015033
376.041267
376.170300
376.401767
376.470533
376.896667
378.036300
378.194300
378.360567
378.428600
379.047833
379.246200
379.370500
379.571400
379.821567
379.963300
380.276833
380.351300
380.564433
380.709167
380.773900
380.862033
380.953100
380.992967
381.133167
381.217800
381.318700
381.472500
381.629800
382.007633
382.080600
382.213667
382.381000
382.406567
382.435700
382.513233
382.755733
383.469033
383.588700
383.608067
383.717000
384.072200
384.232800
384.348500
384.661700
384.766200
384.881367
386.429967
386.523233
386.645200
387.433233
387.468067
387.609400
387.960633
388.176867
388.256467
388.659300
388.972300
389.014867
389.373433
389.611933
389.852033
390.121400
390.448333
390.498400
390.588233
391.110867
391.246233
391.666633
391.862400
391.872900
392.076167
392.611900
392.718667
392.780867
393.498133
394.011933
394.397600
394.648933
394.676733
395.245233
395.279433
395.690567
395.719133
395.747733
396.709033
396.800133
396.831233
396.897667
396.918867
397.341533
397.392867
397.496600
397.981967
398.125167
398.253200
398.643667
398.729667
398.962267
399.113867
399.141133
399.167567
399.443667
399.521333
399.628967
400.395100
400.583800
400.618733
400.885733
401.410067
401.921733
402.178633
402.237300
402.425767
402.596267
402.810967
402.948533
403.254900
403.316100
403.396533
403.890067
403.976200
404.429767
405.523700
405.585900
405.662467
406.712833
407.189667
407.268333
407.781233
407.977867
408.556667
409.285833
409.869100
410.873033
411.093833
411.381300
412.083067
412.119967
412.173567
412.211600
412.880733
413.115367
413.292967
413.402467
413.639133
413.739633
413.768633
413.910667
414.252767
414.520833
414.571900
414.968833
414.998467
415.273200
415.533400
416.003200
416.136900
416.446667
416.660633
416.678233
416.750867
417.166767
417.198200
417.389467
417.516467
417.766000
417.818133
417.933300
417.993933
418.250433
418.575333
418.827567
418.962767
419.434167
419.516867
419.619467
420.894567
421.350267
423.174800
423.979933
424.362200
424.402633
424.589100
424.604833
424.763667
425.025400
425.275167
425.607000
425.675467
425.736267
425.850067
426.124700
426.415300
426.500800
426.666800
427.574800
427.987100
428.079467
428.115900
428.203400
428.329867
428.744867
429.278667
429.345200
429.417167
429.590100
429.619833
429.802133
429.854967
430.044433
430.440167
430.613667
430.660833
430.949300
430.987700
431.495867
431.738200
431.976400
432.053400
432.122167
432.173733
432.623500
432.998200
433.216933
433.257100
433.957667
433.986133
434.053367
434.147700
434.432567
434.608500
434.629833
434.964000
434.987400
435.113900
435.158367
436.106967
437.706933
437.729433
437.758033
437.824300
437.881367
438.450967
438.524433
439.315700
439.662167
439.884900
440.334100
440.590600
440.662033
441.044200
441.808367
442.022533
442.075367
442.119367
442.780000
443.331900
443.475867
444.159167
444.310400
444.564100
444.749833
444.805967
445.483333
446.034100
446.201033
447.090767
447.452700
447.602133
448.492233
448.730733
448.960933
449.074667
449.230133
449.333600
449.613200
449.714767
449.823767
450.002500
450.708667
450.730333
451.033433
451.615300
451.997400
452.051467
452.094500
452.282500
452.426567
452.577800
453.577000
453.957667
454.091433
454.157633
455.296500
455.633467
455.697367
455.754467
456.539967
456.957000
456.997567
457.286333
458.752567
458.815633
458.838633
459.478333
459.942100
460.222833
460.313767
460.647733
460.837133
460.937433
460.982233
461.825900
462.938667
463.104367
463.296200
463.776867
464.270633
464.428067
464.439433
464.672267
464.729500
464.776733
465.053000
465.365433
465.447267
465.626100
465.717333
466.545600
466.614300
466.789267
466.860200
466.867967
466.946000
467.326300
467.364833
467.535567
467.607867
467.895400
468.295800
468.340900
468.528600
468.625233
468.883467
468.965833
469.095667
469.528000
470.322967
470.420867
471.299267
472.027000
472.739900
472.987100
474.446133
474.601333
474.796967
474.931833
475.329733
475.620500
476.072733
476.644100
476.785867
476.835167
477.673867
478.383733
478.654833
478.758600
478.926133
478.955933
479.129500
479.204300
479.338967
480.180033
480.216267
480.346667
480.856467
482.519567
482.762400
483.356567
483.685400
483.713067
484.642133
484.749400
485.554833
485.812633
487.300767
487.336633
487.720033
488.322433
488.384733
488.405533
489.406233
489.479467
489.715733
489.786500
490.028833
490.114767
490.868500
491.455233
493.474167
493.779533
493.886900
494.901467
495.537000
495.666333
495.676200
495.791733
495.815700
495.986867
496.202033
497.302267
497.687133
497.886167
498.194533
498.398233
498.478933
498.961833
498.973800
499.125167
499.921800
501.828100
502.056533
502.556867
502.682500
502.716233
503.010067
503.129733
503.493567
503.926567
504.340567
504.407867
504.462933
504.571167
504.601367
504.616100
504.762400
505.636800
506.121167
506.186033
506.292733
507.124333
507.257067
507.349000
507.597167
508.217967
508.844200
508.987900
509.028867
509.108800
509.174633
509.843233
509.888233
509.894833
510.411600
510.645967
510.777567
510.899667
511.557533
511.867000
511.957667
512.030633
512.363467
512.599900
513.467000
513.501533
513.525033
513.570367
513.761533
514.122067
514.443367
514.671800
514.816233
514.923167
515.379067
515.623800
515.707800
515.841533
516.184300
516.283933
516.370967
516.431433
516.559267
517.119867
517.488000
517.736967
517.824300
519.181333
519.330267
519.451033
519.540833
519.744700
519.811267
520.024333
520.031800
520.348267
520.547367
520.647600
520.737300
520.760200
520.911167
521.032633
521.155033
521.343933
521.558133
522.517100
522.709133
522.971967
523.534133
523.831033
524.352767
524.397633
525.576700
525.666667
525.737333
526.096300
526.938367
527.085833
527.333600
527.540400
527.801767
528.165833
528.553833
528.696600
529.102100
529.229400
529.245533
529.725933
529.836533
529.866367
529.881167
530.233867
530.713100
530.725433
531.023167
531.067267
531.114300
531.628633
531.685633
531.921200
531.964400
532.028100
532.086233
532.349767
533.025633
533.143133
534.186200
534.567867
534.711167
534.837700
535.083033
535.779567
535.836500
536.706567
536.871400
536.933133
537.011200
537.243567
537.820567
538.493867
538.846633
539.222133
539.593500
539.609100
539.626967
539.704333
539.962633
540.137033
540.512667
541.118333
541.279933
542.516767
542.576633
542.684467
542.844800
543.078233
543.173767
543.395133
543.523467
543.681667
543.767700
544.308200
544.349567
544.522300
544.613767
544.643600
545.495033
545.568167
545.935133
546.197133
547.464467
547.620100
547.682333
547.903867
547.939567
547.973467
548.019600
548.083267
548.286567
548.361967
548.604667
548.731033
548.830533
549.148500
549.551333
549.623000
550.141600
550.144667
550.302133
550.342600
552.119133
552.826667
553.079867
553.735833
553.775700
554.009300
554.050100
554.224900
554.354400
554.770433
556.457200
556.520433
556.574067
556.680867
556.914800
557.098467
557.172867
557.182333
557.725467
557.824067
558.282400
558.842867
559.389433
559.927033
560.502267
560.624733
561.207500
561.441500
562.888733
563.041133
563.155233
563.371500
563.450300
563.484200
563.638667
563.779033
563.992067
564.221900
564.278567
564.297400
564.730700
565.022400
565.188367
565.349700
565.415100
565.534500
565.647400
565.787433
565.825800
566.074467
566.130467
566.142267
566.608433
566.695633
566.917933
566.958533
566.992267
567.175067
567.339800
567.634733
567.701933
568.068933
568.086833
568.135267
568.481267
568.646400
568.742833
569.085333
569.665833
569.724100
569.961800
570.490900
570.682833
570.879000
571.565000
571.789033
571.843400
572.880333
573.798200
574.247800
574.539533
574.720600
575.190000
575.308367
575.341500
575.365333
575.499267
575.646267
575.742967
576.237667
576.271700
576.291433
576.650167
576.740533
576.803100
576.823300
576.853333
577.508767
578.041867
578.644800
578.792067
578.889900
579.167333
579.461800
579.664900
579.717800
580.252567
580.255900
581.386700
582.633433
582.690967
582.914600
583.308700
583.724233
583.927033
584.439700
584.984767
585.039900
585.312100
585.402300
585.658533
586.447667
586.573200
586.617833
588.018800
588.813000
588.889700
589.928333
590.356267
590.512667
590.581233
590.894400
591.103667
591.621033
591.898500
592.227167
592.942033
592.971600
593.027367
595.019267
595.111133
595.385400
595.717700
596.014600
596.802633
597.118533
597.514967
598.015267
598.046067
598.072300
598.548333
598.631733
598.712033
598.901300
598.949300
599.043567
599.268900
599.403933
599.456033
599.555533
600.191300
600.349767
600.596067
601.213967
601.289333
601.314767
601.596600
602.394767
602.486967
602.638633
603.028567
603.062167
603.090033
603.321900
603.444433
603.626567
603.671700
603.750067
603.850000
603.886333
603.948000
604.238033
604.369700
604.748267
605.062467
605.882867
605.955400
606.105967
606.644267
607.112667
607.179633
607.193100
607.221333
607.649800
607.752167
607.844333
607.852800
607.892233
607.976567
608.754867
609.190100
609.395967
610.706233
611.043533
611.906667
612.569233
612.630933
612.993867
613.199033
613.724433
614.042300
614.088300
614.232900
614.253200
615.076400
615.619833
616.193933
616.987033
617.101467
617.164900
617.232933
617.494433
617.664800
617.793900
617.821700
617.921667
617.944133
617.990233
618.155267
618.230667
618.306300
618.500467
618.599567
618.779300
619.145267
619.683967
620.127133
620.322200
620.538000
620.570833
621.817233
621.838833
621.886667
621.912467
621.967300
622.250867
622.457133
622.574333
622.881533
623.831133
624.382400
624.489100
624.608067
624.847133
625.410700
626.762933
627.051500
627.704167
627.788333
627.856633
628.055267
628.732300
628.878367
628.972800
629.370367
629.845133
630.123300
630.168767
630.434600
630.715800
631.111500
631.579867
631.904500
632.561733
632.709067
633.152600
633.392300
633.472467
633.520433
633.573767
633.615767
634.385133
634.494733
635.039000
635.150633
635.518033
635.722600
636.243200
636.387600
636.502133
636.654700
636.723867
637.624833
637.792100
637.854867
637.927400
638.120833
638.441667
638.576433
638.891967
639.118567
639.369133
640.059267
640.326900
641.276567
641.489067
641.785033
641.799500
641.921400
641.949233
642.022733
642.298167
642.407033
642.572000
642.591633
642.873600
643.055433
643.243967
643.626833
643.652400
643.819433
643.837967
643.909333
644.994267
645.095433
645.227967
646.128967
646.146400
646.414067
646.472033
646.614533
646.830100
646.876833
647.118167
647.144433
647.168467
647.197733
647.328033
649.335300
649.666000
650.529067
650.874833
650.893000
651.693400
651.912733
651.981233
652.038033
652.086467
652.186833
652.694467
653.445200
653.596300
653.638733
653.655800
653.736200
653.766767
653.851567
653.914733
653.993433
654.156867
654.434100
654.694433
654.800400
655.039600
655.199633
655.530433
655.733500
655.761700
656.043800
656.852667
657.366400
658.268200
658.302933
658.355067
659.136100
659.489467
659.717667
659.787000
659.988933
660.004500
660.748633
660.853133
660.887867
661.009133
661.686633
661.784333
662.123700
662.159500
662.208500
662.263900
662.486433
662.641933
663.277333
663.457233
663.999133
664.332133
664.551767
664.570267
664.987667
665.125700
666.160133
667.345333
667.488333
667.603467
667.675500
668.051733
668.751600
668.905533
668.929767
669.355767
669.488133
669.678500
670.192700
670.261400
670.298533
670.421700
670.598700
670.663600
670.689533
671.099300
671.273967
671.414567
671.519733
671.796333
671.839367
671.876567
671.954467
672.121933
672.658333
672.934800
673.266233
673.378267
673.542800
673.793967
673.997400
674.244167
674.499200
674.601133
674.656000
674.718567
675.812300
675.921233
678.551167
678.899933
678.921033
679.827667
679.917500
680.086367
680.344667
680.475767
680.546267
680.603600
680.662567
680.682567
680.753033
680.853333
680.876467
680.943000
681.157333
681.301467
681.380433
681.450133
681.602467
681.695167
681.872800
681.928100
681.945233
682.919400
683.232500
683.707633
683.907533
684.024800
684.124167
684.178333
684.315767
684.468400
684.586067
684.689267
684.837967
684.985333
685.010633
685.507867
686.108700
686.294400
687.587633
688.262167
688.683000
688.759933
688.990100
689.156767
689.420633
689.630367
689.752933
690.015000
691.061500
691.091233
691.938500
692.100933
692.567900
692.586467
692.636200
693.519433
694.004200
694.414900
694.521533
694.846100
694.925533
695.335867
695.398400
695.543600
695.762700
696.266800
696.301933
696.557100
697.130733
697.155867
697.242233
697.341633
697.980267
698.032933
698.656433
698.768733
698.867400
698.997667
699.032033
699.424733
699.847500
700.495900
700.634333
700.655467
700.899833
701.051333
702.358067
702.718033
702.892800
702.904267
703.133600
703.982033
704.097933
704.194567
704.325200
704.673467
705.078833
705.113867
705.129600
705.555700
705.896700
705.988767
706.971733
707.802433
707.973167
708.366733
708.439667
709.208500
709.339800
709.517100
709.563033
710.097867
710.341167
712.415067
714.920367
714.940567
714.944700
715.180967
715.235600
715.526000
715.737933
715.846533
715.925200
716.009200
716.525067
716.953300
717.263467
717.329467
718.470533
718.850300
719.019467
719.600333
719.825300
719.991033
720.099400
720.309267
721.942133
723.294967
725.644700
725.730900
726.999367
727.027700
727.063333
727.275767
727.329133
727.623567
727.691933
728.761667
729.657400
730.104800
730.520200
730.531500
730.695767
731.327933
731.596500
731.629900
732.304067
732.380367
732.406267
732.593133
732.971500
733.025767
733.746767
733.848267
734.086733
734.102700
734.220600
734.323400
734.520933
734.678533
734.777733
735.108067
735.567000
735.880600
735.924800
736.125667
736.565100
736.700267
736.997967
737.137100
737.322300
737.425000
737.573833
737.926233
738.100167
738.349100
738.469600
738.601000
738.624133
738.911400
739.382500
739.638133
739.687667
739.822333
739.995767
740.122400
740.145800
740.258133
740.275733
740.346733
740.442633
740.501733
740.554633
740.574233
740.678767
740.881200
741.065000
741.227667
742.018100
742.210500
742.565567
742.691467
742.760500
743.126900
743.249833
743.469933
743.951700
744.383800
744.394200
744.624567
745.067033
745.133567
745.546000
745.749067
745.832067
745.885500
746.079933
746.286800
746.581200
746.835567
746.905900
747.095467
747.170800
747.186033
747.298733
747.367800
747.409567
747.659800
747.850667
747.969500
748.012300
748.077067
748.254333
748.515533
748.534967
748.550933
748.862833
749.200200
749.627967
750.016300
750.465867
750.709367
751.120333
751.454233
751.962533
752.948533
753.053533
753.338300
753.496433
753.523467
754.233933
754.778833
755.282367
755.399233
755.826900
755.880267
756.144067
756.325900
756.380300
757.027333
757.558867
758.217500
758.255333
758.390167
758.737133
758.791567
758.937700
758.975900
758.994467
759.499700
759.699900
759.742333
759.807400
759.820033
759.856867
760.068767
760.873433
761.092367
761.311200
761.698767
761.848867
762.064867
762.143800
762.199800
762.234900
762.263667
762.830767
762.937267
763.019567
763.125733
763.144800
763.556400
764.682100
765.348500
765.444833
765.506267
765.641633
765.769500
766.391767
767.486900
767.570000
767.638300
767.922167
768.407267
768.459567
768.605600
768.761967
768.968267
769.262533
769.896600
771.207133
771.474300
771.539567
771.673600
771.743833
771.900200
772.088567
772.559733
772.850700
772.969967
772.986633
773.025400
773.068033
773.124467
773.146167
773.215467
773.231300
773.262067
773.580600
773.637100
773.653867
773.673200
773.694267
773.985233
774.220800
774.334133
774.351933
774.444067
774.639300
775.409667
775.896800
775.965933
776.119933
776.290900
776.375267
776.567833
776.643800
776.665933
776.688833
777.415767
777.745300
778.379933
778.468300
778.643300
779.298833
779.740333
779.760000
780.484800
780.545133
780.558033
781.864267
781.995433
782.069467
782.109600
782.190733
782.789267
783.021267
783.168967
783.556400
783.895700
784.023233
784.106067
785.153400
785.355400
785.434767
786.225233
786.267767
786.312067
786.387900
786.778767
787.122733
787.213067
787.742433
787.828467
788.103600
789.529700
790.200267
790.260700
790.684667
790.706933
790.776167
791.706867
792.107800
792.225133
792.979533
793.269633
793.440067
794.070533
794.474433
794.667033
794.685133
794.996667
795.198100
795.235567
795.710433
796.312600
796.328533
796.380033
796.673200
796.726867
796.748833
796.758167
796.836967
797.173033
797.185400
797.217733
797.350933
797.437467
797.487367
797.591067
797.710933
797.798533
797.829000
797.845833
797.904267
798.046567
798.117967
798.180067
798.225900
798.748633
799.101167
799.145933
799.611067
799.658033
799.674900
799.731333
800.112167
800.132033
800.358000
800.506133
800.657133
801.260367
801.383667
801.579900
801.958100
801.977767
802.099633
802.161567
803.570000
804.383233
804.605100
804.799800
804.822033
805.022767
805.333133
805.594700
805.617500
805.760367
805.849967
806.295533
806.466967
806.755033
806.856000
807.213333
807.862933
808.086967
808.204933
808.606867
808.724067
808.922700
809.065200
809.117833
809.726300
810.950633
811.539833
811.698600
811.835400
812.029767
812.096667
813.098867
813.244567
814.182133
814.392533
814.428067
814.945700
815.127033
815.263133
815.284200
815.377900
815.472400
815.540367
816.049800
816.213267
816.763467
816.997300
817.131700
817.400933
818.054800
818.130667
818.546933
819.499767
819.755633
819.804300
819.840200
820.228533
820.257867
820.379700
820.400067
820.438467
820.689133
820.830933
820.921133
820.933467
820.952533
821.224333
821.423433
821.688667
822.104667
822.735667
823.597433
823.698900
823.771633
823.834333
824.149333
824.385600
824.593867
826.479733
827.276900
827.528033
828.034700
828.261167
828.970933
828.989800
829.041300
829.094333
829.383467
829.419167
829.451067
829.467133
829.662367
830.046733
830.070500
830.184733
831.370400
831.419567
831.678933
832.025667
832.282833
832.488633
832.644033
832.810833
832.872600
832.883300
832.940767
833.068533
833.190933
833.223567
833.292533
833.327900
833.371367
833.407967
833.424500
833.537400
833.554867
833.606400
833.634500
833.762733
833.910633
834.153000
834.337167
834.431767
834.794067
834.862533
835.438900
836.031700
836.102833
836.210933
836.239700
836.440400
837.117700
837.303033
837.850433
838.090200
838.214467
838.256633
838.320033
838.697167
838.837133
838.911700
838.941067
839.521967
839.633933
839.786667
839.829900
839.909533
840.124033
840.183933
840.544067
840.618433
841.262600
841.401800
841.451567
841.491467
842.068833
842.300667
842.467100
842.676800
844.484467
845.283633
845.721800
846.004400
846.211067
846.563867
846.931500
847.006733
848.454100
849.745933
850.424467
850.701500
850.795600
850.993167
851.054500
851.665567
851.939867
852.334167
852.644400
855.214000
855.406900
855.448933
855.906567
856.087667
856.456567
856.606900
856.654067
856.866833
856.938333
857.584700
857.994033
858.136333
858.154667
859.242267
859.380700
859.393333
859.729400
860.446433
860.941067
861.379833
861.447533
861.661100
861.740600
863.027733
863.066567
863.266100
863.406767
863.551800
863.641600
863.689967
864.078567
864.639333
864.671200
864.741833
864.863633
865.041033
865.053067
865.096533
865.348433
865.614100
865.675600
865.723200
865.739967
865.767300
865.788100
866.039167
866.294967
866.367233
866.434167
866.532833
866.571533
866.661400
866.701333
866.836267
866.941100
867.144200
867.492000
867.931467
868.139400
868.161533
868.798167
868.904467
869.093933
869.122167
869.267000
869.429800
869.636500
869.768067
869.799933
870.015100
870.338700
871.118567
871.147667
871.275433
871.537700
871.543800
871.586000
871.855667
871.881933
872.012367
872.139633
872.284567
872.359267
872.767967
873.084133
873.390733
873.815867
874.308033
874.459833
874.794700
874.829167
874.932767
875.126900
875.351833
875.394633
875.501033
875.604633
875.710900
876.753300
876.778467
877.330667
877.401867
877.540333
877.557400
877.832733
878.019067
878.633633
880.124800
880.737467
881.047167
881.571533
881.645267
881.940667
882.000433
882.044967
882.162467
882.260033
882.351367
882.452700
882.507733
882.635267
883.117433
883.551867
884.161467
884.520533
884.562800
884.900100
885.297400
885.598667
886.136867
886.494600
886.582167
886.698233
886.767000
887.192100
887.883033
888.575133
889.087433
889.269600
890.015467
890.067700
890.850067
890.893633
892.062267
892.438400
892.911700
893.339367
894.062400
894.672733
895.505733
895.925867
896.231733
896.577167
896.619867
896.782500
896.828200
897.272433
897.456133
898.588133
899.122800
899.238133
899.448500
900.041067
900.405633
900.752400
900.966100
901.062667
901.431333
901.460067
901.642933
901.666167
901.702300
901.949633
902.822967
902.901467
902.933433
903.172067
903.271733
903.429300
903.523833
903.635467
904.021933
904.090367
904.185633
904.486633
905.381800
905.449700
906.096400
906.838500
908.260700
908.305167
908.559333
908.670500
909.326600
910.136400
910.543067
910.613133
910.637367
911.232700
912.185567
912.272000
912.407300
912.755667
913.636433
914.002800
914.036400
916.075067
916.640033
917.019100
917.291733
917.879133
920.259500
920.720033
920.880567
921.791900
922.349500
922.598367
922.679600
923.095800
923.551133
923.587333
924.051933
924.454833
924.631033
924.841633
924.998833
925.330767
925.421767
925.579733
925.895967
926.185933
926.205367
926.556533
926.632000
926.992733
927.094167
927.392633
927.707433
927.745633
927.992033
928.341433
928.968800
929.124533
929.212300
929.280700
929.360033
929.615567
929.650100
929.741367
929.784500
929.905233
929.939267
930.432067
930.660200
930.702733
931.267900
931.579167
931.913000
932.953467
933.124733
933.188000
933.704533
933.750900
934.165633
934.204867
934.761200
935.699133
935.711867
936.100367
936.629800
936.903767
937.850967
938.686767
938.920833
940.214067
940.725500
941.698700
941.742600
941.773667
942.012733
942.147900
942.268900
943.392633
943.479300
943.849733
943.899533
944.235867
944.251667
944.705567
944.955200
945.037300
945.167900
945.345000
945.436100
945.747133
945.773600
945.800767
945.821100
945.981167
946.078567
946.164933
946.184700
946.279700
947.134667
947.307467
947.600300
947.726867
947.777133
947.822300
948.089133
948.254700
948.644267
948.672900
948.926100
948.958867
949.000933
949.156200
949.354767
949.671333
949.829933
949.914000
950.024500
950.063333
950.302933
950.672700
950.778933
950.873933
951.327900
951.358967
951.569533
951.585033
951.606933
951.761433
952.798733
952.904833
954.598067
954.687633
954.839500
955.423533
955.446567
955.501733
955.691267
955.774500
955.797667
956.408533
956.945000
957.162467
957.881767
958.073100
958.333967
958.415200
958.542033
958.575433
958.592333
958.734267
958.796400
959.836500
959.872067
960.042867
961.781167
962.201967
962.863333
962.908100
963.166333
963.389567
964.166533
964.265767
964.406267
965.021300
966.070467
966.266200
966.342367
966.672700
966.812333
967.455100
967.508933
967.687933
968.661833
968.824567
969.328267
969.480533
969.729833
969.948300
970.085733
970.394867
970.426367
970.543633
970.719167
970.754733
971.022667
971.381500
971.951433
972.168100
972.702667
972.899900
973.021800
973.270667
974.097833
974.673533
974.779933
975.236333
975.448800
976.230933
976.329267
976.498600
977.319967
977.797967
978.708333
979.116067
979.149867
979.201833
979.231800
979.260067
979.294800
979.842567
980.298500
980.355933
980.504433
980.577900
980.626333
980.922467
980.945000
981.188967
981.351300
981.366400
981.383633
981.607033
981.920200
981.933267
982.137800
982.171200
982.326867
982.570233
982.872200
983.217300
983.342933
983.505033
984.048767
984.099733
984.507967
984.625567
984.732667
984.833067
984.851367
984.977033
985.021667
985.429067
985.444167
985.529333
987.488967
987.599167
988.104500
988.285867
988.561900
989.341767
989.402867
989.440133
989.515500
989.595233
990.105400
990.538867
990.601867
990.619133
991.007800
991.340800
991.605567
992.001100
992.575233
992.791133
992.874300
992.996133
993.328700
993.644700
993.876100
993.984533
994.400167
994.477167
994.518933
994.860900
994.964833
995.296267
995.387800
995.549300
995.762167
995.927333
996.198300
997.630533
998.139133
998.209233
998.354833
999.295833
999.359500
999.375833
999.510367
1001.742367
1001.978667
1002.037700
1002.112500
1002.161167
1002.255700
1002.492933
1002.779167
1002.850900
1002.935867
1003.090233
1003.476633
1003.955467
1003.999000
1004.442533
1004.528400
1004.617033
1004.924033
1005.211033
1005.293967
1005.395700
1005.613133
1005.676200
1005.925833
1006.819733
1007.003400
1007.028733
1007.554933
1007.722433
1007.747367
1008.904733
1009.075600
1009.200467
1009.282600
1009.648300
1011.124367
1012.974367
1013.058900
1013.162333
1014.242000
1014.380433
1014.676700
1014.722000
1015.076933
1015.241567
1015.710200
1016.175600
1016.333133
1016.421000
1016.442200
1016.649433
1016.911567
1016.987900
1017.407633
1018.621333
1018.908600
1019.206467
1019.322567
1019.467567
1019.680767
1020.005167
1020.292400
1021.001733
1021.044600
1021.084700
1021.155033
1021.335867
1022.036067
1022.205467
1022.227967
1023.052700
1023.101167
1023.159600
1023.780633
1023.955100
1024.267767
1024.328767
1024.608467
1025.281900
1025.492233
1026.139167
1027.370367
1027.393267
1027.511533
1027.650767
1028.067700
1029.078833
1030.266900
1030.789200
1030.939233
1031.099967
1031.635867
1031.695900
1032.075400
1032.628233
1033.400033
1034.938233
1034.995867
1035.054467
1037.557367
1037.626367
1038.407100
1038.626967
1038.826533
1038.903433
1039.035700
1040.002600
1041.148400
1041.308067
1041.407900
1041.648567
1041.874667
1041.961367
1042.625600
1042.721233
1042.823900
1043.325033
1043.479933
1043.521100
1043.634700
1043.830200
1044.125367
1044.270000
1044.341633
1044.457700
1044.518500
1044.566433
1045.181900
1045.328267
1045.656867
1046.202633
1046.242000
1046.246400
1046.408700
1046.798333
1047.010233
1047.701267
1048.250400
1048.703200
1049.043767
1049.487200
1049.562967
1049.838767
1049.969100
1050.178533
1050.741033
1050.991167
1051.591467
1051.829933
1051.862733
1052.030433
1052.195867
1052.386100
1052.584067
1052.791200
1052.879567
1053.078533
1053.138333
1053.498300
1053.579667
1053.676733
1053.725567
1053.742400
1053.785533
1053.810933
1054.139867
1054.697733
1054.722767
1054.741967
1054.764367
1054.790267
1054.818400
1054.834900
1054.999367
1055.192800
1055.354233
1055.473633
1055.757233
1055.849833
1056.180367
1056.212233
1056.405000
1056.488433
1056.819333
1056.916167
1057.137400
1057.222833
1057.406233
1057.515600
1057.586033
1057.679500
1057.934933
1058.129233
1058.131033
1058.174467
1058.453433
1058.525933
1058.662333
1058.873733
1059.907433
1060.220167
1060.283433
1060.339300
1060.725967
1061.473467
1061.624200
1061.941333
1062.044200
1062.096467
1062.146167
1062.195200
1062.511067
1062.573100
1062.584967
1062.685200
1063.301233
1063.385033
1063.826067
1063.915733
1064.095133
1064.256167
1064.945233
1065.937167
1066.092733
1066.441600
1066.854167
1067.315167
1067.660200
1067.984867
1068.624600
1068.779000
1068.842400
1068.911333
1068.957967
1069.627267
1069.749033
1069.798533
1071.114800
1071.221200
1071.433400
1071.724067
1072.405300
1072.538667
1072.695600
1073.195467
1073.262667
1073.320467
1073.689267
1073.717167
1073.905633
1073.945900
1074.402267
1074.483033
1074.516933
1074.546400
1074.593000
1075.112333
1075.372567
1077.266667
1077.507667
1078.158633
1078.180100
1078.702467
1079.718067
1079.817300
1080.078967
1080.101533
1080.599067
1080.717233
1081.119633
1081.321133
1081.488900
1081.621100
1081.657267
1081.725900
1081.753167
1081.793367
1081.866400
1082.282100
1082.454433
1082.517733
1082.706233
1082.817267
1082.886400
1083.094033
1083.404367
1083.539567
1083.571233
1084.094900
1084.121900
1084.250700
1084.325167
1084.673500
1084.940600
1085.061933
1085.315733
1085.425833
1085.620167
1086.518567
1086.608333
1086.795633
1086.921667
1087.595667
1087.959167
1088.099233
1088.172567
1088.459667
1088.513433
1088.707300
1088.802367
1089.046033
1089.234467
1089.398733
1089.489933
1090.061033
1090.179700
1090.552533
1090.731533
1090.758833
1090.931833
1092.089367
1092.493833
1092.895733
1093.995000
1094.040700
1094.261467
1094.297000
1094.657700
1094.698800
1095.603267
1095.615300
1095.628133
1095.646500
1096.271400
1096.465367
1096.864000
1097.078667
1097.142267
1097.646667
1097.754233
1098.259667
1098.428233
1098.607667
1098.621767
1098.890767
1099.198500
1099.311433
1099.457267
1099.621600
1099.907600
1100.095333
1100.162433
1100.241667
1100.288800
1100.368700
1100.592633
1100.629733
1100.658567
1101.140267
1101.970200
1102.084167
1102.616567
1103.080533
1103.134367
1104.574167
1104.632367
1104.666933
1104.911833
1105.076267
1105.202267
1105.281767
1105.357700
1106.121000
1106.172367
1106.340000
1106.370767
1106.414333
1106.430100
1106.579567
1106.587733
1106.875900
1106.961300
1107.342600
1107.806800
1107.938767
1108.805333
1108.954733
1109.087233
1109.183667
1109.204700
1109.274733
1109.385600
1109.817167
1110.005500
1110.430900
1110.661467
1111.151567
1111.186033
1111.493633
1111.661600
1111.784300
1111.888833
1113.141400
1113.214300
1113.544067
1113.587467
1115.359867
1116.616267
1116.737200
1117.286633
1117.630900
1117.759367
1118.485200
1118.651200
1118.815000
1119.372267
1119.507233
1119.791533
1119.962833
1121.090233
1121.230567
1122.216833
1122.824433
1123.725667
1123.822800
1123.839333
1123.854700
1123.996233
1124.048333
1124.072033
1124.215200
1124.439700
1124.472400
1124.495767
1124.870167
1124.909167
1125.485167
1125.571167
1126.063767
1126.484300
1126.734567
1126.784433
1127.334933
1127.340267
1128.151533
1128.234300
1128.682900
1128.727533
1129.463767
1129.691833
1129.735900
1130.972267
1131.038667
1131.208733
1131.371833
1131.406367
1131.654867
1131.776100
1131.797500
1131.904733
1132.260567
1132.618700
1132.955433
1133.032400
1133.157800
1133.324900
1133.852300
1133.880267
1133.909267
1133.930000
1134.009467
1134.388667
1135.077767
1135.306567
1135.383400
1135.610900
1135.678033
1136.648567
1137.029500
1137.816500
1137.988900
1138.322900
1140.061933
1140.171000
1140.383067
1140.462300
1140.483933
1140.509467
1141.426467
1142.114333
1143.474467
1144.343200
1144.691867
1144.974733
1145.479267
1145.534633
1145.790600
1145.879500
1146.139733
1146.417367
1146.929267
1147.632333
1148.916900
1149.224433
1149.563600
1150.232967
1150.455200
1150.934767
1151.074567
1151.711700
1151.893467
1152.190600
1152.721967
1152.754700
1152.883567
1153.626667
1153.784600
1154.203900
1154.256067
1154.784900
1155.170667
1155.175900
1155.500867
1156.023067
1157.211700
1157.402000
1157.901333
1157.994033
1158.866600
1159.497933
1159.703967
1160.048700
1160.300333
1160.316833
1160.595667
1160.918767
1160.994633
1161.131633
1161.330200
1161.366467
1161.477933
1161.503600
1161.547600
1161.575633
1162.042733
1162.350433
1162.585633
1162.965900
1163.249433
1163.458900
1163.700600
1163.871833
1164.674867
1164.690600
1165.102467
1165.121100
1165.688833
1165.912167
1166.073100
1166.428367
1166.476533
1166.811567
1167.145467
1167.300267
1167.519933
1167.801267
1167.820300
1167.850900
1167.936567
1169.417400
1169.501000
1169.705200
1169.946133
1171.511133
1171.546967
1171.794500
1171.983367
1172.130233
1172.173700
1172.359900
1172.856133
1173.446533
1173.492767
1173.833800
1174.290800
1174.480467
1174.816467
1175.665000
1175.780233
1175.851967
1175.887933
1176.526767
1176.652767
1176.824567
1176.938000
1177.065433
1177.091433
1177.173133
1177.199200
1177.207400
1177.445333
1177.464933
1177.755867
1178.265133
1178.369167
1178.451167
1178.490533
1178.582000
1178.747800
1178.951367
1179.130600
1179.323467
1179.480800
1179.980900
1180.001267
1180.870167
1181.213433
1182.208167
1182.230433
1182.498800
1182.596433
1182.806867
1183.062467
1183.288867
1183.347700
1183.376667
1183.503400
1183.806033
1183.862233
1184.266967
1184.500267
1184.551600
1185.052533
1185.568333
1185.605667
1185.943067
1186.440100
1186.526600
1186.722967
1187.142800
1187.676033
1188.008900
1188.047567
1188.187033
1188.268033
1188.728967
1188.844633
1189.228867
1189.314133
1189.382567
1189.514167
1189.946767
1190.063600
1190.385167
1190.602167
1190.969967
1191.377367
1191.383433
1191.512367
1191.941933
1191.991900
1192.071800
1192.230167
1192.273200
1192.365167
1192.551667
1192.587267
1192.764733
1192.810600
1193.109100
1193.511033
1193.933833
1194.626533
1194.660067
1194.794300
1195.065167
1195.109033
1195.769400
1196.072400
1196.202133
1196.332800
1196.573267
1196.672067
1196.783400
1196.880100
1197.133033
1197.279133
1197.492300
1197.545800
1197.758800
1197.796233
1198.442600
1198.508300
1199.395433
1199.668600
1199.708100
1199.727467
1199.750900
1200.091400
1200.153533
1200.312767
1200.448767
1200.509233
1200.994600
1202.050233
1202.926900
1202.998167
1203.145133
1203.232767
1203.386800
1203.499367
1203.732833
1204.076567
1204.218967
1204.440967
1204.568967
1204.585533
1204.678833
1204.749133
1205.182467
1205.220167
1205.423233
1205.466033
1205.478167
1205.671067
1205.731700
1206.453200
1206.585800
1206.678400
1206.693800
1206.767533
1207.089433
1207.139567
1208.072433
1208.782300
1209.217833
1209.435000
1209.926033
1210.102267
1210.205100
1210.424967
1211.205433
1211.231867
1211.595733
1211.721133
1213.767433
1213.995333
1214.203867
1214.720733
1215.009767
1216.422033
1216.509733
1216.541767
1216.703200
1217.110467
1217.575667
1217.626233
1217.940267
1218.041833
1218.143567
1218.566933
1218.646200
1218.726167
1220.168667
1220.513567
1220.563200
1220.751433
1220.961433
1220.980333
1221.599633
1221.896467
1223.413167
1223.532900
1223.535500
1223.636733
1223.712467
1223.864500
1224.129167
1224.221000
1224.302700
1224.364667
1224.645567
1224.945733
1225.071433
1225.142367
1225.522067
1225.569800
1225.641900
1226.419333
1227.049133
1227.186533
1227.485933
1227.953000
1228.851900
1229.553600
1230.159033
1230.262467
1230.406167
1230.436233
1231.001167
1231.039667
1232.153200
1232.237367
1232.660333
1232.967100
1233.893533
1234.933367
1235.521800
1235.583033
1235.953400
1236.143233
1236.179033
1236.299900
1236.312367
1236.475367
1236.760433
1237.424433
1237.880800
1238.733767
1239.198100
1239.394100
1239.699967
1240.412233
1240.648300
1240.965967
1240.995867
1241.239667
1241.464300
1241.572367
1241.641600
1242.333500
1242.662667
1242.838333
1243.075133
1243.341367
1243.382867
1243.556067
1243.568733
1243.709600
1244.682633
1244.777033
1244.826500
1245.190500
1245.317600
1245.502667
1245.602433
1247.148900
1247.462667
1247.556667
1247.775000
1247.947867
1248.218267
1248.725267
1249.038400
1249.435233
1249.494467
1249.889800
1250.132767
1251.244167
1251.342933
1251.424100
1251.550100
1251.714033
1251.757300
1252.288933
1252.302733
1252.451567
1252.533967
1252.630433
1253.441400
1253.587233
1253.605900
1253.669267
1254.080967
1254.217367
1254.285000
1254.353867
1254.489433
1254.581967
1254.852100
1255.165000
1255.186067
1255.258300
1255.378867
1255.496800
1255.746967
1256.050500
1256.122933
1256.192367
1256.220567
1256.966100
1257.004033
1258.246300
1258.765567
1259.280500
1259.389067
1259.450867
1259.468300
1259.582900
1259.861800
1260.013133
1260.370233
1260.418700
1261.132433
1261.250500
1261.406600
1261.424400
1261.450300
1261.849867
1262.203167
1262.234733
1262.517100
1262.608733
1262.652000
1263.356867
1264.271533
1264.625900
1264.674933
1264.701367
1265.602700
1266.059800
1266.458000
1266.857667
1268.096433
1268.766700
1269.198767
1270.098467
1271.801267
1274.784533
1274.825700
1274.955133
1275.201133
1275.311367
1275.446833
1275.652633
1276.367733
1277.180100
1277.238133
1277.373167
1277.533400
1277.624300
1277.643067
1277.721733
1278.001833
1278.011467
1278.252733
1278.373000
1278.474900
1278.620967
1278.700600
1278.962967
1279.145500
1279.320167
1279.556500
1279.668300
1280.231500
1280.269033
1280.625300
1281.295433
1281.430767
1281.709600
1282.805133
1283.294000
1284.167800
1284.337367
1284.972000
1285.342367
1286.553833
1286.947100
1287.329267
1287.562767
1288.479533
1288.745367
1289.235933
1289.694400
1289.961967
1289.994500
1290.162900
1290.326233
1290.476533
1290.597033
1291.414633
1291.469800
1291.770900
1291.808300
1291.988033
1292.195333
1292.276000
1292.540167
1292.635033
1292.753700
1292.987133
1293.013800
1293.235033
1293.278267
1293.570900
1293.651500
1293.759600
1294.084667
1294.189367
1294.250800
1294.263467
1294.314900
1294.329333
1294.363167
1294.659533
1294.927033
1295.089433
1295.452667
1295.604133
1296.267800
1296.447900
1296.492567
1297.834633
1298.074633
1298.121600
1298.261367
1298.296567
1298.511667
1298.814567
1298.878633
1299.047000
1300.229233
1300.662367
1300.677567
1300.700533
1300.853033
1300.889867
1300.948600
1301.256767
1301.402767
1301.985433
1302.253667
1302.268467
1302.545733
1302.564367
1302.740867
1303.565867
1303.802033
1304.597567
1304.655300
1304.858767
1305.191233
1305.991533
1306.471567
1307.747767
1307.866467
1307.914000
1308.087600
1308.429267
1308.570867
1308.675533
1308.768967
1308.795700
1308.843867
1309.698933
1309.765333
1309.833367
1310.088433
1310.240733
1310.347400
1310.463467
1311.049833
1311.070333
1311.155400
1311.339033
1312.082933
1312.215100
1312.418500
