5.847700
8.127700
8.323867
8.740800
8.763033
8.861133
9.479633
10.082300
10.192633
10.780633
12.135667
14.524100
15.664033
15.731667
17.985900
19.681900
23.608000
23.895667
26.235933
26.283367
29.800667
29.875767
30.064467
32.816600
32.831133
33.154867
34.169567
39.645567
40.538533
41.074367
41.228267
41.608333
41.957833
44.678567
47.364567
47.716600
49.236367
52.102700
53.758533
58.582033
59.233000
59.643000
59.730833
59.780667
59.854167
59.900733
60.872633
63.402667
67.594467
67.936500
68.348567
68.434800
69.361167
69.563933
70.628733
71.471733
72.447567
72.538000
72.908633
77.202667
77.244700
83.772133
83.774967
84.729633
84.742500
84.873833
86.074833
86.112200
86.207367
87.001633
87.160233
87.537767
87.600300
87.607900
88.038667
88.359667
89.693300
89.696200
89.742133
89.881533
90.641067
91.323367
91.889200
93.155700
93.971033
95.644233
96.736067
97.545133
98.987600
99.525100
99.549000
99.618600
100.013933
100.196067
100.230933
100.544433
100.628400
107.103833
107.179300
109.367867
113.303500
113.676500
114.092967
114.577333
118.166600
118.294133
120.118900
120.449133
120.904467
128.006367
129.544800
134.480133
137.597100
138.015333
138.120733
139.057533
139.445700
142.627500
145.084433
145.194133
148.967333
149.803467
151.982600
159.018667
160.510800
162.264633
164.405467
166.528767
166.827933
167.565967
168.536767
168.564667
168.602567
168.765100
168.949733
169.108633
169.173600
172.485767
174.192667
174.385800
180.750533
181.064667
182.048400
185.913367
186.092067
189.977333
189.981467
190.595267
190.940833
191.150000
191.544500
191.676267
191.706500
191.787500
200.495367
200.689567
200.805400
206.143467
209.565667
210.555767
211.099300
214.655167
214.951367
214.979033
215.150567
215.752100
215.757667
217.521933
218.564600
219.905333
220.861633
224.445033
225.517033
226.425933
227.508000
228.464433
231.771000
235.630600
236.148933
237.644367
238.611600
240.112567
240.528733
243.205500
244.264167
252.546200
255.685833
260.143300
262.899533
264.337600
264.439067
264.442733
265.359067
265.442933
265.579567
266.266567
268.136133
268.712700
268.926267
271.188600
276.764467
276.914133
276.954967
280.941100
285.305967
289.687867
290.006267
293.742700
294.457500
294.792500
294.923933
297.687833
303.919667
304.970467
308.373200
310.554567
312.387667
312.701333
316.819133
317.208433
317.776700
318.350767
320.190633
320.948400
321.370000
322.020800
325.395300
326.694467
330.664567
331.420500
331.597267
332.152667
337.727933
339.826800
340.217167
343.034300
343.612667
344.474767
344.525133
344.528667
344.815800
344.952267
344.964033
345.275700
346.533733
346.537000
346.654567
347.438867
347.861800
348.003967
348.027000
351.390767
352.490333
352.837067
353.992133
354.201967
354.306633
354.400200
354.704133
356.760167
356.902900
357.066367
357.077267
357.576433
358.439500
358.685067
358.827400
358.839467
361.000733
361.526200
362.706167
363.283400
370.643933
371.768533
373.282833
373.333400
375.296300
375.824333
376.574167
376.826033
376.890967
380.334767
389.243767
389.302900
390.569367
392.295133
397.750600
397.807667
397.911067
402.012733
404.102800
408.705133
412.710733
414.667933
415.856867
421.071167
422.531833
423.077000
423.189700
423.644200
423.787333
423.789500
425.196767
426.229900
426.263333
427.977433
428.346600
431.774233
432.781933
433.093967
434.005900
434.461800
434.587167
439.035033
439.145433
439.315000
440.566667
440.778500
441.618633
443.626200
443.758267
444.356800
444.650200
445.431467
445.786567
446.849967
447.327767
452.305900
454.735100
454.887133
455.217567
456.207767
458.556900
459.004967
461.218467
463.736167
463.848100
465.504000
470.468100
470.567500
474.102367
474.174700
474.584800
474.627500
475.602133
483.397800
483.595133
483.760400
485.086867
485.863800
486.028500
486.422267
487.942967
487.999533
488.040700
488.456200
488.540200
491.439700
492.443533
493.378833
493.729500
494.476500
495.344000
497.971400
498.677867
498.920167
502.767800
507.389000
507.723533
510.880833
510.911100
512.466167
513.210133
513.359233
521.319967
522.018067
522.044500
522.081967
522.920733
527.765367
528.138700
528.885567
529.690000
532.141733
534.729467
535.069933
536.275467
537.514133
541.683600
542.292200
542.409400
542.797200
543.176100
543.916033
546.305833
550.207333
551.829800
557.656800
561.735267
564.814033
565.323200
566.116633
566.118333
566.322200
566.476400
567.030900
569.264000
573.585533
573.588300
574.122600
574.271200
574.341100
577.696033
578.579900
580.157867
580.242667
582.762133
585.173167
585.198667
589.417000
591.796033
592.390600
597.989200
598.071133
598.180900
602.304833
603.098167
605.821867
606.110600
606.142400
606.304600
606.491467
610.594167
610.797700
611.591667
612.093500
613.761633
620.140333
628.438433
628.546567
631.535033
632.471133
634.270833
634.326567
639.579467
639.587667
640.725367
644.689700
644.846600
650.005267
650.007533
650.361567
658.046167
658.142200
660.354267
661.374133
664.644067
671.332267
673.461600
673.511967
674.427267
675.750833
676.665367
677.121633
679.635500
679.904167
684.472833
692.235900
696.759767
699.570767
700.100200
701.170067
707.607133
707.719667
708.166533
708.337533
709.036133
709.599767
712.025933
715.248633
716.521900
719.430333
719.502000
719.769567
720.268767
720.516100
724.180633
724.273833
725.374800
729.619267
729.724267
733.965533
733.985767
737.494167
737.587667
737.897267
738.062467
738.253833
738.301533
742.853933
745.312067
745.434167
750.223633
750.528567
750.594000
751.311500
754.895367
755.543233
756.426333
756.669433
760.941233
761.021133
766.880967
768.322300
770.927533
771.210900
771.492700
775.804400
775.910533
777.915233
778.582633
778.726267
778.777933
778.909100
782.526533
783.458967
784.399533
784.483367
784.580400
784.854200
786.915733
787.898933
787.965267
787.970300
789.436200
790.274267
794.504567
794.759633
796.861133
797.195233
798.535067
798.593900
800.137133
802.632767
807.848333
808.566367
813.492167
813.553433
814.084767
814.501233
815.000167
818.055000
818.430067
818.457033
818.970200
819.214767
821.710200
822.744067
822.980567
823.192833
823.328967
824.219167
827.432633
827.488633
827.664733
827.785767
827.812600
832.383733
832.497867
832.592400
836.015567
836.376900
836.489300
837.178567
838.694667
842.879533
847.968500
848.985333
849.531100
849.536700
854.286667
858.127700
860.623533
870.511933
872.773667
872.826067
873.929833
873.974567
879.549933
883.457367
887.906567
889.338700
890.912833
891.543467
894.001200
900.367667
900.393900
900.703200
904.860267
906.215467
906.349267
906.444100
906.783233
908.176100
908.330133
908.866467
908.928933
910.435933
910.549700
910.716800
915.134900
915.137333
915.219533
917.013133
919.653100
919.820033
921.922933
922.746133
927.006267
927.333100
927.356367
931.803067
931.932967
933.926600
934.494500
934.509400
934.965500
935.690800
935.832267
939.456933
939.472467
939.620000
939.722467
939.925800
940.622167
940.650433
942.165567
942.209533
942.379967
942.403000
942.411867
946.672867
948.088433
948.597633
948.960667
950.222700
950.638333
952.130567
952.133667
952.575667
952.850500
954.250400
954.538167
954.810567
955.007333
957.244300
960.651167
961.567033
961.953900
964.868133
968.534500
969.318767
969.335533
969.435100
973.743100
975.187233
977.196300
979.155800
979.284467
979.872100
981.333800
982.591500
982.830833
983.626667
983.799733
987.486833
987.795300
987.881200
992.044800
994.100267
994.438700
994.546867
994.550000
998.066100
998.361800
998.756367
999.168633
1003.527933
1009.445467
1010.182433
1012.293033
1013.548400
1014.131300
1015.858167
1018.578000
1018.922900
1019.678300
1019.809867
1019.907767
1023.945300
1026.552500
1026.614400
1027.345500
1033.306300
1035.567233
1037.262767
1037.483267
1039.574800
1042.810067
1046.121067
1046.670767
1047.531500
1048.702933
1050.189967
1051.077033
1051.210433
1055.076067
1055.626533
1056.481267
1056.534167
1058.763767
1060.054133
1060.063833
1060.074900
1060.102367
1060.558967
1060.966033
1062.812433
1063.837267
1063.893500
1065.544867
1069.418733
1071.448133
1071.774233
1072.847900
1077.948900
1079.058000
1079.531767
1081.726033
1085.413967
1086.240333
1088.150300
1088.763033
1089.824967
1089.945233
1090.304067
1094.208900
1094.274367
1094.379067
1094.656333
1094.732633
1103.288300
1103.558667
1103.599800
1106.572400
1108.742533
1111.090400
1111.143967
1111.834633
1114.691467
1118.006467
1118.023100
1119.354733
1121.249067
1122.501767
1122.570567
1123.761700
1125.414267
1126.687433
1133.044933
1141.009600
1142.717000
1143.080800
1143.529333
1148.663700
1148.929400
1148.979167
1153.368033
1153.613900
1154.199600
1154.775133
1155.135700
1155.337333
1155.367500
1155.487533
1156.751700
1159.010400
1159.290967
1159.401900
1160.919200
1168.989333
1170.061700
1174.174500
1174.875833
1176.830133
1179.310233
1180.140133
1180.343567
1180.632267
1180.919467
1185.647667
1187.137000
1187.237033
1190.077300
1193.590500
1197.482100
1197.525167
1197.597267
1197.683067
1198.001267
1198.004333
1198.150367
1198.159400
1198.198900
1198.556533
1201.562467
1203.322033
1205.988367
1207.495300
1208.222300
1208.339900
1208.589433
1208.920600
1208.944033
1208.987567
1212.046433
1213.058067
1213.427733
1213.487800
1213.496133
1213.506333
1213.568133
1213.608200
1214.074167
1216.349233
1216.968367
1218.969400
1220.439800
1223.862867
1224.115200
1230.144633
1230.216633
1231.101167
1231.219033
1231.223100
1232.025300
1232.269333
1232.294633
1232.793867
1233.704700
1233.724067
1234.938100
1235.018467
1235.237433
1235.922167
1236.051067
1237.758000
1238.131267
1238.140500
1238.669933
1238.804967
1239.651267
1242.024133
1244.904300
1245.157500
1245.240900
1249.511867
1249.527833
1249.880100
1250.227200
1250.345300
1250.348233
1250.416333
1250.478333
1250.488167
1254.874633
1255.172900
1256.178100
1260.642800
1261.467167
1262.348867
1263.820600
1263.834300
1263.961167
1266.059500
1266.200733
1266.661400
1267.293033
1267.420500
1270.532100
1271.036600
1271.152667
1272.640200
1272.761000
1272.809133
1273.428133
1273.738633
1273.748800
1274.907433
1276.368300
1278.677333
1278.964333
1281.239667
1281.454833
1281.681167
1281.817900
1285.079500
1286.279833
1286.346167
1286.947800
1290.484033
1290.528167
1291.303867
1291.323500
1291.721733
1291.864633
1296.390933
1296.399000
1296.884867
1302.712667
1303.125500
1303.632000
1306.029567
1306.058900
1309.677367
