10.819567
24.504033
39.548000
45.370200
49.741900
67.707800
91.455333
92.857833
93.514400
95.651000
107.890167
117.340067
120.585767
122.600667
141.883467
147.597467
150.642800
151.145633
173.620733
180.705667
222.782233
226.405267
265.422233
279.074367
280.774567
301.279800
302.014000
331.773600
332.097000
344.253633
361.099067
365.668033
366.662567
367.342900
371.413733
372.961233
386.875200
395.016500
409.589433
430.602133
458.591667
463.669500
486.053133
505.157733
539.572667
551.393633
552.644033
553.639667
581.400167
583.358900
583.361967
587.198533
589.501533
591.499133
607.390633
607.914300
612.302233
631.336733
650.279067
652.098767
656.460033
678.020967
682.219000
722.633833
723.782100
724.010933
730.953733
760.919033
763.220000
766.074033
769.205467
792.635567
800.159433
834.488367
856.799900
860.680333
860.922967
884.032000
885.583867
896.633300
897.774433
909.228533
910.986133
913.584533
916.161800
916.164167
916.168667
919.375700
929.755367
937.611967
943.519800
981.215667
1004.384333
1017.204033
1021.710467
1022.425700
1030.070633
1038.385067
1050.221833
1052.714633
1075.903733
1077.064000
1098.867233
1107.227433
1112.247000
1116.851967
1124.093433
1142.125667
1147.284567
1151.382067
1158.402267
1177.439300
1178.915467
1208.331700
1224.138567
1235.835200
1242.715467
1253.489433
1262.277900
1269.898067
1269.906633
1270.912133
1272.613600
1272.657433
1272.682167
1273.363467
1279.664833
1283.147833
1289.354033
1299.072433
