3.647533
4.165067
4.210267
4.758067
4.789767
4.854200
5.068500
5.106833
5.201900
5.299867
5.351033
5.411200
5.428700
5.433067
5.451100
5.478733
5.537933
5.569133
5.595333
5.605033
5.626867
5.628500
5.650900
5.652633
5.695367
5.700233
5.717667
5.764367
5.818400
5.820233
5.840167
5.870133
6.299433
10.912567
13.585400
13.604867
13.623700
13.637967
13.706767
13.771000
17.639733
17.819400
17.866067
19.810433
20.193533
21.092867
21.285133
21.408267
23.713233
28.569667
41.281033
46.980500
47.567867
49.504367
50.096333
59.284100
59.332367
59.386467
59.525633
59.533900
59.597200
59.727133
59.740067
59.744333
60.843200
62.500667
63.102567
68.962867
70.608333
70.658833
70.744300
70.746533
70.803267
70.806500
70.871933
71.678100
72.587700
73.481733
73.498633
73.503733
73.560333
73.706533
73.830600
74.078733
74.134467
74.138867
74.182867
81.448700
83.942967
84.031600
84.089433
84.734267
85.171067
90.975467
91.201800
91.362633
95.565600
96.276200
99.248400
107.436233
107.584133
107.623000
107.748833
107.872667
113.359167
113.386633
113.444967
113.506900
113.510500
116.531833
133.974100
134.550200
142.679067
143.867200
146.363033
146.575333
148.756133
148.759967
151.211133
151.326267
151.759100
152.059600
152.590433
152.673333
152.713033
152.792900
152.797133
152.823367
152.858200
157.185567
160.656100
166.576333
166.646500
166.688200
167.366500
170.879900
170.901033
171.273767
171.966700
180.255467
180.637333
180.765200
185.735167
188.105100
191.496533
191.573233
191.574833
200.192600
200.285467
200.352567
200.419433
213.115167
215.708933
219.929200
220.118700
220.216733
221.171667
222.072633
224.438533
224.536633
224.573733
226.708633
227.589100
227.868500
228.516867
228.652367
230.918667
234.212467
235.618933
235.638233
238.433200
246.466067
250.434000
253.518733
253.653500
254.663867
254.780133
254.791433
259.272733
261.650800
261.735967
261.830967
261.832633
261.910233
265.386933
271.100567
271.157400
271.186967
271.192033
271.272067
273.218433
273.312767
273.329067
273.406233
274.005167
276.389367
276.710100
276.768133
276.909600
277.042667
293.896133
294.749400
296.291800
297.374667
297.569267
298.221700
303.861033
303.911500
304.081300
304.131600
308.511167
315.267333
315.452833
318.416700
318.420867
318.457233
321.924867
326.781633
330.498000
330.566400
333.921733
339.204000
347.397567
347.403000
348.017600
356.501700
357.547167
360.072867
362.016500
362.770933
364.102933
365.337600
366.768933
370.714600
371.200600
373.452400
378.559767
383.781367
391.548000
408.724600
417.035433
417.203267
417.644867
417.778267
423.005833
423.146500
434.135800
434.142167
441.718133
444.241767
444.888800
445.710433
445.749233
445.803300
445.867967
446.270933
446.391733
446.405433
446.416300
447.233533
447.494400
447.559767
447.569200
447.591967
447.699300
447.714733
447.749167
448.001900
448.056933
455.789267
458.941433
459.491400
461.554600
462.896800
463.257767
463.931233
464.039900
468.272867
470.714333
470.758833
472.897900
474.438400
474.454067
474.837167
475.585833
483.827533
483.994500
484.005867
484.030867
484.033333
484.160100
484.165933
484.201067
484.205667
484.218233
484.283400
484.383833
484.530733
484.861300
484.904167
484.928600
484.956367
485.032267
485.098300
485.274100
485.353600
485.391700
485.670067
485.806367
485.838000
485.946500
485.948067
485.952133
486.014167
486.018400
487.393533
488.393700
494.894533
495.853700
499.989033
508.760933
509.562267
510.983967
511.025867
511.036467
511.054967
511.099733
511.141933
512.505733
515.533600
515.743500
516.785100
516.857333
516.942333
517.695533
519.021833
521.369867
521.474367
525.243067
527.156733
527.314800
527.384500
527.494600
531.480200
532.607767
535.747700
536.914867
542.285800
542.288633
542.367000
549.781500
551.439967
552.996800
553.069467
559.543800
559.690600
560.212967
560.483733
560.813200
567.470733
569.199567
569.305933
569.325833
569.330000
569.333800
569.400867
572.419067
573.537300
574.091700
576.313300
578.930000
579.325400
579.710867
580.245233
580.301000
580.303433
581.275233
581.277767
582.043167
582.446533
582.458133
582.702333
584.311367
584.404267
584.422367
585.170300
585.367433
585.518867
588.840467
592.802800
594.154567
594.246767
604.948933
610.606433
612.027033
612.316633
615.082200
616.796300
622.856567
622.943567
623.068467
625.437633
625.810867
627.618667
628.458033
635.870900
637.878267
637.991767
639.470967
639.486133
639.528267
639.531133
644.545700
645.347133
647.163300
647.411933
647.926600
657.113933
661.200133
664.205267
664.278600
664.560133
664.562867
664.863600
665.620000
673.691033
676.272833
677.488733
678.932233
679.751433
684.121733
684.389100
684.441000
687.832567
696.875833
697.120367
697.207767
700.731800
701.819033
708.971600
712.261867
712.399733
712.472967
716.376933
716.531500
716.737400
717.166133
717.589933
718.919700
718.983800
719.122167
719.124200
719.127533
719.230633
719.244300
719.247467
719.288233
719.302133
719.355467
719.391767
719.441900
719.455567
719.615300
719.618900
719.631767
719.679367
719.694800
719.700800
719.722400
719.734033
719.738167
719.749333
719.752933
719.767233
719.771900
719.798333
719.822767
719.842067
719.880100
719.930933
719.981667
720.125933
720.264767
720.283400
720.286733
720.320233
720.330233
720.353167
720.491900
721.312733
721.457833
722.103533
722.139267
722.141833
722.291267
724.259733
725.116600
725.153467
725.173833
725.359233
725.442200
725.509367
725.513133
725.607033
725.608767
727.909267
728.135500
728.518700
729.667600
729.691900
729.756167
736.886433
740.382833
740.776800
741.829333
744.610900
744.628700
746.170067
755.774800
755.995733
756.023600
760.765367
760.829867
760.910167
761.179200
769.534033
775.767000
783.329133
783.588600
783.592067
784.577300
786.439433
786.577967
786.580633
786.960200
787.835700
791.905267
798.573433
800.289133
816.442900
816.446333
818.677233
822.775833
822.946100
831.683100
835.901800
836.393167
836.397600
836.420467
836.462867
836.481833
836.498767
836.521367
836.523367
836.553300
836.636967
836.971400
838.134067
838.685400
838.729533
838.757900
838.809433
839.535400
839.658067
841.177467
841.194333
841.236667
841.359500
848.157367
848.727400
858.046400
858.078167
859.105867
859.332633
859.334800
859.603233
859.761367
859.814233
859.912767
859.956333
860.040800
860.162033
860.423300
860.769233
860.872400
860.875267
861.049833
861.409700
862.520567
863.294233
868.699033
872.491900
872.531900
872.538467
873.925533
875.691567
876.731900
877.641200
883.160733
883.190967
883.417900
883.449467
883.480733
883.503867
883.509033
883.578267
883.874467
884.176067
884.867700
885.014333
885.039233
885.585433
885.683533
885.738667
889.090000
894.268767
900.221867
900.317500
900.348033
900.427567
900.430067
900.650267
900.676200
900.678867
900.681033
900.724000
900.748933
900.759467
900.777400
901.971833
902.083933
903.727967
903.783967
903.787067
904.543167
905.878800
905.894800
906.217067
906.261567
906.292433
906.375600
907.422767
908.219100
909.351333
909.375833
912.258000
913.095200
913.851000
915.313533
915.832733
919.209967
927.199833
931.523200
931.972667
935.534733
936.368700
936.406167
942.181067
942.195933
942.207333
942.224167
942.236400
946.722300
946.770567
946.772500
947.947867
951.246867
951.425600
952.940400
954.284033
954.779600
960.978233
964.068000
967.257700
967.348233
968.230833
968.287433
969.330600
971.050100
973.732667
974.016600
975.389567
977.959533
978.555533
985.051500
985.145067
990.528167
991.521933
999.091133
1009.505967
1009.544967
1009.572500
1012.300233
1012.354500
1014.919500
1017.259733
1019.859133
1023.404900
1023.454967
1023.474500
1023.561667
1024.122233
1024.368067
1025.796667
1026.555900
1030.134600
1030.136633
1030.140500
1031.562767
1032.628700
1032.630967
1033.471733
1034.800367
1034.879867
1035.508300
1035.797733
1035.802967
1036.048467
1036.050567
1036.509933
1039.343833
1039.461900
1046.770567
1046.852067
1046.862900
1047.012900
1047.429700
1048.366333
1048.369867
1050.939500
1052.265933
1052.705700
1053.158133
1061.500233
1063.874100
1063.926400
1070.971267
1071.761967
1072.071600
1073.659433
1074.939100
1077.854833
1079.224767
1085.000533
1085.034100
1085.036367
1085.045767
1085.074167
1085.109300
1085.116600
1088.760667
1094.175200
1097.833533
1101.773100
1102.254433
1102.256267
1104.546767
1106.731000
1106.792333
1106.914667
1107.470433
1111.802567
1111.931000
1113.094033
1113.096867
1113.134300
1113.160200
1115.048467
1115.124367
1120.150067
1120.193333
1123.306000
1133.085667
1133.181333
1133.940167
1134.026800
1134.745100
1134.762733
1139.404700
1139.452233
1147.369967
1147.419600
1147.447133
1152.316233
1153.827833
1155.393533
1158.653367
1166.899833
1169.366500
1172.215133
1174.049333
1174.093900
1174.110367
1174.263600
1179.622567
1180.221100
1180.340867
1180.397700
1180.442867
1185.075000
1185.105000
1185.655033
1186.756033
1192.884667
1199.578500
1200.907933
1201.450400
1206.171433
1206.268100
1211.876367
1212.359567
1213.604733
1216.333567
1218.263400
1220.394633
1221.049500
1221.081867
1221.107133
1221.150267
1221.151867
1221.257033
1223.409133
1224.197333
1235.042833
1238.932300
1239.387633
1242.312767
1242.356067
1245.006667
1252.435767
1253.488867
1256.161067
1257.260767
1258.356667
1258.491133
1258.558633
1259.016333
1259.348933
1259.443633
1260.696300
1260.717200
1260.990200
1261.088133
1261.093933
1261.123967
1261.126167
1261.132833
1261.378300
1261.590333
1261.619867
1261.628700
1261.667300
1261.681367
1261.686000
1261.691567
1261.695933
1261.712633
1261.739733
1261.767767
1261.779633
1261.798433
1262.063233
1263.657900
1263.685967
1263.837667
1263.839667
1263.944467
1270.558233
1271.089033
1271.158933
1271.160667
1272.490233
1272.492300
1272.577300
1272.580800
1272.610100
1272.734233
1272.757967
1272.776833
1272.785600
1272.791467
1272.863133
1273.073033
1273.074833
1273.153033
1273.246667
1273.253467
1273.692400
1275.654467
1275.689533
1278.738367
1278.953867
1279.737800
1288.930700
1290.533267
1296.947500
1299.336100
1299.342467
1302.706533
1303.981267
1307.828367
1309.853100
1309.980467
1310.384933
1312.199433
