2.214800
2.377600
3.201267
3.651067
4.080400
4.738267
4.841567
5.159933
5.242967
5.268300
6.060700
6.394367
6.468100
8.139933
8.759333
9.464267
9.602133
10.110800
10.513900
10.738933
11.659267
12.072433
12.102000
12.778867
12.817500
17.153200
18.086533
23.460400
23.630033
23.840067
25.160100
27.549033
27.615667
28.618167
29.010533
29.301667
29.397833
33.171867
33.666400
34.747133
36.463733
37.426567
39.771100
40.285700
40.398633
40.429667
41.003733
41.548533
41.869433
42.781933
44.540767
45.911900
46.251600
47.454000
50.195900
50.240767
50.283100
50.934200
51.131133
52.050100
53.597000
55.530167
55.786000
55.811500
57.093067
57.197400
57.233067
57.397833
57.929267
59.199567
59.737100
59.956267
62.213567
67.190933
67.509500
69.123900
69.695967
69.907967
72.233333
72.864733
73.547267
73.901100
74.123500
76.202133
76.258267
76.448933
76.746700
78.501333
79.159467
79.201100
80.282567
80.884333
80.993667
81.176767
84.594600
84.702667
85.031733
85.338733
86.254633
86.450133
86.878333
86.942400
87.084867
87.366433
87.601133
88.510733
89.327800
89.883400
90.201400
90.240033
90.590367
90.699467
91.301833
92.937533
94.520033
95.266600
95.565267
97.735767
98.618133
98.972500
101.505700
103.007133
104.092100
104.460900
105.542233
105.814933
106.231633
108.915267
113.149900
113.996267
114.070333
117.402133
117.472600
118.606333
119.421167
119.929200
122.409200
123.795433
123.939567
124.331000
124.525500
125.173667
126.118267
128.114100
132.140067
132.948400
133.553300
133.890533
134.568167
134.639400
134.743267
135.035233
136.417100
136.688933
137.212100
138.441100
139.105433
139.627033
141.601867
141.637867
141.831967
142.186600
142.222867
142.244700
143.694300
143.975100
145.032867
146.089333
146.175633
146.246600
146.510633
146.907267
147.255300
147.556000
147.711633
148.349200
149.048733
150.098933
152.757500
153.592200
155.138933
155.252767
158.657933
158.745900
158.964633
159.447767
160.800667
162.303867
162.361133
162.812100
163.101467
166.269767
167.295467
168.269167
169.720567
170.282667
171.526967
171.560667
171.714467
171.834867
172.673033
172.702633
172.753900
173.122700
173.504967
173.772333
174.368300
174.430700
174.584367
175.818033
176.262467
176.649133
177.063067
180.552300
181.529900
181.814267
181.846433
181.925433
182.443533
182.807600
182.998467
183.667700
187.301333
188.132533
189.718700
190.382033
190.896233
190.950800
190.993600
191.280833
195.484633
197.428400
197.628033
198.324733
198.350067
200.435933
200.505100
200.594933
203.503100
208.358200
210.086500
212.502167
213.298333
213.319667
213.340433
214.152633
214.645933
214.752067
215.221367
215.331533
215.917033
216.799467
217.037500
217.065467
217.502433
218.393267
219.160667
219.517333
219.916700
220.745400
222.572900
223.397233
223.508733
223.909033
224.211367
224.409100
226.508067
230.778500
234.495667
235.593900
236.219567
237.494867
237.745867
238.250433
239.226067
239.732067
239.950600
241.714600
242.946400
243.019533
243.611467
244.305267
244.787500
246.825933
247.080700
247.737033
248.499967
251.079200
251.110433
251.555067
252.003767
252.237167
252.305600
254.654633
254.820333
254.850133
254.879967
256.395333
256.485867
256.762467
257.007433
257.318767
257.632533
257.676767
261.426233
261.673000
261.975267
262.956067
264.141400
264.831800
267.646700
267.798933
268.689833
268.894967
269.118933
270.351300
272.058033
272.304033
272.674100
273.351000
273.426933
273.518967
273.620900
274.036567
275.814433
276.577067
276.768000
279.179967
279.779133
282.287167
284.956200
286.080467
287.216500
288.651667
288.970567
290.742167
293.843433
295.991167
297.095100
301.450633
303.982333
305.250567
306.239567
306.696667
306.922033
307.019633
307.088300
307.663367
307.866700
307.951700
308.322000
310.657600
310.782633
311.074733
314.608233
314.661700
315.134100
315.366467
317.070100
317.549233
317.889433
319.155200
320.412367
320.911767
323.023100
323.477700
323.663767
323.695833
324.542667
326.293567
326.585367
328.619533
330.761533
331.001633
332.123600
332.710400
332.777133
333.254300
335.024067
335.801667
335.928833
336.120800
337.311467
337.942900
338.172033
345.291500
347.421767
350.033700
350.148033
351.087500
351.658833
351.797633
352.402667
353.561133
353.833033
354.000500
354.427800
354.461833
355.094300
355.373633
355.490433
356.289767
357.160300
358.811067
360.082433
360.323767
360.682533
360.742900
360.768133
360.863800
361.112467
361.377400
361.495067
361.676300
364.188267
365.798267
368.800000
369.343233
369.411733
369.496100
370.572633
371.456733
373.220867
373.735133
375.843833
380.263233
384.259500
385.145100
386.294033
387.500367
388.058533
389.171133
390.574433
392.202367
392.960133
396.495500
396.529433
397.300733
397.471067
397.828067
397.962400
402.805433
404.168033
404.771100
405.339367
405.689667
405.929667
407.743167
407.794467
408.603733
409.929567
410.274967
411.412567
414.832733
416.804467
418.587933
419.541733
419.569367
421.653200
422.581433
425.279267
426.045500
426.344100
428.027033
429.181433
429.926767
432.424200
433.562933
433.620333
434.231633
434.519800
435.432600
437.717367
439.046367
439.133633
441.024667
441.497267
443.467467
445.838533
446.564600
447.558867
447.814733
448.158000
448.437900
448.604433
448.732700
449.335433
449.356667
452.094767
452.271200
452.340500
453.738967
454.309767
454.992200
455.214933
456.893100
462.098967
462.280367
463.163500
463.329567
463.576300
465.534800
466.220600
471.358067
472.601333
473.934000
474.223067
475.792300
476.291033
476.870533
477.607267
478.223133
478.793000
479.805033
479.872867
480.247067
480.269567
480.470967
481.523667
482.567400
483.735300
486.630633
487.335733
487.415700
489.457800
489.601600
491.626533
492.204567
494.456633
495.106033
495.211300
496.674067
504.620900
505.653900
505.696000
505.910767
506.349433
507.437100
509.346933
511.747500
512.508833
515.752967
517.758567
518.832767
519.857667
520.248867
520.421867
520.515800
521.239000
521.634067
521.805933
521.985233
522.307267
525.107533
525.451200
526.528567
527.860700
528.321200
528.500867
529.157900
530.686233
533.838200
534.332333
535.804167
535.896300
536.026900
537.251433
537.368133
537.436633
539.548200
539.855200
540.173467
540.374333
541.726633
542.033900
546.528867
546.656600
546.789733
548.894267
549.962000
550.157700
553.903833
555.149233
555.301167
556.152200
558.820833
558.941833
559.563600
560.097067
560.117067
560.232333
561.981567
562.318700
567.693033
568.965367
569.041333
569.269100
572.783933
574.283867
575.024433
575.695933
576.937167
577.467233
577.524267
577.797100
578.562967
578.618467
579.964967
580.040600
580.669633
580.971733
581.121833
581.874200
581.994600
582.319000
584.960833
585.205533
591.198567
592.198733
595.392467
595.497267
597.185867
597.291700
597.583400
606.190400
608.314733
609.347900
609.370867
610.197800
611.444933
611.935600
612.913600
614.461333
614.714033
615.645600
615.788433
618.611133
618.797433
618.895267
619.577567
620.987700
621.227167
621.363667
622.110067
622.778333
623.830000
626.038367
626.076500
627.839967
627.949300
629.067633
629.451833
629.633133
629.917467
630.297133
630.717400
631.613867
631.846667
632.071933
632.165367
632.906967
633.382533
634.787900
637.744933
638.318200
638.993733
639.114567
639.658467
639.697467
641.675100
643.903333
644.446033
647.236467
647.979600
648.680667
649.239367
649.347967
649.527233
649.889167
652.651367
654.768567
656.472300
656.690033
663.739133
664.316500
664.960733
666.716533
667.577767
668.125467
668.337333
668.536567
670.330667
673.814933
674.052633
674.416300
675.761233
676.133767
676.256600
677.702733
677.788600
677.943067
679.200033
681.038000
683.715067
684.046767
684.324867
684.344367
685.858200
687.901367
688.404033
691.963933
694.556733
696.245833
699.751333
701.067900
701.192333
703.075600
706.847567
712.382567
712.904600
713.982800
716.793200
717.582000
718.972867
719.694867
720.200200
720.756033
720.837033
721.477867
722.079600
723.176267
723.491633
724.833967
724.967533
727.564633
730.419733
731.187600
734.386133
735.533833
735.758633
736.699567
738.927267
738.968133
745.497900
746.359033
747.613900
747.677967
749.610933
750.134367
752.943667
755.807700
755.845233
756.050133
758.462133
758.521967
758.876700
761.440567
761.910167
762.262633
771.846967
773.329967
774.561767
775.057933
776.609400
777.231733
779.873433
779.930867
781.909733
782.938033
783.154533
783.284833
783.371800
786.294767
788.548600
789.002800
789.361233
789.990867
790.347067
790.569067
794.096633
794.365600
798.373100
798.400267
798.422967
798.842033
799.158433
808.300567
809.829467
811.848600
811.908533
811.950567
812.263000
812.472833
812.952500
813.229933
813.776300
813.884500
813.925167
815.365600
815.705133
817.816000
818.443700
818.572100
818.660933
819.064500
820.818767
821.568000
821.669433
822.299000
822.471033
822.702433
823.870300
826.619833
826.694933
829.210933
829.277733
830.545833
831.668600
834.005200
834.114233
834.221333
835.416900
835.649200
835.988733
836.195967
836.241567
836.512467
836.954167
838.027733
838.280633
839.162300
839.558767
840.478400
840.952267
841.864767
842.812467
848.112900
848.605333
849.128467
850.910933
850.936933
852.142600
852.644833
852.682967
853.170167
854.477867
856.031033
857.055533
857.460100
858.251600
858.436967
858.512600
858.923333
860.218400
860.230567
861.598100
862.569033
863.613367
865.397167
866.296867
866.562633
866.661133
867.916900
872.830700
872.872900
875.493367
877.222633
877.259133
877.841867
877.883000
878.070700
878.207533
878.763667
878.805033
878.910067
879.035467
879.136467
879.231867
879.259200
879.304100
879.717500
882.221700
882.986100
885.379433
889.582767
892.528700
893.110833
894.420633
897.301600
897.372133
897.903100
900.116967
900.147100
900.510267
900.538733
900.641967
903.294433
903.345067
903.426867
903.834333
903.912967
906.015100
907.205000
907.948267
908.910333
910.077267
910.145133
912.034300
912.091100
912.500600
913.048867
915.399067
915.595800
916.269700
921.890867
924.805900
933.458067
934.298600
935.735767
936.095900
937.123967
937.184900
939.054900
939.178600
940.310000
942.589400
942.800833
945.846100
947.144367
947.899033
948.209600
950.434400
952.805300
952.839000
956.129900
956.155133
956.949633
957.602333
958.562800
959.262833
959.476000
959.698900
960.363733
960.626000
960.701567
962.873267
965.873967
967.599500
968.413267
968.638200
969.278467
969.391667
973.904833
974.027400
976.571033
978.531733
981.275000
981.332833
982.361933
985.159133
985.205033
985.235133
985.435933
985.879567
985.927067
986.435733
986.642367
988.059433
988.148500
990.432800
991.787067
993.618900
993.845300
995.838400
996.262767
996.301833
996.354633
996.478933
996.565733
1000.611867
1000.693900
1001.232067
1001.762000
1002.864833
1002.993767
1003.044067
1006.545167
1007.654567
1012.275167
1014.311767
1014.628933
1018.903267
1021.841133
1022.891433
1022.984333
1023.019033
1023.809267
1023.867067
1025.620133
1025.953467
1026.361533
1026.469933
1026.500267
1027.360300
1027.510400
1027.716333
1028.208667
1028.983500
1029.226867
1029.695333
1029.751867
1031.382200
1034.183467
1034.514667
1034.893767
1036.276467
1038.391333
1038.480167
1040.992933
1041.140700
1042.549000
1042.627867
1043.618100
1044.723767
1045.483167
1046.181600
1046.753100
1050.718033
1050.771933
1050.879167
1051.780900
1053.772767
1054.141400
1058.173100
1058.266200
1059.744767
1061.828433
1062.111367
1063.324967
1064.039867
1065.786867
1067.997533
1068.329600
1068.381333
1070.129700
1070.335033
1070.925600
1070.993100
1071.031333
1071.414500
1072.119567
1077.459600
1077.608333
1077.647067
1079.484767
1081.252500
1081.273200
1085.957433
1088.642833
1090.816033
1092.676300
1093.904633
1094.693767
1096.263967
1096.396767
1097.043733
1098.209933
1101.974900
1102.396433
1102.470800
1102.537500
1103.869133
1104.854167
1106.532300
1106.968300
1107.768767
1109.160067
1109.306033
1110.354933
1117.258267
1118.710333
1119.313967
1119.771967
1120.486100
1120.761867
1121.397933
1121.554167
1122.050600
1122.335100
1122.375800
1122.444767
1123.439133
1124.493800
1127.237700
1127.284267
1128.857367
1128.885667
1129.079900
1129.475000
1129.546367
1130.586200
1134.201867
1134.407533
1135.487233
1137.692233
1139.161600
1139.791433
1141.507900
1142.187200
1146.611133
1149.923233
1150.405233
1151.984533
1152.397867
1152.880267
1153.122233
1153.826533
1154.202833
1154.964233
1156.045700
1156.236933
1156.999833
1157.534767
1159.245700
1159.812967
1161.104733
1161.405500
1161.806900
1162.268067
1164.916833
1166.147333
1167.847233
1168.729000
1168.871900
1169.023767
1169.216967
1169.395967
1169.481800
1175.042733
1177.094200
1178.443600
1178.476700
1178.892967
1179.513367
1179.895900
1182.835500
1183.149400
1185.358633
1185.554967
1188.185367
1188.640400
1188.691333
1188.774800
1191.269033
1191.328367
1195.837400
1196.196033
1196.810667
1196.976233
1200.532667
1201.818967
1201.868133
1202.097767
1204.835433
1205.130667
1206.329700
1207.824867
1208.180667
1208.323200
1209.273800
1211.693600
1211.967500
1212.317967
1212.503900
1212.915300
1212.956667
1213.050133
1213.672467
1213.839867
1215.606200
1216.176800
1216.214133
1217.720867
1217.817133
1219.016367
1219.083467
1219.120200
1219.307133
1219.478900
1219.704433
1220.812100
1220.967533
1222.605700
1223.139133
1223.463000
1223.852633
1224.118233
1227.275500
1228.280800
1228.327033
1228.580533
1228.721433
1229.295500
1230.144100
1230.154633
1232.112433
1232.231833
1232.560233
1233.003833
1234.391233
1234.695833
1235.002433
1235.952633
1238.090133
1241.704067
1243.766600
1247.502033
1249.395467
1250.205467
1252.339533
1252.959600
1255.792367
1256.936933
1256.975667
1260.359400
1260.418533
1261.315467
1261.407133
1262.913000
1264.883000
1265.011533
1265.023433
1265.919167
1266.216300
1269.436233
1275.596267
1275.668967
1278.523400
1278.574733
1278.623400
1281.556933
1283.019867
1283.852200
1283.938133
1292.963533
1293.040433
1294.177500
1298.421333
1298.888200
1299.421167
1301.868700
1302.724400
1303.478500
1305.127733
1305.249500
1305.869667
1309.454233
1310.037567
1310.780100
1312.979367
1313.109367
