0.081233
0.247033
0.255600
0.324467
0.505100
0.657033
0.769200
0.871333
1.072567
1.227200
1.246767
1.483833
1.579733
2.102433
2.441133
2.473400
2.571400
2.938300
2.973300
3.095900
3.286233
3.335767
3.468733
3.502000
3.649500
3.865367
4.241600
4.288467
4.324667
4.713967
4.794667
4.947000
4.999033
5.217667
5.271733
5.476100
5.547400
5.636500
5.810467
5.846733
5.946567
6.133933
6.301067
6.327000
6.363233
6.480333
6.534233
6.659433
6.704267
6.870600
7.005100
7.122133
7.458633
7.492367
7.525833
7.536367
7.904133
8.027267
8.087367
8.134567
8.621467
8.680233
8.813100
8.971267
9.082467
9.138233
9.268300
10.022267
10.062533
10.112967
10.311033
10.417667
10.740167
11.195400
12.412067
12.696933
12.720400
12.743100
13.119600
13.497700
14.110133
14.192833
14.244767
14.471500
14.576000
14.605900
14.838733
15.076833
15.927367
15.943433
16.236733
16.248767
16.278333
16.473200
16.506400
16.610033
16.664633
16.685333
16.866133
17.041600
17.130267
17.615133
17.705900
18.177900
18.481067
18.866467
18.868967
18.952533
19.090367
19.281600
19.627633
19.892100
19.929167
20.141367
20.316567
20.362600
20.482733
20.582633
20.935033
21.027567
21.073733
21.281200
21.400200
21.505867
21.706900
21.777300
21.795533
21.815600
21.868400
21.923800
21.981600
22.188333
22.476533
22.653133
22.725500
22.741500
22.854933
22.911467
23.021000
23.055833
23.293100
23.503033
23.534267
23.689867
24.697900
25.398367
25.830733
25.936267
26.073100
26.143233
26.451967
26.538300
26.632600
26.705633
26.799667
26.862167
27.022600
27.212267
27.347500
27.700600
28.434600
28.767367
28.778567
28.998900
29.126933
29.163567
29.391167
29.405967
29.669167
29.790867
29.995267
30.195967
30.296500
30.405400
30.536700
30.686533
30.697633
30.974167
31.083433
31.386533
31.418900
32.067000
32.156000
32.466767
32.629033
33.006900
33.203300
33.235400
33.341867
33.501267
33.853433
33.981067
34.036300
34.092733
34.182600
34.803200
34.910600
35.838900
35.910900
36.025233
36.295867
36.441467
36.950933
37.217600
37.364633
37.724100
37.898900
38.097067
38.333733
38.863967
38.949033
39.136167
39.445667
39.802167
40.073967
40.169333
40.359267
40.533367
40.932700
41.285233
41.420000
41.574367
41.770833
41.942000
42.265033
42.494767
42.718200
42.912367
42.949967
43.068600
43.165200
43.332267
43.352800
43.563800
43.606033
43.763267
44.249867
44.337300
44.538733
44.798033
45.062900
45.451633
45.893367
46.587800
46.723933
46.913700
47.225400
47.370900
47.530200
48.015333
48.063767
48.146100
48.207700
48.661867
48.934800
49.197467
49.308100
49.493267
49.583667
49.661200
49.738700
49.769033
49.836067
49.913733
50.040533
50.246700
50.843333
50.915067
51.007333
51.187133
51.210633
51.737300
51.793067
51.856967
51.914400
52.064300
52.220633
52.697233
52.862833
52.902333
53.107233
53.727567
54.025800
54.115633
54.130867
54.405300
54.492267
54.871100
55.376933
55.436133
55.621533
55.676000
55.731033
55.863400
55.870367
56.020233
56.132300
56.226500
56.356533
56.960900
56.969900
57.189933
57.790233
58.262300
58.547467
58.651933
58.676333
58.707467
58.795700
59.425933
59.567633
59.620633
59.627800
60.398200
60.572867
60.983733
61.479033
61.826767
61.923167
61.969000
62.153533
62.594900
62.641567
62.969900
62.978967
63.109567
63.249767
63.276200
63.418367
63.769833
63.843767
63.876033
63.904467
63.955900
64.003633
64.187967
64.219400
64.354600
64.478033
64.675700
65.405067
65.735433
66.838933
66.903500
67.288567
67.550333
67.608600
67.645267
67.700567
67.959167
68.039400
68.136067
68.253400
68.543333
68.989333
69.469700
69.864600
69.950033
69.955000
70.320533
70.575333
70.703367
70.705000
70.874233
71.242867
71.344367
71.448533
71.584467
71.650400
71.695133
71.965267
71.991600
72.007267
72.100633
72.144033
72.194467
72.287900
72.345800
72.460600
72.911400
73.239500
73.297600
73.451567
73.630867
73.686033
73.852767
73.950733
73.968833
74.131733
74.514567
74.902100
75.006833
75.073367
75.287033
75.477100
75.553300
75.893467
75.972767
76.074367
76.134367
76.422533
76.641433
76.796333
77.255233
77.422567
78.303700
78.593100
78.621467
78.676767
79.476600
79.521633
79.586100
80.051300
80.078733
80.202167
80.252633
80.269833
80.292067
80.333800
80.416967
80.442667
80.506500
80.606633
80.726100
80.801567
81.255433
81.449333
81.744300
82.448400
82.783633
82.851100
82.956500
82.994633
83.146433
83.251600
83.373800
83.438867
83.636033
83.718600
83.789567
83.834967
83.927933
83.956967
84.273467
84.327867
84.372433
84.943467
85.013267
85.038400
85.209333
85.520867
86.105233
86.320833
86.403633
86.649467
86.684367
86.778000
86.786633
86.824367
87.031967
87.134600
87.257100
87.385433
87.441633
87.776400
87.993967
88.144000
88.216033
88.314367
88.356267
88.700100
88.706467
88.901967
89.718333
89.747233
90.111233
90.204433
90.228267
90.275700
90.455133
90.513500
90.575200
90.611933
90.768100
90.884367
90.947800
90.954133
91.103200
91.111500
91.205300
91.215933
91.657700
91.997167
92.032900
92.729633
92.762033
92.866833
92.899367
93.001233
93.030633
93.090333
93.406367
93.538433
93.558733
93.642067
93.689867
93.804800
94.115600
94.171767
94.422800
94.454767
94.633100
94.671733
94.895467
95.120967
95.160500
95.432467
95.509667
95.581233
95.592600
95.651867
95.722233
95.829567
95.991333
96.112267
96.158267
96.214267
96.289667
96.342067
96.361567
96.567267
96.808367
97.300067
97.340133
97.346600
97.405533
97.512467
97.605933
97.712300
97.758333
97.801100
97.941933
98.018300
98.274667
98.608233
98.782400
99.071633
99.122067
99.628667
99.667067
99.789600
99.804733
99.825700
99.929167
100.063767
100.093533
100.159433
100.258133
100.383300
100.461267
100.498800
100.739667
100.942067
101.040733
101.162700
101.382100
101.595100
101.846133
102.795000
103.026567
103.124333
103.376033
103.440467
103.547933
103.640467
103.697433
103.803033
103.994267
104.050400
104.417100
104.491900
104.617267
104.694967
104.750533
104.794767
105.802833
105.854633
105.889200
106.315200
107.002900
107.139700
107.251200
109.239367
109.297067
109.795367
109.865400
109.905833
109.990300
110.152133
110.316067
110.646100
110.719500
110.827333
110.976800
111.094233
111.150500
111.266233
111.385300
111.556500
111.645567
111.649433
111.845000
112.180333
112.925600
113.003733
113.201467
113.268067
113.500500
114.353267
114.641700
114.755833
115.140800
115.149067
115.462267
115.620567
115.793367
116.030000
116.049600
116.081700
116.297767
116.424600
116.520900
116.581767
116.734033
116.819133
117.184900
117.327633
117.406800
117.472867
117.508133
117.582267
117.654300
117.959833
117.967733
118.084100
118.142267
118.181167
118.372400
118.533200
118.591833
118.710733
119.072633
119.185900
119.368267
119.412800
119.658300
119.708867
119.854100
119.886067
119.975267
120.065833
120.088067
120.264900
120.505567
120.594533
120.709567
120.725767
120.851133
120.864900
121.132000
121.588300
121.634067
122.427667
122.593233
122.698233
122.757433
123.021933
123.472433
123.562300
123.699233
123.986700
124.099633
124.294467
124.486500
124.523267
124.714100
125.048733
125.323300
125.542733
125.952500
126.077067
126.200467
126.392833
126.416367
126.624867
126.760833
127.769433
127.813533
128.215800
128.539067
128.631567
128.703167
128.773333
128.901900
128.954733
128.994600
129.048833
129.215900
129.339500
129.427700
129.454933
129.572600
129.632800
129.947033
130.095800
130.199933
130.455667
130.473100
130.587700
130.707200
130.837533
130.909767
131.604667
132.006733
132.053600
132.071767
132.453167
133.133800
133.405033
133.662633
134.130900
134.814500
134.897600
135.935233
136.105367
136.249100
136.429167
136.735900
136.928167
137.151633
137.399867
137.679533
137.869067
138.096200
138.145200
138.178000
138.913533
139.011067
139.233067
139.319000
139.559167
139.673067
140.014667
140.393767
140.424467
140.490867
140.532433
140.540500
140.721133
140.723567
140.756933
140.926333
141.030667
141.040033
141.262067
141.427267
141.577967
141.649233
141.699667
141.898200
142.129133
142.210500
142.271067
142.351800
142.741533
142.871167
143.171200
143.827833
144.104433
144.260433
144.286433
144.451100
144.654367
144.879967
144.905900
145.045767
145.400733
145.464800
145.649533
145.678967
146.302133
146.350400
146.591567
146.689200
146.764333
146.874800
146.940233
147.122667
147.498333
148.001233
148.604033
148.666133
148.852733
149.321000
149.550633
149.708767
150.114200
150.508400
150.680300
151.244633
151.423500
151.547200
151.978067
152.033067
152.085633
152.644700
153.544967
153.596867
153.653133
153.843233
154.151333
154.352367
154.420533
154.828033
154.873067
155.112567
155.159267
155.179367
155.368467
155.707167
155.840433
156.210500
156.254033
156.353633
156.825767
157.176767
157.291067
157.418767
157.555400
157.710800
158.051167
158.191100
158.450133
159.236300
159.629767
159.920333
159.985767
160.012233
160.507333
160.528500
161.187633
161.422533
162.032567
162.108267
162.189567
162.796833
162.997600
163.030100
163.080767
163.261500
163.317167
163.654467
163.708667
163.750067
164.093900
164.128867
164.208033
164.747267
164.890033
164.972000
164.991267
165.489200
165.804233
166.021433
166.135967
166.200767
166.719267
166.768300
166.792700
166.864167
167.081433
167.651600
167.718867
168.011867
168.201900
168.257967
168.328867
168.342200
168.412633
168.821567
168.860067
168.924667
169.044200
169.104200
169.160800
169.459467
169.822833
169.907933
170.133567
170.281800
170.630667
171.141267
171.652400
171.712500
171.732567
171.880167
171.927800
172.064333
172.182733
172.230600
172.268433
172.309500
172.348067
172.385767
172.421900
172.494100
172.510933
172.647933
172.776567
172.840300
173.333967
173.402833
173.591800
173.636533
173.729367
173.847467
174.044367
174.079967
174.096600
174.166000
174.370900
174.439067
174.801700
174.829600
175.021967
175.102600
175.133000
175.178967
175.267167
175.403933
175.427333
175.475233
175.731533
175.995767
176.191767
176.260967
176.494967
176.749633
176.827167
176.884000
178.074633
178.433900
178.532400
178.679533
178.938967
179.002600
179.043833
179.186667
179.324500
179.339767
179.619800
179.683867
179.900867
180.121900
180.128467
180.182233
180.233300
180.313467
180.326333
180.427133
180.623400
180.897700
181.007600
181.042567
181.230400
181.417800
181.519267
181.558333
181.757333
181.777967
181.869467
181.901600
181.953867
182.649433
182.962800
183.319833
183.397067
183.721367
183.941067
184.004700
184.331067
184.404067
184.424900
184.480000
184.729867
184.854300
184.961767
184.996067
185.083200
185.119767
185.220600
185.258667
185.284733
185.331667
185.674833
185.813067
186.090000
186.280833
186.332367
186.439500
186.536267
186.549133
186.873700
186.900267
187.560667
188.355700
188.645200
188.950233
189.022133
189.152067
189.400267
189.811700
189.851400
189.915767
189.989467
190.491667
190.575067
190.646633
190.738500
190.882400
190.941233
190.999400
191.106100
191.220067
191.892600
192.066433
192.550333
192.561933
192.905367
193.066267
193.207267
193.289333
193.342633
193.409533
193.924900
194.231433
194.291133
194.519833
194.567933
194.633000
194.743600
194.832100
194.846267
194.860667
195.008933
195.019300
195.082800
195.130367
195.291333
195.316533
195.366733
195.634267
195.661167
195.789500
195.961933
195.997500
196.138500
196.231267
196.334833
196.404200
196.458833
196.539600
196.636533
196.711533
196.827700
197.054300
197.141333
197.298967
197.326700
197.809500
197.941067
197.980733
198.073033
198.144400
198.152933
198.353600
198.632567
199.177000
199.287033
199.592067
199.992100
200.016500
200.147767
200.256300
200.536933
200.586567
200.677167
200.719533
201.144800
201.229000
201.441133
201.445033
201.750233
202.001667
202.521300
202.815467
202.946433
203.011567
203.782633
203.881767
204.006533
204.136833
204.172367
204.263367
204.658333
204.732067
204.928700
205.153100
205.892967
206.230300
206.293600
206.350367
206.448033
206.458933
206.489400
206.517900
206.575333
206.646100
206.885067
206.898167
207.028733
207.146333
207.279533
207.299800
207.456333
207.758367
208.251800
208.367433
208.428333
208.563133
208.589033
208.665067
208.718467
208.817100
208.984867
209.168133
209.712033
209.765967
209.911367
210.023633
210.199100
210.253500
210.289033
210.455833
210.698667
210.788367
210.938167
210.986500
211.153867
211.233700
211.317667
211.399533
211.630333
211.738100
211.931333
212.009067
212.342567
212.344300
212.407600
212.411833
212.468900
212.578767
213.502733
213.860300
214.009267
214.239200
214.487100
214.622467
214.749633
215.009100
215.296667
215.374533
215.455100
215.770400
215.825600
216.049167
216.516933
216.555500
216.580433
216.732867
216.931800
216.948133
217.460533
217.520967
217.551233
217.664133
217.773900
217.780667
217.847500
217.897033
217.933200
218.730633
219.205133
219.549633
219.583067
219.658900
219.686700
219.966167
219.983667
220.137667
220.197700
220.379800
220.760333
220.841533
220.935867
221.084167
221.518967
221.645133
221.659633
222.227800
222.296833
222.375267
222.507733
222.543267
222.587700
222.664867
223.148233
224.134833
224.598033
225.076500
225.082567
225.230433
225.762267
226.036133
226.084767
226.285133
226.289067
226.429267
226.662133
226.737100
227.075233
227.202033
227.613267
227.774700
227.906033
228.049300
228.287033
228.889233
228.961733
229.134200
229.204600
229.258167
229.381533
229.410000
229.467500
229.476867
229.578167
229.715900
229.869567
229.903600
230.042700
230.207133
230.302333
230.373200
230.831200
230.900767
230.995200
231.076400
231.169433
231.344867
231.447800
231.617333
231.659833
231.733033
231.815133
231.839800
231.973700
232.111833
232.229500
232.364633
232.645400
232.681133
232.762167
232.843133
233.007567
233.020233
233.390633
233.686833
233.859733
233.861567
234.046967
234.097200
234.132333
234.339133
234.385067
234.606867
234.711633
234.744200
234.807133
235.170600
235.539367
235.790800
235.970900
236.290567
236.553967
236.729000
236.960633
237.007533
237.028767
237.146000
237.151500
237.200067
237.222200
237.428200
237.488600
237.614567
237.967767
238.100500
238.271533
238.344333
239.269700
239.300633
239.361367
239.440100
239.513767
239.836733
239.894333
239.954000
240.138033
240.321833
240.351533
240.378833
240.479300
240.491900
240.815200
241.168867
241.201933
241.294467
241.568733
241.684033
241.996367
242.030700
242.406067
243.069500
243.210500
243.371300
243.479000
243.581267
243.612600
243.697500
243.757633
243.828800
244.177600
244.227767
244.365967
244.743667
244.960533
245.515533
245.866800
245.974467
246.124767
246.291867
246.655633
246.713433
246.790867
246.795500
247.204067
247.273200
247.429367
247.536367
247.649067
248.380933
248.434967
248.524933
248.569067
249.201800
249.309400
249.515367
249.642567
250.252033
250.481900
250.613400
250.721300
251.201200
251.373533
251.531867
251.550100
251.724000
251.776000
252.091667
252.248367
252.267267
252.430800
252.519867
252.789100
252.859833
253.074267
253.602833
253.668600
253.802467
253.854600
253.906267
254.144900
254.172500
254.270667
254.438900
254.479500
254.618367
254.736233
254.879133
255.036233
255.081733
255.175233
255.218300
255.262900
255.318600
255.518067
255.544833
255.660200
255.669900
255.695633
255.761800
256.298600
256.409900
256.526133
256.592900
256.621300
256.695667
256.699733
257.066733
257.101167
257.165767
257.204400
257.354600
257.366200
257.490867
257.652600
257.779000
257.949467
257.997833
258.004267
258.449933
258.841033
259.187933
259.580833
259.770500
259.900967
260.767367
261.276467
261.480067
261.678567
261.837867
261.901967
262.195333
262.825333
262.901667
262.932333
262.999467
263.039900
263.332133
263.368467
263.722500
263.789733
263.854200
264.300100
264.440067
264.823167
265.137700
265.232733
265.366067
265.444133
265.486233
265.613167
265.700433
265.867333
266.131800
266.149333
266.245000
266.295400
266.428300
266.732733
266.946167
266.979000
267.028133
267.116700
267.131867
267.192100
267.270933
267.330000
267.352600
267.474733
267.548667
267.619900
267.775033
267.904633
268.109333
268.207267
268.299233
268.372867
268.785300
269.665167
269.715033
269.785500
270.209333
270.248600
270.695367
270.759033
270.817933
271.075367
271.542500
271.600033
271.618900
271.857767
271.901167
271.971633
272.093800
272.256700
272.522200
272.638967
272.697100
272.790033
272.807633
272.816967
272.891200
273.157867
273.262200
273.661167
273.728533
273.890167
274.054533
274.300167
274.689867
274.903667
275.077467
275.182333
275.524900
275.719133
275.988433
276.230467
276.292333
276.325933
276.385000
276.523400
276.866967
277.032300
277.221433
277.458133
277.596167
277.813133
277.985533
278.027433
278.074767
278.081367
278.405400
278.491867
278.544800
278.558833
278.810200
278.834733
279.161667
279.338767
279.486767
279.565600
279.569600
279.603633
279.697500
280.067167
280.215067
280.245633
280.672700
280.840100
281.001533
281.053767
281.259567
281.357167
282.154833
283.139333
283.199033
283.222600
283.253267
283.280233
283.821833
284.055867
284.118700
284.243367
284.306800
284.492567
284.596633
284.667300
285.062400
285.356200
285.449667
285.509767
285.596867
285.675733
285.732167
285.750633
285.786567
285.817767
285.882933
285.944133
286.259900
286.306700
286.437100
286.875400
287.334833
287.550767
287.768900
287.798833
287.976367
288.036500
288.113900
288.592200
289.016800
289.066333
289.347133
289.643700
289.677200
289.687733
289.973533
290.260900
290.383467
290.580967
292.238767
292.509933
292.849467
292.853467
292.903767
293.188167
293.219333
293.256467
293.391967
293.525233
293.867833
294.023700
294.049100
294.077833
294.113567
294.232567
294.267933
294.359500
294.421633
294.699333
294.816067
295.011167
295.505067
295.752067
295.799400
295.887000
296.076633
296.223100
296.304100
296.762100
296.940700
297.087033
297.140133
297.263100
297.487333
297.648900
298.078067
298.320633
298.346233
298.390700
298.660633
299.565167
299.608400
299.651867
299.806967
299.819400
299.864233
299.966533
299.972000
300.092033
300.268567
300.276400
300.360133
300.520133
300.682600
300.713867
300.789833
300.976967
301.267200
301.594267
301.674767
301.772033
301.991267
302.049833
302.115600
302.933867
302.958933
303.126433
303.310800
303.430100
303.565633
303.596267
303.714067
303.860733
303.868533
303.952167
304.051000
304.157033
304.221933
304.232533
304.444433
304.488400
304.570067
304.670133
304.862367
305.110433
305.193900
305.343767
305.751167
305.993433
306.075000
306.288167
306.330700
306.373867
306.478633
307.037667
307.270033
307.586533
307.716367
307.730633
307.810167
308.107700
308.205667
308.346367
308.428967
309.080767
309.109267
309.171367
309.370967
309.665067
309.769333
309.794633
309.868267
310.021033
310.205233
310.338800
310.399767
310.525067
310.643800
310.651933
310.691833
310.703433
310.873733
310.951233
311.207000
311.345033
311.428467
311.881433
312.040667
312.079800
312.126800
312.277333
312.380933
312.436733
312.544367
312.652533
312.864867
313.090267
313.200733
313.247167
313.277267
313.863933
313.960100
314.083333
314.132600
314.241833
314.538033
314.904100
315.041967
315.430067
315.641467
315.775333
315.810200
315.870833
315.903900
315.951167
316.048267
316.128133
316.473200
316.637667
316.715300
316.737333
316.984400
317.051567
317.158867
317.433367
317.477000
317.520467
317.558367
317.612567
317.759500
317.921300
317.947767
318.267967
318.401000
318.458967
318.485567
318.656767
318.696133
319.070133
319.183967
319.429067
319.520567
320.004000
320.080967
320.147700
320.479933
320.613367
320.677267
320.798533
320.901933
320.984433
321.163567
321.228567
321.273000
321.349267
321.382367
321.512867
321.579233
321.611267
322.969000
323.716200
323.749267
324.653300
325.745533
326.027467
326.420967
326.697467
326.730267
326.766867
326.814667
326.867767
326.921333
327.446500
327.761900
327.871400
328.879467
329.594167
329.652633
329.765933
330.073700
330.097800
330.139533
330.327133
330.390633
330.413767
330.542433
330.667300
330.674833
330.705800
330.761067
330.851067
330.973767
331.029500
331.079833
331.354800
331.461333
331.576400
332.468367
332.615567
333.234733
333.496233
334.449933
335.354033
335.454167
335.525800
335.562633
335.605933
335.713900
335.883600
336.075133
336.237033
336.294200
336.627800
336.721433
336.850467
336.905733
336.927000
337.062633
337.132667
337.264667
337.472267
337.640967
337.690233
337.746333
337.834333
338.071767
338.129167
338.193067
338.267733
338.478633
338.592933
338.608033
338.925467
339.298533
339.684867
340.123333
340.487100
340.683033
340.875167
341.061667
341.243833
341.424467
341.503833
341.510000
341.547867
341.916333
342.111767
342.168333
342.228967
342.241200
342.304267
342.542633
342.651900
343.004167
343.093133
343.333000
343.421267
343.528500
343.570067
343.713967
343.751167
343.955433
344.005367
344.141367
344.271233
344.329200
344.379067
344.399433
344.559367
344.770567
344.908100
344.948300
345.136467
345.153100
346.019033
346.319767
346.516500
346.664067
346.709833
347.132600
347.283167
347.288900
347.399400
347.475033
347.520367
347.661600
347.832467
347.943733
348.048400
348.053733
348.084567
348.154367
348.225133
348.270467
349.130600
349.638000
349.781700
349.839700
350.093167
350.638933
350.741800
350.764800
351.081667
351.197567
351.397600
351.841433
352.007567
352.052700
352.412267
352.654633
352.834533
352.864067
352.873400
352.876100
353.103733
353.220267
353.263567
353.275700
353.710033
354.045700
354.211900
354.765467
354.799633
354.850500
355.009667
355.312600
355.452300
355.898100
356.226133
356.393700
356.476633
356.595667
356.656533
356.894900
357.175000
357.395833
357.487667
357.777300
357.847767
357.881433
357.922333
357.955600
358.043933
358.132600
358.285067
358.432300
358.927767
358.988600
359.293100
359.403200
359.460067
359.474000
359.514600
359.597500
359.717567
360.232533
360.350667
360.508867
360.633233
360.766567
360.894467
361.486533
361.519733
361.561667
361.626000
361.667533
362.063200
362.100767
362.202900
362.915300
363.011800
363.195867
363.205600
363.466133
363.578300
364.114467
364.411333
364.440467
365.018733
365.036433
365.115867
365.163800
365.247500
365.645800
365.728567
365.803300
365.847167
365.862133
365.926133
366.032767
366.099767
366.362967
366.779200
367.029400
367.130800
367.221967
367.723100
367.817500
368.152800
368.277133
368.417700
368.483867
369.479333
369.752867
369.847733
369.917433
369.992267
370.080100
370.303400
370.369067
370.398700
370.570000
370.617467
370.628367
370.893700
370.904333
371.467167
371.589700
371.700600
372.090233
372.312133
372.474000
372.632533
372.810867
372.946900
373.606033
374.024133
374.260300
374.734900
374.784000
375.129200
375.172333
375.414600
375.475500
375.489733
375.561067
375.660533
376.298667
376.329633
376.339667
376.409633
376.461867
376.501033
376.603600
377.026600
377.054033
377.324467
377.364133
377.398867
377.481833
377.605967
377.689733
377.894733
377.935467
378.635367
378.653100
378.746500
378.786800
378.952467
378.983333
379.289000
379.494900
379.695767
379.818400
380.185933
380.373467
380.808000
380.982467
381.015933
381.139833
381.168700
381.351567
381.365467
381.457467
381.553933
381.640267
382.243100
383.432667
383.501700
383.561967
383.688500
383.790900
383.861667
384.030067
384.053467
384.279833
384.400733
384.483500
384.589367
384.735133
384.740967
384.775900
384.833767
385.785400
386.021867
386.077633
386.163733
386.503067
386.900833
386.976033
386.998967
387.067100
387.114867
387.142300
387.439867
387.925733
387.961567
388.346133
388.579633
388.717333
388.905833
389.109567
389.186233
389.340633
389.395400
389.634567
389.716600
389.727567
389.895400
389.968300
390.372267
390.398467
390.551033
390.581600
390.749700
390.916200
391.098400
391.144033
391.437533
391.779633
391.817400
391.887933
392.756333
393.003333
393.107467
393.152967
393.198233
393.237167
393.285700
393.691900
393.707867
393.833733
393.927167
394.017467
394.238833
394.385467
394.597200
395.246833
395.895133
395.934000
396.013533
396.138967
396.274933
396.738967
396.792333
397.212500
397.255233
397.418567
397.613967
397.740200
398.050267
398.179000
398.521500
398.692767
399.092833
399.159867
399.286933
399.356967
400.001033
400.057567
400.087900
400.235733
400.375167
400.442033
400.670000
400.778900
400.820467
400.915567
401.020133
401.520667
401.643900
401.844533
402.089833
402.434733
402.638233
402.806067
402.976933
403.083600
403.436567
403.485300
403.566733
403.842967
403.948167
404.005800
404.116067
405.293367
406.029333
406.278200
406.397467
407.108733
407.234667
407.365867
407.369667
407.496833
407.547200
407.787233
407.871033
407.913467
408.115267
408.297767
408.340467
408.995167
409.802367
409.838533
409.892367
410.076533
410.278000
410.393400
410.459000
410.675567
410.786267
411.435800
411.774367
411.847600
411.991167
412.077200
412.171533
412.184000
412.589200
412.821467
412.885667
412.923600
413.606733
413.647500
414.334800
414.368967
414.404133
414.678900
414.807500
415.116333
415.188467
415.226900
415.499400
415.597967
415.733467
415.783167
415.793833
415.901400
416.208633
416.410633
416.884100
417.049000
417.364467
417.679267
417.956867
417.987200
418.120933
418.239600
418.693233
419.412667
419.855167
419.894133
419.942367
420.227467
420.324767
420.374200
420.501900
420.531233
420.935367
420.984633
421.059200
421.146900
421.310767
421.373333
421.448067
421.625667
421.678167
421.702100
421.849267
421.899167
421.977100
422.129267
422.271900
422.305200
422.382333
422.562767
423.025567
423.035733
423.075233
423.105100
423.323733
423.484833
424.046733
424.820133
425.089333
425.413467
425.513167
425.554967
425.649500
425.659633
425.700767
425.758400
425.937000
426.157100
426.212267
426.368800
426.427033
426.479400
426.489700
426.733100
426.847967
426.993533
427.701967
427.751367
427.877367
427.892133
427.972467
428.040133
428.110400
428.192700
428.211033
428.787933
428.822233
429.163100
429.397433
429.733567
430.184200
430.246667
430.382467
430.918133
431.183200
431.268367
431.324900
431.478400
431.771333
433.500900
433.831400
433.927267
434.036400
434.333133
434.473167
435.012767
435.062633
435.351800
435.461633
435.479000
435.517300
435.649333
436.141067
436.286933
436.319367
436.334267
436.611700
437.266667
438.217700
438.443133
438.627900
438.823867
438.855300
438.877767
438.997633
439.141000
439.192200
439.205833
439.846200
439.875733
440.457567
440.792933
441.218233
441.593267
441.711900
441.889933
442.521567
442.896600
443.075433
443.167033
443.188833
443.236700
443.295533
443.416300
443.784967
444.080867
444.319733
444.719700
444.948967
445.521967
445.644233
445.812167
445.825333
445.846633
445.976800
446.007667
446.236633
447.147433
447.524500
449.276233
449.433600
449.888433
450.148833
450.185333
450.372767
450.451267
450.679400
450.692500
451.036433
451.120367
451.209467
451.257733
451.322033
451.388900
451.699733
452.308433
452.454367
452.612733
452.787867
453.145767
453.285733
453.356867
453.412867
453.764633
453.816767
454.438000
454.800867
454.946400
455.259000
455.444200
455.736700
455.989300
456.011767
456.350600
456.445467
456.644400
456.892000
456.898267
456.974767
457.019933
457.056667
457.227400
457.560600
457.757100
458.097900
458.143400
458.228867
458.266800
458.279700
458.569667
458.651367
458.681633
458.710100
458.827033
458.920067
459.099267
459.319700
459.627633
459.686133
460.004800
460.067233
460.095633
460.231267
460.459900
461.212067
461.409067
461.551200
461.583800
461.846700
461.887667
462.106233
462.155367
462.219767
462.296400
462.331200
462.543933
462.667400
463.134233
463.507700
463.719167
463.765933
464.017400
464.026433
464.306633
464.436433
464.836500
465.229133
465.391800
465.931000
466.141000
466.431033
466.742100
467.123467
467.518300
467.969567
468.327200
468.598533
468.711500
468.790367
468.872500
468.948133
469.218733
469.255633
469.287067
469.413367
469.741933
469.935067
470.152167
470.694367
470.763667
470.842667
470.998900
471.144867
471.160300
471.397067
471.472667
471.511367
471.782633
471.940233
471.968133
472.086567
472.790833
473.013733
473.406633
473.802700
474.208000
474.460667
474.482267
474.545367
474.859900
475.103800
475.198367
475.276967
475.299067
475.342867
475.398267
475.907500
476.831400
476.883433
477.470033
477.523433
477.704467
477.803633
477.907767
477.964567
478.025667
478.099467
478.319800
478.706300
478.863433
478.927333
478.946867
479.078967
479.127333
479.204433
479.228433
479.244433
479.649567
479.719600
480.511533
480.713700
480.816633
480.972867
481.037900
481.628400
481.973333
481.992800
482.082300
482.151167
482.248667
482.696600
482.858700
483.005500
483.143400
483.235533
483.292067
483.657067
483.865167
484.299333
484.472100
484.935333
485.065600
485.128600
485.306533
485.398167
485.584833
485.622567
485.780867
485.925167
485.951467
486.764167
486.933800
487.023033
487.151900
487.273900
487.306933
487.377733
487.426733
487.497733
487.575167
487.663900
487.820233
487.897367
487.912567
487.962800
488.034967
488.065367
488.103300
488.133200
488.404333
488.421533
488.490533
488.674800
488.933967
489.018967
489.133600
489.462433
489.653833
489.786133
489.919567
490.038533
490.308633
490.358067
490.752733
490.899500
490.954500
491.108733
491.181967
491.256600
491.324733
491.343600
491.452433
491.524800
491.766333
492.552800
492.684267
492.701333
492.779400
492.791500
492.959200
493.599533
493.630233
494.043400
494.105867
494.487700
494.608400
495.155167
495.476167
495.760367
495.836667
496.037433
496.135867
496.283267
496.657767
496.852733
497.394933
497.437633
497.580467
498.105533
498.312733
499.271433
499.813400
499.965567
500.071467
500.300400
500.347700
500.372100
500.518100
500.558733
500.613033
500.665733
500.853100
500.858233
502.135667
502.250333
502.313500
502.603567
502.665233
502.766133
502.816000
503.048967
503.088933
503.160100
503.361300
503.679067
503.810533
503.964167
504.077433
504.259333
504.283100
504.466933
504.568300
504.815933
504.924433
505.470100
505.809400
506.348900
506.437533
506.455167
506.515300
506.623067
506.705433
506.781200
506.868667
506.967000
507.147633
507.344033
507.465900
507.784233
507.903333
508.080067
508.154533
508.178533
508.277133
508.308967
508.972933
509.045900
509.117167
509.177733
509.235200
509.479033
509.495833
509.881900
509.942767
510.021600
510.118967
510.521767
510.844433
510.998467
511.111833
511.177933
511.281433
511.379933
511.666533
511.817533
511.945667
512.077700
512.129067
512.401200
512.436733
512.721233
512.771733
512.840933
512.923800
513.055267
513.104900
513.243433
513.316567
513.446333
513.640400
513.647800
513.872533
513.942667
514.204833
514.239167
514.291633
514.300067
514.426633
514.670367
514.927267
514.947333
516.196800
516.329100
516.771400
516.839067
517.021800
517.279700
517.355533
517.805667
517.900700
517.985633
518.172967
518.297667
518.476200
518.501167
518.508367
518.942567
518.978233
519.052500
519.182133
519.268700
519.332267
519.404400
519.466333
519.471567
519.521633
519.687133
519.733733
519.771967
519.796567
519.928900
519.973433
520.138867
520.273233
520.411933
520.634333
520.825967
520.990400
521.111433
521.129533
521.168067
521.217200
521.367200
521.437700
521.535833
521.781967
521.788667
522.097800
522.126267
522.169933
522.184433
522.211633
522.531200
523.241200
523.441633
523.541167
523.786600
523.942000
524.024233
524.066300
524.385300
524.455867
524.467900
524.664533
525.532233
525.728300
525.977133
526.150433
526.385733
526.686600
526.721400
527.177867
527.245167
527.289600
527.465667
527.767967
527.793867
527.913500
528.029067
528.041767
528.326933
528.417367
528.456633
528.496967
528.772433
528.803233
528.849433
529.259533
530.263467
530.475500
530.601533
531.481100
531.653567
531.775167
531.853167
531.942100
532.141133
532.186033
532.364533
532.699567
532.755400
532.771200
532.994133
533.132500
533.363867
533.640300
533.682167
533.784367
533.871067
534.119833
534.123233
534.169033
534.282800
534.564767
534.611467
534.964167
535.012433
535.046200
535.102433
535.113433
535.177900
535.278867
535.332433
535.422167
535.490100
535.665800
535.728800
535.980700
536.294200
536.458100
536.615000
536.785100
537.077933
537.287467
537.361267
537.402633
537.505833
537.617733
537.781400
538.107467
538.127667
538.212367
538.302333
538.335100
538.569900
538.652567
538.773633
539.614567
539.680300
539.790667
540.092567
540.342367
540.703533
540.845300
541.274367
541.349367
541.730267
541.766033
542.226200
542.236867
542.586867
542.650033
542.702833
542.741000
542.825633
542.901433
542.915867
543.085567
543.271800
543.348867
543.606700
543.689067
543.757633
543.901600
543.981900
544.214733
544.424200
544.515533
544.647567
544.738200
545.018533
545.125667
545.252600
545.655400
545.757600
546.103000
546.181100
546.264767
546.970300
546.992100
547.040500
547.135700
547.270200
547.589200
547.862933
547.958733
547.993433
548.113567
548.370267
548.391533
548.466967
548.796333
548.853167
548.973033
549.096033
549.168400
549.193700
549.375667
549.552200
550.435367
550.730600
550.732433
550.822400
551.086967
551.304967
551.328067
551.552033
551.734500
551.790433
551.811733
551.969500
552.575367
552.582867
552.716833
552.883833
552.944133
553.254567
554.028200
554.029800
554.508567
554.726700
554.781167
554.871367
555.101267
555.446567
555.500133
555.645833
556.129133
556.260267
556.292333
556.387800
556.973467
557.058733
557.102367
557.175300
557.289900
557.339933
557.368133
557.502133
557.605100
558.507600
558.652267
559.577700
559.810100
559.939733
560.021467
560.023367
560.217100
561.053133
561.092833
561.250933
561.321267
561.682900
561.799867
561.978300
562.050567
562.091500
562.289000
562.528167
562.708200
562.761800
562.801467
562.886000
563.460433
563.723633
564.089433
564.155067
564.497367
564.536967
564.706900
564.788300
564.896433
565.113867
565.162867
565.401667
565.555267
565.874500
565.987667
566.035367
566.101200
566.173133
566.539000
566.790900
566.987667
567.059400
567.154367
567.227700
567.326000
567.446267
568.286367
568.812467
568.861533
569.110133
569.159400
569.170000
569.402967
569.551467
569.567667
569.610567
569.655800
569.998567
570.024800
570.106633
570.215867
570.301800
570.314133
570.428533
570.565400
570.572200
570.582000
570.679267
570.730167
570.920300
570.961533
571.220967
571.831833
571.949267
572.065233
572.088633
572.265200
573.211600
573.408567
573.498100
573.520200
573.585533
573.646700
573.650300
573.765567
573.805033
573.912033
573.958567
574.030867
574.099533
574.171233
574.306267
574.400300
574.764567
574.856433
575.410333
576.188167
576.262267
576.311467
576.340067
576.459633
576.465433
576.586800
576.656467
576.817500
576.914733
577.195833
577.419367
577.450667
577.646133
577.681333
577.791133
577.966267
578.057433
578.345567
578.451200
578.506833
578.606633
578.702033
578.759200
579.403000
579.575133
579.702033
579.808567
579.869533
580.027433
580.144933
580.242833
580.342533
580.385067
580.473467
580.959533
581.043233
581.139733
581.260067
581.309633
581.473200
581.487900
581.529967
581.636933
581.763367
583.000400
583.167867
583.241500
583.399000
583.512400
583.810033
584.681667
584.775900
584.846300
584.974567
584.993967
585.082333
585.192367
585.371200
585.657833
585.797000
585.818400
585.965467
585.998233
586.039333
586.058167
586.076500
586.388467
586.405467
586.571100
586.614867
586.843933
586.973800
587.003933
587.142133
587.163100
587.184433
587.256933
587.429900
587.513000
587.871367
587.984500
588.000300
588.058700
588.664800
588.806533
588.917133
589.035433
589.060233
589.138867
589.288800
589.558933
589.563233
589.725200
589.809667
590.176267
590.327100
590.395367
590.644533
590.867167
591.164933
591.190733
591.363933
591.568800
591.636367
591.640000
592.039100
592.152200
592.318033
592.584767
592.658433
592.714933
592.828300
592.881133
592.985000
592.998800
593.120500
593.333833
593.346767
593.394233
593.404233
593.514400
593.528000
593.555767
593.694567
593.705500
593.973900
594.112533
594.279300
594.565133
594.614667
594.618900
594.664267
594.799667
594.964033
595.126767
595.181367
595.376167
595.417033
595.581067
595.692000
595.762600
595.839367
595.952633
596.011900
596.068233
596.211267
596.248633
596.456000
596.652900
596.794967
596.946300
597.133667
597.288967
597.352833
597.644033
597.873667
597.934000
598.215300
598.302133
598.425033
598.644200
599.000000
599.147800
599.503400
600.144733
600.270433
600.557233
600.591500
600.603867
600.730433
600.897433
600.909267
600.960900
600.990333
601.171200
601.568033
601.604300
601.694067
601.805400
601.886900
601.953233
602.083267
602.098100
602.301800
602.322367
602.440000
602.478967
602.522467
602.585967
602.658467
602.807333
602.834400
603.758700
604.029600
604.786933
605.213867
605.348033
605.643967
605.784033
605.838633
605.953400
605.977733
605.992633
606.086467
606.134567
606.312667
606.879600
606.899200
607.450033
607.511833
608.000667
608.078167
608.192333
608.295167
608.319500
608.367800
608.411667
608.673467
608.858833
609.093000
609.231167
609.817700
609.890500
609.966500
610.088000
610.132933
610.155767
610.256433
610.312333
610.570367
610.674500
611.019133
611.127033
611.253667
611.357033
611.544867
611.736667
611.871300
611.893400
611.951300
612.242767
612.645233
612.728533
612.835333
612.878800
613.057133
613.111800
613.262833
614.445433
614.819133
615.489133
615.552267
615.563567
615.591300
615.631567
615.985500
616.085733
616.599933
616.636533
616.693967
616.798433
616.897467
617.061167
617.179667
617.226467
617.385433
617.922533
617.949100
618.243867
618.253400
618.310300
618.728967
618.872267
619.116233
619.223233
619.504333
619.663967
619.689833
619.834300
619.991200
620.052400
620.347133
620.421967
620.632833
620.825433
620.857400
621.108267
621.365367
621.409767
621.895733
622.024833
622.079533
622.293167
622.325100
622.472633
622.671167
622.798933
622.831200
622.928533
623.177700
623.264267
623.270300
623.422300
624.096500
624.402633
624.788300
624.845200
624.909667
624.957367
625.000833
625.018767
625.029867
625.127367
625.463567
625.549033
625.611800
625.686400
625.878667
625.998467
626.264333
627.088600
627.165667
627.311367
627.346700
628.010567
628.521300
628.691900
628.735533
628.992200
629.475200
629.583633
629.953933
630.109500
630.927700
631.333100
631.539967
631.720900
632.008433
632.065567
632.154500
632.467200
632.602100
632.800033
632.830267
633.016500
633.166367
633.238900
633.385233
633.621200
633.791033
634.236033
634.452600
634.977400
635.230433
635.265267
635.341200
635.469433
635.544067
635.595533
635.826800
635.955767
636.005900
636.125267
636.267833
636.532867
636.833167
636.869833
636.925467
637.382433
637.528067
637.738967
637.764333
638.206733
638.891067
639.066233
639.142733
639.406500
639.436300
639.519300
640.128833
640.189467
640.204467
640.369900
640.424867
640.541567
640.637167
640.646833
640.860567
641.678767
641.706933
642.143733
642.759100
642.814200
642.895533
643.613133
643.620400
643.688433
643.840200
644.142900
644.380633
644.395033
644.468333
644.498900
644.744167
644.777000
644.867400
645.028867
645.044133
645.095367
645.144300
645.157567
645.509133
645.629800
645.906700
646.505067
646.816400
646.819333
647.676733
647.943400
648.065033
648.207000
648.262667
648.349167
648.393433
648.683333
648.719333
649.023167
649.151533
649.232867
649.395800
649.617767
649.718633
649.750633
649.880233
649.983900
650.191600
650.385933
650.502767
651.272067
652.131133
652.398100
652.470500
653.092167
653.491467
653.904000
653.957500
654.950100
655.000100
655.344433
655.390767
655.491367
655.564467
655.793433
655.981933
656.392800
656.483567
656.555433
656.635633
656.871267
656.905467
657.017600
657.058367
657.182933
657.290200
657.604067
657.673533
657.812167
658.030200
658.662700
658.680233
658.797867
659.106267
659.264633
659.958500
659.987500
660.025200
660.124433
660.222433
660.267633
660.601300
660.856533
660.921467
660.975633
661.379900
661.570333
661.773700
661.804700
661.859433
661.883467
661.961767
661.968467
662.009233
662.320567
662.457700
662.467333
662.560667
662.889767
663.077767
663.216867
663.731433
663.857033
663.978033
664.247367
664.486867
664.558367
664.639233
664.700500
664.753933
664.838200
665.287000
665.444267
665.623367
665.658333
665.912733
665.953700
665.991633
666.004500
666.038033
666.295600
666.334233
666.491800
666.528900
666.619333
666.731433
666.943467
667.868500
667.915367
667.984000
668.233833
668.713600
669.180133
669.246733
669.355200
669.488500
670.055633
670.072100
670.103600
670.283267
670.293933
670.358367
670.537867
670.568467
670.591967
670.802300
670.879000
670.945467
671.165633
671.592500
671.624900
671.834433
672.325633
672.361267
672.779700
672.984900
673.063533
673.082633
673.561467
673.680100
673.732933
673.758033
673.892500
674.547967
674.600367
674.831867
675.006433
675.065167
675.069900
675.101800
675.162833
675.270333
675.625433
675.950067
675.997567
676.102867
676.136667
676.653500
676.681633
676.731633
676.924233
677.308500
677.915333
677.945433
678.029933
678.071767
678.272600
678.477433
678.501967
678.837900
678.983367
679.054500
679.136533
679.220633
679.275067
679.375833
679.732367
679.734133
679.788100
679.808100
679.920667
679.944233
680.209000
680.381767
680.446933
680.875300
680.930233
681.007100
681.331300
681.560867
681.740567
681.826100
681.843933
682.030267
682.203133
682.279933
682.376767
682.438700
682.730033
682.845800
683.406700
683.476533
683.676800
683.812867
684.355833
684.406500
684.523333
685.241267
685.399867
685.406033
685.473567
685.481533
685.509700
685.561200
685.642667
686.015967
686.041133
686.108800
686.130967
686.341600
686.509233
686.639900
687.139333
687.147767
687.270800
687.326067
687.417667
687.593667
687.658733
687.715667
687.818833
687.998100
688.302400
688.528100
689.051333
689.448200
689.601033
689.674600
689.757267
690.143767
690.501400
690.559833
690.837933
691.079133
691.130467
691.184333
691.300533
691.366167
691.393667
691.401500
691.431100
691.498967
691.558267
691.628400
691.650367
691.902100
692.670633
692.970033
693.093967
694.009100
694.329100
694.377733
694.476433
694.937567
695.145267
695.211167
695.232833
696.130967
696.268233
696.574333
696.620333
696.888667
696.924267
696.936800
697.011033
697.343167
697.414067
697.517333
697.878333
698.009900
698.179600
698.208700
698.502267
698.586333
698.966000
699.014900
699.030900
699.262233
699.321167
699.326433
699.422200
699.548267
699.657267
699.715533
699.854000
699.991033
700.093233
700.138800
700.680667
700.881767
701.099667
701.395700
701.415200
701.603100
701.744700
701.857167
701.896267
702.334167
702.394300
702.467533
702.601433
702.713700
702.851333
702.942400
703.182167
703.186533
703.217567
703.343667
703.421167
703.693300
703.730000
703.761033
703.806033
703.840167
704.019533
704.125667
704.661833
704.917200
705.523433
705.779533
705.885467
706.238733
706.271767
706.333867
706.343833
706.914667
706.977167
707.089300
707.153933
707.271733
707.408200
707.804067
707.816833
707.862767
707.924533
707.936700
707.963533
707.998733
708.117367
709.473167
709.580733
709.906433
710.110000
710.195400
710.208267
710.291900
710.330133
710.728967
711.013467
711.801900
712.103967
712.303467
712.645867
712.728133
713.067900
713.279433
713.452700
713.832300
713.888567
714.220967
714.223567
714.284767
714.348533
714.387633
714.466267
714.497767
714.761367
714.785900
715.329533
715.460767
715.528000
715.533100
715.719567
715.891733
715.921233
715.961400
715.989867
716.066833
716.142567
716.153200
716.492367
716.513300
716.933900
717.203733
717.240467
717.418000
717.444000
717.500933
717.541367
717.659133
717.688867
717.772833
717.838800
718.125900
718.365133
718.426033
718.953533
719.075767
719.154600
719.214400
719.250067
719.450367
719.730233
719.739333
719.864033
720.264167
720.272067
720.319067
720.467700
720.590400
720.655333
720.682533
720.822600
720.918667
720.971267
721.079733
721.114967
721.751367
722.111267
722.453867
722.529767
722.856333
723.012367
723.039900
723.086600
723.216267
723.272233
723.327967
723.374833
723.403100
723.652233
723.847900
723.856833
724.050333
724.096500
724.108267
724.129833
724.131533
724.231133
724.286200
724.339433
724.506433
724.529767
725.091967
725.108767
725.111633
725.217800
725.248700
725.276400
725.347100
725.922567
725.957633
726.169200
726.261467
726.268600
726.497333
726.912033
727.173767
727.444100
727.450367
727.615400
727.649167
727.707900
727.720767
727.801967
727.849033
727.867033
727.897367
727.993400
728.033333
728.081067
728.137433
728.149967
728.244267
728.397100
728.557100
728.628100
728.739100
728.744467
728.778367
728.889567
728.951867
728.991733
729.101000
729.224967
729.337033
729.535433
729.676967
730.925867
730.939100
731.183300
731.221633
731.265033
731.444400
731.465900
731.482967
732.022267
732.586367
732.745800
732.871433
732.924500
732.934567
733.072100
733.366867
733.428233
733.491500
733.608867
733.760133
733.842533
733.858533
734.103800
734.256633
734.377100
734.663967
734.728467
734.935900
735.396633
735.466367
735.650833
735.783933
736.204867
736.293667
736.450367
736.681367
736.846200
737.347300
737.400867
737.506300
737.531300
737.545533
737.958433
737.964967
738.146100
738.239433
738.322433
738.461333
738.604033
738.796333
739.088800
739.190033
739.256233
740.578500
740.642800
740.867600
741.190167
741.247300
741.352933
741.451567
741.453367
741.760000
742.022600
742.201867
742.259233
742.396733
742.472033
742.576567
742.637667
742.755700
742.945467
743.229433
743.286833
743.373300
743.389667
743.797800
743.850467
744.175733
744.251167
744.379700
744.621733
744.659667
744.663367
744.732200
744.860167
745.129567
745.169667
745.209400
745.231733
745.294600
745.335033
745.453700
745.670367
745.949100
746.063333
746.365400
746.753633
747.478733
747.872067
748.059100
748.528667
748.559100
749.026600
749.132733
749.240033
749.417233
749.509233
749.554333
749.610000
749.755800
749.856600
750.243700
750.320333
750.474533
750.570433
750.625233
750.664867
750.677933
750.751633
751.112433
751.167633
751.201567
751.205400
751.713733
752.406800
752.496867
752.537533
752.651567
752.767367
752.817933
753.401267
753.588867
753.791833
754.057467
754.138167
754.558200
754.615267
754.746933
754.937967
754.996033
755.057667
755.210500
755.249600
755.287667
755.590000
755.732833
755.864533
756.173100
756.176367
756.207933
756.311067
756.597600
756.807500
756.991533
757.014900
757.327567
757.432700
757.696700
757.772800
758.207567
758.249700
758.406000
758.426867
758.813500
759.474033
759.523233
759.726067
759.819933
759.823233
759.895267
759.981033
760.031200
760.174567
760.208000
760.265800
760.500867
760.611400
760.639300
761.717600
761.886033
762.410367
762.622633
762.806433
762.959867
763.163933
763.229967
763.249167
763.400033
763.584967
764.006433
764.016167
764.419300
765.194233
765.232433
765.350467
766.038967
766.254100
766.313433
766.462033
766.648267
766.916167
767.022000
767.090667
767.408533
767.563567
767.630200
767.835700
767.986933
768.887600
769.747100
769.860067
770.029800
770.171067
770.222367
770.519067
770.658833
770.680033
771.018767
771.043700
771.149100
771.691967
771.738767
771.788600
771.838833
772.026400
772.659833
773.043767
773.217200
773.966833
774.062600
774.461533
774.615267
774.652833
774.874767
774.930500
774.991467
775.011633
775.336133
775.958900
775.960600
776.071900
776.215067
776.353200
776.417833
776.640100
776.855267
776.929933
776.937433
777.202067
777.229533
777.375900
777.421867
777.693967
777.869967
778.053200
778.123333
778.165167
778.254367
778.410933
778.895067
779.066833
779.379100
779.614367
779.684633
779.775900
779.883733
779.954867
779.961567
780.048633
780.192467
780.262200
780.386633
780.681067
780.728033
781.037167
781.040667
781.469100
781.988100
782.211933
782.250367
782.255533
782.368133
782.388833
782.539367
782.596200
782.664433
782.750700
783.020567
783.127967
783.162300
783.214900
783.369033
783.532833
784.131633
784.171467
784.194200
784.345933
784.630900
784.690933
785.112700
785.142900
785.326200
785.480400
785.503500
785.573367
785.617867
785.698833
786.112900
786.247167
786.327767
786.598600
786.878100
787.040800
787.223533
787.346800
787.601100
788.132967
788.978100
789.048267
789.118733
789.185867
789.249400
789.817033
790.165233
790.215133
790.303767
790.818900
790.971433
791.066467
791.218233
791.340333
791.384167
791.572567
791.844433
792.371533
792.822867
792.881533
793.057267
793.154400
793.234000
793.268067
793.329800
793.334633
793.576000
793.616600
793.630700
793.683267
793.859467
794.012433
794.135300
794.212167
794.385400
794.451233
794.508333
794.528233
794.606067
794.659833
795.062567
795.087267
795.144333
795.263967
795.283833
795.360600
795.605533
795.638833
795.831233
796.071600
796.279100
796.540967
796.774500
797.181467
797.527400
797.758867
797.780967
797.889933
797.977433
798.041200
798.157600
798.236867
798.291033
798.833933
799.014900
799.052100
799.240767
799.444000
799.461200
799.534433
799.755100
800.387867
800.411867
800.506533
800.557033
800.727800
800.760933
800.832833
800.872233
801.144600
801.198367
801.481933
802.071967
802.093533
802.176300
802.242900
802.283233
802.338533
802.417500
802.552100
802.647633
803.188533
803.575433
803.602000
803.923233
803.995633
804.038967
804.094867
804.245467
804.332667
804.444367
804.491767
804.682767
804.777833
804.861400
804.880467
804.924800
805.260100
805.370467
805.489800
805.586433
805.734800
805.932500
805.945567
806.181500
806.249833
806.357533
806.384367
806.594433
806.641467
806.667133
806.902333
807.192167
807.373000
807.483800
807.546867
807.786867
807.900633
808.117600
808.171067
808.205433
808.243200
808.261767
808.341667
808.391933
808.548200
808.770000
809.158033
809.221000
809.237467
809.477500
810.142933
810.199633
810.735767
810.858133
810.883233
811.635933
811.664967
811.864267
812.261567
812.278267
812.438400
813.204600
813.237200
813.306067
813.404733
813.432200
813.501467
813.924133
814.092633
814.270600
814.348500
814.370167
814.435867
814.559100
814.622233
814.647300
814.782800
815.705900
815.950133
816.112500
816.518400
816.841100
816.907600
817.311500
817.500833
817.723100
817.739733
817.781800
818.479400
818.517333
818.536233
818.739933
818.765100
819.077233
819.153867
819.212167
819.443367
819.546567
819.705200
819.927000
819.987233
820.312700
820.510533
820.713500
820.969833
821.305967
821.486833
821.572367
822.107033
822.182033
822.448800
822.577800
822.647567
822.688433
822.843500
822.860933
822.904400
822.912533
823.370267
824.114500
824.400567
824.889133
825.022167
825.064200
825.534600
825.606967
825.676833
825.723200
825.971100
826.672133
826.822333
826.837467
827.090233
827.110667
827.189633
827.205833
827.296033
827.378300
827.526967
827.753267
827.850967
827.916200
828.006867
828.089533
828.286600
828.289233
828.354067
828.540167
828.597100
828.604400
828.636900
828.850067
829.503733
829.804600
829.994167
830.107100
830.177667
830.419200
830.483567
830.544900
830.549100
830.634067
831.006667
831.088267
831.396600
831.500900
831.578500
831.615367
831.650667
831.748033
831.757433
831.820600
831.956867
832.007633
832.011733
832.177000
832.219167
832.374267
832.646700
832.695867
832.763933
833.046100
833.132600
833.155867
833.430033
833.570800
833.602233
833.851067
834.037900
834.090167
834.292067
834.399667
834.703800
834.956533
835.001800
835.407533
835.450767
835.623233
835.631267
835.730500
835.865467
835.999567
836.362167
836.743033
836.800600
836.872233
837.009933
837.017433
837.200567
837.770033
837.897967
838.294000
838.542233
838.823333
838.925100
839.024667
839.298500
839.619433
839.641500
839.705467
839.739267
839.796933
839.983633
840.137133
840.340000
840.658900
840.733800
841.119833
841.833100
842.078967
842.249667
842.293600
842.504667
842.613567
842.959300
842.980000
843.013500
843.467067
843.627867
843.755733
844.013000
844.206200
844.261433
844.493733
844.542100
844.805033
844.984667
845.027533
845.080867
845.118900
845.131167
845.191133
845.233300
845.375933
845.407333
845.555000
845.613267
845.797067
845.991600
846.772500
846.895467
846.928200
847.075700
847.338833
847.565967
847.659567
847.693533
847.731133
848.137133
848.296400
848.313200
848.467567
848.565233
848.622267
848.658633
848.703233
848.752700
848.757600
848.843500
848.848200
848.878067
848.915433
849.064400
849.211000
849.344800
849.422033
850.137433
851.477733
851.690633
851.721067
851.791667
852.097400
852.196333
852.406900
852.441767
852.778433
853.073033
853.216067
853.528933
853.592100
853.605500
853.638367
853.827400
853.936633
853.982367
854.322800
854.636733
854.703267
855.071833
855.128967
855.223467
855.321367
855.628067
856.065133
856.813567
856.868733
857.207400
857.418467
857.448067
858.200000
858.201700
858.370833
858.840433
859.157567
859.248200
859.297767
859.544033
859.654800
860.053867
860.132033
860.211300
860.229967
860.327567
860.576833
861.002333
861.144800
861.283967
861.514967
861.696933
862.102800
862.145333
862.478333
862.579933
862.616500
862.764333
862.803067
862.840833
862.866000
862.998233
863.060033
863.083433
863.207200
863.395900
863.495867
863.539900
863.572133
863.593200
863.658633
863.828333
863.863267
863.984333
864.026967
864.663833
864.793000
864.843333
865.178533
865.989633
866.077500
866.291867
866.330900
866.613033
866.626100
866.644700
866.823467
867.295967
867.386700
867.614800
867.632800
867.659000
867.668467
867.798333
868.208733
868.425867
868.458400
868.812100
869.014133
869.549567
869.920867
869.934300
870.091233
870.166467
870.229000
870.367067
870.475867
870.510867
870.636467
870.774167
870.787200
871.059667
871.106633
871.176833
871.280133
871.627400
871.842933
871.902067
872.272467
872.324267
872.358133
872.639867
872.795733
872.811233
872.882600
872.935000
873.263867
873.448167
873.816467
873.869600
874.109067
874.292967
874.335233
874.967933
875.554600
875.737033
875.790633
875.875933
876.058700
876.248433
876.382433
876.741633
876.834000
876.880033
877.003000
877.124567
877.594500
877.656533
877.801933
877.814667
878.301600
878.357700
878.652833
878.703933
878.773000
879.030000
879.035167
879.073200
879.273333
879.659667
879.686933
879.701367
879.754000
879.962600
880.048467
880.143900
880.295700
880.362100
880.399700
880.486967
880.559100
880.886333
880.908067
881.018000
881.136800
881.336467
881.659467
881.787600
881.934833
882.630933
882.997633
883.099800
883.154467
883.432833
883.708633
883.790300
883.981767
884.031800
884.101467
884.166600
884.372967
884.421400
884.447700
884.630433
884.848033
884.979767
885.008100
885.182000
885.217033
885.261433
885.863167
886.005100
886.149233
886.238533
886.307067
886.368700
886.524700
886.584667
886.683100
886.793633
886.953267
887.218133
887.389333
887.652033
887.656067
887.758900
888.165400
888.259633
888.419833
888.516800
888.614533
888.695400
889.565433
889.695000
890.042800
890.173533
890.229533
890.255300
890.382300
890.660167
890.788833
890.840233
890.985900
891.108633
891.191100
891.252800
891.404033
891.424233
891.470700
891.550967
891.591133
891.745300
891.776533
891.913467
891.951567
892.494833
892.639767
892.767533
892.852200
892.892333
892.909900
892.991333
893.106067
893.355767
893.572233
893.746667
894.046967
894.049700
894.154900
894.257400
894.286233
895.781767
896.584867
896.739733
896.910667
897.270867
898.318167
898.357900
898.376900
898.409933
898.434900
898.491400
898.701533
898.782500
898.789100
898.950167
899.200133
899.322400
899.355633
899.394400
899.612667
899.650000
899.687433
899.746100
899.858000
899.889533
900.041767
900.107400
900.169267
900.287700
900.296200
900.337967
900.363533
900.444667
900.475933
900.538900
900.613633
901.089000
901.335567
901.337600
901.407833
901.469133
901.503167
901.753133
902.224233
902.441467
902.590500
902.749267
902.791267
902.894433
902.973967
903.003667
903.080500
903.372000
903.392400
903.436633
903.509633
903.538033
903.660633
903.791033
903.863867
903.938367
904.231300
904.295667
904.410233
904.529500
904.586800
904.629567
905.144433
905.336800
905.419900
905.597400
905.791133
906.435500
906.807267
907.123167
907.461400
907.696000
907.808200
907.842900
907.869600
907.908800
907.979267
908.052700
908.065000
908.467200
908.493767
908.536700
908.608100
908.683533
908.698567
908.951167
909.252200
909.368533
909.393233
909.410000
909.452500
909.637000
909.703400
909.815867
910.133333
910.235033
910.847567
910.873000
911.107367
911.177133
911.391500
911.470033
911.729967
911.992767
912.361367
913.233667
913.672067
914.686800
914.937367
915.381567
915.621800
915.702867
915.772333
915.828567
915.920667
916.266667
916.390933
916.591167
916.616100
916.850533
916.969333
917.093433
917.307100
917.638900
917.709100
917.960700
918.032300
918.061767
918.257433
918.325700
918.556467
918.697033
918.850633
918.879667
919.004967
919.202800
919.282967
919.332100
919.396500
919.476300
919.725333
919.778033
919.983633
920.119200
920.230667
920.438567
920.741167
920.817700
921.104733
921.370933
921.546867
921.565467
921.652900
921.782767
921.978867
922.077133
922.232100
922.301100
922.409033
922.476933
922.546300
922.580467
922.642100
922.757700
923.055300
923.195633
923.258600
923.480467
923.829700
923.925267
924.321167
924.668433
924.814467
924.864133
924.901600
924.925267
924.986267
925.040967
925.098067
925.740900
925.969567
926.017633
926.247367
926.288833
926.447700
926.894433
926.964667
927.156433
927.189533
927.236700
927.247767
927.408700
927.726367
928.008300
928.026033
928.192200
928.196733
928.329333
928.537433
928.587367
928.612100
928.673900
928.845333
929.418600
929.669900
929.722300
929.772767
929.815167
929.910767
930.631800
930.681867
930.920300
931.224400
931.355867
931.456067
931.478000
931.530867
931.775133
931.819567
931.919667
931.926333
931.965733
932.012067
932.071833
932.177067
932.300600
932.425567
932.687900
932.738100
933.248800
933.552600
933.685167
933.764433
933.921733
934.222367
934.277800
934.555767
934.648200
935.111967
935.115500
935.158067
935.230400
935.316967
935.452500
935.472700
935.539933
935.900033
936.056300
936.316133
936.878500
936.958067
937.014767
937.669333
937.671233
937.721133
937.758967
937.804300
938.294467
938.308933
938.469633
938.578967
938.853500
938.942700
939.072067
939.140200
939.218700
939.308600
939.335500
939.446733
939.472200
939.568700
939.890533
940.019800
940.147433
940.304433
940.422333
940.537600
940.764500
941.008533
941.105533
941.546900
941.874467
941.955233
941.994633
942.043900
942.150700
942.455633
942.545200
942.754667
943.239700
943.272133
943.331900
943.337500
943.780267
944.071967
944.252667
944.440900
945.235933
945.270333
945.284900
945.328733
945.386800
945.630400
945.757367
945.824167
946.230033
946.310067
946.344700
946.386100
946.493933
946.722967
946.831167
947.020533
947.055700
947.236633
947.494133
947.594233
947.798033
948.108100
948.173633
948.234700
948.288567
948.579267
948.614033
948.662067
948.689267
948.786267
948.834600
948.908467
948.947767
948.960067
948.984600
949.387567
949.423767
949.447767
949.615833
949.859067
950.024100
950.636233
950.727033
950.761900
952.072267
952.185100
952.258100
952.295633
952.396167
952.402967
952.433133
952.559700
952.745567
952.855867
952.977167
953.061467
953.211233
953.526867
953.880833
953.941467
954.039500
954.422200
954.556633
954.795633
954.837433
954.892967
955.019667
955.102533
955.109733
955.150100
955.215900
955.333067
955.377533
955.392267
955.624600
955.896733
955.921633
956.059033
956.314900
956.461433
956.517867
956.798067
956.940467
957.375367
957.463733
957.668867
957.820267
957.876200
957.985167
958.080133
958.234367
958.587033
959.499933
959.605567
959.743533
959.859600
960.201267
960.245567
960.273933
960.601867
960.640633
960.730267
960.791967
960.918167
961.178867
961.237067
961.251433
961.353233
961.580200
961.634933
961.645200
961.695333
962.061067
962.098333
962.208133
962.220967
962.835333
963.179733
963.192033
963.569033
963.766100
963.823467
963.831467
963.886700
963.935367
964.022200
964.279367
964.345567
964.456767
964.656600
964.714667
964.747433
964.852633
965.018233
965.231333
965.381667
965.383700
965.784567
965.904100
966.059467
966.401333
967.071800
967.128900
967.834567
967.965867
968.059700
968.110833
968.335433
968.433167
968.858700
969.087467
969.608167
969.702533
969.716700
969.812333
970.000100
970.367533
970.491367
970.562767
970.662267
970.995067
971.055133
971.356867
971.375400
971.816900
972.412933
972.710767
972.737367
972.856467
973.027833
973.287900
973.391633
973.622500
973.661500
973.777067
973.808500
974.028167
974.093700
974.095500
974.324700
974.553000
974.583900
974.736367
974.862433
975.057100
975.196867
975.417267
975.676867
975.728400
975.769433
975.986700
976.371167
976.496067
976.644733
977.241533
977.883567
978.079333
978.384633
978.511867
978.539567
978.592733
978.607367
978.661633
978.803700
979.022933
979.132433
979.293333
979.343233
980.113600
980.384900
980.550300
981.245833
981.355500
981.376167
981.874533
982.240567
982.273400
982.326133
982.375267
982.516067
982.586467
982.883467
983.036900
983.088567
983.270167
983.324033
983.364033
983.499300
983.781633
983.879233
983.925867
984.065567
984.109333
984.187700
984.558933
984.625000
984.645100
984.751700
984.974567
985.228300
985.425233
985.533233
985.727800
985.994533
986.043367
986.125167
986.613633
986.667700
986.775467
986.849400
986.871567
986.930467
987.095833
987.340667
987.383600
987.415367
987.502233
987.564167
987.613300
987.636867
987.752967
987.802333
987.887133
988.188567
988.454033
988.472267
988.559900
988.604367
988.731000
988.833200
989.010867
989.152167
989.515167
989.990233
990.115800
990.303100
990.368767
990.676833
990.709233
990.921767
991.242633
991.516633
991.897433
992.064567
992.153833
992.348000
993.283833
993.876233
993.931167
994.062267
994.074333
994.104333
994.155833
994.369167
994.487000
994.653300
994.809067
994.962433
994.996933
995.097800
995.770833
996.109267
996.441400
996.715333
996.807000
996.925933
997.015867
997.355933
997.413533
997.647600
997.655067
997.744600
997.868167
997.889533
998.070633
998.261133
998.425200
998.462367
998.645900
998.831767
999.722833
999.760700
999.796433
999.870433
1000.448600
1000.671000
1000.853333
1000.946367
1000.961467
1000.994667
1001.089367
1001.256633
1001.296900
1001.363333
1001.389100
1002.121967
1002.225267
1002.308600
1002.445267
1002.457700
1002.524833
1002.835367
1002.879867
1002.935867
1002.940100
1003.264400
1003.268500
1003.511167
1003.781500
1003.799167
1003.825233
1004.494933
1004.552400
1004.566967
1004.592233
1004.685367
1004.806633
1004.885033
1005.511933
1005.911433
1005.943233
1007.196267
1007.230900
1007.552967
1007.675833
1007.793300
1007.879733
1007.923233
1008.218100
1008.334800
1008.423233
1008.656167
1008.744700
1008.823800
1008.997267
1009.260667
1009.549300
1009.843833
1010.245667
1010.762167
1010.991367
1011.028867
1011.273333
1011.286533
1011.329833
1011.441867
1011.575267
1011.611500
1011.700767
1011.736633
1011.764933
1011.858900
1011.913600
1011.920433
1012.046467
1012.092100
1012.160400
1012.427000
1012.632900
1012.777333
1012.946567
1013.276700
1013.358367
1013.405867
1013.472333
1013.506267
1013.541367
1013.556567
1013.574700
1013.876533
1013.941033
1014.024000
1014.090067
1014.105033
1014.336800
1014.459833
1014.548333
1014.632167
1014.695933
1014.835967
1014.893467
1014.910100
1015.142000
1015.205533
1015.471133
1015.731767
1015.843933
1016.270267
1017.285633
1017.526567
1017.621600
1018.213833
1018.340833
1018.360767
1018.396833
1018.466467
1018.578300
1018.713400
1018.719333
1018.790233
1018.833167
1018.970600
1019.276767
1019.310067
1019.347900
1019.587133
1019.649400
1020.726500
1021.233633
1021.288667
1021.467400
1021.633900
1021.927833
1022.072233
1022.119067
1022.294933
1022.336300
1022.341133
1022.546033
1022.668600
1022.881100
1023.252033
1023.285667
1023.446700
1023.531633
1023.576300
1023.617300
1023.762433
1023.970567
1024.166833
1024.587700
1024.910000
1025.157200
1025.372567
1025.760333
1025.776233
1025.874967
1026.065833
1026.153733
1026.180433
1026.210733
1026.413067
1026.869667
1026.970000
1027.118300
1027.271600
1027.333067
1027.560700
1027.619700
1027.667133
1027.871333
1028.116700
1028.243600
1028.299200
1028.306500
1028.478300
1028.574033
1028.610333
1028.726333
1028.946767
1029.189300
1029.349233
1030.104633
1030.162600
1030.210433
1030.223300
1030.463400
1030.758167
1030.910667
1031.028533
1031.059833
1031.069800
1031.275333
1031.508967
1031.764700
1031.832933
1031.866267
1031.900200
1031.944067
1032.124967
1032.224933
1032.227367
1032.359833
1032.515700
1032.866767
1033.071433
1033.492267
1033.849833
1034.014300
1034.271867
1034.309067
1034.408500
1034.740800
1034.814700
1035.059733
1035.189500
1035.655267
1035.677700
1035.736733
1035.987500
1036.128733
1036.314400
1036.767700
1037.058433
1037.147233
1037.538467
1037.803533
1037.979833
1038.237367
1038.347800
1038.433600
1038.568300
1038.592333
1038.654100
1038.708433
1038.827967
1039.181567
1039.344267
1039.574633
1039.842633
1039.940867
1040.038067
1040.066533
1040.163633
1040.200233
1040.408900
1040.482367
1040.557000
1040.640900
1040.689700
1040.860167
1040.923533
1041.029800
1041.088067
1041.167733
1041.197200
1041.220300
1041.296233
1041.483333
1041.574767
1041.638167
1041.946367
1042.012400
1042.137200
1042.385533
1042.407067
1042.733400
1042.927667
1043.569700
1043.611833
1043.615633
1043.647267
1043.849467
1043.911600
1044.048600
1044.818933
1044.927067
1045.158867
1045.471867
1045.609200
1045.648267
1045.923533
1046.263900
1046.325067
1046.434733
1046.650567
1046.911267
1047.187033
1047.330967
1048.255367
1048.618167
1049.313100
1049.352600
1049.386833
1049.400967
1049.516067
1049.578433
1049.591600
1050.151667
1050.169700
1050.313133
1050.326067
1050.457267
1050.489933
1050.527167
1050.752533
1050.775900
1050.848967
1051.031200
1051.084067
1051.439667
1051.466367
1051.739000
1051.805700
1051.864433
1051.875467
1052.110833
1052.152167
1052.239800
1052.325433
1052.406500
1052.410033
1052.643267
1052.734267
1052.832400
1053.103700
1053.152667
1053.995933
1054.240800
1054.401100
1054.435833
1054.646567
1054.698733
1054.744067
1054.999500
1055.171633
1055.208833
1055.215000
1055.302233
1055.304433
1055.452300
1055.586200
1055.704267
1055.750967
1055.902800
1055.993433
1056.138500
1056.253233
1056.428233
1056.456567
1056.491400
1057.319700
1057.395000
1058.191400
1058.627900
1058.756533
1058.787633
1059.244667
1059.285067
1059.408200
1059.534700
1059.802233
1059.895600
1060.083967
1060.100200
1060.574067
1060.604867
1060.718233
1060.762733
1061.020233
1061.241767
1061.416333
1061.457200
1061.553867
1061.664567
1061.881067
1062.059833
1062.327600
1062.498800
1062.691333
1062.900033
1062.948900
1063.032267
1063.044533
1063.183533
1063.593133
1063.741067
1063.771400
1063.867333
1063.972533
1064.311200
1064.701967
1064.853133
1064.918267
1065.044833
1065.133800
1065.381633
1065.690700
1065.742167
1065.757133
1065.841400
1065.986033
1066.088367
1066.317667
1066.563000
1066.575100
1066.705800
1066.804833
1067.313133
1067.601200
1067.777133
1067.825633
1067.940500
1068.172733
1068.571100
1068.859233
1068.977167
1069.062167
1069.344400
1069.423100
1069.777133
1069.860800
1069.947367
1069.979933
1070.402700
1070.445500
1070.566600
1070.772967
1071.016500
1071.074567
1071.076533
1071.139333
1071.147267
1071.199667
1071.293267
1071.428033
1071.627233
1072.214033
1072.268700
1072.347533
1072.527867
1073.439867
1073.481800
1073.548667
1073.770267
1073.791833
1074.124633
1074.197933
1074.665500
1074.725567
1074.771767
1074.786000
1075.399400
1075.517067
1075.552600
1075.808767
1075.935667
1076.251100
1076.609867
1076.653533
1076.866400
1077.225733
1077.431067
1077.524333
1077.770200
1077.909433
1077.943600
1078.001267
1078.007433
1078.040900
1078.235233
1078.316900
1078.513267
1078.537600
1078.899567
1079.162133
1079.223767
1079.431767
1079.511300
1079.529267
1079.670733
1079.739500
1079.808967
1080.079133
1080.084767
1080.207167
1080.210733
1080.309700
1080.381633
1080.510167
1080.572533
1080.849633
1080.923100
1081.078967
1081.237000
1081.502467
1081.602433
1081.872367
1082.001633
1082.044433
1082.235467
1082.293633
1082.308033
1082.372667
1082.503467
1082.762800
1082.846167
1083.063900
1083.071000
1083.120100
1083.251367
1083.305433
1083.661967
1083.842600
1083.863667
1084.156667
1084.199267
1084.821600
1085.159133
1085.311800
1085.319633
1085.460833
1085.514967
1085.522000
1085.635900
1085.774100
1085.941500
1085.962267
1085.999233
1086.016900
1086.073067
1086.280233
1086.596733
1086.713567
1086.909100
1086.962867
1087.369867
1087.416533
1087.466733
1087.637967
1088.500100
1088.962933
1089.288500
1089.451967
1089.521567
1089.632800
1089.854767
1089.935467
1090.118733
1090.130367
1090.858833
1090.915000
1091.034833
1091.160900
1091.183733
1091.351000
1091.674367
1091.969933
1092.665800
1092.786133
1092.962833
1093.001333
1093.335167
1093.508233
1093.670367
1093.959967
1093.985300
1094.249733
1094.371300
1094.441700
1094.736000
1094.954400
1095.457400
1095.625100
1096.107267
1096.160967
1096.412833
1096.576933
1096.691500
1096.749300
1096.985567
1097.252433
1097.551433
1098.308333
1098.514733
1098.665733
1098.811367
1098.959567
1099.034000
1099.071033
1099.106733
1099.192333
1099.222667
1100.012033
1100.147433
1100.320300
1100.758233
1101.016200
1101.680467
1101.739233
1101.783100
1101.874267
1102.072933
1102.286067
1102.349200
1102.358167
1102.468333
1102.542000
1102.670333
1103.481567
1103.554467
1104.994833
1105.681433
1106.383200
1106.674233
1106.696467
1106.774233
1106.792400
1106.833500
1106.858400
1107.150433
1107.419600
1107.905033
1108.126200
1108.597500
1108.908700
1109.206333
1109.286533
1109.347933
1109.400333
1109.456800
1109.473333
1109.550267
1109.727133
1110.123200
1110.152833
1110.707100
1110.755467
1110.923833
1111.002500
1111.082500
1111.120167
1111.181567
1111.589800
1111.716600
1112.008467
1112.030267
1112.438033
1112.654167
1113.071900
1113.406200
1113.731000
1113.897833
1114.001300
1114.150867
1114.206667
1114.450300
1114.510600
1114.713633
1114.797067
1114.892733
1114.997767
1115.055133
1115.112033
1115.200233
1115.276500
1115.702967
1115.762033
1115.792633
1115.926367
1116.136833
1116.192233
1116.318167
1116.389300
1116.470467
1116.641933
1116.978300
1117.265600
1117.454333
1117.502400
1117.609933
1117.665900
1117.818333
1117.863367
1117.916133
1117.969267
1117.977133
1118.344400
1118.486567
1118.657967
1118.749000
1118.761633
1118.795467
1118.891300
1119.262867
1119.282967
1119.298133
1119.421700
1119.858400
1120.211700
1120.697000
1121.029967
1121.148067
1121.252767
1121.339900
1121.362933
1121.391167
1121.440767
1121.443400
1121.484933
1121.514133
1121.575500
1121.879000
1121.894067
1122.121167
1122.536567
1122.601500
1122.720733
1122.768367
1122.960167
1123.013700
1123.053933
1123.074567
1123.152533
1123.216567
1123.461467
1123.748333
1123.882200
1124.110967
1124.186467
1124.246700
1124.329333
1124.418333
1124.475833
1124.687267
1124.694333
1124.762900
1125.065533
1125.120867
1125.150900
1125.229200
1125.333100
1125.464100
1125.467667
1125.508300
1125.540433
1125.697400
1125.748033
1125.858233
1125.930633
1126.163233
1126.232433
1126.341433
1126.445900
1126.862100
1127.443233
1127.620767
1127.941400
1128.156367
1128.203800
1128.582200
1128.632567
1128.649067
1128.767167
1128.861967
1128.954300
1128.985567
1129.030100
1129.636000
1129.950133
1130.253067
1130.427600
1130.529333
1130.697333
1131.012900
1131.126767
1131.459133
1131.890700
1132.429933
1132.657533
1132.684367
1132.689800
1132.782633
1132.823233
1132.874867
1132.975467
1133.449400
1133.711933
1133.748967
1133.868533
1133.970367
1134.006100
1134.160133
1134.301467
1134.490400
1134.620700
1134.657800
1134.738733
1134.809567
1134.954433
1135.258200
1135.299533
1135.500267
1135.572667
1136.085033
1136.133800
1136.171333
1136.296767
1136.600900
1136.661000
1137.038600
1137.262933
1137.268800
1137.479833
1137.629500
1137.702867
1137.752167
1137.826800
1137.972800
1138.032933
1138.105233
1138.348067
1138.531500
1138.561833
1139.631533
1139.857667
1139.891200
1140.481833
1140.922800
1141.072467
1141.138767
1141.153967
1141.476133
1141.618067
1141.660567
1141.710867
1141.749900
1141.957700
1142.116767
1142.347933
1142.376867
1142.503600
1142.575267
1142.972900
1143.068600
1143.195467
1143.239167
1143.285233
1143.358833
1143.395967
1143.426667
1143.541400
1143.679900
1143.702833
1143.756100
1143.925967
1144.001500
1144.217267
1144.262567
1144.321867
1144.475267
1144.551767
1144.704967
1144.968233
1145.043633
1145.114567
1146.429567
1146.558267
1146.805833
1146.811433
1146.927733
1147.265800
1147.274900
1147.342133
1147.715267
1147.879467
1147.937800
1148.461400
1148.509467
1148.562033
1148.788567
1149.083667
1149.227333
1149.399900
1149.445467
1149.966267
1150.198633
1150.377333
1150.659333
1150.689800
1150.766167
1150.876500
1151.081800
1151.169033
1151.501667
1152.182533
1152.761067
1152.808733
1152.832600
1153.230000
1153.402633
1154.351733
1154.375167
1154.518967
1154.722267
1154.904433
1154.965933
1155.011067
1155.135200
1155.204067
1155.416967
1155.485200
1155.631633
1155.731333
1156.068133
1156.294067
1156.316333
1156.558533
1156.617700
1156.958600
1157.054200
1157.177133
1157.193067
1157.499067
1157.615467
1157.994667
1158.191000
1158.359333
1158.444733
1158.662300
1158.706833
1158.747033
1158.832500
1158.919967
1158.996567
1159.340433
1159.366000
1159.517800
1159.713900
1159.966200
1159.993300
1160.047767
1160.065700
1160.391733
1160.576567
1161.095933
1161.302967
1161.363200
1161.390500
1161.521433
1161.579533
1161.667667
1161.711433
1161.841267
1162.241800
1162.324900
1162.547267
1162.704233
1162.756700
1162.928967
1163.056433
1163.365300
1163.519833
1163.602333
1163.792533
1163.889167
1164.010133
1164.281267
1164.322667
1164.717600
1164.772233
1164.968833
1165.111467
1165.343300
1165.776533
1165.818800
1165.997433
1166.046733
1166.094267
1166.187700
1166.200167
1166.229167
1166.383833
1166.458267
1166.527133
1166.726533
1167.387200
1167.800867
1167.984033
1168.361567
1168.425067
1168.701633
1168.999567
1170.150267
1170.181600
1170.402267
1170.411900
1170.432700
1170.683000
1170.719667
1170.752133
1170.809800
1170.860000
1171.028100
1171.086767
1171.491667
1171.554000
1171.648433
1171.760833
1171.989833
1172.332467
1172.668900
1172.800633
1172.850333
1173.135067
1173.295100
1173.470967
1173.940600
1173.960167
1174.228700
1174.393133
1174.550333
1174.562333
1174.943567
1175.245933
1175.671000
1175.785900
1175.932867
1175.991867
1176.137233
1176.269267
1176.676900
1176.835600
1177.005500
1177.228867
1177.473733
1177.583367
1177.868933
1177.955967
1178.029500
1178.155767
1178.233900
1179.072567
1179.151567
1179.440000
1179.481800
1179.511800
1179.884500
1180.015733
1180.341333
1180.401600
1180.528067
1180.838167
1180.882667
1181.122800
1181.327100
1181.356933
1181.450100
1181.470133
1181.534167
1181.604333
1182.568700
1183.293167
1183.470267
1183.621467
1183.727733
1183.832167
1183.896900
1184.039900
1184.431667
1184.433467
1184.858833
1185.174800
1185.227567
1185.260833
1185.371933
1185.739867
1185.980233
1186.151433
1186.226733
1187.092900
1187.121167
1187.352900
1187.430700
1187.776333
1187.989900
1188.011700
1188.457133
1188.622800
1189.108733
1189.337800
1189.426133
1189.446233
1189.612433
1189.699767
1189.779567
1189.873600
1190.124600
1190.188833
1190.209300
1190.319800
1190.394867
1190.521867
1190.781733
1190.911033
1190.960333
1191.014467
1191.113933
1191.159967
1191.616600
1192.017533
1192.205400
1192.324300
1192.590433
1192.728533
1192.735233
1192.831933
1192.919100
1193.015433
1193.164033
1193.435133
1193.593900
1193.661567
1193.665400
1193.864700
1193.933900
1194.002567
1194.481800
1194.731767
1194.924400
1195.127067
1195.173000
1195.184167
1195.280533
1195.337900
1195.357100
1195.788267
1195.955867
1196.368867
1197.005500
1197.030033
1197.115633
1197.142600
1197.321967
1197.608067
1198.035400
1198.114000
1198.179933
1198.390500
1198.427433
1198.592767
1198.672200
1198.756400
1198.853300
1198.939467
1199.023533
1199.175967
1199.228600
1199.282900
1199.429700
1200.100800
1200.181200
1200.388433
1200.569833
1200.605400
1200.752300
1200.820133
1200.940233
1200.943000
1201.093833
1201.191500
1201.217567
1201.268500
1201.403267
1201.847167
1201.937633
1202.374167
1202.392600
1202.650167
1202.802900
1203.143100
1203.153800
1203.194933
1203.202467
1203.303033
1203.365167
1203.400767
1204.183333
1204.204000
1204.306400
1204.533000
1204.610600
1205.087567
1205.245600
1205.248600
1205.344467
1205.583967
1206.286433
1206.409767
1206.898467
1206.923600
1206.984200
1207.453167
1207.621833
1207.798500
1208.144133
1208.234767
1208.277067
1208.377400
1208.589233
1208.602433
1208.645300
1208.756967
1208.782533
1208.820333
1208.906367
1208.958500
1208.968700
1209.187467
1209.193267
1209.349033
1209.361900
1209.439333
1209.512033
1209.556100
1209.756000
1209.988833
1210.058233
1210.091033
1210.651600
1210.676700
1210.805267
1210.962933
1211.009400
1211.025767
1211.309133
1211.314800
1211.386667
1211.471500
1211.629867
1211.792933
1211.853867
1211.947500
1212.140000
1212.687633
1212.928400
1213.045633
1213.773800
1213.924467
1214.115800
1214.164933
1214.272333
1214.439000
1214.490600
1214.592467
1215.139867
1215.349067
1215.790400
1215.981667
1216.095400
1216.497433
1217.109000
1217.185200
1217.222833
1217.269300
1217.321433
1217.618900
1217.686467
1217.710533
1218.829400
1218.918933
1218.974400
1219.063633
1219.082367
1219.121967
1219.192533
1219.229500
1219.285667
1219.474133
1219.522033
1219.672733
1219.674400
1219.857600
1220.256200
1220.316367
1220.376467
1220.549033
1220.874200
1220.933900
1220.978267
1220.993567
1221.019933
1221.076633
1221.504700
1221.517867
1221.863867
1221.937500
1221.997667
1222.101667
1222.255200
1222.332633
1222.410833
1223.042000
1223.299667
1223.373300
1224.001367
1224.046967
1224.106033
1224.508567
1224.526800
1224.629367
1224.804700
1224.887700
1225.030333
1225.041233
1225.199467
1225.217033
1225.220667
1225.249267
1225.414367
1225.517467
1225.572633
1225.626700
1225.792200
1226.000900
1226.904533
1227.026933
1227.118833
1227.242800
1227.305600
1227.572300
1227.953267
1228.015100
1228.165633
1228.387367
1228.426367
1228.623667
1228.627733
1228.732900
1228.803567
1228.837933
1228.937100
1229.372167
1229.514233
1229.551133
1229.611000
1229.644500
1229.916833
1229.980000
1230.131000
1230.320267
1230.358800
1230.420467
1230.676967
1230.968367
1231.547633
1231.787567
1232.024600
1232.294100
1232.965033
1233.056133
1233.233133
1233.250633
1233.286433
1233.290367
1233.479067
1233.557900
1233.946700
1234.035933
1234.128533
1234.189633
1234.496167
1234.687700
1235.340833
1235.613633
1236.145233
1236.235067
1236.336400
1236.382433
1236.419800
1236.651200
1236.691200
1236.729667
1236.963367
1237.128567
1237.163400
1237.197767
1237.665833
1237.734467
1237.756900
1238.091000
1238.153000
1238.254000
1238.391167
1238.556100
1238.594933
1238.642933
1238.801500
1238.910967
1239.081867
1239.563367
1239.743033
1239.984233
1240.273600
1240.552500
1240.601333
1240.665833
1240.742833
1240.997167
1241.118267
1241.188467
1241.402067
1241.533367
1241.927767
1241.947567
1242.075967
1242.284967
1242.480700
1242.811567
1243.342200
1243.391767
1243.778133
1243.958733
1244.129500
1244.216100
1244.429067
1244.942767
1245.068733
1245.113967
1245.246133
1245.288767
1245.805067
1245.818567
1245.875633
1245.953900
1245.966767
1246.101133
1246.239633
1246.297967
1246.372200
1246.618433
1246.627533
1247.584700
1247.702933
1248.039400
1248.317000
1248.592000
1248.888033
1249.208467
1249.445333
1249.523400
1249.558500
1250.113533
1250.207100
1250.242733
1250.430733
1250.725400
1250.838100
1251.650867
1251.687033
1251.749300
1251.779867
1252.274533
1253.011533
1253.370067
1253.752800
1254.246067
1254.579933
1254.894267
1255.582867
1255.679567
1256.807200
1257.012600
1257.405967
1257.621100
1257.683167
1257.878633
1258.432800
1258.601067
1258.702700
1258.741733
1258.760867
1258.946433
1259.137033
1260.053333
1260.354833
1260.412467
1260.803767
1261.197667
1261.390833
1261.472467
1261.528100
1261.611633
1261.809067
1261.849100
1262.130333
1262.851133
1263.136367
1263.423467
1263.438567
1263.579933
1263.605900
1263.886100
1264.051300
1264.508700
1264.701300
1264.710967
1264.803100
1265.089433
1265.217333
1265.259233
1265.367400
1265.420433
1265.474367
1265.541200
1265.850633
1266.132767
1266.416300
1266.629833
1266.874800
1267.214267
1267.392867
1267.629800
1267.765100
1267.774333
1268.062433
1268.099867
1268.639133
1268.962400
1269.041600
1269.145367
1269.189367
1269.405900
1269.708533
1269.886367
1269.924100
1270.184200
1270.553467
1270.809633
1270.978167
1271.210633
1271.245033
1271.289300
1271.496933
1271.570867
1271.684933
1271.960333
1272.103133
1272.274200
1272.382967
1272.910133
1273.247533
1273.427433
1273.661267
1273.998333
1274.075100
1274.105633
1274.167400
1274.306300
1274.423900
1274.514267
1274.561267
1274.751900
1274.760867
1274.811500
1274.855600
1275.309267
1275.499233
1275.539833
1275.600167
1275.665000
1275.756700
1275.826167
1275.915067
1276.038600
1276.102633
1276.200800
1276.234867
1276.263000
1276.268767
1276.367300
1276.433733
1277.094133
1277.367000
1277.448867
1277.764767
1278.039167
1278.208500
1278.277400
1278.298267
1278.602767
1278.769633
1278.813567
1278.885367
1278.995433
1279.293333
1279.561800
1279.690467
1279.772367
1279.896567
1280.154633
1280.208867
1280.254367
1280.277700
1280.314267
1280.367367
1280.392367
1280.444433
1280.482233
1280.559300
1280.832333
1280.890600
1280.935800
1280.988633
1281.103267
1281.122900
1281.163433
1281.430733
1281.546500
1281.563067
1281.682667
1281.737100
1281.798300
1282.023500
1282.077767
1282.131967
1282.255767
1282.414600
1282.424300
1282.538800
1282.573933
1282.602767
1282.660467
1282.917567
1283.282667
1283.326967
1283.501167
1283.653467
1283.752233
1283.858867
1284.010500
1284.329300
1284.402600
1284.657533
1284.715100
1284.749800
1284.897333
1285.131600
1285.198533
1285.256767
1285.478367
1285.582567
1285.680000
1285.756367
1285.872067
1286.063033
1286.241233
1286.507433
1286.778500
1287.057100
1287.367367
1287.440367
1287.812933
1287.913667
1287.976733
1288.001400
1288.081033
1288.210600
1288.321700
1288.786500
1289.093433
1289.137467
1289.659967
1289.744667
1290.085733
1290.348667
1290.492900
1290.593467
1290.603933
1290.785033
1290.888400
1290.940233
1291.099000
1291.329933
1291.474533
1291.532433
1291.703433
1291.719300
1292.240033
1292.632733
1293.164967
1293.198067
1293.347033
1293.487700
1293.709933
1293.908567
1294.152667
1294.394333
1294.483067
1294.658233
1294.869267
1294.925600
1295.468867
1295.540133
1295.559067
1295.579700
1295.704300
1295.777667
1295.828167
1295.841133
1296.037067
1296.070033
1296.161067
1296.195433
1296.417833
1296.441333
1296.813533
1296.966200
1297.045967
1297.486167
1297.586433
1297.852033
1298.327433
1298.427333
1298.471467
1298.587333
1298.612433
1299.007467
1299.127600
1299.196867
1299.289333
1299.318433
1299.361167
1299.498700
1299.536133
1299.617600
1299.629467
1299.709067
1299.765800
1300.121400
1300.211000
1300.289567
1300.728633
1300.993567
1301.122400
1301.348167
1301.523500
1301.539700
1301.902767
1301.906733
1302.208167
1302.240867
1302.284433
1302.343467
1302.500133
1302.559667
1302.800467
1302.967333
1302.990400
1303.111833
1303.212133
1303.261800
1303.316033
1303.355333
1303.476600
1303.493800
1303.600633
1303.702867
1303.849067
1304.008433
1304.217067
1305.800167
1306.041067
1306.523933
1306.659100
1306.686300
1307.099100
1307.252800
1308.090967
1308.230567
1308.266400
1308.323200
1308.386100
1308.491367
1308.953167
1309.316267
1309.576033
1309.661833
1309.873600
1310.381133
1310.437700
1310.492733
1310.507900
1310.789200
1310.976400
1311.250700
1311.521200
1311.560100
1311.614733
1311.669867
1311.890467
1311.952000
1312.429067
1312.754633
1313.632800
1313.699200
1313.780433
1313.845433
