0.265500
0.333833
0.355367
0.376967
0.580933
0.806633
1.106500
1.219800
1.627300
2.271933
2.794567
2.833333
2.896967
2.920100
3.028933
3.155767
3.552867
4.421600
4.876533
5.901300
6.323133
6.500033
6.522767
6.904000
7.190467
7.317867
8.019933
8.103667
8.993267
9.091067
9.333100
9.491067
9.744167
9.907800
10.454100
10.558533
11.449800
11.681633
11.723200
12.663933
12.946633
13.626000
13.794200
14.043700
14.073067
14.301733
14.344900
14.549700
15.850500
16.258000
16.264000
16.404333
16.426367
16.458833
16.802233
17.019233
17.566433
18.618867
19.313633
19.397333
19.744533
20.188333
20.645100
21.765633
21.821833
22.013067
22.148567
22.207133
22.665700
22.781533
23.023733
23.090933
23.360167
25.517867
26.153233
27.016700
27.655367
27.696400
28.062067
29.627033
30.219267
33.098933
33.888067
34.151533
34.406267
34.949233
35.023067
36.073300
36.834733
36.967933
36.973167
38.234233
38.303533
38.420467
38.953467
39.023967
39.156500
39.441333
39.703500
40.462100
40.573633
40.618167
40.961133
41.116667
41.293167
41.736400
41.843233
42.465067
42.725167
43.093200
43.716967
44.997700
45.445800
45.706167
45.771567
45.936533
45.998300
46.029867
46.692033
47.111567
47.601567
47.622667
48.556200
48.888833
50.458300
51.539633
52.208067
52.495067
53.089533
53.451833
53.694733
53.791367
54.835033
54.948200
55.456600
56.312333
57.993233
58.670767
58.708933
58.740367
58.822700
58.961867
59.033700
60.345900
60.347600
60.918367
61.078800
61.365300
61.772000
61.859667
62.639767
62.750800
63.665433
65.106767
65.482300
66.034167
66.500667
66.578667
67.343000
67.385800
67.674067
68.529200
68.861967
70.909667
70.942367
71.477400
71.949133
72.226267
72.342100
72.503867
72.592000
72.615567
72.650100
72.752533
73.342567
73.398267
73.641633
73.719133
74.024200
74.176067
74.463733
74.789200
74.982000
75.444567
75.692000
76.012700
76.324600
76.607733
76.740767
76.779133
76.866433
77.017233
78.164200
78.198667
78.307000
78.822600
79.227967
79.322200
79.387233
80.060067
80.147900
80.149967
80.157267
80.252667
80.270033
80.453733
80.961033
82.052767
82.085833
82.087800
82.253767
82.468200
82.500433
82.514400
82.584933
82.938300
83.369967
83.813067
83.881667
84.370300
84.674367
84.870333
84.930267
85.473267
85.554533
86.083700
86.266833
86.334567
86.400600
86.520800
86.669933
86.826933
88.041367
88.309933
89.156133
89.194433
89.225933
89.460933
89.622767
89.655900
89.851167
89.880867
89.946700
89.998667
90.004233
91.103000
91.249267
91.359867
91.832867
92.009400
92.027067
92.293500
92.408467
92.433567
92.882300
93.788800
93.979267
94.058900
94.064633
94.912000
95.078433
95.708867
95.728600
95.750600
96.189033
97.007300
97.013033
98.318133
98.421967
98.794133
99.086300
99.093700
99.219333
100.559333
100.697933
102.025933
102.175700
102.180000
102.199433
102.242433
102.577267
102.612100
102.845800
102.933733
103.099333
103.808567
103.958767
104.359433
104.835767
105.352000
105.797433
106.336000
106.337733
106.726333
107.586167
108.478533
109.449767
109.479833
109.573367
111.372700
112.189633
112.516100
112.645200
112.822600
112.829700
114.108567
114.421033
114.927200
115.008500
115.235900
115.828167
115.834533
116.470400
117.132133
118.072200
118.479167
119.023567
119.151233
119.917233
120.370367
120.564067
121.150067
121.566933
121.748000
122.069500
122.190100
124.001933
124.295033
124.338400
124.365367
124.511000
125.367633
125.581600
126.188633
126.335933
128.234967
129.112933
129.125933
129.212900
129.377333
129.641400
130.101933
130.111467
130.289633
130.522900
131.252167
132.001533
132.104500
132.116100
133.191000
133.607367
133.970033
134.130000
134.314733
134.419067
135.352100
135.389000
135.618400
137.715700
138.631733
138.840767
138.918300
139.381867
139.611800
140.225867
140.429133
140.453400
140.799800
140.832500
141.094067
141.572967
142.675033
143.294033
143.400667
144.506900
144.615967
144.688867
144.766300
145.214367
146.697333
147.073467
147.737500
147.887500
148.981467
149.165367
150.720400
152.224667
152.866433
153.424400
153.564167
154.451133
155.462567
155.908533
156.102867
156.249900
156.563567
156.854733
157.073300
157.171267
157.988533
158.431967
158.690033
159.948433
159.990567
160.577300
161.034400
161.821800
161.932467
162.288200
163.056000
163.088467
163.576067
164.051800
164.560133
165.515900
166.078967
166.471467
166.607700
167.061833
167.125000
167.924700
167.953967
167.971100
168.029267
168.124100
168.302067
170.412400
171.127300
172.030833
172.434533
172.477167
172.789633
173.217700
174.838200
175.343467
175.877033
176.066500
177.778367
178.144100
178.234333
178.450567
178.927800
179.755400
180.425167
181.166267
181.183133
181.423633
181.711100
181.902533
182.174333
182.359467
182.924467
183.294500
183.585633
183.623700
184.075333
184.232567
184.558833
184.671600
184.755367
184.997400
185.263933
185.295567
185.509800
185.988333
186.055367
186.063600
186.627967
186.701500
186.901000
187.024433
187.270967
187.401000
187.539667
187.711800
188.050533
188.083533
188.154767
188.271067
188.440133
189.094600
189.241800
189.300100
190.318200
190.553167
190.577433
190.695533
190.839567
191.315067
191.663500
191.804233
192.032467
192.148733
192.180700
192.243600
192.379333
192.780433
192.787433
193.043333
193.188233
193.378367
193.706000
193.735233
193.959667
194.611367
195.114767
197.283867
198.090167
198.255333
198.653667
199.216200
199.331033
199.832800
199.840433
200.281100
200.798967
201.174300
201.283600
201.483100
201.518700
202.234267
202.354200
202.583167
202.768167
203.195767
204.225900
204.284567
204.435333
204.686467
205.086533
205.184600
205.300667
205.534800
206.238567
206.279733
206.852167
209.625700
209.807000
210.247067
210.431900
210.746167
211.760400
211.874533
212.510933
212.829200
214.371033
214.791400
214.798533
215.000633
215.207233
215.510467
215.552300
217.928133
218.182367
218.700067
219.154100
219.229567
219.579500
220.069833
220.280967
220.788667
221.652133
221.932867
222.140967
222.232400
222.316667
222.877733
223.363700
223.633667
223.755767
224.003667
224.325400
224.327133
224.710500
224.882600
225.100600
225.496000
225.909700
226.258067
226.430467
226.579900
226.848300
227.905367
228.430200
229.079600
229.752767
230.119733
230.790267
230.802633
232.203833
232.388900
232.469167
232.587800
233.018133
233.863600
233.935367
233.974333
234.586233
234.659633
234.966967
235.442900
235.640667
235.764633
235.779067
236.890167
237.013900
237.079200
237.304033
238.303633
238.768533
238.842767
239.074367
239.123433
239.378067
239.401767
239.674133
241.035300
241.143033
241.539067
241.804633
242.022933
242.168733
242.976333
243.357500
243.382200
243.785033
244.402800
245.917567
248.319367
248.712767
249.351967
250.654733
250.828633
251.593100
252.842800
252.850633
253.196133
253.234333
254.110533
254.173900
254.233400
254.427500
254.453467
254.466267
255.278633
255.530467
255.631533
255.682433
255.721800
256.457233
256.573400
256.911333
257.579033
257.623133
257.692667
258.269700
258.670200
260.077200
260.561567
261.466800
261.641667
262.372100
263.000833
263.400200
263.845400
264.550600
264.806867
265.073467
265.290233
265.816433
266.196267
266.211000
266.699700
266.891667
266.944200
267.641033
267.689033
267.865967
268.398700
268.741500
268.837767
269.321733
269.547733
269.643533
270.138467
270.318533
270.363800
271.275367
271.517367
271.752967
271.888367
272.024367
272.050733
272.466833
272.519500
272.703867
272.736100
273.185200
273.878367
273.918667
274.086733
274.257900
274.546733
274.648900
275.377333
275.669867
276.299533
276.655967
277.239567
277.776000
277.943667
278.075867
278.317700
278.767233
279.420200
279.546467
279.749900
279.791600
280.109367
280.198367
280.629133
280.665400
280.982033
281.591567
281.609000
282.128200
282.501933
282.524300
282.576267
283.635933
283.812067
284.235800
284.945000
285.120833
285.234767
285.283700
285.402367
285.519067
285.707867
286.161000
286.738233
286.760667
287.194200
287.662133
287.764467
287.859500
288.244267
288.333200
289.033433
289.041400
289.472500
289.532100
289.689067
290.255333
290.620033
291.249633
291.419100
291.613433
291.931900
292.394633
292.621700
292.989267
293.591500
294.034400
294.374533
294.380533
294.535067
294.763433
294.930500
296.023200
296.097233
296.172933
296.274167
296.366567
296.708367
296.899700
297.161567
297.604267
297.965500
298.598767
298.686800
299.006867
299.045433
299.209433
299.248267
299.264467
299.407133
299.693000
302.146000
302.446067
302.588233
302.868000
303.219500
303.244367
303.678733
305.016267
305.073733
305.752700
306.150833
306.476933
306.700467
307.087767
307.894167
308.548000
308.633900
308.959233
309.362233
311.202667
311.403833
311.832633
312.415800
312.683900
313.504833
313.954667
314.523600
314.592400
314.975167
315.043733
316.007467
316.091100
316.628300
316.801567
317.815633
317.889867
318.215267
318.343633
318.486200
318.525933
319.081900
319.830800
320.291267
320.548700
321.382233
321.511667
322.139133
322.605000
322.613233
322.737133
322.899633
323.866467
323.895500
325.589067
325.855133
327.370033
327.495900
327.785100
327.918400
327.934800
328.729033
328.771833
329.343600
330.051600
330.103533
330.686633
331.034367
331.360667
332.997633
334.106133
334.410467
334.613533
335.414833
335.469700
335.725133
336.115967
336.460067
337.438600
337.612233
337.618633
337.746900
338.035900
340.864400
341.017667
341.176367
341.642367
342.063267
342.109067
342.425767
342.588433
342.812533
343.616133
343.987900
344.451033
344.820600
345.340833
345.621400
345.877067
345.884567
346.584467
346.601500
347.401333
349.142967
349.833667
349.948300
350.174533
350.435100
350.593267
350.817833
351.219967
351.797433
352.000900
352.297300
352.660133
353.197133
354.045167
354.107767
354.129000
354.143067
354.409700
354.483833
354.579667
355.011600
355.409567
355.812433
356.575300
356.906900
357.405000
357.578900
357.781333
357.955933
358.085400
358.820633
358.890900
359.964133
359.973667
360.012367
360.725533
361.380600
361.667900
361.867567
362.628267
362.784567
362.885200
363.133900
363.541767
363.725133
364.212700
364.324500
364.433333
364.629800
365.207033
365.299600
365.632300
366.023300
366.084333
366.673800
366.865133
367.141600
367.309467
367.350567
367.659233
367.690933
367.782433
367.830067
367.881500
367.961433
368.040600
368.601367
369.637767
369.766833
371.116933
371.342600
371.802867
371.878867
372.348300
372.451700
372.688533
372.749200
373.563633
373.655200
374.186900
374.554900
375.375200
375.513300
376.569933
376.821600
377.141067
377.152833
377.198600
378.412500
378.630000
378.656800
378.706533
378.714067
378.944100
379.760667
379.902567
380.509033
380.895000
381.371833
381.401900
381.556300
381.610300
381.672567
381.997367
382.455467
382.579933
382.783867
382.881833
383.622767
383.705100
383.888033
384.285000
384.506733
384.577033
385.295667
385.966667
386.252700
386.816000
386.818867
387.407667
387.616833
388.162733
388.435067
388.891067
389.208167
389.268067
389.788200
390.073800
390.409633
390.830200
390.917933
391.702667
391.955200
392.300833
392.331033
392.739667
392.825200
393.589533
393.768967
394.251967
394.637000
394.884833
395.406433
395.944500
396.904967
397.772767
397.999833
398.700600
398.718633
399.128933
399.982167
400.063567
400.542600
400.687933
400.757200
400.868367
401.024767
401.032467
401.113467
402.891167
403.167200
403.646300
403.737200
403.761967
404.639433
405.000833
405.357600
405.519467
405.565133
406.276400
407.140100
407.605167
407.733167
408.095667
408.153200
408.666767
408.952967
410.930400
411.328133
411.590900
411.707700
412.184833
413.130767
413.227100
413.336967
413.451433
413.468367
413.555567
413.975167
414.164900
414.283367
414.683400
415.293300
415.600800
415.906133
416.001733
416.009467
416.026000
416.101333
417.280067
417.286033
417.465967
417.592367
417.712600
417.849800
417.970500
418.048767
418.053800
418.160967
418.787967
419.128233
419.266667
419.837800
419.948367
420.224600
420.559700
420.665000
421.475967
421.577333
421.903367
422.445200
422.458533
422.736000
423.477500
423.672567
424.106667
424.150867
424.576800
425.031233
425.093700
425.861167
426.172667
426.449867
426.822300
426.869033
427.189133
427.344367
427.922600
428.804767
429.360167
429.543833
430.208467
430.493800
430.715567
431.287233
431.544067
431.826900
431.915167
432.059900
432.342167
432.742200
432.813133
432.973267
433.028000
433.410500
433.626667
433.647800
433.991200
434.043433
434.165167
434.250967
434.283900
434.353433
434.485367
434.844567
434.964433
436.377200
436.571400
436.827200
436.911700
437.122867
437.150133
437.243700
437.631467
439.860067
440.110333
440.387933
440.739900
440.833800
441.361333
441.421200
441.827033
443.172600
443.291233
443.473733
443.478133
445.544333
445.965467
446.227367
447.043767
447.372233
447.773267
449.420033
449.479833
449.487467
449.660200
450.622100
450.754300
451.868433
453.578800
454.188833
455.261000
455.747500
456.085733
456.133667
456.695300
458.126267
458.373000
459.258100
459.348967
459.756167
459.921267
460.659767
460.767900
460.946000
461.144367
462.251133
462.587233
462.607100
462.627133
462.692800
463.136967
463.197800
463.529100
463.557867
463.749967
463.999300
464.737933
464.745233
464.851967
464.925267
465.221100
466.774367
467.250033
467.581333
467.757433
468.279200
468.800700
469.802700
470.189033
470.643167
471.039367
471.379600
471.397633
473.300967
473.375367
473.599500
474.247600
474.348733
474.470567
474.540833
474.561267
475.019167
475.225633
475.273800
475.403033
475.916867
476.388800
476.933100
477.073000
477.086800
477.134667
477.479800
477.934133
478.758633
479.258533
479.313867
479.360433
479.469867
480.366833
480.965633
481.174867
481.572500
481.752533
481.814333
481.962600
481.975333
482.218467
482.276067
482.778667
483.379700
484.031567
484.061900
484.156867
484.248567
484.748567
484.863167
485.228333
485.320633
485.491967
485.757667
486.163800
487.018000
487.331767
487.492733
488.301233
489.737233
490.300633
490.359033
490.440433
490.619267
491.157600
492.985467
493.093433
493.453867
493.904233
494.266300
494.697667
494.746133
494.832100
495.255233
495.706067
495.780833
495.935200
496.151367
496.863633
497.258167
497.338933
497.476233
497.560467
497.754300
497.974567
498.470133
498.513800
498.547267
498.675600
498.689000
498.707500
498.994633
499.217400
499.355767
500.053667
500.290467
501.161100
501.353700
501.490400
501.576267
502.032000
503.471333
503.542967
503.583633
503.685867
504.087667
504.441433
504.454333
504.513700
504.674533
504.723867
505.531367
506.406167
506.518600
506.569333
506.632733
506.978600
508.242800
509.778833
510.096333
510.424767
510.445533
511.078900
511.636900
511.773167
512.207500
512.235733
512.286333
513.587200
513.646567
513.687600
513.794100
514.088267
514.758867
515.508433
515.991233
516.686033
517.049933
518.101800
518.167100
518.308367
518.681567
518.948633
520.586767
520.732533
520.981133
521.244133
521.451700
522.760100
523.114833
524.855900
525.023500
526.106133
526.245200
526.734900
526.998567
527.005833
527.286367
527.664367
527.818733
527.901967
528.334467
528.362633
528.372933
528.512433
528.582400
528.679833
528.817467
528.892633
529.493933
529.538733
530.189733
531.494600
531.920633
532.798533
533.064733
533.760533
533.957100
534.231500
535.079300
535.393333
535.634900
535.835400
536.288400
536.660667
538.266367
539.886467
539.899400
540.191167
540.274067
540.412467
540.725333
541.228233
541.852633
541.901633
541.935167
543.094633
543.238800
543.294967
543.918800
544.231000
544.558367
544.974867
545.000533
545.848067
546.671033
547.073667
547.136833
547.332267
547.422700
550.315900
551.166367
551.226667
551.485633
552.101033
552.210333
552.280733
553.070867
554.171733
554.382067
554.418733
554.922733
554.928767
555.074067
555.674167
556.189533
557.088967
557.251400
557.507333
557.669400
557.736400
558.068967
558.625933
558.736033
558.885733
558.908067
559.729500
559.876367
559.915233
559.959367
560.012333
560.052367
560.102033
560.349667
560.454033
561.302167
561.378400
561.669367
562.017267
562.089800
562.475967
563.017733
563.213333
563.424200
563.548600
563.577300
564.099467
564.168367
564.216467
564.249333
565.712300
566.173033
567.945367
568.131800
568.174700
568.454300
568.676500
568.951967
569.371200
572.159300
572.740833
573.329433
573.403367
573.612333
573.735300
574.317567
574.490900
574.524833
574.999700
575.116000
575.477367
575.740267
577.150133
577.588467
578.020767
578.040433
578.538100
578.750867
579.116133
579.146167
580.166267
580.295500
580.709267
580.893667
580.969200
581.060267
581.090633
581.368567
581.506967
581.778700
581.782033
582.359633
582.973167
583.099700
584.484033
584.814300
584.859800
585.474400
585.520100
585.655333
586.044033
586.244833
586.561767
587.315733
587.389500
587.412167
587.491433
587.755500
587.938400
588.066100
588.546833
588.600600
588.895767
589.708200
589.721400
589.753233
589.870700
589.953633
590.317400
590.510300
591.671333
592.118367
592.666933
592.763367
592.942167
593.325433
593.923433
594.082233
595.173100
595.248867
595.436400
597.688567
598.583033
598.669400
599.428200
599.541133
599.815867
600.444700
600.889167
600.903767
601.001900
601.070967
601.132800
601.581133
601.763267
602.040100
602.321767
602.683967
602.753100
602.796200
603.237400
603.355467
603.937367
605.105167
605.258100
605.349533
605.911800
605.985833
606.083233
606.102567
606.157867
607.023800
607.313700
607.730367
607.807967
608.161433
609.298533
609.992000
610.060267
610.127367
610.295767
610.436900
610.481433
610.930767
611.608067
612.367900
613.372333
614.037633
614.532567
614.645867
615.048467
615.249133
615.692733
615.730000
615.950667
616.053067
616.188533
616.841600
617.058067
617.387600
617.429200
618.402967
619.209133
619.853667
620.268233
621.126133
621.315000
621.623567
621.729500
622.541300
622.681267
623.210467
623.284833
624.451300
624.768200
625.121900
625.267867
625.328333
625.367233
625.724900
626.185867
626.658900
627.791400
628.216000
628.759800
629.361233
629.875533
630.205867
630.945200
631.056800
631.605800
631.768600
632.494767
632.579667
632.741333
633.393400
633.452067
634.095200
634.117567
634.857767
635.333433
635.424167
636.769667
636.812533
637.160500
637.589167
637.760033
638.357800
638.424533
638.677633
639.104067
639.147500
639.671467
639.802667
640.303267
640.351467
640.757167
641.628500
641.683367
642.348033
642.414733
642.583733
642.623700
642.668833
642.741700
642.998133
643.169367
643.179400
644.458167
645.573733
645.819733
645.946667
645.996933
647.656667
647.821167
647.951200
649.574667
649.952400
650.434400
650.865267
651.132767
652.218033
652.613867
653.562967
654.012467
654.049567
654.338100
655.366867
655.399433
655.615433
655.662000
655.851900
656.969933
657.694567
657.799433
657.881300
658.006833
658.089600
658.194267
659.671333
660.084967
660.331433
661.825933
662.267900
663.283400
664.917500
664.946067
665.263033
665.543700
666.184667
666.887533
666.912000
667.290167
668.508033
668.569533
668.819100
669.524800
670.214200
670.406767
670.491433
670.673200
671.389900
671.511167
671.673467
671.912167
672.161333
672.372533
672.630400
673.203967
673.545867
673.768200
674.392833
674.414000
674.898700
675.789433
676.399267
676.991433
677.168367
677.354900
678.650500
678.908067
679.648667
679.780067
680.737100
681.090967
681.607033
681.896733
682.720200
682.885933
683.453300
683.939933
684.577633
684.955900
685.223433
685.465667
685.618933
685.793900
685.999900
686.452500
686.564700
686.910867
688.537767
688.614967
688.758700
688.996533
689.505533
689.910800
691.305767
691.491267
692.046367
693.224133
693.733500
694.093000
694.430600
694.741900
695.420200
696.847000
697.532733
697.674033
697.990400
700.161967
701.763067
702.292633
702.374033
702.607267
702.725133
703.778933
704.067300
705.223000
705.822500
705.896833
706.219000
706.933233
707.217900
707.761400
707.890433
708.257800
708.552767
709.309933
710.149067
710.740233
711.105100
711.238567
711.288233
712.170200
712.253900
712.717833
712.847600
713.063433
713.196900
713.284300
713.295633
713.758567
714.049767
714.420400
716.160800
716.212533
716.499367
716.936333
717.331233
717.470000
717.792800
717.852867
718.176700
718.284333
719.019533
719.120200
719.665600
719.817233
719.919567
720.254233
720.339100
721.548600
722.258900
722.465467
724.260033
724.393100
724.818500
724.995967
725.175867
725.729600
726.023033
726.149333
726.460400
726.494300
726.921600
727.272467
727.527500
727.923433
728.186067
728.779533
728.837833
729.048933
729.204800
730.037233
730.742467
731.449433
731.613200
731.845967
732.780267
732.858700
733.415900
735.135833
735.390467
736.888433
737.531600
737.569367
738.145333
738.577700
739.326967
740.073933
740.703067
740.783967
740.817767
740.821967
740.856267
740.919200
741.038267
741.671400
743.547067
745.917100
746.270700
747.260633
748.535700
749.960700
750.105200
750.225667
750.262233
750.390167
750.417167
752.893567
752.965233
753.591267
753.791133
755.295633
755.597833
756.701533
756.807100
757.599267
758.313967
758.395533
759.431267
759.946567
760.583733
760.797967
760.929133
760.975800
761.055500
761.098933
761.338433
762.728700
762.949867
762.956100
763.613200
765.001933
765.345733
766.152633
766.682067
767.665600
768.473000
768.740300
768.806100
770.481500
770.736300
770.756500
771.094733
771.378467
771.392767
771.843033
772.583100
772.591700
772.929633
773.059000
773.252967
773.828567
774.358233
774.403967
775.389733
775.619767
775.710733
775.757567
775.862267
775.966567
777.144933
777.286867
777.385467
777.416900
777.927333
778.219267
778.966000
779.092767
779.616300
780.066733
780.668867
780.830133
780.863300
781.083267
781.280100
781.362967
781.611100
781.750367
782.317967
782.752067
782.792300
783.177467
783.426733
783.570300
784.268233
784.686567
785.228900
785.408400
785.470733
785.513733
785.703200
785.841833
785.917567
787.377600
788.568133
788.594067
789.168933
790.010267
790.513633
790.690200
790.977200
791.294433
791.395367
791.474167
791.543000
791.801067
792.220667
792.475933
793.466100
793.511400
793.650500
795.208033
795.393433
795.485500
795.793933
795.935667
797.176000
798.402800
798.551333
799.360933
799.509767
799.561567
799.998500
800.564167
801.649400
801.957167
802.248900
802.469133
802.675867
803.015367
804.211500
805.749800
806.448833
806.831933
807.719533
807.833133
807.917467
807.954000
807.977900
808.212067
808.262167
808.364633
809.047400
809.788400
809.826400
809.839300
809.935400
810.092367
810.149933
810.731600
811.880033
812.064800
812.529800
812.604433
813.107933
813.337633
814.011267
814.838100
815.439100
817.192700
817.539500
818.428067
818.730533
819.996867
822.073267
822.417433
823.780467
824.129300
824.932933
826.156067
828.020200
828.401800
828.509400
829.165733
829.486567
830.685433
831.020400
831.224867
832.365533
832.678533
833.583767
833.735400
833.781167
833.969133
834.105300
834.712600
834.878400
835.118967
835.132433
835.404200
836.266667
836.285800
837.050100
838.262667
838.538767
838.633400
839.382800
840.264367
841.180733
841.646133
841.732867
843.823233
846.175133
846.648933
846.821733
847.172933
847.265033
847.291933
847.315333
847.478500
848.373067
848.644967
848.714000
849.661633
850.087633
850.420633
851.770267
852.470000
853.010933
853.186967
853.304400
854.029567
854.132600
854.379200
854.448533
854.733100
855.021133
855.076667
856.267200
856.923867
858.275867
858.481133
859.169067
859.701233
860.469700
860.570533
861.276133
861.659733
861.696900
861.755533
863.230833
864.488267
864.702400
865.585200
865.801467
866.337667
867.189133
867.351633
867.461733
867.549167
867.667667
867.773467
868.086100
868.111800
869.661333
869.939933
870.271033
870.618200
871.728867
872.998433
873.248500
874.545267
875.176533
875.530400
877.164800
877.705500
877.722667
877.780233
878.002033
878.292633
879.005467
879.456833
880.035700
880.816133
880.956033
882.758367
882.978867
883.005767
883.275333
884.362000
884.848333
884.854233
886.182533
886.253533
888.634533
889.316133
890.644200
892.801733
893.229200
893.287167
893.521400
893.663133
894.259300
894.397867
894.966133
895.227700
895.997300
896.314100
896.867200
896.950900
897.131267
897.394267
897.779933
898.047700
898.112700
898.442933
898.566233
898.594667
898.908700
899.110167
899.165933
899.203667
899.849033
900.297333
900.817333
901.106900
901.659767
903.398700
903.534233
903.712933
904.474500
904.686533
905.477933
905.662067
905.902833
906.533267
906.695467
906.971100
907.077733
907.335867
907.543600
907.897967
909.659100
909.693833
909.697567
909.725300
910.463933
910.537900
911.074967
911.206800
911.394467
911.471333
911.869867
912.073067
912.825367
913.606633
913.858500
914.028933
914.076767
914.419533
915.739700
915.917633
916.087867
916.941667
916.966533
917.213933
918.772433
919.139067
919.428100
919.557767
919.943800
920.339633
920.464767
921.818967
922.428333
923.161233
923.512767
924.243567
924.692333
924.762333
925.587100
925.860833
927.691767
928.398500
929.068100
929.509133
929.691800
929.738900
930.060600
930.368133
930.485500
930.525667
930.964300
931.024600
931.664800
931.827900
932.018000
932.733100
932.816967
933.188667
933.913900
934.246667
934.468200
934.853367
935.161233
935.527867
935.626700
935.685367
936.154333
936.945567
938.027000
938.073733
938.315100
938.366933
939.079300
939.693967
939.887833
939.934233
940.117100
940.522333
940.923633
941.296767
941.312300
941.788733
941.833667
941.925933
942.039933
942.489400
942.578300
942.765133
942.843533
942.856933
943.004867
943.223167
943.801833
943.833067
944.850033
945.851167
945.987600
946.271933
946.932467
947.362400
947.488567
947.645233
948.758100
949.098567
949.214367
949.591600
950.489333
950.532633
953.371700
953.572567
953.624233
953.706900
953.799400
953.859167
954.607400
954.745267
956.164233
956.273200
957.445167
957.679467
957.868333
957.898100
958.947467
959.346167
959.581400
959.881600
959.975267
960.948900
961.452900
961.547100
962.167167
962.820400
963.339100
963.519967
963.714167
963.803700
965.886900
966.030633
967.100933
967.300700
968.224033
969.190667
969.736700
969.843733
969.915633
970.178467
970.801300
971.671700
971.933700
972.121200
972.732567
973.658100
973.754967
975.011833
975.104333
975.912967
976.011300
977.183733
977.709200
978.170267
978.405433
978.517000
979.390400
979.415900
979.447700
979.880833
980.869233
981.459767
981.610400
982.101667
982.264600
982.314400
982.747100
983.207200
983.327400
984.366833
984.899033
985.246800
985.590233
985.709433
985.799933
986.690800
986.967700
987.224467
987.584933
987.703867
987.988800
988.604900
988.917833
990.424567
990.591033
990.602267
990.788200
991.335067
992.448767
992.970467
992.988900
993.245367
993.352233
993.974333
994.074933
994.315733
994.424733
994.710833
995.030933
995.169033
995.239600
995.294467
995.864167
996.036233
997.075400
997.819000
997.923233
998.263000
998.337133
998.369233
998.641567
998.774067
998.776800
998.943467
999.228600
999.750467
999.901867
1000.127367
1001.840667
1002.821633
1002.878267
1002.955867
1003.200267
1003.249433
1004.060867
1004.520633
1004.597600
1006.141400
1006.510767
1007.141633
1007.298867
1007.387867
1007.870767
1008.948133
1009.524233
1009.570433
1009.858033
1010.177633
1010.219767
1010.312533
1010.786367
1010.903967
1010.980267
1011.125700
1011.136300
1011.205533
1011.762467
1013.351700
1013.429867
1013.880200
1014.294600
1014.418633
1014.540267
1015.360333
1015.676267
1015.905367
1015.951933
1015.985967
1016.224000
1016.844567
1016.914767
1017.146433
1017.214200
1017.374433
1017.698267
1017.798467
1017.884133
1018.422433
1018.473867
1018.784700
1018.960167
1021.861433
1022.260933
1022.522700
1022.637633
1022.666800
1022.712167
1022.789733
1022.896700
1023.541067
1023.756500
1023.917533
1024.056067
1024.108033
1024.262733
1024.334533
1024.436633
1024.548333
1024.598033
1025.228533
1025.957867
1027.161133
1028.444367
1028.600167
1029.268600
1029.431567
1030.220867
1030.460767
1030.609033
1030.943533
1031.314867
1031.552333
1031.861367
1031.905800
1031.940533
1031.992967
1032.381700
1032.756067
1033.356233
1033.517833
1033.758800
1034.286033
1034.289533
1034.389700
1035.605267
1035.621533
1036.055700
1036.419400
1037.214267
1037.393133
1037.781233
1038.017267
1039.276300
1040.343433
1040.727033
1041.207967
1041.747233
1042.394800
1043.058933
1044.682000
1045.244467
1045.294233
1045.320167
1045.326400
1045.715600
1046.230100
1046.766533
1046.972267
1047.427600
1047.437567
1048.130800
1048.642233
1049.010967
1049.055967
1049.103533
1049.988700
1050.076600
1050.850700
1051.088067
1052.224733
1052.382267
1052.532367
1053.990733
1054.109867
1054.893067
1054.967300
1055.213567
1056.113033
1056.242733
1056.537333
1056.550733
1056.638500
1057.053733
1057.297500
1057.821533
1058.600967
1058.917200
1059.725133
1059.839700
1059.853167
1060.010000
1060.181300
1060.259033
1062.100233
1063.594300
1065.069400
1065.083867
1065.230633
1065.257733
1065.277667
1065.336500
1065.590833
1066.225400
1066.794000
1068.048733
1068.116067
1068.285600
1068.916033
1069.146367
1070.434000
1071.059067
1071.463967
1071.809067
1072.253933
1072.318633
1072.842000
1072.871733
1073.643567
1073.790200
1073.929333
1074.454967
1074.636867
1074.805600
1076.357400
1076.359967
1076.397267
1076.431733
1077.049500
1077.416867
1077.461400
1078.277767
1078.638933
1079.894267
1080.319500
1080.614200
1080.860067
1080.888600
1081.058667
1081.520333
1081.582333
1081.755000
1081.790100
1082.097333
1082.278300
1082.696900
1082.996200
1083.808033
1084.161167
1084.246400
1085.883967
1085.922233
1086.595267
1086.880200
1088.389167
1088.672000
1088.695367
1089.181233
1089.881367
1089.912500
1090.133333
1090.287033
1090.361567
1090.564567
1091.991367
1092.599667
1093.152800
1093.865800
1094.566733
1095.304533
1095.830167
1096.671000
1096.724100
1097.163133
1097.335767
1097.397800
1097.961600
1099.248667
1099.416200
1099.716067
1100.032833
1100.147567
1100.429333
1100.619633
1100.667667
1101.058300
1101.851667
1102.829567
1103.483367
1103.962200
1104.860600
1106.017167
1106.432533
1107.163700
1107.261667
1107.407500
1107.433233
1107.948867
1108.540833
1108.599200
1108.981233
1109.314800
1109.336067
1109.388567
1109.593167
1109.790000
1109.855367
1110.504400
1111.474767
1113.395700
1113.646300
1113.758667
1114.349533
1114.410667
1114.486500
1114.612967
1114.845800
1115.260667
1115.272000
1116.480467
1116.711867
1116.957533
1117.476333
1117.519167
1117.659667
1117.711633
1118.570200
1119.101233
1119.751733
1120.802933
1120.817767
1121.178267
1121.372333
1122.578833
1123.038200
1123.403767
1123.615400
1124.238567
1124.389533
1124.745467
1125.012167
1125.411333
1126.352667
1127.016233
1127.332733
1127.377167
1127.871667
1128.494900
1128.989100
1130.572667
1131.136267
1131.401933
1131.428800
1131.581700
1131.977667
1132.147700
1132.201767
1132.497600
1132.527500
1132.719233
1133.343067
1133.475933
1133.602933
1133.832100
1133.978567
1134.714267
1135.411667
1135.430133
1135.648000
1136.320833
1137.368900
1138.093500
1138.284233
1139.268800
1139.710600
1139.852700
1140.298933
1140.600900
1140.696967
1142.451367
1143.430433
1143.878033
1144.284400
1144.709200
1145.047933
1145.736400
1146.060600
1146.207867
1146.249200
1146.349033
1146.517500
1147.499600
1148.241333
1149.243300
1149.586400
1149.657967
1149.670400
1150.419500
1150.428833
1150.447833
1150.563033
1150.575367
1150.751400
1150.764333
1152.108433
1152.369800
1152.414400
1152.569733
1152.646033
1152.669467
1153.264133
1153.974367
1154.180200
1154.352300
1154.403900
1154.433467
1154.545000
1154.786833
1155.554033
1156.291867
1156.789867
1157.482267
1158.319900
1158.940700
1159.891433
1159.953867
1161.653833
1161.659633
1162.423767
1162.467633
1162.581200
1163.061000
1163.198900
1163.324700
1164.244933
1165.507367
1165.600300
1166.239200
1166.803700
1168.947200
1169.589867
1169.663733
1169.764367
1170.268300
1170.983467
1171.113067
1171.377633
1171.418267
1172.056967
1172.526833
1173.333367
1173.470833
1173.751267
1173.957767
1174.022067
1174.338633
1174.547300
1174.656033
1174.755467
1174.786267
1175.291967
1175.954900
1176.183833
1176.461833
1176.837567
1177.095900
1177.295633
1177.429300
1177.601767
1177.750000
1177.763433
1177.792167
1178.502133
1179.001600
1179.404600
1179.818900
1180.252067
1180.315667
1180.480867
1180.493933
1180.886300
1181.242333
1181.370000
1181.552000
1181.828200
1181.834900
1181.897867
1182.023533
1182.681767
1183.182900
1183.221967
1183.278000
1184.043800
1184.131500
1184.558933
1185.047133
1185.163533
1185.345600
1185.534467
1185.885433
1186.846833
1187.032833
1187.420933
1188.170267
1188.875967
1188.963533
1189.233667
1189.680133
1190.268733
1190.539600
1190.619300
1190.871100
1191.701300
1191.718467
1191.811800
1193.209300
1193.558333
1193.697233
1194.150833
1194.661033
1197.007733
1198.560833
1198.778467
1199.227200
1199.660500
1199.813467
1199.852900
1199.911600
1199.951133
1200.472567
1200.919233
1201.029900
1201.148100
1201.188933
1201.443900
1201.448200
1201.528167
1202.268633
1202.303400
1203.568133
1203.579333
1203.701400
1203.826967
1204.054333
1204.266467
1204.278500
1204.726400
1204.888067
1204.940733
1205.312700
1205.675000
1206.031433
1206.149833
1207.928033
1207.991200
1208.081967
1208.217167
1208.878067
1210.297700
1210.460433
1210.533767
1211.081367
1211.290733
1211.793733
1211.957133
1212.293467
1212.387833
1213.052433
1213.364300
1213.806267
1214.282500
1214.874233
1215.629767
1215.845067
1215.970867
1216.183933
1217.650567
1217.907500
1218.036800
1218.614967
1219.111633
1219.945200
1220.132300
1220.755967
1220.814267
1220.836533
1220.915500
1221.106600
1221.130300
1221.226400
1221.666833
1222.149967
1222.211567
1222.892867
1223.379500
1223.982567
1225.083733
1225.468567
1225.512933
1227.361867
1227.367000
1227.874533
1227.880100
1228.547633
1229.731367
1230.000567
1230.058400
1230.094133
1230.530933
1230.931133
1230.995133
1231.260733
1231.264067
1231.651033
1231.730800
1232.006833
1232.236867
1232.826200
1233.487333
1234.375700
1234.503067
1235.651133
1235.875367
1235.889667
1235.994833
1236.682167
1236.842933
1237.627767
1237.666533
1237.794167
1237.840900
1238.194833
1238.291633
1239.968000
1240.059767
1240.216600
1240.533567
1241.177233
1241.757867
1241.901167
1242.027233
1242.073700
1242.175933
1242.901567
1242.923200
1243.659233
1243.728833
1243.775467
1244.152267
1245.355700
1246.078100
1246.335433
1246.646333
1247.760000
1247.909567
1248.249200
1249.413533
1249.628300
1249.942233
1250.163800
1250.427367
1251.159567
1251.783600
1252.273433
1252.380100
1253.004667
1253.215800
1253.724267
1254.853267
1255.186800
1256.804600
1257.361400
1257.480133
1257.880367
1258.549767
1259.136433
1259.160867
1259.303233
1260.167500
1260.245733
1260.286733
1260.347633
1260.700933
1260.778800
1260.903033
1260.961967
1261.179800
1261.828733
1261.984000
1262.190067
1262.215100
1262.616967
1262.897633
1262.992600
1263.848233
1263.969733
1264.172333
1264.986500
1265.498000
1266.099767
1266.495233
1266.555200
1267.330867
1267.439400
1268.603933
1268.731000
1268.860300
1270.710900
1270.903633
1271.288633
1272.581533
1272.766200
1273.209333
1273.487800
1274.747467
1275.011433
1275.049467
1275.085167
1275.441067
1276.321167
1276.953800
1277.642500
1278.359233
1278.418067
1278.615767
1278.837600
1279.542300
1280.348133
1280.399500
1281.416133
1281.439300
1281.549733
1281.673867
1283.389933
1283.771900
1285.579900
1285.896967
1286.085367
1287.875067
1288.191033
1288.262400
1288.270500
1288.699033
1288.793200
1288.799867
1289.811700
1290.431067
1290.789367
1290.863233
1290.975700
1294.053000
1295.718000
1295.755267
1296.476500
1297.008800
1297.081467
1297.699900
1298.733767
1299.342033
1299.363633
1300.044600
1300.201067
1300.256600
1300.384167
1300.405000
1301.424733
1301.705267
1302.249600
1302.272467
1302.520733
1302.635733
1302.718933
1302.797367
1303.227900
1303.407633
1303.520900
1303.870400
1304.026433
1304.372067
1305.521367
1306.621933
1306.675367
1307.733300
1308.566867
1308.686133
1309.190767
1309.367867
1309.416067
1309.669500
1309.872800
1309.955733
1310.763400
1310.829300
1313.432333
