0.442200
1.332400
4.115733
4.166333
4.247433
4.638967
7.109667
7.165200
7.211367
7.638167
7.677933
7.715333
7.849833
8.034467
8.086067
8.162100
8.426400
9.280600
9.309167
9.390600
9.939900
9.976667
10.058333
10.151400
10.191600
10.246900
10.412267
10.633467
10.709167
10.713167
22.058967
22.105267
22.183100
23.495733
25.152500
27.247567
27.438567
27.474467
27.646900
27.970067
28.225033
31.279000
31.366067
31.483033
31.534400
31.756267
32.527600
42.024867
42.362767
43.409400
45.690467
50.257667
50.316700
50.347467
50.428067
51.168500
52.690400
52.965800
53.203900
53.245067
53.316567
53.379000
56.549000
60.879833
60.910300
60.949900
60.968400
61.035300
61.052367
61.065500
63.805500
65.095433
65.277833
65.630800
66.201400
67.070367
68.542733
69.148000
69.176600
72.152567
76.931033
76.944833
86.045167
86.082500
86.163233
86.199167
87.440867
87.526333
88.030733
97.107767
98.341067
101.793000
101.959300
102.183133
105.557433
107.580433
107.621767
107.628633
107.673467
107.721800
107.768867
107.783867
107.833967
107.855300
107.910300
107.965333
109.227700
110.073200
112.453167
116.863367
116.885500
116.911133
116.927967
122.121133
125.047867
125.090300
129.936267
130.010033
138.995400
139.039033
139.084000
139.095967
139.170900
139.480633
139.570933
139.619267
139.658633
139.816333
140.967467
141.266300
141.507467
141.749333
142.059133
142.089633
142.100833
142.135233
142.201300
142.510333
143.644067
146.471433
149.680833
149.949833
150.425167
152.044800
152.614233
152.646167
152.671067
152.694600
152.739200
152.770467
152.799300
158.573833
166.248033
166.276667
166.383933
166.766900
167.288933
170.415900
170.479267
170.536333
170.836600
171.492933
172.680900
172.731933
172.924000
173.438033
173.820567
173.916167
174.385967
175.390967
184.070733
187.270167
187.609767
198.200533
198.592467
200.659767
201.034133
201.222033
201.407767
204.633000
213.360400
213.496467
213.550467
214.142833
216.560100
220.211700
220.634067
221.738267
230.140667
230.159167
230.264600
231.181833
233.556500
234.156367
234.206733
234.230867
234.282933
234.520000
234.666867
234.689233
234.804433
235.464767
238.089133
238.164733
238.191733
246.568100
246.648833
247.161233
247.743733
254.176667
254.871000
257.161100
257.214500
258.056233
261.002400
261.276033
261.421067
261.469067
266.836300
266.922033
266.959800
266.968233
268.873467
268.886567
268.982400
269.002367
269.051400
269.054533
269.066300
269.126867
270.020133
270.552500
270.646467
270.658800
270.884833
270.998467
271.023633
271.111500
271.215533
271.755033
273.570600
273.633100
273.737000
274.109967
274.137433
274.164867
274.207300
274.234100
274.271200
274.273133
280.117100
280.700767
280.729667
280.747033
280.768867
280.898000
285.279367
291.186100
296.511467
301.551133
302.006100
302.639000
303.613333
303.675367
315.096533
315.131333
315.142233
330.948867
336.168533
339.361033
339.394667
339.398033
339.419533
339.450000
344.653433
344.664067
344.754100
344.796600
348.501167
348.545033
352.670067
355.001800
355.007133
355.064367
363.842033
368.847333
368.887933
369.148767
369.459567
371.319467
371.434567
371.437300
371.490500
378.584600
378.610267
378.667033
382.939567
383.039633
394.033200
416.544633
419.531933
419.577233
422.468700
426.724900
426.790033
433.055300
433.110767
434.526567
438.299833
446.784567
446.912333
446.938867
446.999367
447.570400
447.633167
447.679100
447.749233
447.765800
447.850267
447.967767
454.670633
454.679767
454.897733
457.142900
463.027067
463.417633
469.481700
472.712900
473.074100
473.130633
473.457200
487.107200
487.232833
487.353733
489.745833
490.266867
493.815067
499.861467
503.818867
504.546867
504.600300
504.632700
504.749633
504.950700
504.995700
505.051700
505.268233
505.334200
510.817433
515.119067
515.585333
516.455433
521.275867
523.725967
524.866200
526.828567
528.855400
528.864200
528.943733
529.459367
529.550133
529.587833
529.647400
533.287400
534.167233
539.452967
544.378967
544.442200
544.473633
544.843900
544.937200
544.975367
545.083100
546.486567
552.627333
558.708800
563.980233
566.967633
567.788300
568.029033
568.132600
569.244333
571.504600
572.022833
572.099400
572.101933
579.617067
581.884433
582.258500
591.709600
591.855067
591.870233
592.192933
592.209700
592.250700
592.296600
592.371933
593.784433
596.638700
597.544167
597.705067
598.349267
603.925933
604.456733
606.104733
606.158767
606.797600
607.132000
607.450633
608.177433
611.313467
612.016500
618.606800
618.643467
618.738667
623.804567
625.902333
625.925733
625.966133
626.005133
626.030767
632.500367
632.565667
632.688800
632.758567
632.824733
633.011467
633.987333
634.051367
634.076100
635.095067
635.102533
637.766400
638.201967
638.304967
638.393167
638.554133
641.703733
642.314000
642.514667
642.552133
642.579833
642.604133
642.659900
643.992333
646.745100
646.975967
647.182700
647.348833
649.610500
649.833000
650.288667
650.522933
659.419967
659.473867
659.502633
659.542600
659.742567
659.883067
660.185467
660.283300
660.304833
671.488000
672.177000
672.272067
673.107400
676.565600
676.580433
676.620433
676.623167
679.063600
682.017733
682.115800
683.664067
683.827600
683.870600
686.867100
686.906033
687.053933
691.847700
692.005067
692.352100
692.408033
692.432667
692.482500
692.490133
692.564900
693.190867
696.466200
699.725967
699.793800
699.799267
699.852167
699.933800
701.390600
701.428600
708.100233
708.135300
708.184033
708.231333
708.567033
727.940167
728.894067
733.492900
735.719933
738.837367
738.890467
738.911867
738.913667
739.592967
739.671700
739.933933
740.067633
740.081000
740.115733
740.434467
740.754400
740.767767
740.791000
741.220133
741.266533
741.620967
741.702967
741.746933
742.298600
742.337467
746.950833
746.980800
747.660233
747.782367
747.931600
748.037700
748.106667
748.806500
750.378533
750.798933
753.880867
755.400633
758.009233
758.386233
758.433800
758.774233
758.813367
759.021900
759.203067
759.334133
761.049167
761.103767
761.273400
761.323933
761.357767
761.389100
761.475133
762.706267
770.604533
772.914300
772.964200
773.104433
773.830100
778.354800
783.915400
784.002067
784.155067
784.723567
787.370767
790.455033
790.486933
790.523100
790.559933
797.778467
798.450500
798.497900
802.662100
804.790600
805.242067
817.178400
822.597033
824.144700
833.865233
833.918367
833.964567
834.006967
834.052167
834.058200
834.153167
834.544800
836.752067
839.063767
843.115100
843.168600
843.212867
843.905333
845.084367
846.456767
846.518667
848.136467
851.335733
854.039267
864.047800
865.764433
866.294333
866.450567
866.539500
868.039233
876.384767
877.493400
882.379233
889.269400
899.821700
899.842667
899.848200
899.924733
899.965000
899.979300
900.073800
902.688567
906.735033
913.528800
915.226067
915.488000
917.151733
919.373933
919.650733
929.191900
929.565667
930.269567
930.783300
932.895733
938.965867
945.682233
946.423267
946.739767
949.290933
949.456000
950.100733
955.434633
973.494133
975.074933
980.713933
984.575733
984.642900
987.658100
987.694900
990.025100
995.683000
995.800333
995.855600
996.196067
996.242567
996.279667
996.312767
996.379933
996.478200
999.572700
1011.343900
1012.466133
1014.683600
1014.743133
1014.784700
1014.792400
1014.859067
1019.508467
1023.838100
1023.928133
1024.576433
1026.304000
1034.471233
1035.330700
1036.635733
1036.721733
1039.287133
1039.453967
1041.348267
1041.416733
1041.784233
1041.972800
1042.051400
1045.893400
1048.023033
1048.068700
1048.113667
1053.869333
1053.982200
1061.843400
1063.451367
1065.973667
1066.048133
1066.455800
1071.952633
1072.046900
1074.317333
1074.415167
1076.097700
1076.132033
1079.890500
1081.349667
1081.469233
1085.427633
1085.492333
1090.043333
1095.386533
1122.879667
1127.208200
1135.717433
1138.294233
1138.565100
1150.944433
1154.717033
1157.774167
1162.922100
1167.718833
1172.348500
1188.715033
1189.427067
1191.978500
1192.016167
1204.327633
1204.649433
1211.991867
1214.429367
1223.637600
1228.913400
1229.706167
1230.045400
1230.915600
1231.720300
1234.629267
1234.708633
1234.939800
1241.558333
1241.631500
1241.656633
1241.674867
1250.262167
1250.346800
1255.607267
1261.915300
1263.528167
1263.853567
1263.900467
1263.902267
1263.924067
1269.206133
1269.290000
1272.724600
1272.728200
1272.774067
1272.777900
1272.801933
1272.837667
1272.844067
1272.856867
1272.996500
1273.011333
1273.144833
1274.740367
1274.798967
1274.822567
1275.372600
1285.188467
1288.542000
1288.732700
1296.612567
1297.500833
1298.312833
1299.186967
1300.378633
1303.544000
1304.176233
1304.216133
1309.501067
1309.743933
1310.588500
1311.771033
