0.794067
1.618300
2.767767
3.940033
4.014200
4.055400
5.272700
5.492567
5.672500
5.958200
5.978333
7.930500
9.511267
9.558067
9.673000
9.880067
10.148533
11.522200
11.696433
11.982233
14.569967
16.598900
16.707300
16.809600
16.976600
17.440100
17.472267
18.984000
19.071800
19.166433
19.183900
20.022567
20.217600
21.215967
22.996533
23.868367
25.714200
25.798833
26.889667
27.823633
28.056567
30.204700
30.889100
30.925067
31.090667
31.608333
31.769533
33.611267
33.692500
35.210300
35.415800
35.432100
36.010200
36.944467
37.019533
37.113900
37.645133
38.367433
38.472733
39.388467
39.685467
39.799867
39.863900
39.930267
40.359067
42.310967
42.549300
43.545933
43.915267
45.026033
45.502933
45.697967
46.398700
46.659167
48.118700
49.211800
50.141833
51.684867
51.832100
52.104867
54.458667
54.665767
55.955000
55.980267
56.653067
58.043767
58.197967
58.630700
59.360833
60.699767
61.349867
61.358500
61.787633
62.005867
64.118033
64.922733
65.242700
65.578333
65.761433
65.768667
66.259200
66.411867
67.434333
67.891800
68.659400
68.775633
69.992567
70.298733
71.929967
72.755600
73.504500
73.789200
73.837867
74.367700
74.978767
75.923867
76.223367
76.759967
77.446633
78.255567
78.726933
78.758400
79.491500
79.505267
80.680467
81.393033
82.059233
82.487500
82.639733
82.966300
83.379733
84.229167
84.479033
85.583233
85.995033
86.541933
86.668800
87.505967
89.272600
89.715933
91.547667
92.518200
93.334933
93.424900
93.443800
94.948433
95.292033
97.248233
97.395467
97.632800
97.948733
98.299733
99.023333
99.263733
99.443333
100.766833
101.309600
101.748633
101.832967
102.418333
102.426867
102.561733
102.797433
103.623167
105.336333
105.412300
105.419900
107.502867
107.527367
107.791233
108.275000
108.572933
108.690867
108.745233
108.797133
109.142433
109.354833
110.212300
110.480800
110.558967
111.316600
111.423500
111.676633
111.883600
112.470567
112.715900
113.136633
113.183867
114.286100
114.763033
115.144500
116.330367
116.659767
116.793400
116.897067
118.445533
119.970067
120.650167
121.578800
121.619967
121.700933
121.764300
122.777300
123.068800
123.478700
123.685233
123.771000
125.978367
127.240533
127.304933
128.903367
128.953700
129.059100
129.898600
130.265533
131.331100
131.949367
132.284100
132.346167
132.533867
132.804633
133.289633
133.477200
133.690233
134.596967
135.034433
135.290833
135.608033
135.792667
136.344267
137.453200
140.536067
142.299167
143.045867
143.465600
143.821967
144.030267
144.058867
144.416900
144.584700
145.920800
145.943967
146.447567
148.229467
148.780633
148.850100
149.070200
149.123933
149.273867
150.160200
151.197867
151.218067
152.375933
153.022933
154.262900
154.358133
154.414733
154.553967
154.582033
154.721200
155.152367
155.589033
156.429300
157.473033
157.942867
159.528500
161.070367
161.404367
161.513633
161.873467
162.108233
162.558833
163.899067
164.066033
164.192633
164.530067
165.492800
165.813533
166.683800
167.816600
168.268967
168.408100
169.236300
169.759433
170.493667
171.191700
173.069967
173.281700
174.440767
176.253200
176.439567
176.483033
176.798267
177.009233
177.023367
177.440000
177.465200
177.690733
177.837933
178.050500
179.405967
179.619633
179.632033
180.163500
180.207733
180.404567
180.836433
182.987433
183.244667
183.417500
183.806967
184.086033
186.723667
186.786567
186.847500
186.861467
187.009367
187.289900
188.144767
188.177767
188.652233
190.087867
190.605367
194.132000
194.459000
194.683600
195.162467
195.209200
196.513300
197.063467
197.333200
197.842467
197.873033
198.043700
198.074300
198.140533
198.217900
198.497467
199.040800
199.751733
199.945267
202.774167
202.942933
203.586267
203.984867
204.198633
204.345467
204.585200
204.837167
205.002733
205.409900
205.808333
206.249700
206.587433
206.802033
206.919233
207.293833
208.031533
208.348000
208.804533
209.136967
209.431000
209.769133
210.176100
212.234000
212.437733
212.886267
213.965067
214.307967
215.001633
215.457200
215.741933
216.611600
217.341533
217.550067
218.322433
218.493667
218.650400
219.125833
219.847100
220.122267
222.265633
222.271300
223.500000
223.862767
224.286567
224.379567
224.758067
225.201667
225.335100
225.935933
226.487400
227.494500
229.674267
229.804767
230.497733
230.568600
230.777200
231.856100
232.161333
232.609033
233.816933
235.379533
235.909067
237.407900
237.799100
237.832300
238.096600
238.376467
239.149767
239.274367
239.426100
239.501200
241.378433
241.591800
241.700700
242.068500
243.092600
243.120600
243.451267
243.497333
246.355533
248.111000
249.480933
250.336300
250.345833
251.263200
251.401300
252.219467
252.337100
253.796067
254.356100
255.034167
255.504933
255.561467
255.890033
256.536200
256.563467
256.836600
257.296300
257.413567
262.992433
264.221633
265.291967
266.015000
266.237033
266.315967
266.447033
266.621400
267.227667
267.883867
269.633233
269.779600
270.027333
270.053300
270.239133
270.518400
271.229267
271.845667
272.278967
273.112500
273.245367
273.590200
274.007000
274.081533
275.931233
276.367133
276.516767
276.941800
277.609667
278.069067
278.482267
278.616900
278.753567
279.282100
279.376333
279.717100
280.239033
280.477267
280.642500
281.142167
281.411000
282.158067
282.468700
283.244400
283.355900
283.448633
283.544233
284.895900
284.951667
286.825900
286.830467
287.525567
287.614233
288.343733
288.387000
288.439033
288.500733
289.505800
290.494733
290.568967
291.136067
291.198400
291.648667
292.184433
292.189200
292.256933
293.118567
293.404033
293.535667
293.618567
293.919500
295.886000
295.992467
296.615100
297.324133
297.463200
298.711633
299.124800
299.274833
299.882633
300.621333
302.675733
302.722100
303.151033
303.205500
303.418267
303.897167
303.955333
304.247967
304.373033
304.448000
304.568900
305.609333
305.800567
305.962000
306.245800
306.769333
308.797967
308.799600
308.922033
309.445333
309.848567
310.697767
310.702500
311.978867
312.064567
312.187767
312.257400
312.299100
312.422467
312.565167
312.608000
313.745300
314.310700
314.323900
314.425300
314.462933
314.477267
314.720567
316.488733
319.410000
319.534367
319.869267
320.046667
320.063667
320.315867
322.804800
322.922300
323.557867
323.653233
324.430533
324.719000
324.738567
324.777867
324.853333
325.878400
326.004200
326.441600
326.477033
326.486667
327.090767
327.584067
328.442267
328.651600
328.888267
329.468867
329.713467
330.227533
330.321633
332.124133
333.609567
334.413333
335.103833
335.335700
335.910033
336.704033
337.731800
338.502433
338.782433
338.884067
339.467700
339.542367
340.040100
340.195900
340.360267
340.739900
341.234433
341.439400
341.477133
341.863467
341.943700
342.780833
342.870967
343.215900
344.052100
344.848433
345.099133
345.246933
345.390767
346.082567
346.227600
346.848467
347.038767
349.620400
349.796367
350.090800
351.218500
351.490700
352.833100
353.283533
355.573767
356.463133
359.147633
359.947567
361.267633
362.287000
363.828267
364.550433
367.643133
368.498733
368.777533
368.818267
369.047933
369.239533
369.678867
369.744233
369.816533
370.032767
370.172633
370.199933
370.261167
372.593500
372.778467
372.884300
372.983733
373.231233
373.812500
374.542267
374.619200
374.852967
375.260633
375.485700
375.690933
376.014300
376.019233
377.638600
378.110533
378.168033
378.684400
378.711000
379.337267
379.786000
380.566800
380.856833
380.916200
381.051167
381.744333
381.768500
382.029667
382.050200
382.056233
382.086200
383.074267
383.485367
384.559100
385.792567
386.033400
389.197300
389.568367
389.748633
390.371433
390.425767
390.522833
390.954400
391.180933
391.321567
392.309400
393.049067
395.284267
395.462833
395.920333
396.027933
396.064200
396.433500
397.059700
397.132767
397.549400
398.039000
398.641633
398.652533
399.117600
399.126533
399.453633
400.970400
401.000100
401.247900
401.356433
401.454367
402.313367
402.623667
402.628100
402.731067
402.962933
403.268033
404.204767
405.964467
406.021167
406.081367
406.491867
406.544900
406.988367
407.080233
407.704300
407.835167
408.892900
408.931800
409.096067
409.853833
410.139733
410.223233
410.606133
410.641133
410.799900
410.949067
411.359633
411.954333
412.027200
412.031967
416.653900
417.936300
417.954500
418.804033
418.875833
419.036433
420.914567
425.072333
425.104033
426.742367
426.905767
427.141100
427.738167
428.578167
428.995300
429.239333
429.276333
429.360633
429.786767
429.981100
430.221700
430.876267
431.154100
431.413000
431.470033
431.565200
431.657500
432.664000
432.676633
432.696767
433.200233
433.357000
433.726800
433.833033
435.693467
436.692033
437.300800
437.433033
437.690900
438.909333
440.828533
441.005400
441.263900
441.310700
441.376767
441.750167
441.807433
441.891033
445.029000
445.108133
445.674867
446.582833
447.506267
447.644033
448.187133
448.203033
448.970167
449.360233
449.434900
449.999200
450.028700
450.048167
450.466500
451.660167
452.258500
453.138000
454.324267
455.681533
456.015167
456.037933
456.578700
457.154600
457.416200
457.702133
458.557500
459.790367
460.327267
460.497533
461.203633
462.447667
463.242433
464.386733
465.164133
467.113100
467.337867
467.673967
468.048400
468.773667
469.637767
470.121367
471.209100
472.138267
472.456967
472.549767
472.666333
472.728867
472.969600
473.462867
473.917100
474.032533
474.162900
474.953733
475.515200
475.831867
476.084267
476.390033
476.558867
476.676333
477.371700
479.192400
479.852967
480.056000
480.538933
481.966967
482.836833
483.059100
485.968600
486.414600
486.791967
486.804300
487.035867
489.048733
489.133567
490.260033
490.441900
491.242000
493.434800
493.541667
493.694300
493.841867
493.962700
495.912367
497.122833
497.558833
497.773167
499.837800
499.877933
500.171467
502.801467
503.258433
503.761267
503.813633
503.879000
504.365000
504.376067
504.912000
506.281333
506.408333
506.648833
506.739733
507.041133
507.333333
508.129800
508.662133
509.435067
509.812167
509.915833
509.988200
510.091167
510.433333
512.498467
512.808000
513.122667
514.800233
514.965000
514.989400
515.020500
515.279767
516.747033
516.949500
517.124767
517.165033
517.368233
517.559700
517.913100
519.202533
520.260967
521.322633
522.324467
524.325467
525.768767
526.257167
526.830333
527.017967
527.101133
527.292233
527.454700
528.850333
530.310500
530.517767
530.646500
530.691767
530.793567
530.958333
531.727267
532.641900
533.058400
533.102767
534.015633
534.721033
536.307900
537.687733
537.726033
537.802467
538.949767
538.999733
539.023967
539.464700
539.730067
540.251367
540.655533
541.234367
541.379767
541.776167
542.496433
543.529600
544.220633
544.292200
544.745300
544.789200
544.958733
545.723833
545.732367
545.812233
546.363933
546.375100
546.757233
548.740200
549.572967
550.169033
550.521900
551.588733
553.505600
554.537967
555.664633
556.235700
556.330600
558.479700
559.062767
560.435967
560.467867
561.075867
563.129733
563.243167
564.057233
564.232967
564.783233
565.193900
566.549967
566.792633
566.893100
566.948500
567.200233
567.370867
567.404867
567.724933
567.948533
569.001333
569.168433
570.604133
571.234267
571.508800
572.400400
573.497933
575.957267
576.075467
576.509833
576.549700
576.598800
576.630200
576.829000
576.858233
578.274933
578.712267
580.849133
583.347567
583.786733
585.853967
588.045533
589.799767
590.761567
591.006367
592.074400
592.595733
592.809033
592.868333
593.259467
595.081500
595.350100
595.407667
595.413567
596.316733
596.506333
597.396467
597.447333
599.018667
599.123367
599.996467
600.050033
600.171433
600.485367
600.786333
601.597467
601.811200
602.422233
602.831200
602.929567
602.998333
603.727967
604.038900
604.093633
604.240067
604.548500
605.360600
605.569600
606.636333
607.150833
607.442267
607.631567
608.290367
609.022167
609.262700
610.815533
612.770233
614.103867
614.952567
615.602867
616.373333
616.513000
617.196633
617.269567
617.438467
618.674033
619.176800
620.470133
621.412900
621.569233
621.593667
623.181267
623.438000
623.487000
623.817033
623.922633
624.350300
624.403867
624.752233
624.768133
624.986533
627.341067
627.792467
628.666200
628.768733
630.166633
630.506067
630.510700
630.640100
630.701767
631.199300
631.728667
633.786133
634.740967
634.880933
634.938867
635.222067
636.367900
637.465533
638.034233
638.317633
638.759467
639.961967
640.095267
640.571300
641.506333
641.604467
641.707900
641.866433
642.148500
642.200833
642.533267
642.997533
643.303400
643.674233
644.441767
644.900767
644.986233
645.394167
645.948033
646.007233
646.779967
647.115467
647.884300
648.408533
648.976700
649.993133
650.436100
651.793967
652.077733
652.425500
652.792200
653.258133
653.951533
654.330133
655.263767
655.304367
655.887000
655.997767
656.698067
657.524100
657.634567
659.496600
659.761200
660.442333
660.840733
661.224267
661.642733
662.710933
662.921967
663.553733
664.504233
664.516433
665.577067
667.437000
667.837167
667.852900
668.177067
668.184567
669.147067
669.785833
669.834867
670.744800
670.985767
671.254833
671.479833
671.555867
671.567767
673.417067
673.933767
674.413500
675.015600
675.426000
675.783600
675.912700
677.124367
677.666800
677.696867
678.058367
678.354267
678.962867
679.057867
680.766233
680.778633
680.899433
681.208767
681.712333
682.718100
682.993433
683.259067
683.322733
683.938067
685.018733
685.107467
685.341967
685.697333
685.906200
686.393400
686.609167
687.837900
688.529233
689.497400
689.867667
690.034100
690.113500
690.506433
690.705433
690.861467
691.484067
691.587733
692.043033
692.178000
692.961500
693.782600
694.763467
695.169733
696.063500
696.660900
700.232300
700.606133
700.640500
701.407267
702.664400
703.690100
704.666800
705.652900
706.057533
706.177700
707.237967
707.263433
707.342567
707.594800
708.376600
713.333533
716.026933
719.553333
720.579700
720.788867
721.875733
722.024433
722.121100
726.442533
726.963333
727.090300
727.124900
727.274233
727.525233
728.265300
729.500200
731.363700
732.552100
732.856167
734.304367
734.818133
735.311967
735.561933
736.699233
736.989533
738.321467
738.844333
740.853133
741.235100
741.279533
741.379800
741.434600
742.188233
742.290333
742.506867
744.075067
744.107533
744.286700
744.321167
744.408700
744.854100
745.438900
746.636100
746.759900
747.346067
747.747767
748.918000
751.408100
753.387000
753.686800
757.355500
757.486433
757.708700
757.751533
757.990533
760.246633
761.421567
762.045233
762.989767
763.775033
764.221933
764.894200
764.937033
766.027433
766.066567
766.100767
768.501233
768.644500
768.997867
769.573300
769.648533
769.949167
770.257167
770.775500
771.581633
773.153667
773.383600
773.862200
774.976700
776.853500
778.381300
779.989267
780.253833
780.645467
781.179700
781.276267
781.382133
781.631367
782.119033
782.217000
782.389967
782.434867
783.821033
784.524567
784.850033
786.002133
787.282167
788.610833
789.156967
789.943567
790.703700
790.785300
791.348467
793.059367
793.455900
793.704967
794.387033
794.480567
795.179167
795.297667
796.533867
796.773367
796.785933
797.742467
798.277167
799.477967
800.019233
800.198867
801.237000
801.321533
801.394767
801.687700
802.793333
803.098900
803.114267
803.924767
804.521333
804.588100
805.210800
806.085267
806.137000
806.172033
807.567633
807.680900
807.888767
808.476933
808.787600
810.370833
810.603600
811.265867
812.004400
812.133800
813.633633
814.198067
814.310433
815.045933
815.293633
815.680467
815.691667
815.911267
816.072867
816.333367
817.886867
818.571567
819.941033
821.386100
821.805967
822.127033
823.247667
825.219767
828.467833
828.592267
828.810233
829.086533
829.957467
830.279067
831.116500
831.139900
831.648600
832.478033
832.645167
832.705500
832.931000
833.176500
833.242700
833.335067
833.466100
833.790267
833.927000
835.100500
835.605533
836.137667
837.680600
838.015100
838.238700
838.722433
838.978367
839.945367
840.123533
840.573567
840.695667
842.738967
842.796833
843.016400
843.044833
843.876933
845.727833
845.783933
846.071100
846.245167
848.672367
849.455133
850.403767
850.508667
850.861000
851.872533
852.100733
853.722700
854.506133
855.394467
855.401233
855.519333
855.718833
856.447367
856.573200
856.806233
857.733467
858.165300
858.431067
858.471633
858.851200
859.581700
862.178400
862.323000
862.440367
862.552767
862.745133
862.839200
864.234433
864.503567
864.681967
864.814667
864.961000
865.400467
865.782300
866.544800
867.161100
867.225400
869.622233
869.779133
870.509667
871.340700
871.344300
871.537133
871.957600
872.069000
872.375300
872.654367
872.900833
873.859233
874.551500
875.203900
875.235033
875.284933
875.453333
875.508267
875.813800
876.619333
876.705033
877.204000
880.461300
880.997267
881.595667
881.767167
884.822533
885.602100
885.919267
886.958433
887.199133
887.497467
888.790933
888.961800
889.216100
889.528200
889.549667
890.027033
890.454167
890.472967
890.702500
891.917667
891.939167
892.273667
892.689167
892.854267
893.036533
893.136900
893.147633
893.320267
893.616833
893.711067
894.056600
894.389667
894.916367
895.858833
896.065667
896.213467
896.397467
896.608300
897.132067
898.518467
898.738633
898.822267
900.111200
900.141600
901.025967
902.547767
902.554200
902.643800
902.684733
902.691400
903.247967
907.016067
908.735467
909.835367
910.559867
910.818600
913.208167
913.320700
914.375133
914.647400
915.663167
916.362600
916.797267
916.885233
917.412433
919.805833
920.177867
921.761333
922.196867
922.452767
922.939333
925.578333
926.510400
927.329000
927.502533
927.628833
928.533467
929.423733
929.742367
931.391567
932.167333
932.749000
933.238100
933.285867
934.018300
934.033467
934.065400
934.361633
935.804100
936.828100
936.880467
937.576833
937.724300
937.751600
938.107433
938.475700
938.993067
939.065933
939.335933
939.414433
939.594800
939.927600
940.185133
941.145767
941.789667
942.689433
946.021433
946.567600
946.695967
947.579233
948.415400
949.783433
950.749633
952.176567
952.368233
953.591567
953.717233
954.594600
954.798067
955.032833
955.428300
959.261767
959.330900
959.359433
959.926067
962.190433
962.332200
962.506433
962.701300
962.787300
963.518333
964.411267
966.386667
966.619833
967.406367
967.554533
967.569100
967.915467
968.456467
968.837967
969.066067
969.946400
970.072967
970.410000
971.206367
971.988167
972.400433
972.490033
972.679067
972.884967
973.581000
973.768133
974.278633
975.378233
975.983633
976.144300
976.304900
976.474933
977.125533
977.340033
977.542067
977.743700
978.354433
978.496300
978.560700
978.782600
979.129500
979.201167
980.321867
980.448867
980.491300
980.842567
980.923367
982.105300
982.259600
982.722467
984.243900
984.394567
985.459333
985.785567
985.901133
986.256067
986.684733
987.063967
987.424267
988.792233
988.982800
989.420800
989.791667
991.752400
991.766200
992.414533
992.671633
992.766400
993.076567
993.698533
995.271133
995.495467
995.505767
995.822200
995.867900
995.887300
996.033633
997.907667
998.315933
999.288667
999.586400
999.745600
999.855433
1000.603267
1000.833367
1001.114133
1001.599667
1002.896833
1002.975800
1005.773367
1006.190367
1007.214400
1007.285100
1007.789300
1007.967833
1008.893400
1011.434233
1011.603133
1012.343067
1012.611733
1014.711200
1015.246267
1016.224967
1016.484367
1018.979333
1019.843400
1020.705300
1022.304067
1023.854167
1025.281900
1025.443633
1025.778600
1026.266900
1027.533900
1029.382200
1030.054267
1031.807767
1032.087267
1033.892267
1035.127333
1035.493800
1036.519100
1038.092767
1039.467867
1039.585267
1040.569133
1040.662867
1043.125467
1043.299167
1044.320667
1044.495833
1044.844500
1045.853500
1046.520233
1046.648600
1046.710267
1047.472133
1048.588667
1049.140400
1049.260100
1050.812633
1051.227600
1051.752000
1052.065333
1052.100967
1052.308000
1053.183433
1053.809133
1053.957167
1054.106233
1054.349333
1054.749000
1055.565933
1056.048633
1056.732300
1057.090767
1057.130633
1057.138500
1057.630300
1058.907567
1059.095033
1059.957800
1062.041667
1062.129833
1062.893100
1063.316967
1063.731967
1064.263467
1064.829433
1064.905167
1065.168567
1065.267333
1067.131367
1067.282633
1067.614533
1067.720967
1067.928867
1068.977833
1069.071933
1069.621000
1072.717567
1072.919000
1074.402000
1074.715800
1075.160600
1075.660567
1077.515700
1077.568533
1078.146533
1078.242200
1079.247300
1080.243333
1080.329800
1080.833133
1083.103667
1083.149700
1083.534467
1083.576067
1083.759600
1083.926567
1084.044400
1084.387900
1084.458567
1085.276767
1085.544667
1086.363900
1087.312867
1087.656567
1090.700733
1090.772567
1091.924467
1092.049667
1093.437600
1094.991167
1095.891033
1095.940700
1096.029533
1096.312200
1096.368833
1096.851900
1097.026467
1097.545500
1097.734500
1097.902467
1097.973433
1098.422600
1099.234800
1099.545567
1101.859600
1104.051200
1104.534400
1106.769567
1108.865633
1109.027767
1109.892033
1109.958867
1110.095367
1111.535367
1111.987367
1112.009533
1112.215833
1112.312400
1112.407433
1112.704633
1113.104133
1113.498700
1113.585700
1114.052700
1115.584167
1115.904533
1116.152733
1116.311167
1117.200233
1118.367133
1119.122933
1119.131367
1119.243967
1119.276167
1119.535067
1119.574133
1119.609233
1119.679900
1119.745800
1119.755500
1119.954900
1120.257500
1120.483800
1121.116367
1121.221100
1121.426467
1121.797433
1124.416067
1124.441500
1124.642600
1124.995100
1126.360000
1126.498967
1126.632867
1126.833067
1127.058800
1127.067133
1127.137233
1128.367700
1129.427867
1129.525333
1129.613333
1131.287233
1131.361867
1131.458967
1131.826433
1132.936000
1133.629800
1133.670833
1134.076233
1134.327900
1135.015433
1135.212333
1136.256700
1136.338567
1137.329633
1137.818800
1138.204833
1139.776067
1139.975200
1140.097933
1141.336233
1141.431167
1141.604933
1144.227633
1145.131067
1145.761267
1146.167700
1146.251967
1146.967633
1148.940333
1150.217533
1150.228600
1150.477433
1150.649500
1151.567133
1153.243167
1153.273633
1153.771900
1153.813133
1154.149233
1155.918333
1155.969300
1155.982100
1157.295200
1158.064133
1158.732067
1158.828533
1159.770833
1160.352733
1160.384900
1160.800733
1161.141400
1161.176067
1161.196167
1165.004633
1165.061567
1165.352067
1165.728333
1165.835100
1167.310033
1167.778267
1167.921800
1168.253700
1168.490767
1169.965333
1170.322333
1170.774067
1171.493967
1171.736933
1172.420100
1172.574100
1173.395267
1173.733500
1175.406900
1176.969800
1177.449300
1177.545167
1177.851967
1178.225100
1179.321500
1179.756700
1179.926533
1180.539600
1181.837633
1182.122900
1182.142933
1182.324633
1182.336967
1182.462467
1182.716900
1183.695867
1183.813133
1183.968667
1184.245967
1184.644000
1186.482500
1186.636367
1187.387233
1187.845667
1187.977167
1188.009167
1188.168533
1188.229400
1188.574233
1188.617967
1189.425467
1191.038900
1191.143433
1191.272867
1191.350867
1191.403700
1191.977567
1192.217533
1194.529100
1194.642500
1196.021033
1196.305433
1196.407633
1196.574433
1196.899433
1197.166133
1197.887967
1198.854967
1198.932533
1198.977900
1199.045500
1199.166600
1199.280733
1199.445133
1199.524033
1201.175767
1202.000233
1202.200600
1202.674133
1203.181933
1203.414600
1203.459300
1203.575967
1203.854833
1204.178967
1204.207133
1204.311633
1204.762167
1206.787033
1206.853967
1206.950267
1208.276067
1208.385667
1208.784433
1209.820667
1210.043533
1210.406867
1210.522367
1210.580467
1211.139133
1211.564733
1212.881233
1212.948433
1214.475067
1214.642267
1218.742567
1219.635767
1219.750867
1222.898600
1223.996667
1224.348567
1224.613300
1226.125333
1226.911733
1227.179533
1228.273600
1228.596200
1229.198100
1229.614633
1230.081667
1230.668667
1231.860433
1232.403367
1232.993167
1233.827667
1233.924367
1234.269433
1234.716433
1235.668367
1236.052233
1237.088800
1237.421000
1237.929733
1241.974967
1242.239133
1243.069767
1243.169100
1243.194800
1243.629467
1244.842933
1246.939633
1246.956000
1247.289133
1248.117800
1248.471100
1249.791500
1250.036267
1250.799667
1251.276700
1251.679000
1251.827567
1252.533733
1253.136733
1253.727767
1253.781567
1255.048300
1255.362333
1255.413733
1255.735933
1255.801067
1255.969633
1256.204800
1256.248233
1256.690600
1256.712600
1258.048800
1261.130100
1263.512067
1264.799300
1265.380567
1268.827100
1270.218400
1274.928033
1275.017133
1275.055533
1275.103467
1275.435733
1276.790767
1276.975733
1277.051800
1277.136233
1277.582467
1277.612200
1278.181833
1278.529500
1278.648233
1279.284100
1280.139700
1280.194267
1280.223767
1280.527033
1283.546867
1284.165000
1284.538867
1285.346167
1285.599467
1285.664367
1286.774733
1288.396567
1288.933433
1289.008500
1289.169367
1289.528567
1289.811700
1290.015900
1290.497600
1290.891800
1290.972167
1291.034633
1291.443667
1292.082267
1292.507533
1292.673300
1292.803900
1292.937633
1293.105900
1293.766733
1293.956733
1294.111000
1294.222033
1294.507067
1295.649733
1295.843000
1297.291033
1297.340833
1297.511767
1297.830100
1298.676067
1298.718467
1298.823733
1299.383067
1299.513467
1299.524633
1299.592267
1299.776767
1300.826700
1301.093867
1301.301567
1301.724700
1302.474633
1303.520733
1304.112033
1304.760267
1304.923467
1304.981467
1305.994967
1306.259300
1306.347167
1307.141033
1307.343333
1307.627300
1307.681833
1307.977233
1308.446967
1309.393600
1309.722200
1309.975067
1312.078667
1312.707600
1312.860700
1313.683633
1313.738767
1313.817567
1313.848833
