0.830767
0.966633
1.200833
1.518367
3.431600
3.669467
4.358867
4.394100
4.537333
5.665767
5.819533
6.308433
6.434300
6.550300
7.091400
7.411533
7.603900
7.773233
7.859233
7.933267
7.949067
8.260267
8.889133
9.065800
9.536767
10.360533
11.002633
11.306367
11.369100
11.635933
11.642200
11.919200
12.005667
12.227233
12.242833
12.570000
12.692000
12.741067
12.951167
13.160367
13.812100
14.110400
15.263533
15.740533
15.782167
16.146233
16.989433
18.632433
19.557667
19.891967
20.728767
21.228100
21.420133
21.759300
21.909867
22.085500
23.051900
23.299700
23.345800
24.007200
24.322200
24.725700
25.449833
25.677067
25.694633
25.974800
26.137800
26.384167
26.769867
26.839400
27.635633
27.716033
28.481767
29.218933
30.350833
30.392933
30.516533
31.172367
31.636833
32.301533
32.773800
33.095767
33.444600
33.550800
33.693867
33.851200
34.226200
34.468100
34.896433
35.336300
35.853833
35.898200
37.104533
37.190433
37.353967
37.435067
37.551767
37.599100
37.642300
37.719300
38.377033
38.734367
38.892600
38.927833
39.003800
39.436067
39.632767
39.657233
40.012767
40.481867
40.507300
40.899733
41.344133
41.435933
41.452767
41.861067
42.551367
42.768933
42.841900
43.640667
43.757167
43.803533
43.889433
43.941467
44.501867
44.990833
45.937333
46.583867
47.445867
47.743500
47.964267
48.429433
48.801967
49.069733
49.381567
50.125800
51.189000
51.286933
51.447467
51.516967
51.541233
51.622800
51.697900
51.733767
51.756700
51.833433
52.661200
53.093267
53.797733
54.459033
54.505867
54.640667
55.165767
55.444833
55.635333
56.036867
56.955733
57.180033
57.279300
57.507367
58.080533
58.739600
58.743200
58.993100
59.392933
59.476233
59.489133
60.886067
61.030133
61.327733
61.569233
61.722933
61.742933
61.791400
62.109033
62.186000
62.733333
64.837567
66.050733
67.345500
67.738700
69.383900
69.710600
69.945867
70.151367
70.974267
71.080667
71.146667
71.316333
71.386400
71.448200
71.463967
71.788500
71.814467
71.918733
73.152967
73.284800
74.138833
75.001733
75.435267
75.559300
75.609367
75.701167
76.406600
76.521800
76.872733
76.981533
77.020500
77.116500
77.714333
77.768800
77.858200
77.931200
78.111933
78.201367
78.328633
78.376067
78.508800
79.021067
79.282367
79.754567
79.788667
80.030267
80.613433
80.645233
80.684800
81.112767
81.296900
81.585967
82.125667
82.810500
83.518167
83.668333
84.128233
84.184233
84.338900
84.402833
84.524033
85.147733
85.777500
85.939033
86.079000
86.579600
86.959200
87.037567
87.216433
87.495767
87.670633
87.875333
88.065367
88.196733
88.379400
88.675567
90.674100
90.899267
91.651467
91.683633
92.604667
93.414567
93.516467
93.741567
93.815367
93.915300
93.932300
94.183067
94.322733
94.453000
94.978967
95.799233
95.912967
96.129167
96.190967
96.828533
97.319833
97.885667
98.050300
98.091667
98.365067
99.348800
99.480400
100.141300
100.277000
100.636533
101.241000
101.285433
101.288867
101.612233
101.691000
103.832967
103.854933
104.127500
105.530033
105.751800
105.791700
106.211233
106.462667
106.626567
106.643833
106.756333
106.939200
107.024500
107.185467
107.297767
107.788000
107.838667
107.864667
107.941900
107.956833
108.272933
108.393500
108.846733
109.205167
109.738500
109.792000
110.503100
111.009600
111.058700
111.467400
111.759367
111.816200
112.047567
112.821000
112.949100
113.523833
115.576000
116.999600
117.497533
117.562733
117.714933
117.873667
118.169967
118.530233
119.085767
119.173667
119.253867
119.969467
120.093067
121.024667
121.132667
121.410667
121.605400
121.654033
123.562300
124.265300
124.735333
125.133300
125.381033
125.423900
125.899500
126.174667
126.289767
126.871200
128.119167
128.196033
128.303300
128.506300
128.537167
128.913800
129.035100
130.531733
131.236667
131.572933
131.900133
133.168200
133.210367
133.360633
133.443033
134.242033
134.728567
134.735367
134.884333
134.937000
135.001333
135.074733
136.054433
136.088833
137.109633
137.539600
137.768967
138.828667
138.915933
139.003867
139.095433
139.529600
139.675667
139.712833
139.853967
139.989233
140.437633
140.773233
141.568867
141.746200
142.069133
144.736500
145.192033
145.354367
145.541333
146.163367
146.880233
146.928000
148.065167
148.673733
149.455933
149.862100
150.107567
150.507633
150.637167
150.850733
151.741667
152.452400
152.456367
152.544967
152.733667
152.796733
152.940200
153.118133
153.781067
154.094967
154.612433
155.322967
155.641367
155.696900
156.263067
156.650833
157.651000
158.227267
158.573000
158.624033
159.479633
159.515467
160.067000
160.180200
160.419433
160.690300
161.349067
161.543533
162.063667
162.088800
162.119567
162.367333
164.396167
164.569933
164.622100
165.127800
165.470700
165.901400
166.320967
167.459733
167.735533
168.469233
168.497067
169.040933
169.163267
169.202333
169.367233
169.504300
169.619700
170.759767
171.781433
171.901767
173.075933
173.172400
173.639833
173.771533
173.849167
173.883800
174.091267
174.178667
174.295933
174.612967
174.891200
174.936900
175.313267
175.562133
175.794167
176.602400
176.821167
177.790667
177.845100
177.941167
178.103933
178.527367
178.949267
179.144933
179.440800
179.679133
179.952433
180.196367
180.518800
180.701900
180.783800
181.437633
181.645767
181.728200
181.756200
183.055700
183.083833
183.461500
183.744633
184.005900
184.163100
184.549067
184.615400
185.064500
185.472533
185.592767
185.720600
185.774700
186.009833
187.283533
187.935867
188.000400
188.074133
188.488467
188.639133
189.334733
189.404567
190.020033
190.101033
190.641700
191.011033
191.127667
192.036167
192.202967
192.581067
192.870167
192.886067
192.916433
193.165200
193.324100
193.411800
193.611233
194.010433
194.252300
194.294167
194.315467
194.317867
194.540100
194.769367
195.076367
195.299367
195.991033
196.581533
196.604467
196.757000
197.382200
197.524267
198.050733
198.195900
198.390500
199.344867
199.379033
199.749500
199.939533
200.111733
200.263600
201.086033
201.192267
201.367233
201.405500
201.548833
201.570567
202.001367
202.168133
202.172633
202.316667
203.035800
203.148833
203.360367
203.692100
203.698533
203.797467
203.944433
204.066633
204.219067
204.244467
204.460700
204.635600
205.065267
206.154100
206.500700
206.697800
206.746333
206.943000
207.083500
207.350567
207.814500
208.275767
208.666767
208.851833
208.880000
209.148600
209.250767
209.273367
210.642867
210.994833
211.156633
211.231900
211.598967
211.896867
212.779100
213.590167
214.603100
214.677367
214.933500
216.147767
216.431000
216.483133
216.848233
216.936967
217.505600
217.514700
218.592667
218.645667
219.178100
219.923433
219.955267
220.021533
220.428967
220.610600
220.826467
220.909767
221.080700
221.592267
222.255667
222.468433
222.529167
222.793433
222.829000
222.954133
222.974033
223.156600
223.958533
223.980867
224.213500
224.265400
225.633067
225.800233
226.362700
226.426233
227.052367
227.179867
227.217700
227.935600
228.067367
228.383067
229.012900
229.023700
229.551367
229.835900
229.950300
230.047267
230.224833
230.389133
230.535067
230.706367
231.253167
231.629300
231.866800
232.663467
233.299067
233.989233
234.075933
234.423767
234.881200
234.923633
235.200267
236.045400
236.185467
236.213967
236.720367
236.926500
237.009467
237.083033
237.388133
237.616867
239.568667
239.838967
239.918467
240.044600
240.193633
240.677367
240.933000
241.138667
241.925667
241.989567
242.002100
242.167500
242.193067
243.666533
243.961100
244.556733
244.599067
245.125233
245.197600
246.065600
246.345267
246.518333
246.637133
246.819600
247.606067
247.695633
247.742167
249.516367
249.799867
250.268667
250.623733
250.685067
250.771833
250.843800
251.176100
251.289133
251.354800
251.544067
251.793600
251.890500
252.579933
252.829967
253.490767
253.984467
254.782367
254.876533
254.943267
255.015500
255.069733
255.667967
256.072233
257.112700
257.290333
257.615833
258.062600
258.518267
258.736733
258.850333
259.131700
259.369033
259.433533
259.681167
259.759867
259.834567
260.252600
260.423867
260.667767
260.672167
260.795233
261.402000
261.745567
261.829133
262.351133
262.367533
262.646867
262.733967
263.247200
263.535500
263.972933
264.613700
264.796600
264.826133
265.141733
265.274067
265.705500
266.043000
266.146800
266.326567
266.522433
267.652467
268.347633
268.387533
268.533733
268.840533
269.132533
269.335667
270.139200
271.428300
271.962833
272.433633
272.798033
273.002700
273.577200
274.138100
274.533333
275.247867
275.752233
276.056467
276.708267
276.763933
277.327167
277.425900
278.189767
278.454867
278.469333
278.546967
278.846467
279.529900
280.632067
280.650467
282.267700
282.444233
282.628233
282.779000
283.362300
283.377900
283.879200
283.998267
284.119200
284.732767
284.770933
285.655767
285.902900
286.472767
286.815967
287.339767
287.740267
288.066967
288.173233
288.247300
288.905533
289.388400
291.063867
291.572433
292.402100
292.875233
293.190700
293.762767
293.978933
294.184967
294.435267
294.611400
294.700600
294.924833
295.074400
295.156733
295.640467
296.556533
296.872133
297.044567
297.660733
297.787333
298.106567
298.154400
298.238433
298.415667
298.859900
299.092400
299.575933
299.797933
299.914100
300.878033
301.180333
301.453333
301.664633
302.161133
302.182433
302.303900
302.507433
302.657500
303.171100
303.601967
303.904667
304.286433
304.399500
304.475933
304.735267
305.495767
306.410433
306.437900
307.164500
307.417533
307.542533
308.090900
308.946867
308.970067
310.273167
310.458267
311.185000
311.678433
311.730867
312.176167
312.243633
313.093467
313.367133
313.561667
313.848000
313.857000
313.975033
314.483867
314.734833
314.940100
315.169700
315.845767
315.915900
315.953733
316.093033
316.146600
316.621033
317.165200
317.325767
317.477033
317.495933
317.528333
317.634267
317.952700
318.207733
318.566167
319.027400
319.110833
319.754500
319.951167
320.083200
320.783667
322.044133
322.106333
322.136700
322.961433
323.108900
323.312133
323.536567
323.753500
323.993467
324.572933
325.623133
326.006767
326.874967
327.074667
327.141333
328.002800
328.456267
328.687433
328.924933
328.953367
329.366800
329.482867
330.383967
330.546033
330.730700
331.013800
331.174500
332.210100
332.264700
332.308600
333.357067
333.856700
334.074467
334.279600
335.651167
335.713333
335.893500
335.954133
336.757600
337.253133
337.620200
337.710633
337.982667
338.110833
338.463900
338.605000
338.667500
339.056700
339.652700
339.819333
340.082967
340.642967
340.843067
341.041933
341.871900
342.287367
342.922867
343.061133
343.273033
343.571000
344.527900
344.838767
344.871567
344.930533
345.364733
346.412567
347.012067
347.458467
348.126300
348.665967
348.776867
348.874567
349.351333
349.427600
349.705633
349.768133
350.061033
350.088733
350.673033
350.796900
350.818633
350.932900
351.396900
351.654967
351.734567
351.787533
351.964800
353.275167
354.662533
355.845933
356.179267
356.845167
357.340833
357.774800
358.159167
358.289667
358.588000
359.023600
359.103300
359.308467
359.541833
360.208600
360.740600
362.134300
364.079567
364.635633
364.706167
364.819033
365.040500
365.480333
366.410033
366.471833
366.706300
367.392967
367.623333
367.773400
367.979833
368.272800
368.697267
369.317667
369.661767
369.681367
370.674100
371.776067
372.085300
372.378233
372.642433
372.971233
372.979833
373.609067
373.915933
374.050167
375.380367
375.989467
376.609833
376.751933
376.811500
376.817500
376.863367
377.169600
377.272667
377.317100
377.490500
377.814967
377.852567
377.881067
377.978933
378.039733
378.269633
378.968433
379.214133
379.976567
380.025133
381.715233
381.935000
382.376167
382.557400
382.714633
384.872333
385.299033
385.447367
385.538900
386.055533
386.610367
387.135400
387.205100
387.301667
387.400300
387.493367
387.531133
387.553467
387.682267
387.777567
387.833367
388.592367
388.720000
388.879867
389.382300
389.406200
389.520300
390.253333
390.324567
390.664333
391.464400
391.885533
392.045900
392.081167
392.865000
392.925167
393.428100
394.128533
395.423533
395.843633
395.866033
395.924000
395.935367
396.028133
396.094967
396.183167
396.269100
396.957233
397.104833
398.121767
398.287633
398.594400
399.020133
399.284167
399.613933
400.542500
402.086133
402.242633
402.492700
403.184933
404.237300
404.484233
404.907633
404.991367
405.193967
405.991667
406.296267
406.498100
407.150633
407.936233
408.018700
408.848867
409.643700
409.674900
409.816200
409.989200
410.059800
410.472800
410.610000
410.695933
410.732533
410.804833
411.071300
411.095400
411.477367
411.663833
411.827633
411.916700
411.964733
412.272833
413.026667
413.082400
413.146667
413.185533
413.708500
413.807367
414.181300
414.357200
414.493167
415.253300
415.327233
415.551233
415.571567
415.673767
415.781867
416.153400
416.305733
416.526900
416.660267
416.692033
416.767400
416.802367
417.086133
417.108733
417.136433
417.177967
418.920067
419.282800
419.775400
420.099500
420.150533
420.885667
420.954233
421.207100
421.379767
421.660100
421.861100
422.233167
422.863067
423.116133
423.527933
423.739467
423.853333
423.862567
423.975200
424.071333
424.361233
425.171900
425.180000
425.494067
426.183000
426.748967
426.792033
427.043933
427.209500
427.568100
427.609800
427.663633
427.830867
428.091100
428.298300
428.491467
428.905300
429.250667
429.480233
430.346167
431.157533
431.159533
431.194733
431.358233
431.589967
431.705333
431.857467
431.940200
432.265133
432.387200
433.092100
433.477367
434.085367
434.186600
434.306033
434.997033
435.181633
435.376167
435.419533
435.532267
436.632033
437.473967
437.812433
438.068600
440.259567
440.345667
440.401200
440.873800
441.079100
441.116133
441.286233
441.466733
442.185233
442.474700
442.495133
442.566033
442.612267
443.619133
443.781700
443.940600
444.158233
444.334300
444.839300
445.123267
445.499267
445.658067
445.836300
445.918133
446.233633
447.056833
447.231367
447.427900
448.397533
448.965433
449.086433
449.239067
449.859600
449.956467
450.995500
452.428600
452.619000
452.675700
453.443300
453.523133
453.562600
454.504500
454.901733
455.921233
456.252033
456.998133
457.181833
457.211033
457.369433
457.545200
457.965967
458.723167
459.232700
459.290233
459.874967
459.972900
460.352400
461.638800
461.774067
461.978167
462.015733
462.224000
462.569933
462.678500
462.731500
462.821933
463.646600
463.840333
463.919700
463.940800
463.967267
464.340000
465.512800
465.703800
465.987367
466.138200
466.148667
466.495200
466.515800
466.895533
467.412567
467.755433
468.096333
469.259433
470.067500
470.101600
470.558533
470.643733
471.207033
471.233033
471.751500
472.331133
472.504167
472.933567
473.293900
474.644200
475.337000
475.715500
475.846233
475.920967
476.017833
476.109067
476.134700
476.569867
476.668000
476.742167
478.039033
478.114967
478.220367
478.840667
479.199867
479.499633
479.627967
479.650667
480.215600
480.432067
480.666733
480.870767
481.000867
481.187833
481.455633
481.627333
481.664433
481.983900
482.511067
483.146667
483.217200
483.277600
483.450233
483.580100
483.773933
485.497833
485.579567
486.488567
488.210467
488.218400
488.387700
488.456100
488.909867
489.008800
489.794600
489.988000
490.020633
490.537567
491.571800
491.591400
492.322900
492.617500
492.937167
493.209933
493.652900
494.178333
494.290800
494.483433
494.502667
494.668300
494.922367
495.016933
495.171433
495.189100
495.724200
495.756367
495.912233
496.685033
496.798033
497.159600
497.591400
497.874133
498.037000
498.317567
498.385900
498.578133
498.758400
498.905667
499.247000
500.318967
500.367433
501.933233
502.492933
502.716333
503.016333
503.325867
503.816400
504.032133
504.207333
504.257200
504.386267
506.560767
506.577633
506.731700
507.171200
507.260700
507.457000
507.990667
508.052567
509.661933
509.727367
509.822833
509.913433
510.170733
510.434233
510.643967
511.436733
511.634167
511.752067
511.851700
512.005033
512.121833
512.172833
512.199867
512.228700
512.437233
512.969067
513.256833
513.556633
513.627667
513.718567
513.762967
513.930133
514.304433
514.876367
515.576200
515.799067
516.481600
516.804233
517.131133
517.405167
518.028233
518.698400
518.831800
519.764967
520.486033
520.958633
521.564867
521.932933
522.033867
522.611133
522.878233
523.266367
523.386100
523.414533
524.739033
525.266667
525.405967
525.506000
525.604233
525.687467
525.903400
526.108600
526.287367
526.672900
527.165033
528.821033
530.172400
530.303567
530.393800
530.483767
530.565433
530.576600
530.743867
531.228233
531.258133
531.667567
532.057733
532.150000
532.801433
533.074500
533.372600
533.622700
533.717300
534.019267
534.635967
534.733100
534.924200
535.271533
536.071633
537.107833
537.174533
537.360400
537.638100
538.113067
538.648167
539.035133
539.061133
539.820567
539.864833
540.033200
540.287567
540.803867
540.893867
542.184833
543.608733
543.899300
544.002033
544.379333
544.588300
545.604867
545.679200
546.365167
546.498700
547.488833
548.250467
549.823233
549.996500
550.340600
550.402867
550.477167
550.536800
550.792767
551.163167
551.877467
552.230000
552.409233
553.915533
553.964900
554.338033
554.540300
554.965567
555.015467
555.103367
555.628733
555.731567
555.871433
555.887433
555.914733
556.192433
556.319233
556.748433
556.793100
557.022767
557.449567
557.472367
557.908400
557.988567
558.209233
558.273000
558.742400
558.850533
559.192367
559.454233
560.862967
561.026533
561.244533
561.399933
561.527467
561.691067
561.730800
562.026233
562.103733
562.415667
562.428933
562.501300
562.792167
562.864467
563.175033
564.098767
564.307200
565.419200
566.902067
567.098533
567.106667
567.212167
567.800100
568.074633
568.151367
568.538600
568.753067
568.911967
568.946733
569.203900
569.655667
569.994833
570.198967
570.597267
570.599100
570.634267
570.698767
571.975833
572.152067
572.305867
572.384467
572.586500
572.635433
572.770867
573.310433
573.571833
573.879767
574.011200
574.060667
574.095167
574.523800
574.681333
574.974467
575.530200
575.905233
576.436733
576.800200
576.894567
576.981833
577.111933
578.336933
578.485433
578.687000
578.841300
578.946167
579.328833
580.193933
580.217500
580.672633
580.936900
581.800167
581.871500
583.103767
583.308267
584.098633
584.239467
584.717067
585.456833
585.475967
585.549533
585.837700
587.068100
587.078933
587.894700
588.365367
588.531600
589.922733
589.961633
590.050300
590.486600
590.966167
591.144500
591.294467
591.348733
591.458067
592.651500
593.020067
593.084367
594.541100
594.577900
594.660967
594.961100
595.502433
595.600633
595.839600
595.904167
595.933433
596.211167
596.721900
596.906033
597.165833
597.498067
597.550833
597.793533
598.404433
598.504333
598.581633
598.674100
598.772467
599.378867
599.468200
599.602000
599.607933
599.637067
599.875867
600.076500
601.054467
601.320533
601.719033
602.019467
603.498300
603.602533
603.889433
604.377133
606.450767
606.576133
606.787833
607.004467
608.248233
608.478000
608.747800
609.546367
609.727600
609.852433
610.493333
610.684800
610.910733
612.479300
613.080133
613.107500
613.542333
613.582567
613.679167
613.892467
613.969233
614.436533
614.481100
614.935767
615.516200
615.689467
615.767267
615.855467
615.983667
616.053433
616.202867
616.555167
616.712067
617.263933
617.442767
618.382533
618.418600
618.869633
619.456400
619.477167
619.549267
619.584533
619.918433
620.904200
621.171933
621.677233
622.121500
622.357433
623.015100
623.553600
623.750467
624.130867
624.592667
624.600033
624.807867
625.753733
626.696333
626.830667
626.913200
627.242300
627.884633
628.071767
628.110433
628.236467
628.411000
628.439567
628.668400
629.050533
629.257167
629.549033
629.649033
629.857367
630.051733
630.190300
632.345867
632.654167
633.420300
633.614633
633.847067
634.356333
634.905133
635.654500
635.713267
636.063333
636.720633
638.088133
638.135400
638.237000
641.227867
641.297567
641.515767
642.214000
643.184467
643.454933
644.273867
646.044500
646.114633
647.469733
647.742933
647.893700
648.859433
649.175567
649.682500
649.721133
649.997133
650.045900
650.774200
651.072267
651.852633
652.014700
652.104867
652.425833
654.181300
654.269933
654.412667
654.523233
654.650833
655.108300
655.832133
656.512400
658.010300
658.716633
659.163533
659.384267
659.738800
660.058767
660.854900
661.183200
662.923567
663.311367
663.490067
664.487833
664.717300
665.112167
665.242967
665.762600
666.085633
666.511867
666.737033
666.742267
667.011933
667.037200
667.536800
667.676867
667.753633
667.975667
668.025400
668.231633
668.296533
669.050467
669.107333
669.390600
669.462600
670.093800
670.257233
671.847867
674.233767
674.701333
675.431600
676.018800
676.196067
676.332633
676.901433
676.921100
677.114767
677.473600
677.984133
678.178567
678.268833
678.366833
678.470500
679.013067
679.026967
679.300767
680.653267
681.013033
682.577067
682.637000
683.501267
683.697133
684.762467
684.819633
685.308833
685.487333
685.714667
686.836233
687.212000
687.338067
687.636200
687.963667
689.376767
689.459867
689.903833
690.156567
690.220867
690.405600
690.488567
690.513767
690.553433
691.362600
691.825433
691.921767
692.689667
693.071000
694.008300
694.066200
694.084600
694.907367
695.037500
695.082467
695.385967
695.470567
695.479233
696.383300
696.698700
697.010733
697.205300
697.379900
699.179400
699.188900
699.220633
699.630267
699.662700
700.197800
700.343767
701.253133
702.673500
702.877600
703.779567
704.158567
704.698433
705.098200
705.511800
705.811700
705.929933
706.593800
707.603267
707.609267
708.267867
708.747233
709.025400
709.246733
709.661967
710.086833
710.206167
710.916867
711.406667
711.540500
711.702667
711.964067
711.982800
712.134033
712.490067
713.037467
713.224467
713.737333
714.066433
714.568267
715.787200
715.845367
716.321233
716.461033
716.554267
716.636833
717.529767
717.582233
718.676233
719.014733
719.114633
719.173533
719.243267
719.659467
720.164267
721.744000
721.922767
722.436000
722.715067
722.901233
723.011733
723.770233
724.425033
724.555000
724.589700
724.616633
725.535733
725.977033
726.333167
726.416300
726.757667
727.903400
728.468533
728.663233
728.670867
729.428400
729.498233
729.601400
730.016400
730.053533
730.587933
730.751433
731.045167
731.153367
731.918933
732.499967
732.597200
732.819200
733.245900
733.414600
733.735467
733.941133
734.724500
734.734933
735.044533
735.195867
735.282133
735.289000
735.499533
735.784233
736.273167
736.349633
737.123500
737.186167
737.472433
737.788733
737.884333
737.937967
738.143800
738.400333
738.431933
738.440767
738.556033
738.592067
738.754500
739.554133
739.569133
739.587600
739.834367
740.222633
740.800533
741.095233
743.286033
743.646633
743.663600
744.143367
744.232000
744.645567
744.887367
745.012900
745.308833
745.553233
746.549033
747.615533
748.442567
749.396367
750.046800
750.142500
750.188333
750.313700
750.543767
750.687333
750.814133
750.984800
751.511567
751.536733
751.842333
752.100967
752.676267
752.854067
752.999367
753.546833
754.242600
754.756267
754.823800
755.367233
755.894733
756.273500
756.634567
756.976200
756.985433
757.436300
758.309233
758.435067
758.602333
758.671733
758.862000
758.975600
759.099567
760.576533
760.977400
762.358400
763.047100
763.083000
763.194200
763.375700
764.037100
764.662500
766.192067
766.602033
766.881733
767.215767
767.608200
768.208700
768.388400
768.546800
768.597333
769.116467
769.494367
770.199567
770.712767
772.060867
772.118333
773.253767
773.992667
774.551933
774.989900
775.523267
775.570467
776.689400
777.386100
777.466800
777.789000
777.995233
778.855800
779.687433
779.872233
779.954133
780.000133
780.041967
780.099567
780.191600
781.050400
781.097833
781.134300
781.591767
781.803967
782.346733
782.500833
783.090300
783.974167
784.415367
784.812467
785.368167
785.574100
785.585867
786.015500
786.129767
788.303500
788.705500
788.872700
788.919633
789.229467
789.299333
789.659100
790.677100
791.270133
791.521767
791.766733
791.827167
791.947433
791.989067
792.017200
792.087333
792.338767
792.445200
792.811967
793.000100
793.234233
793.540900
793.971067
794.167500
794.702433
794.713567
794.934200
795.183800
795.798967
795.828533
796.215167
796.648700
798.402567
798.896067
799.570400
799.732700
800.251367
801.017333
801.064067
801.574433
802.604433
802.933833
802.998267
803.042167
803.166667
803.299567
803.364733
803.479200
803.517367
803.666367
805.132767
805.191567
805.659600
805.894167
806.191900
806.305567
806.490367
806.891467
807.876000
808.144367
808.442733
809.644767
809.881933
809.913067
809.998400
810.507500
810.591500
812.157200
812.212567
812.393067
812.441000
812.454633
812.641700
813.264033
813.755267
814.489833
814.760900
815.145567
815.603233
815.693600
815.899533
817.219433
817.769200
817.919133
817.965700
817.975767
818.080267
818.893967
819.938267
820.282233
820.780267
821.213300
821.559167
821.706133
821.845867
822.012833
822.051667
822.068567
822.224933
823.172400
823.295133
823.370400
823.849800
823.947533
824.198667
824.776867
825.175233
825.192267
825.486267
825.578600
825.778267
825.817500
826.003400
826.173600
826.320467
826.323867
826.433167
826.650700
826.710500
826.784533
826.844600
827.016100
827.086533
828.205833
828.301000
828.434300
828.564133
830.488367
831.748067
832.426800
833.064200
833.526633
833.747233
834.664400
834.979533
835.397533
835.696533
835.724600
835.910467
836.122567
836.260833
836.611433
836.972367
837.170633
837.418733
837.602800
837.624133
837.835600
837.920767
838.810767
839.118900
839.884667
840.538500
840.664900
841.631067
841.717633
841.872100
842.516300
843.127733
843.186300
844.114967
844.740733
845.088567
845.211867
845.333900
845.360300
845.501567
845.515267
846.300333
846.776900
847.092900
847.204967
848.111000
848.477000
848.710000
848.734400
848.791767
849.242967
849.958400
850.009100
850.144800
850.244467
850.791267
850.934633
850.989367
851.013667
851.741433
851.827800
851.994733
853.009433
853.722300
853.798233
853.916467
854.260600
854.374667
854.433433
854.576100
854.815133
854.970467
855.088867
855.114200
855.174067
855.390100
855.525100
855.689500
855.692000
855.921300
856.553833
856.801767
856.931533
857.208000
857.299200
857.964267
858.152300
858.316767
858.414500
858.520033
858.591400
858.688267
859.451100
859.900533
859.986433
860.128100
860.663100
860.852233
861.690767
861.806300
861.993700
862.554567
862.665967
862.876333
863.238467
864.888633
865.210967
865.309100
865.530033
865.696800
865.865500
866.526500
866.869100
867.245933
867.435867
867.674900
867.891567
868.153800
868.328667
868.410167
869.365300
870.480467
870.550367
871.254367
871.322133
871.730233
872.035633
873.951867
874.474633
874.512333
875.148400
875.790200
876.240533
876.342667
876.526733
876.843933
876.911700
877.035533
877.470600
877.797300
877.907700
878.010033
878.237733
878.970100
878.999467
880.726600
880.936367
881.187733
881.244500
882.040500
882.264800
882.281600
882.584833
883.095567
883.551367
884.203433
884.537367
884.584167
885.572167
886.084133
886.701000
887.278233
887.660267
887.869700
888.504933
888.873467
890.118733
890.221767
890.260333
890.902767
890.987167
891.478767
891.538800
891.687733
891.924000
894.340367
894.699733
895.216767
895.558100
896.010867
896.474267
896.671733
897.076733
897.089367
897.215933
897.614133
897.726700
897.742667
897.770333
898.037600
898.101233
898.167200
898.369500
898.471467
898.720500
898.929367
899.535867
899.638733
899.991700
900.936300
901.154000
901.804800
901.970200
901.984233
902.089433
902.173200
902.499833
902.819033
902.842733
902.944200
903.724567
905.505967
905.631433
905.934400
907.139067
907.186367
907.374900
907.496767
907.668533
907.749767
907.844867
907.881100
908.331167
908.418167
908.489967
908.700800
908.720967
908.762067
908.860500
909.337833
909.438067
909.477500
909.814667
911.043067
913.844300
915.017767
916.101567
916.163100
916.546667
916.573667
916.616267
916.638933
916.718400
916.726000
917.303300
917.875667
918.259233
918.685933
918.903733
918.992567
919.377300
919.675933
919.840400
920.032533
920.681100
920.757300
922.540000
922.783667
922.937033
922.971100
923.018167
923.509533
923.675167
925.023300
925.166667
925.283667
925.351200
925.751600
925.803100
925.984767
926.255433
926.477967
926.827733
927.961967
928.589867
929.194100
929.526200
929.625067
929.897333
929.922000
930.000033
930.065100
930.355667
930.765200
931.423600
931.809900
932.208200
932.469167
932.488600
932.988967
933.247633
933.336233
933.574000
934.061700
934.533733
934.638067
935.667933
936.138367
936.256500
936.429633
936.510333
936.523533
936.647000
936.692667
936.704667
936.750400
936.977067
937.676067
937.923533
938.380033
938.513567
938.565600
938.664600
938.744533
939.896067
939.935933
940.185800
940.284533
940.894767
941.268667
941.390700
941.696700
941.809667
941.841133
942.294333
943.458600
943.576233
944.003700
944.609533
944.643833
944.664933
944.724900
944.756033
945.153233
945.499067
945.607800
946.325167
947.495067
947.758033
947.805967
947.841833
947.932000
948.038933
948.282600
949.260233
949.729233
949.799467
949.970367
951.030567
951.152200
951.884467
951.937367
952.602667
953.555500
953.623800
954.046233
954.636133
955.229467
956.011600
956.208867
956.370267
956.949567
957.420400
958.123633
958.210567
958.915000
959.221033
959.646733
959.801533
960.125233
960.320367
961.020000
961.064933
961.625167
961.706633
961.907700
962.683600
962.802367
962.806900
962.867967
963.094967
963.324433
963.346700
963.637033
963.666367
963.753867
963.894100
964.114700
964.257533
964.362567
964.459100
964.817067
964.961900
965.008667
965.396067
966.075833
966.095933
966.369300
966.489800
966.568767
966.725700
967.857033
968.256067
968.406167
968.601000
968.645933
968.870733
969.237833
969.347933
969.403767
969.547333
969.675167
970.129533
970.177900
970.439233
970.987933
971.139567
971.257433
971.835833
972.014100
972.761733
973.471100
974.119567
974.157633
974.365233
974.405300
974.450900
974.480467
974.743867
975.077600
975.546467
975.557133
975.590200
975.614833
975.622067
975.763533
977.011033
977.063700
977.393833
977.617267
977.667100
978.289600
978.600367
978.763967
978.919800
979.295567
979.333567
980.645700
981.068500
981.976367
982.237333
982.715033
983.049267
983.295467
983.393000
983.448867
983.856167
983.895267
983.921133
983.952133
983.965000
984.452833
984.511833
984.615633
984.733367
984.946167
985.568400
986.220933
987.897833
988.028233
989.219700
989.624000
989.854633
990.427533
990.515567
990.818833
991.228000
992.144267
992.267433
992.368600
992.639367
993.552233
993.642533
993.795967
994.043033
994.459367
994.550100
994.671833
994.805000
995.006033
996.408367
996.692967
997.085133
997.324933
997.896300
997.928267
998.198233
998.255367
998.523633
998.557533
999.103900
999.153067
999.292633
999.421467
999.609400
999.701933
999.949433
999.979867
1000.079267
1000.592333
1001.233500
1001.341567
1001.740767
1002.041533
1002.377433
1002.422000
1002.901033
1002.970733
1003.545867
1003.849767
1006.140933
1006.219167
1006.491767
1006.553300
1006.609333
1006.809500
1007.022200
1007.805933
1007.897067
1008.279800
1009.099267
1009.267533
1009.670400
1009.785400
1009.837800
1010.774167
1011.122467
1011.167333
1011.453333
1011.490300
1011.794867
1012.241667
1012.411300
1012.905500
1013.197367
1014.172233
1014.366700
1014.402633
1014.595633
1015.434967
1015.794267
1016.416933
1016.884233
1016.984367
1017.116900
1017.588133
1017.680967
1018.094500
1019.062867
1019.156033
1019.287300
1019.344733
1019.375567
1019.419267
1019.545367
1019.800933
1020.070033
1020.155300
1021.235333
1021.323900
1022.122267
1022.127767
1022.615467
1022.941833
1023.155767
1023.328867
1023.501667
1023.687000
1024.091933
1024.520833
1025.077767
1025.112433
1025.619967
1026.437333
1026.591867
1026.814100
1027.517867
1027.928067
1028.772200
1028.783567
1028.805533
1029.244233
1029.588833
1029.912900
1030.221433
1030.236967
1030.255000
1030.664533
1030.701967
1031.184533
1031.497833
1031.501433
1031.548467
1031.619933
1031.891600
1031.996700
1032.632900
1032.820267
1032.891167
1034.252600
1034.266933
1034.469300
1034.475900
1034.488967
1034.505067
1034.982200
1035.783867
1035.850700
1037.178600
1037.694233
1038.220900
1039.731667
1040.094033
1040.244767
1040.718833
1041.015533
1041.848267
1042.052533
1042.110600
1042.166433
1042.343167
1043.119633
1043.226633
1044.015867
1044.469633
1044.550200
1044.743233
1044.751833
1045.146567
1045.534567
1045.849967
1047.066033
1047.485467
1047.804933
1048.096433
1048.302200
1048.604467
1048.672433
1048.859700
1049.075033
1049.396800
1049.895700
1050.462733
1050.876500
1050.969533
1050.994100
1051.047833
1051.378633
1051.455867
1051.612833
1051.892367
1052.983433
1053.093067
1053.155167
1053.160300
1053.302100
1054.132700
1054.467767
1054.917100
1055.063567
1056.351600
1056.394833
1056.504267
1056.610000
1056.894100
1059.058367
1059.214067
1059.547467
1059.722133
1060.050900
1060.438433
1060.841767
1061.078400
1062.108600
1062.597300
1062.887367
1063.050333
1063.884133
1063.986767
1064.097733
1064.134033
1064.238900
1064.662633
1064.765867
1064.792000
1064.929700
1065.033367
1065.221167
1065.723467
1065.983367
1066.069567
1066.085367
1066.648267
1067.307167
1067.315000
1067.446633
1067.559500
1068.038167
1068.547333
1068.630167
1069.959600
1070.568000
1071.138033
1071.827967
1071.875133
1072.159967
1072.189800
1072.239967
1073.507100
1073.705000
1073.871733
1073.903233
1073.920667
1074.003767
1075.003700
1075.654233
1076.220233
1076.353633
1076.649000
1077.363133
1077.393500
1077.590233
1077.962333
1078.251567
1080.698933
1081.076333
1081.103333
1081.194667
1081.350000
1081.929933
1081.992200
1082.386600
1082.588700
1082.727400
1083.872300
1084.031833
1085.511900
1085.702100
1085.714500
1085.785200
1086.105933
1086.135333
1086.988967
1087.050467
1087.306633
1088.465333
1089.331467
1089.879567
1089.956800
1090.264267
1090.373133
1090.397433
1090.542233
1090.692500
1090.740300
1092.160967
1093.058367
1093.472567
1094.343333
1094.499867
1095.048300
1095.144667
1096.013733
1096.219367
1096.366667
1097.472567
1097.557333
1097.896267
1098.184900
1098.866600
1099.751467
1100.322500
1101.525600
1101.600633
1101.763767
1102.002033
1102.665467
1102.703900
1102.991400
1103.015067
1103.712967
1103.966733
1104.939300
1105.370833
1105.668267
1106.575467
1106.619100
1106.780733
1106.893800
1107.211867
1107.916800
1108.291000
1108.310667
1109.301467
1109.413600
1109.544600
1110.874000
1111.025600
1112.087767
1112.210033
1112.251400
1112.302700
1112.377800
1112.414400
1113.348033
1113.387233
1113.744833
1113.892100
1113.978533
1114.050233
1114.138333
1114.298500
1114.751933
1115.395333
1116.193667
1117.253633
1117.286900
1118.358500
1118.570200
1118.662133
1119.248967
1119.507933
1119.832700
1120.417300
1120.571367
1120.775867
1120.778200
1121.869167
1122.042400
1122.109967
1122.190233
1122.475533
1123.849567
1124.406600
1124.827933
1124.871467
1125.063133
1125.160567
1125.408067
1126.827933
1126.870567
1127.003167
1127.271267
1128.127200
1128.206267
1128.451567
1128.732333
1128.754067
1128.802400
1128.848133
1129.059200
1129.081667
1129.748600
1129.878133
1130.093833
1131.278533
1131.573333
1131.759833
1131.873633
1132.180500
1132.447700
1132.675467
1132.919367
1133.792300
1133.974667
1134.996933
1135.392467
1135.672900
1136.405600
1136.764700
1137.400867
1137.682700
1138.243700
1138.977633
1139.061800
1139.268033
1139.509700
1139.549733
1139.608933
1139.697633
1139.931067
1139.966400
1140.590400
1141.514700
1141.598067
1141.611933
1141.797733
1143.070067
1143.144533
1143.203600
1144.075167
1144.375767
1144.628433
1145.875033
1146.414067
1146.458533
1146.806400
1146.938067
1147.084833
1147.539900
1149.148633
1149.654833
1149.700633
1149.782800
1149.844833
1150.538100
1150.660267
1150.743667
1151.246167
1151.420333
1151.924167
1152.006667
1152.030400
1153.363267
1153.406533
1154.139467
1154.149567
1154.355300
1154.872867
1155.427200
1155.487767
1155.513867
1156.105133
1156.215900
1156.354767
1156.394167
1156.430933
1157.141900
1157.288833
1157.428033
1157.568400
1158.549433
1159.267400
1159.434367
1159.515067
1159.573333
1161.524033
1161.564433
1162.200200
1163.015000
1163.573067
1163.628867
1163.824567
1163.915267
1164.314833
1164.349267
1164.442367
1164.525200
1164.641967
1164.803300
1165.372400
1165.404300
1165.608500
1165.633933
1166.156967
1167.942600
1167.987867
1168.180967
1168.238333
1168.512067
1168.537833
1168.769100
1168.808933
1169.259067
1169.624600
1169.851433
1170.716767
1171.126500
1171.316067
1171.597767
1171.626233
1171.646200
1172.320967
1172.527233
1172.583667
1172.982667
1173.139100
1173.302633
1173.827400
1173.900300
1174.231700
1174.248633
1176.197933
1176.278567
1176.291633
1176.704133
1176.843833
1176.902767
1177.075767
1177.768267
1178.126200
1178.428600
1178.820700
1178.866100
1179.359467
1179.561333
1179.714233
1180.219233
1180.262500
1180.589333
1180.669733
1181.195133
1182.222767
1183.931633
1184.646967
1185.309567
1185.329933
1185.569567
1185.598533
1186.049833
1186.196433
1186.309433
1186.836300
1186.975100
1186.977733
1187.347867
1188.086467
1188.319733
1189.432833
1190.708267
1191.668133
1191.845967
1191.862933
1192.090867
1193.863100
1194.053267
1194.362833
1194.458667
1194.526200
1194.757600
1194.920433
1195.191833
1195.254900
1195.289000
1195.642233
1195.846700
1195.973567
1196.359033
1196.464267
1197.836733
1198.099567
1198.932000
1199.054733
1199.331500
1199.403833
1200.219833
1200.594900
1202.255767
1202.587567
1202.779267
1203.366200
1204.085267
1204.153067
1205.447833
1205.479133
1205.517533
1206.484367
1206.599233
1207.027367
1207.833233
1207.865167
1208.432500
1208.692400
1208.772967
1209.072033
1209.573500
1209.710833
1209.717567
1209.923000
1210.164067
1210.417667
1210.467767
1210.833767
1211.030367
1211.076500
1211.254700
1211.708400
1211.792967
1211.892967
1212.939967
1213.011500
1213.373133
1213.519600
1213.539467
1214.174233
1214.295567
1214.765500
1215.043100
1215.546000
1215.609633
1216.395967
1216.628033
1216.831433
1217.153000
1217.339933
1217.370100
1217.458333
1217.893333
1218.041667
1218.287467
1218.603633
1218.738067
1218.781200
1218.844833
1219.065567
1219.189933
1219.489400
1219.661200
1220.055067
1220.485933
1220.894467
1220.987200
1221.022967
1221.409133
1221.427667
1221.838800
1221.901700
1222.601333
1222.660333
1222.770000
1224.022467
1224.487433
1225.045500
1225.219367
1225.648200
1226.566433
1226.847367
1227.046933
1227.724133
1228.068033
1228.224267
1229.248433
1229.723067
1229.745533
1229.917567
1230.118733
1230.575967
1230.764900
1230.855633
1231.263400
1231.378733
1231.572100
1231.764100
1231.929267
1231.997833
1232.024967
1232.063700
1232.176300
1232.275200
1232.547433
1232.866867
1233.026267
1233.070367
1233.291900
1233.412533
1233.585533
1233.649400
1234.347433
1235.229400
1236.449867
1236.477167
1236.677467
1236.745967
1236.875600
1237.003700
1237.134000
1237.366000
1237.388400
1237.438400
1237.552600
1237.578467
1237.822933
1238.093133
1238.680433
1238.777267
1238.785833
1238.822167
1238.883333
1239.053000
1239.070533
1239.379133
1240.127033
1240.271900
1240.722000
1240.816633
1240.881867
1240.995833
1241.309867
1241.339667
1241.861800
1242.736633
1242.917633
1242.988667
1243.735467
1243.927567
1244.002900
1244.016867
1244.243967
1244.382167
1245.049700
1245.320100
1246.017767
1246.305567
1246.617967
1247.743967
1247.896567
1248.115100
1248.216400
1248.347867
1248.388367
1248.714800
1249.174733
1249.553867
1250.858533
1251.107367
1251.274133
1251.421233
1251.889667
1252.387033
1252.491633
1253.565167
1253.829167
1253.973767
1254.024767
1254.072367
1254.404567
1254.457767
1254.588933
1254.868667
1255.190600
1255.253100
1255.628867
1256.335633
1256.400700
1256.498867
1256.671833
1256.731600
1256.754000
1256.960000
1257.384633
1257.395233
1258.301800
1258.851967
1259.223867
1260.018433
1260.228533
1260.824567
1261.487400
1261.723500
1262.056967
1262.200067
1262.910467
1262.993400
1263.981367
1264.115067
1264.467167
1264.664400
1265.038867
1265.224500
1265.273000
1265.535033
1265.831833
1265.931333
1266.016600
1266.433200
1266.830567
1266.841200
1266.910167
1267.376467
1268.018400
1269.128633
1269.622133
1269.753700
1270.581700
1270.589033
1271.100433
1271.206267
1271.545133
1272.059133
1273.033000
1273.098267
1274.018267
1274.355533
1274.492933
1274.553533
1274.620533
1274.807900
1275.093933
1275.688567
1275.713467
1275.774900
1276.019933
1276.050467
1276.107767
1276.460233
1276.477533
1276.765567
1276.785800
1276.825033
1277.072167
1277.222233
1277.618800
1277.634700
1278.167567
1278.272867
1278.433700
1278.738900
1279.286633
1279.408600
1279.462933
1279.848933
1279.952767
1280.051733
1280.249000
1280.860033
1281.326833
1281.360700
1281.786200
1282.292867
1283.211467
1283.553767
1284.048533
1284.337833
1284.362133
1284.664667
1284.905833
1285.791767
1285.832567
1285.938300
1286.226967
1286.695633
1286.942767
1287.035267
1287.093733
1287.812467
1288.010000
1289.013467
1289.107000
1289.443567
1289.517367
1289.642133
1289.715433
1289.831400
1289.997200
1290.029233
1290.613733
1290.624533
1290.770267
1291.461333
1291.586033
1291.807567
1292.784500
1293.406833
1294.353200
1294.538033
1294.926767
1295.009600
1295.722833
1296.607033
1296.632900
1297.245067
1297.403900
1298.137000
1298.389900
1298.705700
1299.893900
1299.967333
1300.118500
1300.171167
1300.282800
1300.295200
1300.361433
1300.440467
1300.946867
1301.015000
1301.354267
1301.536600
1301.578833
1302.019400
1302.125233
1302.629800
1302.779633
1302.892267
1303.210533
1303.419900
1303.519333
1303.799633
1303.945200
1304.090367
1304.469967
1304.987633
1305.267900
1305.348900
1305.358500
1305.400300
1305.417467
1305.992000
1306.099867
1306.166067
1306.272967
1306.778067
1306.828500
1306.911167
1306.992133
1307.024133
1307.128700
1307.208633
1307.484567
1307.586833
1308.267933
1308.272467
1308.471333
1308.693033
1309.014300
1309.163900
1309.283867
1309.329267
1309.419833
1309.500367
1310.224667
1310.629800
1310.914533
1311.248600
1312.156467
1312.293800
1312.332567
1312.621400
1313.127600
1313.161933
1313.228367
1313.315567
1313.368600
