0.223133
0.241167
0.310067
0.394700
0.443367
0.574833
0.580067
0.735100
0.826967
1.419933
1.451067
1.518533
1.806533
2.213133
2.396167
2.538667
2.583467
2.890367
3.430300
3.660700
3.731667
3.908733
4.095900
4.300500
4.330400
4.362533
4.447733
4.506233
4.548067
4.637700
4.729033
4.895933
4.929200
5.267200
5.330033
5.440767
5.516267
5.563633
5.582767
5.593833
5.623367
5.784000
5.822767
5.994967
6.035800
6.090967
6.116967
6.293533
6.557767
6.668133
6.744200
6.779933
6.827433
6.959600
7.093267
7.120967
7.403200
7.405500
7.451933
7.504833
8.035933
8.073300
8.185333
8.469633
8.957300
8.982200
9.688600
9.701633
9.821833
9.847467
9.862200
10.321300
10.612733
10.770400
10.856967
10.969233
11.056933
11.347433
11.422100
11.431400
11.582400
11.777133
11.831267
11.856633
11.924467
11.972533
12.145700
12.207300
12.390767
12.457833
12.484833
12.577867
12.865333
12.945033
13.150600
13.226300
13.244200
13.253600
13.265733
13.297333
13.313567
13.332333
13.388767
13.452733
13.692233
14.178767
14.257133
14.694767
14.816767
14.854800
14.904967
14.952600
14.992267
15.056833
15.165000
15.173067
15.274167
15.292267
15.352467
15.439367
15.484100
15.621767
15.739300
16.192133
16.294500
16.506267
16.676500
16.823300
16.996633
17.066300
17.179300
17.318567
17.520633
17.897367
17.954333
18.002833
18.022233
18.050167
18.149967
18.290700
18.421767
19.006833
19.094167
19.136700
19.191067
19.238867
19.300400
19.335500
19.379833
19.443367
19.681333
19.724733
19.756067
19.876000
19.957700
20.038733
20.056100
20.112367
20.147933
20.195767
20.455500
20.618767
20.763967
20.806667
20.829733
20.851100
20.871400
20.932033
20.979100
21.087067
21.121800
21.152033
21.239333
21.274400
21.294633
21.408167
21.525200
21.540533
21.552333
21.557867
21.638433
21.696267
21.752267
21.815367
22.036833
22.167767
22.176400
22.244667
22.306267
22.357933
22.438467
22.556800
22.856967
22.896467
23.043600
23.050233
23.198800
23.490467
23.609900
23.697867
23.932233
23.983400
24.057300
24.119533
24.286400
24.312300
24.414167
24.491700
24.551100
24.595500
24.845967
24.905267
24.908767
24.965200
25.021900
25.057367
25.073567
25.120167
25.134400
25.228700
25.361200
25.533800
25.578167
25.874433
25.958033
26.315533
26.472667
26.780500
26.932967
26.993933
27.184300
27.311967
27.342333
27.367133
27.386733
27.434400
27.621967
27.678467
27.795733
27.865700
28.825067
29.065267
29.213300
29.453433
29.931700
30.241967
30.363867
30.689367
30.965833
31.081433
31.151033
31.204800
31.231533
31.256300
31.584733
31.644133
32.747000
32.813467
32.903467
33.117067
33.118900
33.178900
33.192333
33.326933
33.727567
33.989767
34.325633
34.392633
34.871033
34.982567
35.097500
35.168200
35.278867
35.463133
35.481533
35.540433
35.572367
35.585333
35.658033
35.792967
35.811433
35.865333
36.065633
36.227633
36.284933
36.740367
37.277900
37.345667
37.355700
37.447533
37.546133
37.604267
38.004000
38.098167
38.119667
38.228200
38.342533
38.504533
38.745800
38.853867
39.207333
39.261700
39.282567
39.294300
39.353667
39.358433
39.716200
40.295433
40.871033
40.939833
40.971867
41.529033
41.690333
41.711167
41.900700
42.033633
42.229067
42.233533
42.274433
42.382500
42.677400
42.728967
42.739967
42.824067
43.205400
43.312400
43.398300
43.406833
43.434233
43.465200
43.826833
44.032767
44.110067
44.204100
44.262133
44.368567
44.374400
44.589967
44.651233
45.003867
45.393700
45.436700
45.623433
45.789533
45.841667
45.910400
46.182333
46.191867
47.441667
47.478933
47.502900
47.565733
47.701333
47.743133
47.773000
47.778300
47.858000
47.966900
48.039200
48.122600
48.229767
48.293467
48.366133
48.421867
48.434367
48.479567
48.547033
48.589633
48.621300
48.676900
48.697067
48.733600
48.814467
48.853067
48.938833
48.956333
49.027600
49.059667
49.121800
49.241267
49.301300
49.328800
49.440033
49.472033
49.515933
49.588533
49.675433
49.728967
49.804967
49.894800
50.089400
50.137433
50.241800
50.252467
50.287033
50.331833
50.635567
50.673167
50.705833
50.864933
50.922933
50.939533
50.955933
51.018700
51.027367
51.109033
51.126400
51.133567
51.196967
51.264300
51.410867
51.443100
51.449400
51.650067
51.747667
51.780633
51.826767
51.911600
51.917433
52.097133
52.103333
52.437700
52.537533
52.583967
52.623867
52.675533
52.732000
52.799100
52.864867
52.935767
52.970700
53.144133
53.570700
53.575033
53.642000
53.793533
53.895433
54.000367
54.162933
54.172600
54.472900
54.648000
54.719133
55.067433
55.100033
55.308133
55.589400
55.932700
55.993167
56.194500
56.444000
56.827233
57.158600
57.170100
57.232267
57.298100
57.575333
58.352033
58.482900
58.518500
59.112533
59.635100
59.711733
59.749800
59.758733
59.829467
59.907767
59.955767
59.967033
59.996533
60.119367
60.126900
60.152000
60.186933
60.200633
60.320533
60.351900
60.406467
60.431067
60.440233
60.461833
60.472400
60.503633
60.538133
60.548767
60.564667
60.632867
60.704467
60.810467
60.864733
60.880433
60.890933
60.991733
61.022167
61.053867
61.057567
61.071233
61.075667
61.141867
61.477267
61.674533
61.677367
61.764033
61.775767
61.825633
61.833000
62.063967
62.152800
62.261433
62.414467
62.423433
62.444267
62.554100
62.666633
62.716967
62.793067
62.911033
63.067000
63.175700
63.282267
63.333667
63.479000
63.586467
63.596100
63.735967
63.866633
64.285133
64.405500
64.416000
64.431567
64.580300
64.585667
65.057500
65.092433
65.101400
65.123467
65.250533
65.478033
65.572033
65.801767
65.876300
65.881033
65.890933
65.943033
65.985400
66.001200
66.003167
66.008067
66.072300
66.126867
66.137267
66.178033
66.196633
66.202667
66.205133
66.234833
66.258267
66.641533
67.050733
67.069900
67.093233
67.121200
67.136100
67.527600
67.606067
67.781233
67.791633
67.813700
67.935400
67.956433
68.212733
68.240833
68.369400
68.443733
68.635267
68.841567
68.949600
69.041300
69.281233
69.683967
69.772600
70.044933
70.095133
70.155633
70.188467
70.222533
70.258633
70.335367
70.528000
70.540367
70.639567
70.677300
70.705433
70.782000
70.828800
70.885400
71.036200
71.294067
71.541967
72.616767
72.678667
72.723933
72.780433
72.842167
72.945100
73.034933
73.138833
73.309833
73.369067
73.475400
73.494767
73.613933
73.676233
73.731167
73.749167
73.784800
73.852200
73.903733
73.970300
74.017733
74.094900
74.154567
74.187667
74.194200
74.195967
74.225800
74.287433
74.331533
74.579900
74.738967
75.073833
75.120467
75.149200
75.221200
75.356600
75.416900
75.455467
75.468400
75.586700
75.635500
75.718567
75.771533
75.809233
75.830733
76.023867
76.123900
76.136233
76.273233
76.442567
77.618133
77.953000
78.079400
78.118567
78.247600
78.260467
78.298000
78.431167
78.675733
78.751600
78.832333
79.409133
79.833933
80.140033
80.653033
80.719167
80.764100
80.843933
80.859867
80.982400
81.427200
81.564300
81.666333
81.669500
81.708933
81.749000
81.887533
81.968733
82.144267
82.702200
83.104633
83.260267
83.368233
83.400500
83.471067
83.482333
83.521967
83.580100
83.583533
83.706433
83.926600
84.337000
84.437067
84.592367
85.404333
85.536600
85.577933
85.609467
85.619467
85.696100
85.941433
85.961400
85.967233
85.975200
85.980233
85.992933
86.050000
86.123433
86.279733
86.349033
86.393800
86.398633
86.610233
86.802400
87.133933
87.191000
87.561700
87.752700
87.768933
87.935133
88.078800
88.104100
88.126600
88.186333
88.258900
88.696900
88.763567
88.858100
88.968000
89.059400
89.113200
89.184700
89.242433
89.407733
89.482067
89.538400
89.559267
89.613367
89.810800
90.004333
90.044933
90.049633
90.090100
90.104600
90.183333
90.218333
90.573633
90.821733
91.011933
91.173300
91.401267
92.234833
92.313033
92.413233
92.443767
92.491133
92.508533
92.577900
92.747400
92.751933
92.824100
92.887500
93.050633
93.078133
93.231600
93.271367
93.386700
93.410500
93.597400
93.655900
93.724733
93.988600
94.016700
94.216000
94.331100
94.362233
94.449967
94.475500
94.905700
95.113267
95.379067
95.481433
95.496467
95.572200
95.721233
95.921033
96.141267
96.239100
96.247433
96.327067
96.377667
96.471000
96.723633
96.829800
96.843767
96.876967
96.966767
97.020133
97.045200
97.089167
97.255900
97.259333
98.155700
98.161033
98.468900
98.924233
98.958367
98.996667
99.022200
99.100200
99.565333
99.590933
99.633133
99.746400
99.811867
99.926933
99.984533
100.080000
100.162033
100.336500
100.619933
100.880100
100.963500
100.966633
101.009300
101.066900
101.103033
101.175000
101.211200
101.230000
101.261167
101.276700
101.313300
101.327000
101.360300
101.448167
101.557567
101.612267
101.792967
101.866500
102.058233
102.154700
102.271633
102.378533
102.491867
102.817600
103.107800
103.132467
103.174333
103.242733
103.283467
103.296400
103.309333
103.369400
103.394867
103.493133
103.570100
103.604133
104.001733
104.126267
104.262100
104.372400
104.513700
104.548667
104.578833
104.587533
104.633767
104.877033
105.036700
105.184733
105.218767
105.245433
105.296933
105.463867
105.578333
105.878367
106.010233
106.535300
106.612700
106.692033
106.699533
106.718267
106.778767
106.834400
106.887800
106.895833
106.902933
106.987833
107.013967
107.091967
107.125233
107.203800
107.226667
107.233567
107.266367
107.369733
107.403100
107.420500
107.497567
107.639200
107.823200
107.839933
107.881667
107.981600
108.051233
108.107700
108.243367
108.350333
108.405500
108.449467
108.589833
108.913000
108.924533
109.424733
109.633633
110.037967
110.110467
110.117333
110.188533
110.578133
110.775933
110.849667
111.059467
111.239867
111.503433
111.580933
111.602733
111.608900
111.670700
111.768833
112.238800
113.094333
113.221567
113.277200
113.432333
113.496333
113.553500
113.603600
113.613133
113.642067
113.776667
113.902033
113.979433
114.014067
114.037033
114.049867
114.097267
114.122667
114.171967
114.398567
114.470200
114.490833
114.526233
114.560167
114.673667
114.675500
114.692167
114.712167
114.909767
114.994300
115.062900
115.120700
115.137867
115.485500
115.611433
115.832333
115.874267
116.033967
116.230533
116.326567
116.377767
116.412600
116.482433
116.629733
116.716500
116.828667
117.282767
117.341533
117.359100
117.393633
117.504833
117.677267
117.762767
117.921133
118.193000
118.251900
118.273767
118.435133
118.624167
118.664100
118.757200
118.949733
119.025467
119.251467
119.301833
119.345733
119.386700
119.610600
119.662133
120.168767
120.409367
120.554600
120.564967
121.060133
121.131500
121.241700
121.554500
121.575033
121.626833
121.720233
121.797300
123.277800
123.295667
123.374567
123.733067
123.896467
123.937133
123.964000
124.053767
124.480067
124.781067
124.858200
125.318367
126.538400
126.923300
127.069733
127.727700
127.778900
127.855467
128.243633
128.357467
128.528133
128.679867
128.699433
128.727600
128.877767
128.941200
128.981900
129.173567
129.281067
129.367400
129.494333
129.570167
129.606533
129.637300
129.879167
130.134800
130.311767
130.667867
130.716333
130.929633
131.110733
131.907500
131.925900
132.397733
132.758667
133.219300
133.319800
133.368400
133.522867
133.690000
134.024000
134.400100
134.849800
135.171533
135.201167
136.102700
136.254833
136.577067
136.711200
136.983133
137.053767
137.221300
137.226167
138.263267
138.693700
138.888667
139.324300
140.028333
140.081900
140.142267
140.444467
140.479400
141.162533
141.166733
141.232767
141.307467
141.372367
141.672633
141.741833
141.823667
141.892000
142.061100
142.179667
142.314633
142.795067
142.847100
142.950033
144.119767
144.988200
145.013100
145.547500
145.591067
146.001800
146.052900
146.123733
146.174867
146.393200
146.577200
146.614933
147.216933
147.485633
147.525667
147.543100
148.286900
148.545867
148.641200
148.645467
148.733833
148.760733
148.899900
149.271800
149.432200
149.501867
149.602967
149.624433
149.640700
149.709033
150.065233
150.142867
150.165633
150.354100
150.423633
150.647233
150.687200
150.743733
150.792967
150.846500
150.962933
151.103267
151.185100
151.237833
151.729300
151.769867
151.774533
151.832900
151.904333
151.940767
151.983467
151.999267
152.028333
152.031600
152.098567
152.120567
152.151500
152.204867
152.217333
152.223000
152.264267
152.363767
152.383033
152.412933
152.427267
152.526100
152.537867
152.569467
152.619667
152.652967
152.694367
153.136167
153.173167
153.324000
153.528967
153.588600
153.600900
153.603667
153.608333
153.654333
153.693467
154.003167
154.312000
154.379333
154.451867
154.648133
154.805433
154.969067
155.060000
155.397200
155.471467
155.652833
155.740433
155.832200
155.967100
156.027033
156.091567
156.232467
156.345200
156.440567
156.478833
156.611767
156.710700
156.766500
156.983800
156.995667
157.026233
157.187467
157.419833
157.600467
157.638500
157.669200
157.678867
157.754033
157.775667
157.824267
157.834200
157.977900
158.380567
158.442167
158.650867
158.893733
159.541100
160.011800
160.063033
160.111533
160.150667
160.372933
160.690933
160.696267
160.781633
160.819500
160.848200
160.876367
160.899833
161.077133
161.457067
161.542800
161.661633
162.091033
162.125467
162.160767
162.416533
162.449433
162.838233
162.849233
162.911200
162.998800
163.095500
163.776767
163.822433
163.891500
163.922567
164.122700
164.730133
164.833267
164.897367
164.906233
164.956467
165.022800
165.085933
165.213133
165.520200
165.604033
165.659133
165.688633
165.727167
165.783833
165.805233
165.817167
165.837767
165.842200
166.048933
166.148500
166.648033
166.651567
166.720867
166.799800
166.816533
166.847900
166.907433
167.008300
167.148400
167.156567
167.182233
167.298633
167.382467
167.422167
167.725033
167.800333
168.734767
168.869300
169.181267
169.249900
169.363633
169.384467
169.424633
169.489400
169.606467
169.684167
170.014600
170.080033
170.195067
170.243733
170.297333
170.416500
170.470100
170.876400
171.040700
171.105767
171.147167
171.302800
171.941633
172.014367
172.059133
172.125933
172.204233
172.429867
172.510267
172.584100
172.596033
172.798000
172.888600
172.961767
173.258433
173.328433
173.400000
173.473200
173.692933
173.752400
173.964967
174.067267
174.253600
174.339700
174.428100
174.447600
174.457067
174.516533
174.562433
174.697833
174.789133
174.909933
175.030500
175.129900
175.233233
175.457033
175.516033
175.595000
175.639500
175.691800
175.866133
175.983900
176.033967
176.440533
176.765567
177.064800
177.073733
177.157933
177.262933
177.505233
177.557800
177.621667
177.649500
177.663500
177.705633
177.831533
177.834000
177.896900
177.961633
177.997067
178.245200
178.260533
178.290467
178.341967
178.356333
178.387100
178.449567
178.471900
178.601133
178.679100
178.827900
178.911100
178.952967
178.975400
179.231467
179.340833
180.066200
180.125167
180.134767
180.318133
180.407767
180.881000
180.961533
181.061000
181.082533
181.145067
181.188133
181.285300
181.433600
181.480967
181.686167
181.748000
181.770733
181.935767
182.102300
182.234167
182.299400
182.363100
182.381000
182.448400
182.471400
183.291233
183.356867
183.948567
184.057167
184.257467
184.347800
184.742567
184.818500
185.603233
185.671733
185.902967
186.014033
186.162033
187.003133
187.014767
187.039100
187.053500
187.089200
187.111233
187.164833
187.181667
187.186233
187.191267
187.238067
187.261233
187.263967
187.271467
187.276500
187.290433
187.501133
187.505633
187.550133
187.664333
187.851633
188.058100
188.135600
188.366100
188.605333
189.391567
189.657100
189.839967
189.907967
190.244800
190.258267
190.320100
190.347433
190.423133
190.461033
190.726767
190.915300
191.107933
191.217767
191.385667
191.566500
191.662667
191.784100
191.828167
191.932033
191.979967
192.105833
192.294033
192.354600
192.456100
192.503233
192.582833
192.652867
192.763400
192.840433
192.943633
193.136067
193.337667
193.844833
194.018133
194.808133
194.931633
194.938133
195.017300
195.084267
195.208533
195.261300
195.295100
195.365067
195.577800
195.807100
196.593667
196.835200
197.107200
197.153767
197.268467
197.336067
197.354800
197.452400
197.515867
197.527967
197.534300
197.541567
197.549933
197.630067
197.678433
197.947267
198.244667
198.772167
199.223267
199.300533
199.486900
199.635600
199.683900
199.735400
199.812700
199.881800
200.237500
200.354833
200.396367
200.443400
200.807967
200.852300
200.996200
201.279100
201.465667
201.469267
201.570400
201.700833
202.564833
202.594467
202.611167
202.649400
202.669000
202.701300
202.911733
203.028067
203.038200
203.375733
203.403500
203.516767
203.969433
204.021167
204.165800
204.967833
205.231000
205.232733
205.249067
205.392467
205.471167
205.508467
205.528233
205.611733
205.661867
205.664133
206.398167
206.600000
206.844033
206.914633
206.986933
207.049933
207.088467
207.094633
207.231167
207.270867
207.294100
207.355400
207.506067
207.509967
207.600967
207.673100
207.795100
207.848800
207.939633
207.981033
208.171700
208.188467
208.327600
208.389067
208.445400
208.505900
208.723733
208.956400
209.067667
209.266200
209.298500
209.343800
209.359367
209.403633
209.427000
209.500467
209.533467
209.926067
209.956367
210.039433
210.111500
210.157767
210.308233
210.650433
210.951633
211.606800
211.719667
211.737367
211.826933
211.847567
211.860767
211.897567
211.916833
211.953467
212.018500
212.041467
212.264333
212.740967
212.800000
212.830333
212.883667
213.186700
213.190400
213.251633
213.651100
213.861100
214.388267
214.822167
214.981667
215.067000
215.299900
215.467067
215.782000
215.840533
216.042067
216.211933
216.289867
216.450833
216.515967
216.770567
216.996500
217.264100
217.468367
217.804067
217.854967
217.976267
218.325733
218.375900
218.381033
218.479633
218.838433
218.950500
219.039067
219.376867
219.402500
219.456933
219.533300
219.585100
219.618633
219.646800
219.674300
219.681533
219.716367
219.753167
219.763000
219.774167
219.798500
219.804733
220.031700
220.085000
220.095067
220.224067
220.500633
220.512933
221.232533
221.728533
221.925533
222.168367
223.079333
223.502967
224.111900
224.722567
224.911233
224.991933
225.081500
225.347733
225.786467
225.825200
225.851000
225.870400
225.910133
225.931967
225.937767
226.329867
226.479100
226.776067
226.805267
226.844800
226.886800
226.922133
226.979667
227.024533
227.179733
227.314400
227.885100
227.966233
228.056933
228.063367
228.142233
228.148833
228.200267
228.333000
228.336600
228.393533
228.408533
228.427600
228.435500
228.496300
228.681967
228.950767
229.056100
229.265100
229.415633
229.452733
230.237867
230.251733
230.255567
230.319833
230.373867
230.441633
230.861667
231.055867
231.282733
231.341067
231.375967
231.387200
231.504233
231.528833
231.915867
232.066767
232.151033
232.177433
232.316300
232.529700
232.914033
232.991233
233.080867
233.241333
233.299467
233.372533
233.414833
233.460733
233.639600
233.679333
233.856900
234.231167
234.796400
236.012333
236.294467
236.812433
237.068333
237.176467
237.324100
237.434367
237.476200
237.539867
237.596467
237.614833
237.622833
237.745367
237.855733
237.890233
238.017900
238.050600
238.075500
238.130000
238.491733
238.505767
238.560933
238.644633
238.829133
241.561833
241.572867
241.612000
241.702367
241.791800
242.049133
242.067333
242.152667
243.018933
243.271667
243.279533
243.603800
243.673000
243.925367
243.967800
244.133300
244.254733
244.366233
244.420467
244.529900
244.597300
244.683700
245.105000
245.457933
245.506533
245.528900
245.539200
245.652267
245.658200
245.693567
245.757400
245.896333
245.953867
245.991767
246.034700
246.081600
246.178733
246.539267
246.746267
246.922100
246.999200
247.295267
247.351367
247.638267
247.977200
248.189900
248.270567
248.607100
248.638300
248.770967
248.855500
249.070833
249.419633
249.452167
249.532900
249.620100
249.639400
249.777700
250.545733
250.829133
251.251700
251.480600
251.809967
251.842667
251.907600
251.926333
251.993567
252.269400
252.280933
252.323600
252.635533
252.680433
252.838633
252.899900
253.004867
253.066500
253.422033
253.934467
254.052733
254.065933
254.287533
254.328867
254.539067
254.628200
254.840067
255.352300
255.412433
255.420700
255.480033
255.500533
255.511200
255.519200
255.558933
255.581500
255.724467
255.783233
256.422533
256.626000
256.638500
256.883100
256.972433
257.002967
257.023467
257.070167
257.185333
257.296367
257.463667
257.618233
258.277867
258.599233
258.991633
259.206367
259.460767
259.714300
259.980600
260.032867
260.185233
260.265500
260.338233
260.428567
261.142500
261.196567
261.268500
261.666300
261.741167
261.799900
261.929233
261.989633
262.033600
262.111900
262.167167
262.284133
262.342433
262.352067
262.392733
262.500133
262.812733
262.862933
262.945500
263.221267
263.288867
263.356333
263.361300
263.451200
263.638267
263.668200
263.858233
263.930833
264.091933
264.511600
264.557267
264.597567
264.794233
264.848067
264.905200
264.971900
265.056500
265.103133
265.211767
265.257033
265.315567
265.334567
265.498200
266.364833
266.446967
266.891967
266.955400
266.979633
267.267767
268.264800
268.539133
268.640400
268.726833
268.731667
269.229667
269.397267
269.991167
270.535033
270.572400
270.582167
270.645900
270.654900
270.715933
270.763500
270.786733
270.871433
270.915767
270.964500
270.969033
271.211200
271.365000
272.078167
272.199900
272.366667
272.452367
272.745200
272.802033
272.851633
272.893767
273.004433
273.096400
273.314400
273.401933
273.619233
273.820367
275.167300
275.468133
275.653967
275.680833
275.726267
275.782933
275.789033
275.818033
275.850400
275.856567
275.865000
275.869667
275.908833
275.949000
275.958333
276.042900
276.056433
276.059133
276.165100
276.173667
276.225600
276.271033
276.378700
276.446000
276.628133
276.644367
276.691700
276.835333
276.933333
276.968967
276.989967
277.035767
277.061067
277.102867
277.123233
277.162767
277.262700
277.275800
277.353167
277.388100
277.417033
277.507567
277.552433
277.559367
277.596233
277.659267
277.709933
277.793200
277.809567
277.838633
277.843100
277.943667
277.946100
278.024333
278.140767
278.199967
278.240700
278.275800
278.558767
278.671300
278.756167
278.764633
278.848167
278.872900
279.422233
279.477967
279.513267
279.793400
280.202133
280.314300
280.351967
280.449067
280.469833
280.525733
280.851600
281.138933
281.567700
281.607867
281.693967
281.991700
282.024733
282.065400
282.221800
282.549433
282.615433
283.320200
283.399800
283.459267
283.529600
283.566967
283.671767
283.744667
283.963667
284.412333
284.478333
284.506100
284.608233
284.620700
284.703267
284.813833
284.872233
284.910233
284.967133
285.075167
285.157367
285.201700
285.247400
285.305733
285.384933
285.406933
285.427500
285.529067
285.684933
285.754067
287.221167
287.434233
287.610600
288.149000
288.513867
288.682500
288.753400
288.973933
289.051800
289.143267
289.192200
289.740700
290.046867
290.521233
290.598133
290.600533
290.916533
291.282033
291.444333
291.565733
292.232533
292.366867
292.430867
292.494133
292.506867
292.545800
292.617100
293.007400
293.105333
293.206167
293.244833
293.361000
293.701933
294.210067
294.352500
294.457033
294.462033
294.559500
295.091400
295.114000
295.304167
295.511733
295.792567
295.860000
295.904867
296.019700
296.679700
297.053833
297.455433
297.732633
297.764133
298.122100
298.195433
298.283067
298.302867
298.547433
298.641733
298.671333
298.716200
298.812267
298.861067
298.870333
298.954233
299.009267
299.013133
299.134600
299.221933
299.351833
299.389200
299.463433
299.482067
299.789000
299.847033
299.937067
300.036067
300.210333
300.364800
300.430367
300.608533
300.615700
300.664267
300.722833
300.787167
300.880200
300.920033
300.964467
301.061900
301.142567
301.483067
301.527767
301.572300
301.598467
301.669533
301.671367
301.924433
301.968200
302.023367
302.307233
302.415200
302.457833
302.572467
302.676367
302.722900
302.828500
302.884967
303.059567
303.178733
303.370633
303.429000
303.523633
303.829067
303.933400
304.074367
304.201900
304.256000
305.175967
305.398867
305.715700
305.739067
305.797233
305.858167
306.038100
306.153433
306.221600
306.333800
306.476100
306.630433
306.696667
306.745033
306.803967
307.362867
307.637600
307.924767
308.170333
308.825367
308.862600
308.972967
308.977900
309.051100
309.077500
309.082367
309.176400
309.244767
309.412333
309.422800
309.491967
309.573400
309.641900
309.827867
310.409900
310.808500
311.722700
312.247200
312.338300
313.679600
314.439800
314.506433
314.950800
315.163067
315.316800
315.809700
315.930800
316.082600
316.163300
316.480300
316.683767
316.688900
316.769100
317.149200
317.226733
317.425633
317.715333
317.767700
317.817500
317.887667
317.904567
317.924700
317.987300
318.092500
318.324233
318.409700
318.594167
318.772667
319.043367
319.255533
319.407700
319.526000
320.114667
320.246233
320.300367
320.378267
320.590567
321.179100
321.303400
321.391200
321.604133
321.696300
321.895333
322.168600
322.230433
322.551533
322.633567
323.239433
323.377467
323.745967
323.797367
324.065133
324.361600
324.491033
325.290867
325.575733
325.670267
325.704933
325.883600
325.949033
325.963967
325.972800
326.073233
326.126100
326.438367
326.684033
327.001700
327.034267
327.206200
327.287000
327.345000
327.406967
327.483633
327.494633
327.524300
327.674933
327.690067
327.836567
327.926100
327.952100
327.956467
328.044133
328.049833
328.131700
328.329700
328.383400
328.531433
328.542500
328.605333
328.618467
328.632433
328.843267
328.851900
328.923433
328.946267
328.994000
329.026867
329.299533
329.307200
329.557567
329.586767
330.186233
330.387033
330.658500
330.721100
330.795000
331.162233
331.283900
331.378533
331.619567
331.792000
331.865033
332.226500
333.593300
333.692500
333.846800
334.468933
334.708200
334.805633
335.625100
335.876533
335.882200
335.974600
336.031033
336.033900
336.036867
336.497667
336.863467
336.945567
337.026467
337.535967
337.762967
338.035033
338.070833
338.217467
338.571067
338.600733
338.890000
339.263700
339.293867
339.345000
339.586100
339.855333
339.908533
339.975400
340.001867
340.006000
340.037333
340.044200
340.085533
340.134500
340.138300
340.179433
340.205867
340.215467
340.302633
340.345433
340.425000
340.789433
340.844267
340.861733
340.899000
340.912433
341.043633
341.053700
341.078400
341.096867
341.102933
341.110567
341.434267
341.435967
341.745333
341.897333
341.923467
342.122167
342.278767
342.318233
342.393767
342.430167
342.516367
342.545233
342.631267
342.721100
342.723567
342.773767
342.831267
343.061433
343.157400
343.244167
343.277233
343.377533
343.627900
343.911433
343.958000
344.085700
344.419367
344.542967
344.581533
344.668200
344.771800
344.781333
344.788933
344.897533
345.112867
345.351767
345.432133
345.502267
345.674967
346.018500
346.514567
346.633167
346.974467
347.770700
347.912167
348.547033
348.929933
349.565900
349.759433
350.057167
350.129000
350.183933
351.124067
351.803467
351.973700
352.006200
352.211300
352.313033
352.658867
352.703767
353.016867
353.257400
353.359700
353.462300
353.711367
354.172833
354.848433
354.871300
354.876033
354.943000
354.962000
355.781067
356.947600
357.179433
357.294600
357.978000
358.497100
358.834167
359.616900
359.658133
359.799833
360.091567
360.544167
360.689533
360.709233
360.763867
360.846267
361.036900
361.640133
361.947533
362.156833
362.817167
362.900833
362.950100
363.005233
363.110933
363.226100
363.474000
363.485633
363.503333
363.518233
363.613367
363.873033
364.598500
365.001133
365.105300
365.112600
365.358033
366.677433
366.682967
366.836067
366.946933
367.058533
367.069433
367.073167
367.191367
367.308267
367.643600
367.806933
367.887100
367.995667
368.128800
368.197533
368.376300
368.760333
369.099867
369.181867
369.229567
369.302867
369.494433
369.667533
369.672100
369.716967
369.750433
369.784400
369.876767
370.041167
370.045500
370.185733
370.203033
370.299200
370.468733
370.483433
370.984067
371.063533
371.145633
371.225667
371.315600
371.465000
371.546100
371.741167
371.840367
371.912667
371.935900
371.979633
372.960900
373.029467
373.052500
373.063400
373.091233
373.109800
373.124700
373.220300
373.866000
373.875200
373.923733
373.958733
374.059900
374.095433
374.137433
374.162667
374.225867
374.373367
374.995967
375.324333
375.331500
375.411300
375.448633
375.856100
375.897533
375.967300
376.217533
376.740400
376.812900
376.928400
377.564467
377.675100
377.978067
378.042767
378.081600
378.131533
378.162067
378.511900
379.837800
379.899200
379.907733
380.038167
380.113867
381.784967
381.851900
381.961367
382.037800
382.065067
382.088233
382.096400
382.216867
382.228600
382.397433
382.408700
382.507700
382.553800
382.601567
382.877600
382.979133
383.353400
383.893500
384.190367
384.256233
384.522767
384.537300
384.629200
385.890233
386.473533
386.757033
386.887567
386.995333
387.246367
387.481500
387.547000
387.612033
387.721133
387.888067
388.298667
388.382333
388.456933
388.495833
388.515867
388.654533
388.989100
389.354533
389.626067
389.845333
390.998533
392.207200
392.301467
392.312367
392.562033
393.125767
393.247467
393.417600
393.451500
393.755700
393.823467
393.973600
394.104033
394.169467
394.241400
394.593667
395.010233
395.050233
395.080433
395.296367
395.586433
395.693900
395.775500
395.957333
396.249433
397.071667
397.139167
397.248400
397.584700
397.630533
398.179300
398.371100
398.455100
398.512133
398.521133
398.565633
398.576367
398.578300
398.604533
398.730800
398.949200
399.020067
399.074300
399.115967
399.157967
399.231500
399.308333
399.437000
399.482467
399.484567
399.489233
399.546300
399.563700
399.597433
399.630600
399.805233
399.824167
399.963300
400.048200
400.086700
400.113533
400.189367
400.293467
400.383667
400.430000
400.432133
400.434900
400.505167
400.511133
400.615167
400.719500
400.767067
400.796467
401.269000
401.315600
401.449967
401.510533
401.531300
401.682533
401.772700
401.834767
401.877333
401.922000
402.212233
402.679567
402.722233
402.858467
402.878233
402.926533
403.005733
403.051733
403.074033
403.369600
403.526767
403.665500
403.789567
403.848933
403.973267
404.032167
404.288867
404.313300
404.709133
404.800800
405.417733
405.803667
405.899533
406.095467
406.208700
406.349300
406.531000
406.571367
406.601300
406.866667
406.945533
406.976833
407.043767
407.150567
407.319700
407.365267
407.407633
407.469800
407.501367
407.818700
408.156000
408.602067
408.756700
408.824567
408.906900
409.240167
409.610400
410.404767
410.448333
411.061700
411.103933
411.189500
411.207600
411.305900
411.348700
411.407633
411.453200
411.923667
411.965467
412.071067
412.205533
412.401300
412.787333
412.819600
413.118100
413.263967
414.029067
414.345967
414.350700
414.374767
414.389867
414.421133
414.454633
414.465500
414.472467
414.510500
414.976600
415.094333
415.856933
415.895600
416.314033
416.436600
416.480900
416.617500
416.691100
416.759067
416.794367
416.935400
417.124767
417.127667
417.197933
417.224600
417.265700
417.332533
417.383800
417.454600
417.482367
417.558233
417.573567
417.694100
417.848000
417.883800
417.941667
417.980533
418.076767
418.135433
418.162267
418.195800
418.207400
418.264400
418.280033
418.282367
418.311667
418.317833
418.424833
418.455133
418.899667
419.222533
419.253567
419.475967
419.511100
419.572367
419.628567
419.716367
419.727467
419.829467
419.986733
420.074367
420.188100
420.353433
420.414200
420.451167
420.613633
420.749633
420.854167
420.887133
420.918267
420.988800
420.994067
421.056800
421.137267
421.178400
421.257167
421.314467
421.423867
421.680900
421.857567
421.896967
421.926233
421.947567
422.065100
422.147200
422.288067
422.294167
422.340167
422.402467
422.514733
422.519567
422.590033
422.594467
422.673133
422.717900
422.724267
422.801800
422.847467
422.875267
422.973733
423.063867
423.091767
423.095100
423.177667
423.293100
423.307100
423.402333
423.479800
423.709333
423.806867
423.817467
423.862300
423.952433
424.201300
424.480400
424.559200
425.104833
425.149767
425.158533
425.274300
426.011633
426.664467
426.743033
426.816000
427.020667
427.043567
427.052600
427.062000
427.078700
427.088133
427.115200
427.121533
427.144433
427.162433
427.207067
427.413667
427.531533
427.584300
427.602233
427.666967
427.702000
427.758767
427.886867
427.970167
427.991667
428.248467
428.488567
428.613900
428.774233
428.886800
428.970433
428.994533
429.606533
429.729500
430.183900
430.529400
430.715533
430.849800
431.145833
431.209500
431.365233
431.455767
431.498233
431.582600
431.887167
432.536900
432.688733
432.705633
433.466200
433.555767
433.718733
434.896767
435.637567
435.694333
435.719633
435.790000
436.079933
436.519833
437.166733
437.379133
437.562800
437.632400
438.014600
438.126033
438.239900
438.599567
438.709033
438.786400
438.812700
438.886300
438.899967
438.953000
439.081867
439.214200
440.231467
440.521367
440.572133
440.644233
441.067733
441.210500
441.333367
442.240267
442.478800
442.526833
442.572633
442.612033
442.627933
443.875967
443.908800
444.858833
444.983767
445.239867
445.718800
445.882200
446.028400
446.165300
446.553567
446.586900
446.650133
446.662567
446.699400
446.724467
446.745233
446.750367
446.765167
446.773100
446.792233
446.897033
446.933900
447.027233
447.042400
447.076733
447.079333
447.148533
447.243500
447.271200
447.286767
447.307100
447.327833
447.331933
447.421133
447.433533
447.447033
447.481867
447.737167
447.824867
447.945200
447.958033
448.047400
448.109967
448.173933
448.220367
448.281567
448.504300
448.674233
449.156367
449.196333
449.240267
449.261767
449.302567
449.368333
449.410333
449.469867
450.235233
450.376633
450.652400
450.664900
450.736567
450.862967
452.037167
452.134933
452.238200
452.342567
452.519867
453.276033
453.369033
454.318067
454.330200
454.550333
454.703133
455.170600
455.535833
456.013967
456.139433
456.208000
456.229433
456.478033
456.564867
456.623900
456.673267
456.719600
456.758567
456.878600
456.881733
456.935967
456.943733
456.964867
456.989467
457.309300
457.491600
457.820433
457.937100
457.954900
457.990233
458.042267
458.074500
458.079867
458.093133
458.117300
458.122767
458.194900
458.207233
458.389000
458.623600
458.814467
459.019400
459.431500
459.969267
459.997700
460.038667
460.052200
460.288933
460.341433
460.460600
460.489967
460.645867
460.677400
460.707700
461.084133
461.272533
461.811967
461.896467
462.080667
462.258633
462.327300
462.508100
462.947567
463.146467
463.224300
463.337267
463.435933
463.810900
463.866167
464.027700
464.064733
464.392367
465.291633
466.191267
466.357733
466.409833
466.679467
466.889067
467.157633
467.159900
467.171667
467.183000
467.255833
467.265933
467.413700
467.447633
467.613400
467.812033
468.241633
468.300700
468.314067
468.471800
468.734633
468.915133
468.937333
468.980867
469.507100
469.672833
470.324767
470.731133
471.677300
471.727433
472.352100
472.394867
472.541667
472.561600
472.846000
473.003633
473.044767
473.109967
473.194300
473.597367
474.947367
474.964300
474.993600
475.224867
475.306833
475.541533
475.585600
475.589467
476.099767
476.237567
476.360433
476.809067
476.983233
477.054300
477.117500
477.248700
478.167100
478.189333
478.218867
478.238267
478.291467
478.669433
478.814667
479.080500
479.215167
479.740033
480.109800
480.434533
480.539567
480.550633
480.700867
481.207867
481.253167
481.666600
481.914833
482.089900
482.109567
482.151500
482.262167
482.395267
482.419800
482.905800
483.322333
483.390833
483.395200
483.461133
483.791800
484.085233
484.105700
484.108333
484.126833
484.261233
484.310033
484.361333
484.522533
484.583000
484.672133
484.674967
484.707500
485.268667
485.589700
485.721467
485.811800
486.220333
486.437367
486.782733
486.998767
487.227233
487.623500
487.875500
488.080500
488.785833
489.350733
489.438033
489.450567
489.468467
489.492967
489.506300
489.530033
489.606033
489.688067
489.828967
489.961967
490.013433
490.118733
490.230133
490.362467
490.686200
491.508133
491.666900
491.859567
491.988400
492.098700
492.317233
492.364767
492.439733
492.498833
492.770300
493.144433
493.743833
494.145933
494.236300
494.306467
494.309900
494.313867
494.447133
494.976867
495.034700
495.047367
495.140133
495.152233
495.233600
495.391933
495.898400
496.188067
496.222900
496.255567
496.676167
496.685167
496.726733
496.774400
496.832833
497.262133
497.275500
497.381400
497.391500
497.431967
497.510600
497.677733
497.972233
498.119667
498.615000
499.317600
499.415033
499.465200
499.921167
499.989467
500.082667
500.252200
500.450167
500.518033
500.579167
500.752033
500.817400
501.260900
501.472667
501.515100
501.724100
501.799733
501.857733
502.361433
502.405200
502.475367
502.480033
502.552600
502.599600
502.807167
502.928767
503.391267
503.534033
503.721533
504.511767
504.549133
504.574700
504.633500
504.664200
504.673367
504.773933
504.988033
505.027833
505.529867
505.844933
506.409633
506.498633
507.009667
507.056600
507.089867
507.114133
507.154167
507.180000
507.453233
508.350967
508.423567
508.584800
510.240833
511.641033
511.692300
511.748800
511.755033
511.837200
511.857233
511.885233
511.928933
512.132667
512.449567
512.500267
512.593967
512.699900
512.835033
512.877500
512.919433
513.242367
513.367700
513.870833
514.123433
514.285633
514.466300
514.617700
514.635933
514.698833
515.343967
515.355133
515.414333
515.422200
515.494467
515.548300
515.626433
515.696967
515.705967
516.144433
516.277467
516.284333
516.291133
516.434667
516.467633
516.574867
516.644467
516.647200
516.672033
516.694600
516.751633
516.755067
516.785000
516.786667
516.835600
516.942967
516.957700
516.994433
517.005900
517.353300
517.386167
517.453167
517.490467
517.501567
517.544367
517.568867
517.603233
517.681467
517.684767
518.000767
518.042467
518.072500
518.081000
518.105067
518.156433
518.267233
518.501633
518.595867
519.085433
519.268867
519.436667
519.796400
519.944167
520.106533
520.361733
520.459133
520.636233
520.668700
520.733867
520.918433
520.921067
521.125367
521.166367
521.187300
521.195867
521.213933
521.250633
521.297500
521.452233
521.505100
521.624433
521.815367
522.086367
522.684667
522.870200
523.226733
523.444200
523.506800
523.697067
523.720200
523.974500
524.007200
524.055467
524.094467
524.136500
524.220167
524.351100
524.387867
524.394100
524.462633
524.612400
524.698767
524.769333
525.119533
525.122500
525.171567
525.233200
525.352767
525.758367
525.827867
525.839100
526.226700
526.730233
526.825000
526.881100
526.905700
527.023300
527.919733
527.986200
527.998867
528.047267
528.101167
528.175733
528.371267
528.404800
528.636567
528.681033
528.731200
528.803100
528.904900
528.997900
529.143933
529.267533
529.588233
530.185300
530.191433
530.238133
530.342033
530.800667
530.992000
531.066467
531.108600
531.140133
531.219467
531.297600
531.305400
531.720333
531.878900
532.015933
532.138967
532.350800
532.357167
532.415867
532.422633
532.487967
532.552167
532.673233
532.791700
532.817167
532.866167
532.919500
533.005133
533.068333
533.125367
533.138833
533.291933
533.363300
533.412533
533.452367
533.465033
533.475100
533.522800
533.536533
533.543700
533.809700
533.910700
533.929000
534.028400
534.052333
534.058167
534.115567
534.155100
534.205900
534.375633
534.461033
534.464667
534.546000
534.821867
534.863100
534.891233
535.655700
535.673367
535.758233
535.800300
535.815633
536.090367
536.115467
536.123033
536.425000
536.856767
536.863600
537.125867
537.326967
537.335667
537.381533
537.434200
537.510033
537.589533
537.599567
537.704400
538.029333
538.087400
538.235033
538.875900
539.318267
539.377967
539.483767
539.524833
539.568767
539.589567
539.597100
539.680800
539.717800
539.901833
540.179567
540.231467
540.275600
540.295933
540.310633
540.397700
540.448967
540.536400
540.575500
540.629567
541.289833
541.378667
541.456433
541.834033
541.865233
541.878200
541.902067
541.919933
541.950167
541.959933
542.011133
542.285200
542.324933
542.364633
542.418767
542.462600
542.580033
542.603133
542.638567
542.774500
542.791367
542.987400
543.040933
543.446100
543.491767
543.501967
544.161133
544.278700
544.591900
544.649767
544.689900
545.065733
545.174100
545.480167
545.523300
546.026267
546.070967
546.108533
546.140667
546.323867
546.397567
546.735733
546.805800
546.937833
547.036433
547.341200
547.649900
547.809633
547.963900
548.086400
548.753967
548.856800
548.960467
549.072167
549.238300
549.583467
549.844200
549.883733
549.916900
549.960733
549.979233
550.041600
550.135733
550.724700
550.769333
550.814933
550.829967
550.856200
550.876833
550.954600
551.004433
551.035067
551.061167
551.352533
551.358700
551.427600
551.443300
551.737100
551.819833
552.097167
552.589033
552.726233
552.902033
553.023267
553.271167
553.339100
553.416100
554.171933
554.607767
555.196267
555.295333
555.352233
555.759533
555.789900
555.827800
555.844467
555.852900
555.864667
555.881733
555.884200
555.924867
555.955100
556.221033
556.292000
556.395067
556.545233
556.637833
557.237567
557.306533
558.215533
558.233500
558.326000
558.363067
558.420200
558.678633
559.585667
559.679767
560.218200
560.254833
560.711500
560.791700
560.948733
561.828667
561.907700
562.059000
562.072633
562.440800
562.671733
562.690333
562.765000
563.222700
563.966733
563.968633
564.453967
564.502267
564.722800
564.962533
565.111133
565.284000
565.392033
565.696800
565.930933
566.031533
566.046267
566.128400
566.233833
566.572333
566.663633
566.682967
566.704167
566.829867
566.891533
568.116067
568.189867
568.268633
568.344600
568.940600
568.972933
569.055700
569.508433
569.819667
569.955133
570.338667
570.590100
570.654767
570.929167
571.228667
571.435867
571.609800
572.081367
572.254367
572.274633
572.355933
572.365400
572.610500
572.657600
572.772667
572.832633
573.142833
573.210600
573.570533
573.637267
573.640700
573.785967
574.123900
574.220733
574.570600
574.582733
574.601133
574.607000
574.759867
575.496567
575.837067
576.083567
576.122333
576.134467
576.253300
576.287600
576.315400
576.388400
576.640200
577.157733
577.205933
577.235133
577.241667
577.298367
577.533833
577.703767
577.842800
577.962667
577.978400
578.075267
578.219200
578.322333
578.463700
578.557333
578.577900
578.597967
578.778533
578.921400
578.973733
579.298100
580.026100
580.100700
580.220667
580.620700
580.684400
580.715967
580.757933
580.812200
580.822767
580.879467
580.980600
581.237467
581.322200
581.336400
581.590500
581.791333
581.957533
582.290033
582.545267
582.861200
583.084533
583.587067
583.670333
583.749100
584.241000
584.322433
584.412067
584.550433
584.620833
584.770533
584.830167
585.122967
585.209967
585.284867
585.309800
585.824367
586.296800
586.366167
586.372100
586.507500
586.662433
586.943533
587.501200
587.614067
587.674100
587.971167
588.081967
588.134333
588.186367
588.192167
588.267767
588.270133
588.273833
588.340967
588.521033
588.671467
588.796333
588.937433
589.016400
589.182867
589.229800
589.680067
589.778900
590.026267
590.309500
590.402300
590.957900
591.122833
591.670467
591.986767
592.002967
592.039033
592.066567
592.084900
592.091700
592.094267
592.126500
592.143833
592.151267
592.163667
592.166100
592.203733
592.207367
592.221000
592.254667
592.266333
592.290467
592.327200
592.341200
592.427000
592.579900
592.724367
592.883767
593.096500
593.546767
593.652867
593.785833
594.008200
594.292900
594.352167
594.477500
594.574167
594.617800
594.667833
594.733567
594.778400
594.917133
595.235400
595.410933
595.496467
595.546067
595.601900
595.883800
596.156767
596.160967
596.170267
596.244233
596.294100
596.328933
596.361333
596.470233
596.860900
596.902100
596.913833
596.952100
596.994933
597.022000
597.090267
597.240433
597.258500
597.271967
597.279067
597.417067
597.458067
597.696633
597.707933
597.775400
597.964933
597.990100
597.992600
598.218800
598.299400
598.429900
598.688633
598.937067
599.005667
599.049167
599.121933
599.661800
599.705400
599.888400
600.350367
600.459133
600.578367
600.794000
600.942467
600.998167
601.574467
601.580267
601.638800
601.646300
601.812633
602.051933
602.073233
602.219533
602.446300
602.539267
602.588500
602.643300
602.768467
602.938567
603.080400
603.266700
603.461967
603.688933
603.743700
603.867733
604.704700
605.341233
605.378500
605.456400
605.572633
605.696300
605.871867
605.938967
606.138900
606.303467
606.617933
606.708533
606.737067
606.749900
606.755367
606.757667
606.862433
607.004467
607.012633
607.058033
607.075800
607.591833
607.861867
608.041233
608.553300
608.590767
608.598833
608.605967
608.697267
608.746633
608.821400
608.907733
608.973933
609.011867
609.026833
609.085900
609.089267
609.151600
609.186500
609.642033
609.817500
609.835400
609.919667
609.922067
609.979000
609.988600
610.013000
610.070400
610.161100
610.178567
610.243567
610.443600
610.465600
610.616900
610.657433
610.719600
610.796100
611.163533
611.348233
611.834500
612.247267
612.292000
612.382633
612.719833
612.864900
613.007567
613.286900
613.622567
613.691467
614.643200
614.777167
614.808267
614.882367
615.345033
615.756500
615.892833
615.970367
616.011267
616.063267
616.598100
616.704500
616.717133
616.783033
616.845133
617.249500
617.304367
617.390133
617.505433
617.601867
617.615000
617.670433
617.683633
617.706300
617.747767
617.821667
617.826867
617.976033
618.046333
618.115900
618.121800
618.214933
618.281733
618.303133
618.481600
618.585067
618.648433
618.694300
618.868333
619.323400
619.430733
619.848267
619.917533
619.952300
619.958233
620.019433
620.522733
621.122467
621.548333
621.553667
621.574867
621.609533
621.636533
621.692533
621.801033
621.859333
621.894400
621.896633
622.053267
622.241167
622.272400
622.312533
622.588300
622.684600
622.832000
622.981167
623.017500
623.067667
623.075967
623.130467
623.159233
623.183300
623.231533
623.275867
623.342200
623.546800
623.727367
623.763967
624.000167
624.135967
624.192367
624.334500
624.345367
624.629600
624.803533
624.841733
624.853600
624.983500
625.107933
625.262167
625.450767
625.505000
625.554700
625.606933
625.664267
625.787967
626.018367
626.150400
626.208433
626.262533
627.062433
627.190067
627.266300
627.297633
627.315633
627.807567
628.220433
628.266933
628.369400
628.551333
628.634833
628.778433
629.154267
629.237200
629.589033
629.640500
630.128867
630.233167
630.266767
630.272533
630.284567
630.370767
630.573633
630.805133
631.217400
631.283267
631.307233
631.376767
631.587400
631.953567
632.520333
632.543100
632.555867
632.581100
632.645700
632.652333
632.666067
633.122000
633.165933
633.422200
633.553067
633.752067
633.877600
634.297333
634.331900
634.344467
634.368667
634.448333
634.816833
634.891667
634.940533
635.207167
635.235933
635.274867
635.334200
635.379533
635.517733
635.593500
635.653300
635.664833
635.670800
636.179533
636.428467
636.498867
636.515633
636.641067
636.834833
636.998800
637.026900
637.062300
637.369500
637.530400
637.685033
637.924367
637.935600
637.937367
637.979533
637.991533
638.020500
638.045800
638.090500
638.131833
638.138500
638.436833
638.788067
639.263233
639.414567
639.678367
639.751133
640.058900
640.283867
640.351433
640.486667
640.489433
640.633200
640.705300
640.874700
640.949100
640.986167
641.014400
641.064900
641.225567
641.406067
641.451867
641.491633
641.502467
641.560533
641.579667
641.638300
641.672767
641.751267
641.966300
642.024133
642.044100
642.202433
642.261433
642.309300
642.359033
643.245867
643.346333
643.606167
643.644533
643.720733
644.142800
644.209700
644.361133
644.585400
644.834467
645.351400
645.377367
645.947667
646.060433
646.127000
646.261367
646.435900
646.573433
646.627467
646.887567
646.903767
647.194467
647.358167
647.455333
647.513633
647.796500
648.003300
648.044433
648.046567
648.259100
648.456467
648.462867
648.516333
648.559533
648.731833
648.811667
648.909767
648.990833
649.303000
649.338533
649.425633
649.556367
649.588633
649.758433
649.801200
649.858833
650.001200
650.031800
650.095333
650.222133
650.286333
650.727500
650.898733
651.546167
651.550700
651.581167
651.599333
651.647967
651.690033
651.703133
651.739133
651.774233
651.785267
652.036067
652.445100
652.740300
653.507267
654.088267
654.110600
655.611833
655.644433
655.658733
655.691467
656.275000
656.537100
656.550733
656.599533
656.645167
656.710500
656.733300
656.775800
656.781633
657.031900
657.245233
657.294567
657.311267
657.374367
657.430667
657.527900
657.593800
657.662700
658.006667
658.107667
658.551267
658.636300
658.682433
658.824500
658.872267
659.237333
659.294967
659.326367
659.359200
659.382500
659.469733
659.475733
659.484700
659.576133
659.629933
659.654767
659.746200
659.788767
659.809467
659.827500
659.877300
659.894567
659.955733
659.975533
659.977167
660.506867
661.032200
661.352433
661.510533
662.400533
662.542000
662.592033
662.676167
662.991600
663.072533
663.107433
663.244200
663.331733
663.395500
663.487167
663.852433
663.919933
663.942733
664.025600
664.066133
664.128433
664.131933
664.249633
664.260900
664.350900
665.018867
665.098667
665.174567
665.191767
665.197967
665.260633
665.345400
665.416200
665.483500
665.568667
665.727800
665.830233
665.854133
665.929300
666.007200
666.172400
666.222833
666.243667
666.358000
666.616067
667.042667
667.194767
667.255000
667.337467
667.569367
668.360500
668.413200
668.520933
668.547533
668.724267
668.898433
669.468467
669.727133
669.761300
670.021300
670.243867
670.249533
670.876067
670.926800
670.951500
670.974933
670.993367
671.085367
671.584967
671.621600
671.661300
671.665300
672.016333
672.075200
672.106267
672.411100
672.455033
672.480933
672.509733
672.572200
672.903700
673.128633
673.197567
673.208467
673.374200
673.515333
673.688300
674.469733
675.200333
675.211833
675.227600
675.232367
675.238800
675.251400
675.254233
675.260467
675.265233
675.329733
675.368767
675.377400
675.521567
675.595567
675.736967
675.806900
676.019667
676.221833
676.355333
676.544267
676.548533
676.723767
676.796167
676.858767
677.012833
677.064533
677.115100
677.347600
677.653233
677.802233
678.348400
678.430100
678.494767
678.521200
678.944167
679.039733
679.304100
679.362567
679.431567
679.514967
679.587333
679.667467
679.826200
680.063567
680.393467
680.405967
680.426867
680.491800
680.559067
680.635167
681.244667
681.566433
682.063133
682.309867
682.538800
682.618833
682.689200
682.690800
682.742767
683.086833
683.136033
683.141133
683.198567
683.204433
683.220433
683.285300
683.299400
684.130033
684.206133
684.265967
684.270633
684.305967
684.330633
684.359133
684.414267
684.521300
684.559433
684.594900
684.612100
684.665500
684.713100
684.729300
684.863100
685.293467
685.698167
685.814900
685.861533
685.942233
686.184133
686.227367
686.473867
686.561733
686.698500
686.744100
686.769133
686.788533
686.948233
687.007567
687.106967
687.157133
687.582433
687.860200
687.932000
688.087400
688.185967
688.294200
688.413333
689.149533
689.203933
689.466967
689.751067
690.453167
690.523267
690.574100
690.619633
690.685667
691.376867
691.414967
691.477700
691.548600
691.977233
692.039933
692.122633
692.167467
692.181067
692.293333
692.754400
692.790233
694.123467
694.279967
694.284400
694.290067
694.428267
695.378500
695.444400
695.487367
695.546333
695.596567
695.728000
696.089267
696.342567
696.473733
696.512767
696.593900
696.686433
696.788867
697.053033
697.355867
697.527967
697.540567
697.592833
697.648867
697.651167
697.874067
698.020967
698.024000
698.126033
698.294933
698.351367
698.362567
698.451367
698.485100
698.559667
698.637233
698.707600
698.817733
698.949667
698.989600
699.062833
699.356533
699.494967
699.569067
699.682467
699.740200
699.797767
699.833333
699.934433
700.066767
700.134467
700.350200
700.404967
700.460033
700.520333
700.664433
700.695500
700.999200
701.064600
701.151733
701.283133
701.335567
701.383767
701.444967
701.585200
702.121933
702.751733
702.828167
704.779667
704.797533
704.952300
706.027233
706.229800
706.249233
706.469533
706.992867
707.164600
707.346033
707.623900
707.672900
707.692267
707.894200
707.999567
708.304433
708.413633
708.567100
709.763567
709.805067
709.835800
710.203833
710.466667
710.552267
710.592533
710.645500
710.687933
711.745000
711.823067
711.950833
712.136333
712.238333
712.272033
712.580800
712.680033
713.047367
713.339667
713.357100
713.370633
713.803500
714.294167
714.452800
714.528267
714.796000
714.849933
715.216267
715.386400
715.455433
715.522100
715.630133
715.747667
715.753900
715.875867
715.958200
716.097867
716.300800
716.819833
717.039967
717.112400
717.233400
717.352867
717.451367
717.571167
717.699400
717.772033
718.046167
718.147200
718.167433
718.334333
718.578000
718.931833
719.001867
719.138433
719.195567
719.266500
719.318100
719.420333
719.488867
719.639233
719.747467
719.758133
719.811200
719.953533
719.981600
720.228267
720.599967
720.667367
720.727233
720.742800
720.910900
721.005500
721.081433
721.173867
721.414133
721.452800
721.552200
721.633433
721.646700
721.773567
722.373000
722.419533
722.429633
722.493667
722.583967
722.732100
722.778000
722.800000
722.894233
724.010367
724.140167
724.232367
724.277400
724.517133
724.549667
724.643100
724.680400
724.709267
724.837233
724.983333
725.081933
725.134633
725.228067
725.250967
725.257033
725.344467
725.607200
725.615200
726.139267
726.482833
726.986500
727.021300
727.076100
727.122400
727.145400
727.165767
727.207100
727.209900
727.315767
727.707800
727.900967
727.905033
727.985800
728.199433
728.486900
728.566567
728.843167
728.888033
729.016867
729.098467
729.569500
729.868333
729.907367
730.394967
730.602067
730.834833
730.937367
730.955267
731.182567
731.274900
731.555100
731.672567
731.758467
731.918867
732.053467
732.131633
732.162867
732.272167
732.552867
732.790533
732.917767
733.250633
733.324767
733.362233
733.565000
734.044533
735.212100
735.232133
735.342800
735.404967
735.475900
735.572767
735.890367
735.944300
736.127000
736.178933
736.213067
736.239567
736.292800
736.778933
736.895767
737.261867
737.321433
737.341267
737.374700
737.775333
738.202633
738.268467
738.371967
738.752167
738.820900
738.856867
738.954500
738.961200
739.511500
740.100000
740.522567
740.589200
741.028867
741.204967
741.310633
741.484100
742.582500
742.637467
742.675733
742.922600
742.974067
743.319133
743.425700
743.481267
744.242700
744.890700
745.160500
745.309700
745.373533
745.643767
745.687167
745.763033
745.938000
745.962967
746.296367
746.472100
746.551133
746.595167
746.665600
746.713433
746.759500
746.830667
746.907400
747.436333
747.473900
747.642233
747.717933
747.909233
748.739133
748.754867
748.759467
748.795167
748.856700
748.902733
749.087633
749.352033
749.459267
749.473300
749.530300
749.591167
749.800667
750.403533
750.439900
750.518533
750.950200
751.044400
751.076000
751.339633
751.478133
752.348333
752.491433
752.721500
752.725800
752.757700
752.802167
752.850533
753.829300
753.957333
754.369333
754.499800
754.525500
754.572333
754.598233
754.631433
754.641067
754.645933
755.336567
755.507800
755.538100
755.544867
755.901200
756.061967
756.220200
756.638433
756.710967
756.730233
757.304133
757.321333
757.393233
757.450833
757.628600
757.830933
757.848400
757.869567
757.886067
757.900800
758.151567
758.231600
758.574200
758.692633
758.857600
759.118967
760.034500
760.105767
760.147267
760.160033
760.362433
760.460467
760.534033
760.659267
760.706433
760.827900
760.948600
760.954467
761.055733
761.269433
761.350500
761.415033
761.813333
762.267133
762.375400
762.498900
762.534333
762.620267
762.630000
762.710633
762.719000
763.214533
763.231700
763.234500
763.243567
763.256200
763.263833
763.312633
763.611300
763.818600
763.977600
764.039933
764.089167
764.241967
764.303067
764.325800
764.408967
765.549300
765.618500
765.651100
765.689767
765.696567
765.737600
765.789967
766.074233
766.348000
766.382767
766.480933
766.550167
766.830867
766.927200
767.169100
767.260133
767.885767
767.942133
768.152400
768.192200
769.038300
769.575600
769.623667
769.788567
770.403267
770.430867
770.448900
770.473500
770.559133
770.564200
770.572067
770.717800
770.759367
770.837567
770.911900
770.971200
771.045100
771.125833
771.155833
771.319400
771.704967
771.749833
772.317633
772.518267
772.624733
772.628600
772.739733
772.804933
773.150033
774.780967
774.808500
774.890200
774.921067
774.988267
775.259067
775.316033
775.386167
775.559833
775.681500
776.015600
776.281600
776.285667
776.375833
776.446400
777.149867
777.218633
777.515767
777.588867
777.637167
777.714100
777.816733
777.907000
778.299933
778.517667
778.570633
778.801633
779.295033
779.722633
779.735000
779.813967
780.010867
780.108633
780.288367
780.458900
780.675933
780.952133
780.956400
781.052400
781.429333
781.719300
781.813833
782.278333
782.368400
782.902833
782.908000
782.955833
783.705767
783.795633
783.879600
784.358167
784.879733
784.973267
785.006433
785.670067
786.072200
786.203600
786.244200
786.253167
786.261433
786.271167
786.300900
786.374933
786.585767
786.616933
786.898433
786.996167
787.030033
787.191167
787.719333
788.117100
789.214800
790.438267
790.516500
790.585700
790.611900
790.688100
791.070167
791.113733
791.164600
791.196000
791.287467
791.369700
791.455433
791.856667
792.027933
792.097100
792.217000
792.345600
792.757033
792.920367
793.417500
793.499400
793.826067
794.053133
794.353467
794.630267
794.759000
794.915900
795.050733
795.480167
796.160167
796.215667
796.232233
796.325600
796.377700
796.625500
796.711300
797.296233
797.549900
797.648267
798.185567
798.271700
798.559667
798.761400
798.824633
798.894300
798.981033
798.984900
799.137467
799.154033
799.346800
799.562533
799.632800
799.651833
799.687100
799.689367
799.730200
799.760233
799.817933
799.828800
799.857033
799.866333
799.870833
799.930567
799.956000
800.017633
800.171333
800.338133
800.440067
800.767533
800.775667
800.825533
800.949633
800.975533
801.088167
801.120133
801.177300
801.195567
801.200600
801.256700
801.298267
801.325867
801.606433
801.799400
801.962000
802.026867
802.036667
802.041600
802.047500
802.093300
802.180467
802.217200
802.409467
802.471133
802.545867
802.680767
802.989567
803.980267
804.153133
804.163633
804.288367
804.384933
804.514800
804.680300
804.737767
804.822100
805.074000
805.167267
805.183033
805.196067
805.201733
805.241867
805.272833
805.306767
805.432900
805.436633
805.520767
805.694133
805.714400
805.772667
805.992600
806.022833
806.228467
806.491867
806.709767
806.854067
806.905967
807.782000
807.887133
807.950733
808.124733
808.189400
808.353000
808.384367
808.913700
809.031367
809.184767
809.312200
809.740500
809.841033
810.263433
810.377067
810.702367
810.712433
810.853600
811.292600
811.310133
811.504167
811.663633
811.680267
812.354867
812.764500
812.978667
813.642533
813.752967
813.774800
813.821867
814.189200
814.211833
814.506767
814.850900
815.064167
815.207833
815.246400
815.393500
815.668800
815.826300
816.246667
816.317367
816.674533
816.799067
816.972100
817.279367
817.379533
817.798233
817.845767
817.880700
817.964167
817.986033
818.048000
818.090267
818.103900
818.145733
818.161133
818.304667
819.091633
819.178467
819.373200
819.414000
820.169333
820.489267
820.605533
820.696600
821.039933
822.248500
822.299733
822.394500
822.427233
822.467067
822.473600
822.520300
822.713967
823.015733
823.336867
823.416900
823.441233
823.445700
823.562067
823.862200
824.072733
824.129400
824.194700
824.256733
824.326733
824.464567
824.735233
824.790400
825.102400
825.228733
825.245833
825.287967
825.596033
826.122133
826.226900
826.285267
826.336333
826.495700
826.581900
826.693567
826.776833
826.940933
827.849167
828.267533
828.304133
829.175033
829.241267
829.364233
830.082233
830.103600
830.834800
831.031533
831.050600
831.128433
831.133433
831.137400
831.184167
831.228667
831.254833
831.261800
831.270333
831.538700
831.593767
832.110400
832.674067
833.044767
833.055633
833.088867
833.160533
833.235833
833.258033
833.409967
833.429567
833.473300
833.538967
833.731933
833.757300
833.766867
833.812233
833.880300
834.011867
834.589200
834.864733
835.268367
835.627967
836.495467
836.732700
836.734967
837.014900
837.199800
837.337267
837.538200
837.834567
838.687900
838.750800
838.752700
838.779067
838.873633
838.970767
839.077133
839.323767
839.663833
839.682600
839.956533
840.008000
840.096800
840.195567
840.232833
840.304600
840.361633
840.688833
840.774967
840.800067
840.804567
840.840900
840.846200
841.144300
841.334100
841.374800
841.392300
841.412600
841.436200
841.444033
841.462233
841.483967
841.726600
841.733633
841.782567
841.911200
842.035367
842.081833
842.201233
842.258300
842.430067
842.716367
842.787033
842.834200
842.968467
843.091800
843.143233
843.169533
843.194933
843.216533
843.265833
843.282733
843.361467
843.891600
843.967733
844.059567
844.069533
844.424967
844.592200
844.671700
844.719900
844.780933
844.892600
844.913400
845.158733
845.197067
845.353900
845.529200
845.566533
845.643400
845.684200
845.857100
845.899733
845.906167
845.988333
846.184000
846.232467
846.270967
846.286300
846.335900
846.342633
846.355833
846.364233
846.435133
846.453100
846.469667
846.473267
846.529100
846.536367
846.626133
846.839000
846.881233
846.924433
846.965267
847.018567
847.240800
847.300833
847.421033
847.462133
847.552133
847.563400
847.628667
847.763467
847.902867
848.035333
848.074600
848.145233
848.260167
848.327900
848.401567
848.512467
848.792800
848.856767
848.953667
849.037200
849.415933
849.572000
849.716467
849.806300
849.999833
850.245433
850.926533
851.027867
851.093967
851.147767
851.203067
851.446000
851.839233
851.870933
852.015833
852.417400
852.616933
852.809000
852.936400
853.314733
853.500000
853.579433
853.671367
853.887067
854.146933
854.403900
854.836867
854.849633
855.046333
855.093433
855.209833
855.223733
856.025833
856.061967
856.074833
856.113467
856.664800
856.959200
857.265433
857.270733
857.640733
857.923133
857.971667
858.248967
858.385233
858.797367
858.826167
858.852733
858.933267
859.054267
859.359200
859.477567
859.904600
859.919600
860.001433
860.130900
860.198033
860.240300
860.249400
860.263567
860.471167
860.533933
860.821867
860.997933
861.158533
861.269300
861.680967
862.114300
862.372067
862.678867
862.889433
863.655700
863.836900
863.974167
864.122833
864.300133
864.376200
864.435700
865.521567
865.568000
865.700433
865.707433
865.712533
865.942767
866.787867
866.864200
867.244800
867.275200
867.313933
867.332100
867.496567
868.439100
868.565833
868.571167
868.617567
868.631167
868.645000
868.651667
868.657233
868.679467
868.712400
868.729467
868.754067
868.779200
868.849900
868.900067
869.101000
869.140300
869.172300
869.176567
869.197700
869.251167
869.314133
869.366667
869.899267
870.033367
870.158733
870.217600
870.243167
870.289300
870.306167
870.445900
870.593167
870.623333
870.655033
870.682133
870.710900
870.737367
871.284667
871.335033
871.372100
871.405967
871.425533
871.467567
871.476567
871.521367
871.544267
871.593467
871.789133
871.824233
872.262500
872.305667
872.478400
872.579900
872.622000
872.630300
872.902467
873.015000
873.118467
873.246533
873.374633
873.416567
873.569133
873.625333
873.683600
873.712033
874.074333
874.099900
874.184633
874.731133
874.736900
874.786167
874.842367
874.846833
874.855433
875.111000
875.156767
875.181867
875.454967
875.588367
876.179433
876.264367
876.297567
876.300067
876.641567
876.808567
877.054800
877.151433
877.252833
877.310500
877.832767
878.821100
878.840500
878.889933
878.931800
878.981167
879.036800
879.046133
879.063667
879.377433
879.475067
879.621467
879.677167
879.686867
879.913733
880.030733
880.693067
880.868233
881.028300
881.113533
881.175533
881.232000
881.605867
881.688800
881.698400
881.707800
881.756900
882.617233
882.683167
882.758500
883.101233
883.454433
883.484733
883.578200
883.656633
884.227933
884.582233
884.608167
884.629100
884.747233
884.796300
885.104233
885.239167
885.663733
886.066267
886.099300
886.410833
886.631267
886.675900
886.740433
886.784267
886.948433
886.972133
887.033533
887.104933
887.169467
887.272800
887.510500
887.723800
887.726500
887.862800
887.975133
888.111033
888.381600
888.454900
888.509400
888.591133
888.721233
888.795467
888.845233
888.925267
888.998100
889.139033
889.173833
889.234133
889.334767
889.495367
889.567200
889.574467
889.671333
889.706133
889.722033
889.787633
889.802433
889.838100
890.272967
890.295067
890.297933
890.370967
890.939933
891.583400
891.703033
892.083167
892.472467
892.623300
893.067933
893.075333
893.178500
893.197600
893.219400
893.228600
893.497967
893.602000
893.749800
893.983100
894.196767
894.258500
894.386300
894.413533
894.456067
894.732400
894.998033
895.107600
895.171267
895.254300
895.425767
895.593033
895.619167
895.726233
895.879933
896.489400
896.501200
896.908400
896.993767
897.125500
897.181833
897.205133
897.321433
897.920033
898.216667
898.286367
898.433300
899.020667
899.113133
899.204300
899.528867
899.700633
899.841967
899.956967
900.215067
900.388467
900.520233
900.658467
901.101433
901.329267
901.376467
901.437600
901.527067
901.624033
901.780433
901.803933
901.894200
901.902633
901.996467
902.183033
902.247767
902.325167
902.641333
902.667333
902.713367
902.730267
902.735200
902.798900
902.828200
902.876400
903.057833
903.080367
903.163933
903.173500
903.205967
903.286833
903.453800
903.601867
903.872167
904.079233
904.373933
904.565867
904.735467
904.790600
904.845033
904.866133
904.958567
905.077867
905.313633
905.588367
905.737133
905.786667
906.009933
906.553433
906.621833
906.703367
906.759767
906.874200
906.965733
907.555333
907.855067
907.934667
907.959767
907.987467
908.026800
908.074267
908.358767
908.547033
908.582567
908.771867
908.846733
908.933567
909.363167
909.778900
909.834133
909.955267
909.967767
910.020800
910.022667
910.089067
910.215000
910.556267
910.562367
910.571133
910.638533
911.202900
911.362200
911.435267
911.619767
911.915267
912.128800
912.229000
912.407567
912.690167
912.871033
913.503133
914.031400
914.260033
914.312633
914.763067
915.586333
915.622900
915.627633
915.753100
915.799733
915.823233
915.879400
916.056867
916.063900
916.071267
916.078267
916.231700
916.448567
917.047467
917.168567
917.854333
917.968633
917.987467
918.001867
918.089767
918.550700
918.641233
918.660933
918.908500
919.141967
919.241167
919.354133
919.466667
919.520133
919.528467
919.810067
919.903233
920.139200
920.407967
920.492000
921.005233
921.091900
921.109433
921.129267
921.164067
921.237067
922.177133
922.311000
922.692633
923.067500
923.132433
923.258133
923.293767
923.611667
923.806700
923.847567
924.009233
924.169933
924.257100
924.474833
924.922433
925.147500
925.398000
925.690933
926.288700
926.423800
926.526867
926.767133
926.928433
926.935533
926.996600
927.143367
927.239600
927.321733
927.394767
927.544367
928.162300
928.272200
928.504267
929.022333
929.050467
929.060067
929.179533
929.250867
929.286267
929.321233
929.388267
929.486967
929.647233
930.076000
930.236133
930.317567
930.896133
931.139033
931.199133
931.239500
931.339200
931.494567
931.643633
932.031733
932.090300
932.100433
932.290567
932.368933
932.506100
932.546600
932.569000
932.633233
932.674867
932.730100
932.780067
932.815600
932.843200
932.868900
932.878667
934.204767
934.486600
934.523200
934.598233
935.542133
935.604600
935.672467
935.786633
935.948667
935.968133
936.066733
936.853367
936.906433
936.928000
937.031033
937.079967
937.222233
937.225800
937.283933
937.366467
937.730933
937.996233
938.268367
938.288300
938.938100
938.992000
938.995300
939.522700
939.679500
939.688333
939.782967
939.792700
939.796567
940.054600
940.472900
940.609833
940.939067
941.388633
941.475367
941.538633
941.860700
941.936800
941.955867
941.962700
942.087167
942.632433
943.781233
944.679500
945.136667
945.472567
945.518033
945.545300
945.555733
945.581067
945.637633
945.644733
945.687933
945.749567
945.791167
946.011367
946.187167
946.791767
947.038333
947.590333
947.624367
947.640500
947.678667
947.710667
947.767033
947.776467
947.784200
948.046967
948.148933
948.311867
948.340833
948.452967
948.694233
948.767933
948.962533
949.090700
949.093433
949.269800
949.404533
949.643833
949.697367
949.884967
949.952500
949.994867
950.061600
950.509333
950.648000
950.847733
951.515000
951.831200
952.293833
952.349667
952.452233
952.701500
952.761333
953.170933
953.289700
953.528900
953.728900
953.869600
953.998100
954.024333
954.048633
954.074000
954.230567
954.265733
954.497733
954.596333
954.604000
954.675167
954.718467
954.868633
954.942767
954.982767
955.104600
955.256767
955.465900
955.564000
955.628033
955.710233
955.726867
955.736633
955.794500
955.840700
955.847600
955.872100
955.902267
955.971700
956.173733
956.316767
956.400867
956.523167
956.619300
956.677200
956.747733
956.800667
956.836533
956.867200
956.916167
956.920567
957.003467
957.053933
957.089167
957.249467
957.332967
957.383900
957.468267
957.700867
957.730767
958.337333
958.615867
958.935400
959.277667
959.325267
959.640533
959.687700
959.724967
959.819167
960.302167
960.460767
960.501100
960.528500
960.556100
961.163100
961.208200
961.314067
961.427867
961.559167
962.018933
962.085067
962.139867
962.177800
962.187433
962.198967
962.280733
962.623667
962.683067
962.726100
962.761100
962.793200
962.813500
962.823400
962.842267
962.864000
962.933967
962.964033
963.056900
963.277033
963.315067
963.348267
963.418467
964.266700
964.458033
964.523867
964.627600
964.780867
964.851267
964.956767
965.701833
965.863933
966.080167
966.388500
966.872700
967.137867
967.207700
967.413067
967.519500
967.539833
967.563167
968.009500
968.140633
968.371300
968.444933
968.993067
968.995067
969.122467
969.623133
969.780700
969.832133
969.967733
969.973167
970.051667
970.114900
970.129033
970.155733
970.238533
970.253933
970.275033
970.277533
970.280600
970.295033
970.612367
970.618667
970.707767
970.710200
970.726000
970.746500
970.786033
970.791967
970.852267
970.949567
971.143400
971.151833
971.291433
971.371767
971.501333
971.694400
971.748333
971.880233
972.015533
972.252133
972.363167
972.383833
972.394667
972.400567
972.465667
972.528367
972.538900
972.555467
972.566033
972.573233
972.614167
973.366733
973.421933
973.424667
973.481000
973.487933
973.506233
973.511500
973.660267
973.830067
973.989833
974.170933
974.570000
974.674833
974.762933
974.986100
975.145167
975.339033
975.442500
975.599233
975.855867
975.970500
976.020733
976.273700
976.335700
976.459567
976.518567
976.615233
976.637033
976.722367
976.767767
976.778200
977.469167
977.629867
977.659067
977.693133
977.704567
977.726867
977.744267
977.770800
977.799800
977.850500
977.952767
978.014700
978.087133
978.106867
978.157067
978.239100
978.301633
978.308033
978.832800
978.915033
979.119433
979.365667
979.608867
979.813900
979.916433
980.068100
980.102900
980.207167
980.311633
980.322933
980.576267
980.891900
980.950333
980.959767
981.051600
981.406133
981.493200
982.349167
982.404500
982.448967
982.470967
982.498033
982.513000
982.550700
982.829433
982.873033
982.909833
983.009433
983.072200
983.195967
983.432533
984.367667
984.409667
984.486000
984.504367
984.842600
984.907333
985.662833
986.370533
986.475067
986.591300
987.452300
987.854900
987.883500
988.126467
988.245400
988.807833
988.894333
989.312400
989.787400
989.790767
989.822400
989.866567
989.912533
989.973167
990.019400
990.203567
990.652200
990.703300
990.727600
990.863533
991.101100
991.117300
991.156500
991.165867
991.183967
991.208800
991.225533
991.300833
991.314133
991.326067
991.334600
991.337400
991.372067
991.389100
991.432000
991.437067
991.452900
991.455800
991.500333
991.552867
991.652000
991.714667
992.105967
992.289700
992.412067
992.483200
992.619733
992.641833
993.162700
993.208600
993.523433
993.661500
994.058833
994.230833
994.448233
994.471933
994.513500
995.384300
995.446200
995.467000
995.520333
995.570000
995.615433
995.900367
996.247767
997.407167
997.716500
998.483000
998.492100
998.765467
999.548067
999.903367
1000.022100
1000.387167
1000.631333
1000.756100
1001.480333
1001.517167
1001.601433
1001.676200
1001.750633
1001.828900
1001.882033
1001.974433
1002.023467
1002.694367
1002.825033
1002.872867
1002.931933
1002.987300
1003.163367
1003.706633
1004.058933
1004.144700
1004.366933
1004.530133
1004.591067
1004.711133
1004.760567
1005.062833
1005.246467
1005.790300
1005.836533
1006.232233
1006.308867
1006.923600
1007.427567
1008.344067
1008.387367
1008.427833
1008.430300
1008.518667
1008.602633
1009.289500
1009.428500
1009.550567
1009.609967
1009.630700
1009.712867
1009.885333
1009.928833
1010.257200
1010.330933
1010.413833
1010.544767
1010.550367
1010.758967
1010.822267
1010.908000
1010.971767
1011.046167
1011.087967
1011.090433
1011.179167
1011.505867
1011.577133
1011.968167
1012.149333
1012.202000
1012.256567
1012.303100
1012.367333
1012.377767
1012.576733
1012.994300
1013.055167
1013.112267
1013.436200
1013.500067
1013.538533
1013.578467
1013.675433
1013.820633
1013.830300
1013.886767
1013.890400
1013.950500
1014.022533
1014.101533
1014.649633
1014.929100
1015.022533
1015.480133
1015.489067
1015.551233
1015.832733
1015.871933
1015.918100
1016.010467
1016.473200
1016.817767
1016.939300
1016.959167
1017.014467
1017.424933
1017.532533
1017.780933
1017.855400
1017.909833
1018.069567
1018.114500
1018.204367
1018.248433
1018.283667
1018.744767
1018.827600
1018.829400
1019.045267
1019.117533
1019.127700
1019.340033
1019.481100
1019.520100
1019.571700
1019.714033
1019.847700
1019.908233
1020.032533
1020.116967
1020.469933
1020.493400
1020.537333
1020.584100
1020.639867
1020.688800
1020.978500
1021.338933
1021.374733
1021.394633
1021.451967
1021.528600
1021.578267
1021.980100
1022.319700
1022.801333
1022.824300
1022.919767
1022.937567
1022.943067
1022.964900
1023.045333
1023.437900
1023.681500
1023.884833
1023.927333
1024.267733
1024.355100
1024.454967
1024.514733
1024.592767
1024.839967
1024.911500
1024.984167
1025.140333
1025.251167
1025.319467
1025.323700
1025.340967
1025.350333
1025.375633
1025.408600
1025.423033
1025.436800
1025.457867
1025.517833
1025.530133
1025.661133
1025.712167
1025.876467
1025.983033
1026.023967
1026.153033
1026.245267
1026.928367
1027.523967
1027.625567
1027.681767
1028.114700
1028.220633
1028.705333
1028.798300
1028.828567
1028.841933
1028.919467
1029.185700
1029.596167
1030.021400
1030.092833
1030.179033
1030.307600
1030.344567
1030.417300
1030.533967
1030.690400
1030.751267
1031.051200
1031.297200
1031.393367
1031.618167
1031.642467
1031.713433
1031.906267
1032.091667
1032.235700
1032.258267
1032.324600
1032.380033
1032.557167
1032.773667
1033.969067
1034.108233
1034.128667
1034.149900
1034.267733
1034.326300
1034.377433
1034.384100
1034.439667
1034.462567
1034.468000
1034.511333
1034.598300
1034.607300
1034.663800
1034.777667
1034.861300
1035.206233
1035.294300
1035.777700
1035.825800
1035.881767
1036.521300
1036.573000
1036.689167
1036.714900
1036.813167
1036.869867
1036.877633
1036.906133
1037.054500
1037.082567
1037.087667
1037.092133
1037.148100
1037.183833
1038.078167
1038.292667
1038.363500
1038.480800
1038.521933
1038.600600
1038.612067
1038.694267
1039.001433
1039.046233
1039.076567
1039.147900
1039.242800
1039.256633
1039.332767
1039.402300
1039.518167
1039.590700
1040.173800
1040.237900
1040.308700
1040.341967
1040.372633
1040.379567
1040.445500
1040.466567
1040.515367
1040.526200
1040.566633
1040.569300
1040.655367
1040.665133
1040.770367
1040.873100
1040.939533
1041.068467
1041.196333
1041.341667
1041.419933
1041.482900
1041.512033
1041.646267
1041.806467
1041.853000
1041.990867
1042.047567
1042.134533
1042.317300
1042.563100
1042.873300
1043.000300
1043.252233
1043.302733
1043.379100
1043.382367
1044.069700
1044.842200
1044.865133
1044.905567
1044.963867
1045.004567
1045.142067
1045.306700
1045.609167
1045.628800
1045.737700
1045.828233
1045.901400
1045.967333
1046.029233
1046.961667
1047.033900
1047.115700
1047.710800
1047.731933
1048.389000
1048.411833
1048.714600
1048.785867
1048.946600
1048.985200
1049.043633
1049.155067
1049.273267
1049.666767
1049.761667
1049.836300
1050.245700
1050.512633
1050.815600
1050.997133
1051.282300
1051.301700
1051.405433
1051.628167
1051.647567
1051.819533
1052.155400
1052.491633
1053.018333
1053.063500
1053.095633
1053.144533
1053.236600
1053.303067
1053.488267
1053.502433
1053.558767
1053.596667
1053.644267
1053.681167
1053.696300
1053.699400
1053.812400
1053.933933
1053.998167
1054.067100
1054.237267
1054.496767
1054.541367
1054.710800
1055.068100
1055.159733
1055.182967
1055.255467
1055.257800
1055.608667
1055.706100
1055.832100
1055.834700
1055.934733
1056.280100
1056.330767
1056.360533
1056.408400
1056.480967
1056.753467
1057.078000
1057.732500
1057.737833
1058.515333
1058.580300
1059.039033
1059.083700
1059.142433
1059.209000
1059.247000
1059.863567
1060.398667
1060.503600
1060.594600
1060.745833
1060.748633
1060.760200
1060.831633
1061.100367
1061.400333
1061.458933
1061.830667
1062.178233
1062.263433
1062.304767
1062.382567
1063.143367
1063.308267
1063.383467
1064.257733
1064.434300
1064.457733
1064.488467
1064.501067
1065.565500
1065.779367
1065.902033
1065.989700
1066.411567
1066.922267
1067.027867
1067.256800
1068.336500
1068.380133
1068.521333
1069.127100
1070.112767
1070.146567
1070.162467
1070.198533
1070.235033
1070.251600
1070.255800
1070.390700
1070.637767
1070.700967
1070.752667
1071.819333
1072.235800
1072.459367
1072.651467
1072.876333
1073.802100
1074.097767
1074.152133
1074.222367
1074.276567
1074.340000
1074.367833
1074.430067
1074.708000
1074.844400
1074.854467
1074.899933
1074.906033
1075.462833
1075.506867
1075.508500
1075.579167
1075.659233
1076.028700
1076.191167
1076.367733
1076.484833
1076.523767
1076.633100
1076.742800
1076.800300
1076.976033
1077.087667
1077.438700
1077.457100
1077.493100
1077.532500
1077.580467
1077.726100
1077.825100
1078.185867
1078.448933
1078.488767
1078.549700
1078.598600
1078.623200
1078.626700
1078.708267
1078.715633
1078.809533
1079.061000
1079.561033
1080.251533
1080.396033
1080.450067
1080.460100
1080.869067
1080.967033
1081.667000
1081.767133
1081.815800
1081.834233
1081.887067
1081.926167
1081.933800
1081.984000
1082.084633
1082.194767
1082.462000
1082.537967
1082.633733
1082.669367
1082.714333
1082.969167
1083.036133
1083.579600
1083.656867
1083.888133
1084.045933
1084.180067
1084.236267
1084.398200
1084.462667
1084.525067
1084.597367
1084.699367
1085.601133
1085.653633
1085.699600
1085.727167
1085.799867
1086.074833
1086.141200
1086.195300
1087.334000
1087.392400
1087.434600
1087.445567
1087.484600
1087.833467
1087.890300
1088.159200
1088.228100
1088.297800
1088.363667
1088.528133
1088.638767
1089.049300
1089.236267
1089.529400
1089.600900
1089.714667
1089.729400
1090.364600
1090.386367
1090.547333
1090.868333
1090.913100
1090.930433
1090.948667
1091.055467
1091.109933
1091.223900
1091.300567
1091.408567
1091.448333
1091.786367
1091.850233
1091.908467
1091.970867
1092.134900
1092.264533
1092.271433
1092.285333
1092.358900
1092.392533
1092.508067
1093.100200
1093.105133
1093.125500
1093.215633
1093.655400
1093.770033
1093.832800
1093.910467
1094.071800
1094.130000
1094.170033
1094.179800
1094.231567
1094.258767
1094.588500
1094.714600
1095.231700
1095.276633
1095.283600
1095.356600
1095.510500
1095.686567
1095.838333
1095.947700
1096.290733
1096.424333
1096.479000
1096.582333
1096.625933
1096.721767
1097.298933
1097.406033
1097.585633
1097.625933
1097.742167
1097.844600
1097.906533
1098.049667
1098.359933
1098.470133
1098.565100
1098.673300
1098.867467
1099.086500
1099.193933
1099.848467
1100.009300
1100.039033
1100.117700
1100.169600
1100.217533
1100.230567
1100.251167
1100.360467
1100.752600
1100.944567
1101.038500
1101.124933
1101.148933
1101.520600
1102.037600
1102.177067
1102.248333
1102.411400
1102.464900
1102.532333
1102.534367
1103.329633
1103.430100
1103.509100
1103.720400
1103.757233
1103.994000
1103.995900
1104.095367
1104.324267
1104.354400
1104.739000
1105.852767
1105.862567
1105.935167
1106.468467
1106.536633
1106.979267
1106.987833
1107.103533
1107.304867
1107.474000
1107.546800
1108.377867
1108.414000
1108.493900
1108.588333
1109.661933
1109.757867
1109.813033
1109.856800
1110.288800
1110.336667
1110.413300
1110.418033
1110.464067
1110.560667
1110.633300
1110.733333
1110.738600
1110.835733
1110.892367
1110.903933
1111.000100
1111.194967
1111.812567
1112.074667
1112.089767
1112.153367
1112.529967
1112.537667
1112.574967
1112.624100
1113.869733
1114.355233
1114.573433
1114.594833
1114.645800
1114.762133
1114.879300
1114.951900
1115.051900
1116.037833
1116.120900
1116.215567
1116.257167
1116.279000
1116.324833
1116.407233
1116.531167
1116.628300
1116.691667
1116.989867
1117.138800
1117.415900
1117.431867
1117.479867
1117.603667
1117.669867
1117.726667
1117.735900
1117.804100
1118.000467
1118.442567
1118.524133
1118.751867
1119.092467
1119.305600
1119.580200
1119.796800
1119.852267
1120.085500
1120.194567
1120.942433
1120.947733
1121.502133
1121.648033
1122.002200
1122.641900
1122.750067
1122.830533
1122.979233
1122.987633
1123.152000
1123.678533
1123.991033
1125.888533
1126.070167
1126.429100
1126.538833
1126.568833
1126.615900
1126.672700
1126.931167
1127.118167
1127.151200
1127.214400
1127.240967
1127.278333
1127.300700
1127.352300
1127.492567
1127.717800
1128.365767
1128.396433
1128.627200
1128.704467
1128.747100
1128.847033
1128.875733
1128.974433
1129.263633
1129.802400
1129.891267
1129.925100
1129.991333
1130.397233
1130.524000
1130.608400
1131.157700
1131.461600
1131.624900
1132.043367
1132.095367
1132.257700
1132.859267
1133.113033
1133.134500
1133.215467
1133.256067
1133.297000
1133.367833
1133.728700
1133.773200
1133.790567
1133.865667
1133.895867
1133.903333
1133.926233
1134.037867
1134.046200
1134.224767
1134.424100
1134.586567
1134.638067
1134.684367
1134.816033
1134.893167
1135.113133
1135.226333
1135.323067
1135.639400
1135.714233
1135.868933
1135.947733
1136.101033
1136.873900
1137.182667
1137.218767
1137.277667
1137.318167
1137.458200
1137.761667
1138.066500
1138.287367
1138.324233
1138.351267
1138.412567
1138.535967
1138.996733
1139.262667
1139.431567
1139.551933
1139.690433
1139.746067
1139.913633
1139.938833
1140.201600
1140.507133
1140.924533
1141.124367
1141.159267
1141.946233
1142.680933
1142.849000
1143.174167
1143.286600
1144.163333
1144.255500
1144.291300
1144.485767
1144.569900
1144.739833
1144.885033
1145.103567
1145.154000
1145.269200
1145.280400
1145.523467
1145.708767
1145.728033
1145.794667
1145.859100
1145.871233
1145.898200
1145.936167
1145.963433
1145.979100
1146.041767
1146.056267
1146.060900
1146.135600
1146.905333
1146.945867
1147.506767
1147.728267
1147.754900
1147.794833
1147.801433
1147.873933
1147.910733
1147.976967
1148.099433
1148.194867
1148.225000
1148.239367
1148.244200
1148.290933
1148.295133
1148.413000
1148.580667
1148.727833
1149.053200
1149.727567
1150.305900
1150.375267
1150.398167
1150.659533
1150.690533
1150.731767
1150.735733
1150.798567
1150.898300
1151.392333
1151.745367
1152.036467
1152.135067
1152.355133
1152.532567
1152.686767
1153.464833
1153.563800
1153.702000
1154.475033
1154.651133
1154.906133
1155.248600
1155.509000
1155.512567
1155.770733
1155.908400
1156.144700
1156.392367
1156.555567
1156.641967
1157.469700
1157.874133
1158.624933
1158.796333
1158.965233
1159.105067
1159.110600
1159.884567
1159.917733
1159.933900
1159.942400
1160.011900
1160.019967
1160.463833
1160.566367
1160.761167
1161.571600
1161.712733
1161.800333
1162.698267
1163.472300
1163.747467
1164.886267
1164.894267
1164.986467
1165.090467
1165.318533
1165.444067
1165.488233
1165.521800
1165.536033
1166.274033
1166.757933
1166.816500
1167.093133
1167.244300
1167.425433
1167.656633
1167.823233
1167.939533
1168.823267
1169.090233
1169.328933
1170.825633
1171.278800
1171.437333
1171.510767
1171.616067
1171.745067
1171.796867
1171.814333
1171.820733
1171.850000
1172.193000
1172.226267
1172.324033
1172.371167
1174.053100
1175.186467
1177.061700
1177.563600
1177.639700
1177.700967
1177.756667
1178.058200
1178.185267
1178.286600
1178.530900
1179.318367
1179.380767
1179.816100
1179.915033
1179.958667
1180.459733
1180.944400
1181.011067
1181.212267
1181.686833
1181.802867
1181.871867
1181.995033
1182.015300
1182.122667
1182.357100
1184.124567
1184.306133
1184.414467
1184.425067
1184.431000
1184.435100
1184.513533
1184.555500
1184.633267
1184.992333
1185.569800
1185.950700
1186.159333
1186.333667
1186.374667
1186.417000
1186.459567
1186.690300
1186.787367
1186.926000
1186.998800
1187.146767
1187.213300
1187.291367
1187.412500
1187.511500
1187.723900
1187.733200
1187.944567
1188.387467
1188.396200
1188.595500
1188.888800
1189.126300
1189.333100
1189.457400
1189.698533
1189.700900
1189.729467
1189.866267
1189.911333
1190.107567
1190.166500
1190.271333
1190.371867
1190.467867
1190.519033
1190.566633
1190.610933
1190.676933
1190.747433
1190.801333
1190.852400
1190.882700
1190.904867
1190.951967
1190.962867
1190.992233
1191.063467
1191.068300
1191.077700
1191.110233
1191.216700
1191.255600
1191.331233
1191.387833
1191.520067
1191.591900
1191.639933
1191.711233
1191.748900
1191.866733
1191.872167
1191.950100
1192.005433
1192.404233
1192.458233
1192.569533
1192.866033
1192.881700
1193.247600
1193.295567
1193.423400
1193.470300
1193.533733
1193.722033
1193.947667
1194.204633
1194.228667
1194.695333
1195.407700
1195.487167
1195.547733
1195.554133
1196.128767
1196.928900
1196.942300
1197.128167
1197.261933
1197.346867
1197.527267
1197.625767
1197.711367
1197.855433
1197.980600
1198.440233
1198.740100
1198.766067
1198.879900
1198.961867
1199.115533
1199.190300
1199.554267
1200.247600
1200.577567
1200.618233
1200.637633
1200.801567
1200.831600
1200.873567
1202.262200
1202.408267
1202.610833
1202.785333
1202.884333
1203.089933
1203.321267
1203.697567
1203.730400
1203.910600
1203.926067
1204.028400
1204.040400
1204.082367
1204.148833
1204.164500
1204.264300
1204.277033
1204.448933
1205.404600
1205.565767
1205.583133
1205.633667
1205.702267
1205.751633
1205.913867
1205.971467
1206.025767
1206.133000
1206.156900
1206.206833
1206.285567
1206.405533
1206.466033
1206.848800
1207.629933
1207.934233
1207.951133
1207.963433
1207.976667
1208.001867
1208.063700
1208.079467
1208.131500
1208.147567
1208.307300
1208.346000
1208.414033
1208.525833
1208.547967
1208.718400
1208.775733
1208.821033
1208.895600
1209.094433
1209.228167
1209.333933
1209.502033
1209.638433
1209.836600
1209.877967
1209.988833
1210.025000
1210.057933
1210.063433
1210.103133
1210.546600
1210.559400
1211.902600
1211.929833
1211.939533
1211.985933
1212.025433
1212.095100
1212.389333
1212.470300
1212.472867
1212.528700
1212.872800
1213.020133
1213.061433
1213.309567
1213.635367
1213.658800
1213.698300
1213.770233
1213.772067
1213.810000
1213.833933
1213.960133
1214.126467
1214.197567
1214.531067
1214.584600
1214.654700
1215.045933
1215.313033
1215.571433
1215.864733
1215.972633
1215.976300
1215.979867
1216.251833
1216.390433
1216.987300
1217.182067
1217.580900
1217.637233
1217.641533
1217.834733
1218.006000
1218.039433
1218.200400
1218.235333
1218.440900
1218.626967
1218.641900
1218.759000
1218.967633
1219.162500
1220.174167
1220.792333
1220.871833
1220.996767
1221.196867
1221.227867
1221.230567
1221.266400
1221.392133
1222.154633
1222.277333
1222.346867
1222.613033
1222.675500
1222.717833
1222.736100
1222.817633
1222.847700
1222.853333
1222.920067
1222.988533
1222.992133
1223.023200
1223.053400
1223.066367
1223.142900
1223.188033
1223.236033
1223.240733
1223.779433
1223.879667
1224.275200
1224.611467
1224.893767
1224.969033
1225.191767
1225.570333
1225.925133
1226.156233
1226.371267
1226.513033
1226.775633
1226.962367
1227.063133
1227.232767
1227.811400
1228.055733
1228.606633
1228.620867
1228.634600
1228.669900
1228.709067
1228.735067
1228.771200
1228.802000
1228.835700
1228.854267
1229.321967
1229.472033
1229.599467
1229.845733
1229.928467
1230.495667
1230.635233
1230.699567
1230.743533
1231.012733
1231.304233
1231.353867
1231.772233
1231.929133
1232.480967
1232.576700
1232.912033
1233.117133
1233.239633
1233.603567
1233.689133
1233.934433
1233.943333
1234.039200
1234.102933
1234.151267
1234.161433
1234.272500
1234.354567
1234.386133
1234.784200
1235.009333
1235.198500
1235.357833
1235.398533
1235.405600
1235.806367
1235.815433
1236.053000
1236.542567
1236.624767
1236.655400
1236.680933
1236.752567
1236.778667
1237.316867
1237.758333
1237.808233
1238.023767
1238.378833
1238.520400
1238.526100
1238.614633
1238.685267
1238.700667
1238.880933
1239.051000
1239.134267
1239.179500
1239.348467
1239.455667
1239.518900
1239.570400
1240.389633
1240.455467
1240.473067
1240.502600
1240.533767
1240.539433
1240.545767
1240.575967
1240.586600
1240.753967
1240.759867
1240.851433
1240.946767
1241.050533
1241.130233
1241.138100
1241.177933
1241.227400
1241.300867
1241.357333
1241.378733
1241.546533
1241.766933
1241.920400
1242.086267
1242.310100
1242.371333
1242.422633
1242.520133
1242.611433
1243.002200
1243.092067
1243.126667
1243.630900
1243.944800
1244.008667
1244.078900
1244.571700
1244.695333
1244.781933
1245.071433
1245.160533
1245.205267
1245.259733
1245.383633
1245.626200
1245.879167
1246.033500
1246.259800
1246.615933
1247.119033
1247.152300
1247.253667
1247.784700
1247.815500
1247.846533
1247.890667
1249.102100
1249.272900
1249.900400
1249.941500
1250.096900
1250.101967
1250.153867
1250.248967
1250.334833
1250.544533
1250.607667
1250.716933
1251.223300
1251.510867
1251.541567
1251.570367
1251.612000
1251.671667
1251.912967
1252.643300
1252.712433
1252.833833
1252.950733
1253.232167
1253.284600
1255.148833
1255.231433
1255.244467
1255.278900
1256.424033
1256.680500
1256.720700
1256.735700
1256.824933
1256.861967
1256.873200
1257.865133
1257.942300
1257.955967
1258.672567
1259.070500
1259.175733
1259.182633
1259.273900
1259.331367
1259.345000
1259.362933
1259.418800
1259.466967
1259.514333
1260.153033
1260.282033
1260.619567
1260.678267
1260.780533
1260.932833
1261.150067
1261.231667
1261.317233
1261.434267
1261.748333
1261.987000
1262.183300
1262.326600
1262.386500
1262.471567
1262.710167
1262.748033
1262.883667
1263.436267
1263.571667
1263.949567
1264.006133
1264.133300
1264.224000
1264.414700
1264.416433
1264.637533
1264.907600
1265.001867
1265.004367
1265.025533
1265.105367
1265.158967
1265.166700
1265.169533
1265.180700
1265.270200
1265.276533
1265.321100
1265.389600
1265.398967
1265.545300
1265.622467
1265.629467
1265.738467
1265.873900
1265.882433
1266.285133
1266.420333
1266.870800
1267.469367
1268.090967
1268.156400
1268.263367
1268.267967
1268.433900
1268.591200
1269.122733
1269.253667
1269.449267
1269.761533
1269.764500
1269.937067
1269.974133
1270.139267
1270.838533
1271.152367
1271.222633
1271.304933
1271.769267
1271.957100
1271.979267
1272.010633
1272.260133
1273.005100
1273.527767
1273.555967
1273.566400
1273.633933
1274.106633
1274.464733
1274.714300
1274.752267
1275.015367
1275.140900
1275.184867
1275.249367
1276.051133
1276.102333
1276.139700
1276.241733
1276.329867
1276.933333
1277.005967
1277.067467
1277.314600
1277.333700
1277.491167
1277.606367
1277.736267
1278.387600
1278.635667
1278.754733
1278.867767
1279.218967
1279.349600
1279.458233
1279.463067
1279.470700
1279.508233
1279.578500
1279.645567
1279.750267
1279.826133
1279.885000
1279.962067
1280.184700
1280.188800
1280.463367
1280.585200
1280.617467
1280.640933
1280.656100
1280.778900
1280.855567
1280.980500
1281.191667
1281.251033
1281.503833
1281.680733
1282.433933
1282.685967
1282.688533
1282.949267
1283.033500
1283.626433
1283.825833
1284.473233
1285.153600
1285.189533
1285.248100
1285.303200
1285.337033
1285.352433
1285.399667
1285.436867
1285.454400
1285.521733
1285.550667
1285.687400
1285.812500
1285.891000
1285.925500
1285.968000
1286.268767
1286.465633
1286.540767
1287.062933
1287.220433
1287.318933
1287.401733
1287.970800
1288.319000
1288.446433
1288.467433
1288.521433
1288.551433
1288.572400
1288.686300
1288.760700
1288.794767
1288.864867
1289.436367
1289.815733
1290.116767
1290.778567
1290.865767
1290.912467
1291.901433
1292.083467
1292.134100
1292.181667
1292.608567
1292.632667
1293.122567
1293.465900
1293.509367
1293.514967
1293.524900
1293.657200
1293.664933
1293.800233
1294.629867
1294.717600
1294.724500
1294.775933
1295.064867
1295.150400
1295.221100
1295.338000
1295.366333
1295.433000
1295.460067
1295.688867
1295.965667
1296.103500
1296.184667
1296.234167
1296.314667
1296.455100
1296.611867
1296.767567
1296.947500
1297.064200
1297.228167
1297.281900
1297.508267
1297.545867
1297.564733
1297.579500
1297.609400
1297.614900
1297.633133
1297.698800
1297.748200
1297.857833
1297.941500
1297.995733
1298.112433
1298.400167
1298.566100
1298.628867
1299.035267
1299.152900
1299.542533
1299.805600
1300.009667
1300.170767
1300.417933
1300.469600
1300.650933
1300.712233
1300.765667
1300.826000
1300.878267
1301.211100
1301.324433
1301.395933
1301.439233
1301.464667
1301.630833
1301.844633
1302.144100
1302.250433
1302.364233
1302.386700
1302.396233
1302.435133
1302.468633
1302.819167
1302.887533
1303.003467
1303.234233
1303.291800
1303.608967
1303.818100
1303.895900
1303.942267
1304.219767
1304.360200
1304.597767
1305.367967
1305.581900
1305.691233
1305.991267
1306.088400
1306.415133
1306.507500
1306.659867
1306.866367
1306.914400
1306.933200
1306.951300
1307.030200
1307.042600
1307.128367
1307.142100
1307.316367
1308.017200
1308.121733
1308.202433
1308.819767
1308.873300
1309.099667
1309.222533
1309.300400
1309.312133
1309.502167
1309.507067
1309.526067
1309.546033
1309.550467
1309.583867
1309.702733
1309.707767
1309.742833
1309.961067
1310.010667
1310.084867
1310.289333
1310.428800
1310.768233
1310.878833
1310.947733
1310.961333
1311.015233
1311.736200
1311.820300
1311.834467
1312.101200
1312.229267
1312.846500
1312.869033
1313.230400
1313.495900
1313.750000
1313.817000
1313.819567
