0.177000
0.207433
0.282333
0.338433
0.668233
0.710967
0.936367
0.992533
1.047133
1.057833
1.079933
1.085800
1.324633
1.546300
2.006200
2.038733
2.106433
2.552733
2.672600
2.716033
2.766900
3.113967
3.246533
3.254867
4.251100
4.373033
4.452867
4.548267
4.800433
4.902300
5.060400
5.399733
5.600567
5.620467
5.933667
6.270067
6.311467
6.409367
6.435467
6.509033
6.612500
6.633167
6.652700
6.765267
6.989033
7.535967
7.580867
8.005867
8.012300
8.168833
8.211900
8.402600
8.546133
8.566500
9.015133
9.123400
9.128733
9.312000
9.489333
9.507067
9.654200
9.760100
9.768533
10.521300
10.688900
10.758000
10.791867
10.820700
11.000967
11.109333
11.622200
11.649033
11.822333
11.902067
11.928333
12.099833
12.147467
12.153900
12.349133
12.555600
12.828867
13.046733
13.104667
13.339933
13.510233
13.650733
13.852933
13.943533
13.957600
14.236967
14.248100
14.466800
14.702467
14.908033
15.023833
15.117367
15.316200
15.370367
15.497567
15.624067
15.803200
15.902833
16.011767
16.218133
16.340433
16.573200
16.672400
16.778700
16.969967
17.294967
17.486667
17.551767
17.568300
17.800833
17.811200
17.832000
18.174833
18.500733
18.961467
19.000267
19.027200
19.174500
19.223433
19.270600
19.388467
19.394700
19.858600
20.413600
20.466100
20.586567
20.710867
20.770200
20.861367
21.100333
21.217500
21.488500
21.706300
21.730167
21.854067
21.878433
21.963800
22.396367
22.410433
22.601600
22.607867
22.758067
22.908867
23.141500
23.588767
23.601433
23.683567
23.997733
24.093867
24.322700
24.328567
24.475500
24.800033
24.912533
25.105067
25.120867
25.139000
25.140867
25.320867
25.600000
25.622467
25.850000
25.858967
25.906133
26.144400
26.242200
26.503933
26.748533
27.137433
27.175800
27.315567
27.366667
27.489500
27.511600
27.808633
28.444633
28.518433
28.673933
28.709733
29.060067
29.070133
29.462367
29.504133
29.664633
29.778100
29.821767
29.944600
30.673167
30.702567
31.104100
31.136733
31.177200
31.347700
31.586133
31.651133
31.878000
32.233133
32.447900
32.495467
32.550000
32.767200
32.882700
32.892600
32.976067
33.040300
33.080633
33.121533
33.133200
33.299400
33.410633
34.094500
34.494200
34.525200
34.656167
34.877800
35.053067
35.200133
35.244333
35.316267
36.210900
36.338567
36.457967
36.587633
36.663800
36.802067
36.808667
36.871100
37.020100
37.568433
38.059200
38.128600
38.135800
38.382900
38.415500
38.428367
39.117033
39.320233
39.563233
39.792933
39.817833
39.848733
39.942833
39.965800
40.148833
40.246367
40.329300
40.353233
40.437333
40.478867
40.507233
40.646767
40.792633
40.882067
40.896800
41.135400
41.213533
41.615367
41.657467
41.764000
41.771733
42.282133
42.330400
42.504833
42.767200
42.878733
42.928300
43.018200
43.086500
43.108467
43.208100
43.584533
43.720333
43.830400
43.868600
43.979067
44.016433
44.115233
44.395200
44.512300
44.696700
45.112500
45.542167
45.593933
45.712567
45.913833
46.379800
46.477700
46.488067
46.580967
46.717100
47.155633
47.454867
47.567767
47.644667
47.654800
47.776000
47.782567
47.896733
47.994533
48.428333
48.530467
49.073967
49.130067
49.158733
49.340867
49.768900
49.806000
50.019900
50.143700
50.291000
50.896367
50.963000
51.213867
51.401533
51.411200
51.440000
51.591633
51.867700
51.921067
51.985733
52.078700
52.143133
52.286033
52.380200
52.762767
52.839000
53.205733
53.390667
53.468233
54.781433
55.466333
55.667267
55.711233
55.827567
55.873767
55.885000
55.998833
56.005167
56.010867
56.140067
56.196333
56.235500
56.395700
56.589767
56.927133
57.031533
57.286867
57.480267
57.738033
57.989167
58.082467
58.312767
58.486600
58.495600
58.660767
58.753600
58.801367
58.807200
58.909100
59.094433
59.133900
59.140733
59.172867
59.275233
59.663067
59.704667
59.942300
60.040967
60.380533
60.745533
60.801633
61.090033
61.258033
61.412500
61.578667
61.675333
61.724967
61.914300
61.979933
62.159933
62.238067
62.261100
62.381367
63.042000
63.192300
63.242200
63.450600
63.504833
63.698467
64.018067
64.082100
64.106000
64.294100
64.370100
64.532067
64.541133
64.748667
64.819133
65.050367
65.294533
65.562967
65.588633
65.767100
65.818600
66.167900
66.189133
66.335733
66.683400
66.690400
67.083767
67.385533
67.499567
67.558533
67.560600
67.565433
67.919067
68.632833
68.717000
68.828667
69.450600
69.741333
70.367067
70.806200
70.824500
71.133467
71.429133
71.529400
71.550633
71.710633
71.912167
71.954933
72.048933
72.156133
72.223733
72.246867
72.269667
72.461800
72.699667
73.123033
73.236667
73.272800
73.344733
73.614167
73.706533
73.792967
74.099433
74.275167
74.610100
74.782233
74.789600
74.857333
74.926700
75.117100
75.197300
75.318300
75.382900
75.424700
75.570400
75.638900
75.670433
75.942567
75.978133
76.151900
76.520967
76.627833
76.662800
76.747767
76.754933
76.899433
76.905367
77.075600
77.101500
77.117867
77.656533
77.987333
78.048600
78.146067
78.308967
78.319867
78.407733
78.442900
78.658767
78.927433
79.057633
79.152433
79.166067
79.257000
79.301200
79.346467
79.369100
79.637033
80.169667
80.350100
80.690533
80.861800
80.867067
80.874133
80.966100
81.029033
81.054567
81.077933
81.256900
81.342500
81.469533
81.615933
81.724100
81.926667
82.019133
82.042967
82.297100
82.324933
82.816133
82.953000
82.986467
83.650400
84.010867
84.082400
84.245667
84.401200
84.479433
84.856533
84.894833
84.916133
84.973167
84.988967
85.162400
85.217867
85.506733
86.035833
86.155400
86.259633
86.488467
86.823133
87.029900
87.221367
87.693300
87.843100
87.923033
88.090500
88.232233
88.405467
88.458400
88.599700
88.939600
88.981467
89.198633
89.252933
89.287467
89.378467
89.407033
89.738933
89.855600
89.877467
90.238833
90.397333
90.463100
90.549500
90.867733
90.950900
90.981367
91.048933
91.130267
91.419800
91.587400
91.598467
91.748367
91.841767
92.113200
92.564000
92.593633
92.995800
93.166200
93.263100
93.299500
93.341033
93.575967
93.928733
93.949367
94.067967
94.324767
94.690967
95.144467
95.208033
95.887067
96.298167
96.387767
96.475233
97.165767
97.189267
97.321533
97.329000
97.603267
97.886467
97.928200
98.037833
98.285100
98.310000
98.459000
98.555767
98.698333
98.846967
98.949900
99.086033
99.513333
99.600867
99.847467
100.280833
100.418867
100.433167
100.900933
101.332267
101.499300
101.610300
101.933567
102.133933
102.151967
102.354467
102.437200
102.485300
102.521767
102.861967
102.889900
103.043500
103.054567
103.296567
103.586067
103.704067
103.819267
103.956933
104.161367
104.264100
104.334567
104.363300
104.501833
104.587033
104.796167
104.970433
104.993933
105.094367
105.221967
105.342233
105.441333
105.550233
105.561000
105.666300
105.881500
106.064033
106.233133
106.246867
106.256367
106.768867
106.964267
107.000800
107.065967
107.171000
107.387967
107.413900
107.781000
107.998233
108.127533
108.261100
108.390600
108.424867
108.496300
108.535467
109.162167
109.347433
109.415333
109.422033
109.615200
109.681500
109.716033
110.014833
110.182233
110.212900
110.249600
110.280700
110.369233
110.522300
110.634033
110.762867
110.811300
111.029500
111.207333
111.470700
111.825033
112.147333
112.518333
112.546533
113.287200
113.324233
113.436800
113.803600
113.812433
113.898100
113.981133
114.134400
114.367567
114.393300
114.507967
114.593233
114.771500
114.787333
114.932200
115.105067
115.534233
115.832167
116.049833
116.114967
116.268967
116.404467
116.575467
116.918467
117.004067
117.091500
117.132933
117.220600
117.515133
117.789300
117.920567
118.114467
118.452000
118.639267
118.648300
118.678433
118.693033
118.902700
119.096200
119.360867
119.385100
119.395233
119.507533
119.544033
119.548400
119.679467
119.698500
120.220300
120.336900
120.567833
120.658800
120.807500
121.088767
121.169533
121.362533
121.476567
121.487333
121.767033
122.523467
123.225300
123.357000
123.424533
123.437900
124.080133
124.281300
124.391400
124.832033
124.834400
124.989367
125.094000
125.252333
125.735367
125.963267
126.165833
126.267067
126.281200
126.405767
126.414900
126.480233
126.784667
127.291733
127.551667
127.757433
128.026633
128.054633
128.192333
128.456033
128.810933
128.825800
128.908167
129.027067
129.081400
129.230300
129.447333
129.492533
129.585267
129.786733
130.101867
130.243867
130.452167
130.561900
130.617567
130.755733
130.810200
130.825300
131.505300
131.512567
131.579967
131.591800
131.898200
131.939200
132.087300
132.163133
132.431267
132.510433
132.527467
132.725167
133.172900
133.336000
133.471067
133.518700
133.557033
133.776133
133.873067
134.141667
134.488700
134.689800
134.743833
134.974233
135.180100
135.409200
135.533333
135.782967
136.472333
136.510867
136.789600
136.903800
137.109233
137.183533
137.520433
137.572300
137.608733
137.645267
137.702833
137.902233
138.055367
138.275600
138.502400
138.550633
138.636900
138.812233
138.997167
139.004033
139.154400
139.190467
139.228467
139.623300
139.730133
139.767800
139.916900
140.248233
140.334000
140.759300
140.871700
141.003233
141.173467
141.205333
141.559767
141.820567
141.870733
142.041567
142.367967
142.387233
142.406533
142.468267
142.574200
142.862800
142.929433
142.960400
143.249767
143.383033
143.630767
143.666000
143.753700
143.993733
144.017867
144.143867
144.151067
144.204300
144.610533
144.780567
145.121300
145.458200
145.522867
145.535633
145.788900
145.907033
146.014567
146.366000
146.396133
146.493300
146.511067
146.827133
146.976300
147.244367
147.307067
147.468800
147.550700
148.208133
148.298333
148.304300
148.404600
148.425700
148.621800
148.652633
148.891067
148.905700
149.014567
149.092067
149.234633
149.312100
149.457800
149.482033
149.587567
149.690400
150.142100
150.527867
150.605533
150.716900
151.262333
151.323133
151.489967
151.703500
152.018667
152.124533
152.160467
152.260133
152.301700
152.376467
152.409767
152.575100
153.030567
153.508700
153.525667
153.662767
153.767133
154.173833
154.195267
154.434633
154.510667
154.631100
154.735200
154.762967
154.912700
155.040933
155.203000
155.287700
155.388367
155.760867
155.828433
155.857767
156.393900
156.473100
156.544700
156.659067
157.427967
157.443300
157.450833
157.757967
157.961167
158.093033
158.165900
158.385967
158.539300
158.825167
158.906233
158.923200
158.973667
159.053100
159.067800
159.155100
159.251533
159.375700
159.398033
159.460767
159.509800
159.727133
159.736600
159.802067
160.187300
160.212033
160.354933
160.362567
160.478767
160.868667
160.895300
160.927067
161.041300
161.260267
161.344233
161.447600
161.481967
161.587467
161.865933
161.901067
161.998700
162.116933
162.161367
162.315600
162.674733
162.747967
163.077833
163.126600
163.872200
163.989600
164.220967
164.245900
165.162167
165.464767
165.522833
165.625333
165.687433
165.724933
165.795833
165.890167
166.028067
166.194133
166.334867
166.654733
166.724333
167.196400
167.258100
167.444667
167.493633
167.835933
167.898267
168.121267
168.161133
168.604633
168.761933
168.767533
168.851567
169.103667
169.227567
169.315067
169.325733
169.372300
169.568033
169.590500
169.848833
169.894567
170.154733
170.331500
170.470000
170.489267
170.696000
171.065167
171.512133
171.653633
171.746600
172.448367
172.550833
172.648967
172.825767
172.925800
172.944900
173.067400
173.105033
173.226167
173.235167
173.409733
173.539600
173.631867
173.780133
173.842200
173.919100
174.138467
174.204433
174.307367
174.531133
174.759167
174.765933
174.993833
175.102600
175.107600
175.133800
175.307933
175.332100
175.395400
175.700933
175.845100
175.865267
176.086500
176.353100
176.918767
177.000067
177.106100
177.493633
177.556367
177.755900
177.763700
177.832867
177.847567
177.858067
177.917833
178.101267
178.223200
178.364700
178.553333
178.910833
178.997833
179.053800
179.128900
179.215533
179.245500
179.675800
179.846967
179.972367
180.252700
180.277433
180.629400
180.810300
180.944067
180.962233
181.115867
181.145233
181.173833
181.240000
181.276867
181.560433
182.012200
182.125533
182.209567
182.285267
182.349867
182.445400
182.526333
182.555433
182.810467
183.564467
183.570400
183.622267
183.648800
183.828167
184.159033
184.180000
184.338700
184.648067
184.696367
184.796933
184.865067
184.915767
185.024833
185.050800
185.204433
185.326133
185.357600
185.450000
185.503700
185.516633
185.627367
185.702867
185.920167
186.082667
186.151433
186.255867
186.516000
186.642367
187.081633
187.094200
187.111367
187.225733
187.289967
187.354867
187.402967
187.709367
187.819333
187.828367
187.964933
187.999600
188.083367
188.425933
188.539767
188.640833
188.767867
189.258600
189.353300
189.459400
189.543267
189.848633
189.937667
190.115233
190.170233
190.364700
190.485000
190.575900
191.013600
191.105800
191.140133
191.372867
191.467467
192.079767
192.227700
192.417767
192.497233
192.905800
193.019700
193.153867
193.273433
193.352633
193.543033
193.678133
193.748700
193.797833
193.841567
193.919233
193.952367
193.959500
194.055300
194.106633
194.167733
194.618333
194.645533
195.182600
195.385000
195.462100
195.477700
195.484633
195.672833
195.918833
196.021767
196.268667
196.676733
196.880000
197.045033
197.443400
197.606333
197.673500
197.759533
197.898200
198.039167
198.179067
198.266700
198.481200
198.614667
198.680167
198.936067
199.265267
199.296200
199.324967
199.337800
199.661400
199.875600
200.022033
200.140500
200.338000
200.398933
200.779300
201.171467
201.192867
201.460167
201.481700
201.829900
201.879033
202.094833
202.156833
202.225267
202.296667
202.432067
202.645500
202.686167
202.950167
203.160500
203.223900
203.264733
203.526333
203.673867
203.837567
204.021367
204.100200
204.174967
204.497300
204.514467
204.657700
204.689033
204.829033
204.840767
204.902667
204.978333
205.154933
205.176633
205.223000
205.236267
205.356100
205.542733
205.562433
205.610267
205.699700
206.051700
206.055700
206.692600
206.753633
206.763700
206.856933
207.029600
207.157000
207.390100
207.557267
208.002500
208.032900
208.167467
208.270367
208.313400
208.371733
208.453700
208.462400
208.486033
208.707200
208.810633
208.900933
209.297233
209.422367
209.670033
209.766633
209.771500
210.154300
210.237733
210.429767
210.461367
210.502433
210.532200
210.588833
210.777633
210.848267
210.864133
210.875433
210.982267
211.020733
211.218467
211.251700
211.296200
211.368667
211.631700
211.722133
211.778700
211.818933
212.145967
212.157733
212.167667
212.713433
212.751267
212.830833
213.001900
213.405767
213.520633
213.619767
213.629333
213.638467
213.877967
214.016233
214.392100
214.430933
214.511867
214.587600
214.618333
214.637300
214.683100
214.795033
214.846300
214.860267
214.938600
215.116067
215.126800
215.705167
215.756733
215.965267
216.490767
216.500367
216.509900
216.680333
216.685867
216.819467
216.839633
216.922333
217.471167
217.626200
217.666133
217.711167
217.882067
218.044067
218.142900
218.406400
218.625767
218.740700
218.982300
219.041733
219.222700
219.254533
219.317800
219.599533
219.653300
219.908800
220.168167
220.233167
220.247133
220.381667
220.488133
220.495967
220.608467
220.657767
220.679333
220.684667
220.778167
220.837933
220.942600
221.095967
221.101100
221.169533
221.416533
221.566200
221.654300
221.666200
221.672767
221.820533
222.472567
222.711133
222.951133
223.622267
223.631633
223.748800
223.761033
223.902433
223.962867
223.979333
224.118433
224.147000
224.216900
224.387133
224.472600
224.496000
224.599767
224.653900
224.818033
224.855100
225.086700
225.189567
225.506833
225.957800
226.323200
226.555833
226.576200
226.644500
226.660867
226.710733
226.786333
226.918667
226.986000
226.996733
227.090800
227.100333
227.405367
227.478033
227.495467
227.685433
227.794633
227.818133
227.867600
228.085267
228.134900
228.658000
228.710933
228.912100
229.332267
229.415767
229.439933
229.486967
229.500967
229.544800
229.834467
229.929533
229.940167
229.995867
230.218767
230.378000
230.388600
230.654767
230.797600
230.899733
230.932367
231.491433
231.781233
231.810700
231.899367
231.903933
232.059367
232.101633
232.109800
232.236867
232.363600
232.431533
232.753167
232.890700
233.392500
233.405233
233.461633
233.587833
233.854200
233.862267
234.036467
234.112600
234.163467
234.252900
234.808400
234.994667
235.322100
235.642133
235.652033
235.658467
235.896833
236.389133
236.646000
236.947633
236.970467
237.056733
237.108400
237.208567
237.429633
237.689300
237.702900
238.016233
238.023700
238.168700
238.227267
238.247567
238.385367
238.594967
238.697800
238.855600
238.951400
238.982267
239.449000
239.533133
239.613200
239.762700
240.004933
240.022033
240.179367
240.217267
240.530600
240.610900
240.670467
240.848567
241.451700
241.766400
241.867067
242.073133
242.138900
242.183233
243.016600
243.121100
243.215300
243.377600
243.416767
243.499100
243.697267
243.734833
243.759300
243.954333
243.970967
244.273467
244.352200
244.421300
244.429833
244.615033
244.706767
244.775067
244.830900
245.099700
245.195200
245.254800
245.307733
245.408933
245.523667
245.660767
245.836033
246.158400
246.757767
246.791333
247.003000
247.140200
247.452933
247.526300
247.701933
247.815700
247.975100
248.256933
248.281967
248.302700
248.455300
249.196500
249.446067
249.700000
249.949067
250.125700
250.223233
250.240833
250.422733
250.442933
250.494867
250.514900
250.555133
250.714867
250.785433
250.806500
250.815400
250.865267
250.929000
251.044900
251.166967
251.349800
251.366833
251.587167
251.697700
251.796067
251.850567
251.861100
251.954933
252.031300
252.082833
252.088600
252.455133
252.605200
252.752733
252.901967
252.959633
253.058367
253.071067
253.359633
253.421433
254.061767
254.114800
254.434567
254.846333
254.891900
255.170933
255.355367
256.196267
256.221767
256.300400
256.623067
256.642700
256.815767
256.976933
257.279467
257.413433
257.554800
257.628567
257.744467
257.808767
257.876900
258.111300
258.155567
258.215500
258.389267
258.579800
258.631767
258.796733
259.209167
259.270000
259.484033
259.515667
259.675700
259.724867
259.765633
259.877867
260.443767
260.454233
260.803633
260.952533
261.068633
261.425700
261.549367
261.575400
261.898133
262.291900
262.310667
262.318200
262.474800
262.845233
262.922033
263.115100
263.259167
263.303233
263.951967
264.238667
264.260633
264.416933
264.562733
264.651833
264.771433
264.853967
264.998700
265.079200
265.150667
265.168267
265.309067
265.402333
265.616533
265.992867
266.171367
266.178800
266.201233
266.265267
266.313367
266.490600
266.523867
266.682967
266.738967
266.869200
267.071000
267.094167
267.105100
267.177833
267.263700
267.410233
267.420467
267.793700
267.833800
267.872500
268.043333
268.131633
268.370300
268.511500
268.799567
269.223567
269.426433
269.531467
269.635300
269.787567
269.938233
269.989700
270.218500
270.240400
270.303933
270.385333
270.498933
270.530167
270.600767
270.770200
270.901433
271.523167
272.108900
272.183500
272.267067
272.348300
272.426967
272.442767
272.449833
272.645567
273.035333
273.457800
273.535733
273.618233
273.840433
273.961000
273.976833
274.238500
274.280600
274.449833
274.606833
275.139700
275.172900
275.189633
275.699300
275.705667
276.036367
276.251867
276.260033
276.416400
276.428300
276.458933
276.653767
276.660367
276.772933
276.919667
277.053100
277.264233
277.293733
277.501400
277.686800
277.756033
277.769733
277.787867
277.920333
277.996000
278.055600
278.369067
278.442433
278.653867
278.755200
278.794833
278.838067
278.902767
279.176667
279.196467
279.296700
279.355967
279.373567
279.391367
279.772700
279.877667
280.019667
280.114267
280.132067
280.231533
280.259400
280.663500
280.814600
280.901867
281.261433
281.312200
281.327967
281.422767
281.666367
281.781900
281.908700
282.003367
282.522000
282.794867
283.124933
283.261867
283.419333
283.437300
283.547000
284.257700
284.710100
284.771633
284.990767
285.294400
285.524867
285.580767
285.589533
285.616967
285.681200
286.146600
286.231167
286.426633
286.466067
286.634167
286.788333
286.861867
286.943333
286.998033
287.178267
287.347433
287.467933
287.548467
287.607967
287.722033
288.047033
288.084033
288.248133
288.427200
288.782667
289.141333
289.154933
289.191900
289.236567
289.274600
289.290333
289.461433
289.728167
289.803600
289.840400
290.421133
290.614467
290.736967
290.899267
291.091500
291.277633
291.291800
291.558667
291.575767
291.650800
291.666733
291.700033
291.837800
291.908033
291.999600
292.143400
292.277233
292.282600
292.353833
292.593933
292.616567
293.108767
293.747967
293.853667
293.936967
294.143800
294.228500
294.509900
294.613633
294.747167
294.772667
294.831900
294.852233
295.002867
295.029833
295.046233
295.097067
295.104100
295.363800
295.382800
295.911467
296.266867
296.679867
296.846100
296.882067
297.296500
297.310433
297.410133
297.421933
297.456733
297.578767
297.589767
297.631167
297.683933
297.830067
297.837867
298.089533
298.351233
298.395500
298.815067
298.957833
299.115133
299.175700
299.195367
299.221600
299.440900
299.514567
299.622200
299.818967
299.825567
299.841133
299.875867
299.940867
299.964300
299.988133
300.018633
300.047833
300.196933
300.204667
300.370333
300.442400
300.945167
300.968167
301.137067
301.201800
301.499233
301.587533
301.687000
302.024867
302.203967
302.247967
302.605967
302.651400
302.705733
302.968333
303.249133
303.286067
303.355467
303.467933
303.844067
303.893633
304.259000
304.413033
304.462000
304.574167
304.639567
305.101867
305.135433
305.155300
305.429300
305.570967
305.590000
305.959233
306.027533
306.286400
306.370667
306.420233
306.507000
306.609867
306.691833
306.781400
306.786967
306.907667
306.996033
307.073600
307.192200
307.283900
307.576133
307.605367
307.712500
307.769767
308.008133
308.108867
308.134967
308.204433
308.331967
308.600133
308.651333
308.668367
308.686733
308.710433
308.896667
309.025567
309.097133
309.206833
309.352567
309.466267
309.536867
309.600467
309.734433
309.905133
310.286500
310.355933
310.470467
310.720300
310.884133
310.951433
312.058300
312.210900
312.405800
312.523867
312.586233
312.608333
312.627033
312.765967
313.001267
313.010267
313.179567
313.195267
313.216667
313.519267
313.590533
313.651867
313.833733
314.250833
314.396800
314.411733
314.452867
314.485400
314.513700
314.589200
314.782833
314.866867
314.879833
315.008200
315.017067
315.145900
315.205433
315.238667
315.313233
315.483467
315.497167
315.554000
315.858533
316.010067
316.171367
316.272633
316.353867
316.689000
316.740033
316.825067
316.832867
317.071800
317.327000
317.506800
317.659767
318.012700
318.063700
318.231500
318.315433
318.363600
318.560400
318.741967
318.754667
318.781933
318.991933
319.031767
319.153033
319.375267
319.387167
319.564267
319.661233
319.865267
319.875167
320.335700
320.583200
320.730767
321.196633
321.389567
321.405967
321.507833
321.743767
321.801467
321.811033
321.859467
322.031733
322.318867
322.362300
322.435833
322.645233
322.786400
323.035767
323.202433
323.488800
323.545333
323.781833
323.891933
323.990333
324.048333
324.381000
324.570600
324.788767
324.861033
325.260567
325.293000
325.533233
325.551433
325.560767
325.619200
325.792167
326.227867
326.365167
326.387933
326.701767
326.891800
327.617300
327.681667
327.822633
327.920733
328.376600
328.591033
328.598833
329.838767
330.181667
330.337900
330.349767
330.465067
330.673633
330.894500
330.911067
331.047533
331.117067
331.423867
331.674133
331.872600
331.949467
332.095567
332.276600
332.401067
332.593333
332.808900
332.946400
332.958000
333.031067
333.274733
333.309867
333.485533
333.492700
333.649200
333.736033
333.799233
333.846733
333.869267
333.942067
334.033900
334.731833
334.882233
335.042033
335.053500
335.257633
335.579133
335.586833
335.594233
335.838333
335.993933
336.167767
336.354967
336.598733
336.752867
336.898733
336.945967
336.970567
337.158433
337.253367
337.331633
337.530067
337.552033
337.557767
337.698533
337.819600
337.828767
338.039633
338.369533
338.492400
338.701633
338.893467
339.325300
339.423400
339.533567
339.540400
339.553267
339.791700
339.982333
339.987600
339.998133
340.013533
340.143833
340.262333
340.279267
340.320300
340.406533
340.474267
340.513133
341.052667
341.370067
341.443100
341.533667
341.809333
341.883167
341.981733
342.026467
342.064100
342.185100
342.318167
342.585500
342.812267
342.819833
342.979833
342.989767
343.221567
343.313033
343.358500
343.488567
343.513000
343.559300
343.775567
343.908200
344.069900
344.085933
344.135633
344.263700
344.296433
344.368000
344.605667
344.809400
344.849867
345.260900
345.350500
345.815733
345.820833
345.832900
346.056900
346.243667
346.306600
346.535967
346.714967
346.880033
347.296700
347.310900
347.447867
347.484833
347.489767
347.513233
347.650633
347.712467
348.487800
348.650833
348.789633
349.321667
349.424533
349.755833
349.804400
349.867467
349.942400
349.958567
349.990067
350.001167
350.149533
350.176100
350.323867
350.662000
350.817800
350.955867
351.017467
351.190800
351.307567
351.651533
351.893233
351.977033
351.985100
352.059733
352.114600
352.259300
352.589400
352.704267
352.789333
353.022300
353.240867
353.299333
353.551333
353.577800
353.584800
353.676767
353.828433
353.933567
354.018100
354.170767
354.296033
354.746267
355.220167
355.254033
355.580933
355.655400
355.841633
356.545167
356.618133
356.965300
357.391933
357.405000
357.941067
357.988633
358.136300
358.312267
358.502633
358.933233
358.939300
358.961000
359.123467
359.201833
359.296067
359.429233
359.447967
359.773867
359.790867
359.913033
360.003267
360.126067
360.208167
360.551300
360.929567
360.937267
361.006567
361.015267
361.078967
361.336267
361.343133
362.037267
362.153433
362.529433
362.823467
363.358200
363.437033
363.487967
363.561567
363.661567
363.847767
363.871467
363.877667
363.928067
363.943800
364.292600
364.484267
364.538733
365.136800
365.222400
365.350900
365.384633
365.514567
365.703600
365.862433
365.940900
365.950200
366.084300
366.115633
366.196400
366.213433
366.295667
366.437067
366.468467
366.768300
366.826600
366.997467
367.141067
367.146467
367.305233
367.446233
367.475567
367.510800
367.630700
367.743400
367.832767
367.884667
368.117467
368.208367
368.279900
368.375933
368.383967
368.508933
368.601833
368.882900
369.186700
369.890267
369.988533
370.138033
370.256567
370.310367
370.325233
370.388867
370.475333
370.510733
370.755000
370.824100
370.956500
371.123000
371.203300
371.281567
371.318967
371.943767
371.990833
372.487867
372.497400
372.782267
372.788800
372.883067
372.972533
373.138767
373.189500
373.282900
373.474000
373.497500
373.732300
373.790933
374.003333
374.142300
374.239933
374.328733
374.429900
375.185867
375.260967
375.432800
375.474033
375.568800
375.636100
375.972033
376.011500
376.028400
376.052700
376.226733
376.255300
376.422200
376.462733
376.551733
376.604367
376.636467
376.702600
377.164500
377.250133
377.529033
377.592767
377.776400
377.818500
377.846233
377.857300
377.868500
378.002467
378.894767
378.914367
378.991500
379.176033
379.242600
379.599767
379.660267
379.702700
379.815633
379.963533
379.984700
380.056267
380.105733
380.276267
380.432400
380.463033
381.068667
381.789167
381.993100
382.259567
382.264433
382.356300
382.385133
382.442867
382.468233
382.587233
382.692533
382.700700
382.851867
383.128833
383.302733
383.352033
383.479233
383.500033
383.748067
383.779100
383.788967
383.838167
383.899200
383.903733
383.972600
383.990667
384.154167
384.193200
384.279500
384.310833
384.431867
384.533467
384.608133
384.718400
384.736100
385.108967
385.125367
385.599200
385.797967
385.936767
385.981867
386.123000
386.136167
386.170333
386.329400
386.537267
386.548833
386.760733
386.847733
386.961633
386.968067
387.099533
387.369567
387.452100
387.549333
387.766333
387.804567
388.017500
388.111767
388.243367
388.433400
388.458900
388.491433
388.505100
388.657567
388.667800
388.692167
388.774400
388.783533
389.090300
389.269067
389.316433
389.412267
389.539767
389.558967
389.615800
389.668167
389.707767
389.725700
389.793733
389.849667
389.855133
390.610000
391.003967
391.279167
391.413300
391.535233
391.543333
391.567867
391.590900
391.598567
391.879267
391.894067
392.208233
392.320233
392.825100
393.051467
393.112367
393.147467
393.287933
393.331267
393.366367
393.374867
393.444233
393.479867
393.536400
393.829733
393.834767
394.148267
394.209267
394.719833
394.880567
395.099033
395.589867
395.767100
395.859900
395.869467
395.874800
395.924567
395.970467
395.990067
396.163467
396.292700
396.799333
396.996600
397.163967
397.211200
397.222833
397.604167
397.945933
398.320200
398.392600
398.433300
398.463800
398.556933
398.574333
398.698967
398.740533
398.875100
398.945067
399.079800
399.136100
399.385833
399.615733
399.832733
399.896600
400.743033
400.820100
400.865900
400.870333
401.339367
401.372600
401.415900
401.420700
401.451133
401.717300
401.794733
401.975133
402.010533
402.074633
402.160533
402.534033
402.650300
402.950567
403.066633
403.349667
403.360967
403.390900
403.616100
403.653333
403.830467
403.853267
403.972300
403.984167
405.161533
405.184900
405.317200
405.527800
405.638000
405.844733
406.068467
406.201967
406.374067
406.676133
406.696967
407.026767
407.438500
407.464367
407.683600
407.714233
407.751100
407.824000
407.837033
407.949033
408.161967
408.301867
408.651567
408.660367
408.900500
408.950367
409.071633
409.545967
409.688233
410.002567
410.183033
410.487000
410.492067
410.514100
410.720433
410.957567
411.149300
411.154667
411.280267
411.352833
411.519300
411.596100
411.832833
412.322333
412.330400
412.369533
412.432267
412.441333
412.580233
412.588833
412.936667
412.998700
413.100633
413.216633
413.376200
413.434600
413.520733
413.629200
413.710067
414.290700
414.412533
414.487800
414.510767
414.595767
414.713000
415.028767
415.077000
415.136867
415.142833
415.271500
415.588433
415.796500
415.963600
416.134933
416.194500
416.444533
416.485200
416.520333
416.529467
416.626933
417.070600
417.192933
417.202467
417.299333
417.343767
417.686433
417.908467
418.436967
418.444133
418.514867
418.649700
418.754633
418.894367
419.029100
419.428800
419.685400
419.758800
419.797467
419.824900
419.910967
419.981833
419.986200
420.102900
420.219900
420.274867
420.386733
420.570000
420.580100
420.609233
420.890600
420.900633
421.106533
421.275900
421.465000
421.784967
421.925967
421.930000
422.124333
422.142233
422.187000
422.361067
422.733033
422.766767
422.870967
423.025133
423.103533
423.117700
423.133033
423.287733
423.436900
423.550533
423.762767
423.850333
423.923767
424.107867
424.265500
425.029333
425.143567
425.213033
425.485967
425.618633
425.722033
425.735433
425.809667
426.255833
426.267500
426.414033
426.947500
427.060500
427.342200
427.406767
427.489200
427.574833
427.748400
427.768233
427.997267
428.056800
428.209400
428.297367
428.442333
428.524933
428.622933
428.633833
429.026767
429.410433
429.931100
430.358533
430.368500
430.370967
430.600900
430.893700
431.349467
431.401000
431.406767
431.428300
431.792267
431.903767
432.193467
432.440967
432.491233
432.621300
432.748300
432.905867
433.090033
433.151500
433.289233
433.398900
433.501700
433.643167
433.784767
433.941933
433.946900
434.192000
434.289833
434.314400
434.378333
434.603367
434.852000
434.982100
435.097867
435.315067
436.012900
436.340833
436.858667
436.867400
437.069667
437.128267
437.223600
437.410800
437.494300
437.526067
437.735700
437.823467
437.890633
437.982167
438.094267
438.184433
438.198667
438.413000
438.641433
439.016167
439.032467
439.082733
439.111800
439.193400
439.201367
439.248333
439.288933
439.824667
440.054100
440.122267
440.137633
440.353600
440.425600
440.501367
440.516433
440.597100
440.657533
440.856433
440.978267
441.074767
441.160767
441.597100
441.677800
441.735467
441.879167
441.889633
442.091600
442.104500
442.272000
442.290667
442.377667
442.561933
442.781567
443.352233
443.437933
443.506100
443.725800
444.091700
444.098567
444.258367
444.272667
444.350600
444.457767
444.621200
444.767933
444.787900
445.323633
445.447100
445.886800
445.904300
446.113500
446.193467
446.267300
446.393367
446.660100
446.737700
447.021500
447.195867
447.222333
447.684967
447.769167
447.801967
447.826833
447.923900
447.971500
448.339200
448.476100
448.660533
448.677867
448.810667
449.056133
449.218800
449.319767
449.426533
449.612300
449.794667
449.851700
449.858033
449.895833
450.240733
450.326033
450.352200
450.365433
450.492100
450.834000
450.952667
451.235033
452.199467
452.315867
452.343300
452.438100
452.781567
452.798133
452.812533
452.952433
453.247833
453.653000
453.901133
453.969100
453.981200
454.011600
454.141967
454.258567
454.278867
454.531300
454.577533
454.604467
454.963767
455.294500
455.434667
455.527033
455.571800
456.031700
456.042933
456.458133
456.800300
457.080500
457.145300
457.196333
457.418733
457.495700
457.700700
457.760600
457.767000
457.825500
458.267133
458.286267
458.371467
458.393167
458.528567
458.639367
458.738833
458.884400
458.911700
459.159167
459.165000
459.442233
459.501333
459.552333
459.634700
459.696600
459.714000
459.873700
459.919633
460.719967
460.734333
460.934833
461.358167
461.452533
461.584800
461.807733
461.897167
462.033633
462.172467
462.321000
462.558000
462.725533
462.792767
462.818100
462.905367
462.948500
462.966100
463.062633
463.238633
463.279100
463.446300
464.363900
464.369767
464.410333
464.473133
464.636100
464.709600
464.849400
465.150367
465.178967
465.264667
465.633367
465.681167
465.755300
465.832600
466.307067
466.550700
466.605633
466.622767
466.745033
466.865600
466.997467
467.079200
467.087600
467.169800
467.374067
467.488967
467.714833
467.869500
467.919533
468.116633
468.300167
468.405300
468.447333
468.560533
468.719100
468.775500
468.943433
468.969500
469.095800
469.168567
469.256667
469.271933
469.475133
470.314100
470.591067
470.640700
470.868867
471.021233
471.124567
471.277900
471.306667
471.313733
471.464100
471.540033
471.769200
472.351500
472.632200
472.752133
472.771267
472.785967
472.944333
472.979400
473.130333
473.292700
473.415500
473.744167
473.768100
473.987600
474.077333
474.530633
474.548767
474.922967
474.996733
475.282900
475.372833
475.782333
476.465267
476.502833
476.876967
477.176367
477.229233
477.379167
477.402333
477.415000
477.622633
477.671600
477.863133
477.868233
477.937933
478.023167
478.112867
478.273767
478.411100
478.419933
478.648033
478.808567
478.870367
479.009833
479.043000
479.126033
479.306733
479.834667
480.044433
480.255100
480.363733
480.978667
481.015233
481.107233
481.133900
481.729033
481.936833
482.399567
483.116467
483.135067
483.431067
483.498433
483.503567
483.530867
483.628300
483.825533
483.899200
484.006400
484.201133
484.282633
484.873267
485.275067
485.908133
486.110033
486.260133
486.288200
486.295733
486.594333
486.649833
486.697033
486.734533
487.101000
487.305567
487.666667
487.870600
488.096400
488.115967
488.122467
488.192667
488.216800
488.386867
488.435800
488.530967
488.600300
488.692833
488.961500
488.980333
488.994067
489.309867
489.312367
489.496900
489.534100
489.541467
489.573133
489.596000
489.916633
489.953733
489.960467
490.085967
490.210133
490.321633
490.378933
490.576800
490.761467
490.823833
490.941000
491.057967
491.365100
491.509300
491.938133
492.022567
492.037867
492.367367
492.747767
492.796033
492.891733
493.322833
493.566300
493.724800
493.735433
494.156533
494.166800
494.708800
494.737633
494.809633
494.885067
494.945200
495.221200
495.229700
495.556233
495.707067
495.846700
496.104067
496.122833
496.129933
496.137933
496.143833
496.151867
496.288900
496.629733
496.939600
496.966667
497.097533
497.365400
497.455367
497.480500
497.497233
497.709433
497.796733
497.916900
498.248767
498.253700
498.275500
498.351933
498.634633
499.281900
499.308033
499.335567
499.457033
499.564667
499.632400
499.913867
500.093633
500.255600
500.346300
500.461867
500.556033
500.741267
500.766167
500.797800
501.075033
501.398167
502.183100
502.431600
502.676900
502.785667
502.832867
502.972133
503.040233
503.053700
503.118033
503.683167
503.993267
503.999967
504.009267
504.197567
504.259867
504.396700
504.686667
504.698200
504.718867
504.966067
505.069100
505.142533
505.240700
505.296800
505.570967
505.706033
505.724100
505.731467
505.912667
506.173867
506.465867
506.563467
506.728133
506.886533
506.895533
506.958667
507.007000
507.066233
507.284300
507.440700
507.763867
507.770167
507.799700
508.002833
508.020167
508.125033
508.173967
508.516333
508.618433
508.849167
508.915367
509.071200
509.276900
509.326567
509.335267
509.547767
509.595133
509.855000
510.006833
510.149567
510.159133
510.672667
510.768367
511.060300
511.679800
511.858167
512.586033
512.636933
512.678400
512.694900
513.001000
513.109567
513.494200
513.521100
513.779300
513.791700
513.863000
513.871500
513.919533
513.998100
514.229233
514.428700
514.486800
514.599167
514.731967
514.933067
514.940267
515.235667
515.454533
515.489333
515.508567
515.632067
515.690267
515.792033
515.861900
516.102600
516.166067
516.252167
516.316700
516.440667
516.478000
516.523000
516.574967
516.617200
516.639767
516.712000
517.392300
517.434067
517.576600
517.666333
518.096300
518.297900
518.394633
518.637567
518.778400
518.803567
518.911633
519.126833
520.386400
520.412033
520.757200
520.958467
521.208467
521.295433
521.360267
521.445700
521.579733
521.753400
521.968867
522.078567
522.089233
522.362333
522.372567
522.463667
522.622467
522.766467
522.833900
522.903367
522.964600
522.978900
523.220000
523.404233
523.532000
523.610600
524.081500
524.201667
524.261033
524.295967
524.417033
524.693467
525.081433
525.153300
525.773167
525.818867
525.916767
526.057800
526.457700
526.634300
527.036200
527.103100
527.128633
527.167933
527.261000
527.412233
527.436700
527.522000
527.527600
527.695733
527.897333
527.989867
528.000933
528.032467
528.051500
528.106267
528.154233
528.267200
528.497900
528.625633
529.004867
529.172900
529.311767
529.478600
530.094167
530.821833
530.879267
530.959867
531.314000
531.325467
531.636433
531.751367
531.760200
531.833567
531.864100
531.929700
531.985800
532.299267
532.537467
532.556633
532.654200
532.762933
532.863067
532.980933
533.538933
533.760567
533.785133
533.792033
534.030133
534.059933
534.535667
534.711500
534.821233
534.887067
535.308067
535.386167
535.441500
535.480467
535.510567
535.622867
535.761600
535.847200
536.113767
536.201333
536.353300
537.052200
537.299533
537.312867
537.326833
537.335833
537.382733
537.481700
537.588667
537.825500
537.886300
537.946100
538.051933
538.131133
538.554633
538.771967
539.107100
539.307667
539.309733
539.423233
539.441167
539.680400
539.767633
539.785133
539.860533
540.507733
540.521067
540.595700
540.882567
540.911000
541.104233
541.150767
541.171233
541.389167
541.416133
541.482467
541.654267
541.868133
542.879533
543.158733
543.193633
543.259933
543.520100
543.534267
543.734700
543.913067
543.957000
544.084767
544.250267
544.572000
544.660567
545.054433
545.235633
545.404833
545.518567
546.219500
546.265633
546.279967
546.485800
546.712167
546.835400
546.861567
547.063133
547.317700
547.341833
547.398400
547.495500
547.505167
547.626767
547.720500
548.108167
548.121000
548.292200
548.336900
548.652600
548.857800
549.012900
549.020633
549.130700
549.669767
549.705000
549.786533
549.841567
549.846767
549.909067
550.033233
550.130233
550.212833
550.371033
550.379767
550.556967
550.794533
550.890267
550.967933
551.226000
551.484233
552.006800
552.034467
552.047500
552.104167
552.174733
552.293700
552.303133
552.403600
552.449400
552.844733
552.891333
552.929433
553.290267
553.557867
553.594800
553.817267
554.012200
554.117467
554.127933
554.387500
554.520767
554.552167
554.951900
555.135200
555.299533
555.314567
555.675067
555.693933
555.702033
556.232867
556.394867
556.494000
556.544367
556.687500
556.694867
557.003367
557.089433
557.138000
557.233833
557.553167
557.716800
557.879400
557.954000
558.028133
558.057667
558.106700
558.661333
558.696300
559.003233
559.328033
559.408967
559.420833
559.666333
559.699933
559.807233
559.913167
559.930100
559.981700
560.131733
560.289467
560.514133
560.586967
560.808533
560.854433
560.925533
560.931733
561.035267
561.138833
561.240600
561.286033
561.338933
561.445567
561.464367
561.631533
561.802400
562.054100
562.142167
562.449633
562.471367
562.785400
562.800733
562.867567
563.003833
563.101733
563.163367
563.193000
563.290933
563.348867
563.423067
563.550400
563.657300
564.016600
564.212233
564.227233
564.688467
564.701700
564.715433
564.885667
565.130700
565.185267
565.339433
565.386100
565.484133
565.561767
565.610633
565.715933
566.014300
566.067600
566.221233
566.429933
566.529867
567.158800
567.163167
567.332467
567.429667
567.563167
567.828300
567.840467
568.436900
568.489200
568.835000
569.129167
569.196433
569.250000
569.433833
569.484900
569.508967
569.615967
569.882000
569.908400
570.116767
570.173700
570.260400
570.346933
570.495300
570.590667
570.597533
570.680367
570.768967
571.210733
571.399667
571.499367
571.535700
571.935733
572.331233
572.341833
572.470700
572.556700
572.562767
572.572433
572.802167
572.850733
572.855700
573.235533
573.246133
573.392700
573.576100
573.635833
573.642467
573.674233
574.005467
574.553867
574.645667
574.677300
574.927167
574.974733
575.050733
575.094433
575.233900
575.274733
575.382567
575.543533
575.616467
575.735900
575.770967
576.065833
576.097900
576.146300
576.216400
576.238300
576.383400
576.439600
576.472567
576.520733
576.577933
576.742367
576.849933
576.914733
576.955233
577.222567
577.296433
577.320433
577.329033
577.432667
577.457933
577.567267
577.846067
577.971267
578.024667
578.217867
578.318300
578.323000
578.582733
578.694433
579.076533
579.185800
579.391467
579.539500
579.812167
580.178300
580.258933
580.326567
580.445633
580.617300
580.647167
581.015633
581.554433
581.567600
581.755700
581.805767
581.982200
582.058900
582.364133
582.422433
582.434200
582.488167
582.664067
582.753867
582.831333
582.911800
582.962833
583.582067
583.757967
583.941467
584.140433
584.315833
584.343733
584.865800
584.944167
585.065367
585.236933
585.467633
585.555167
585.578533
585.804767
585.833300
585.892567
586.085367
586.204900
586.279733
586.651567
586.900867
586.967900
587.010767
587.034867
587.082533
587.274267
587.409333
587.464633
587.598367
587.688233
587.730333
587.871100
588.270400
588.405800
588.623600
588.644633
588.742100
588.879567
588.954133
589.278367
589.321567
589.482067
589.621767
589.694067
589.824167
589.854833
589.881167
589.947033
590.014833
590.036700
590.250733
590.267567
590.380400
590.501300
590.569167
590.619833
590.695167
590.860767
590.965800
591.049700
591.157167
591.214500
591.336267
591.347100
591.593500
591.612267
591.876800
591.932533
591.944700
591.980833
592.022833
592.302733
592.394600
592.549300
592.879400
593.018467
593.216633
593.439333
593.513033
593.527500
593.809167
593.867933
594.112133
594.286900
594.350733
594.437567
594.440133
594.538500
594.649367
595.055900
595.146433
595.157933
595.167300
595.293467
595.497467
595.536200
595.655133
595.697467
595.886000
596.007500
596.017500
596.040633
596.188700
596.221900
596.289433
596.751267
596.985433
597.023100
597.103900
597.389100
597.540800
597.667300
597.869433
598.177833
598.192100
598.291500
598.352400
598.539600
598.674400
598.751567
598.767300
598.874467
598.978333
599.130167
599.250333
599.319400
599.355933
599.363867
599.515400
599.759767
599.948533
600.041667
600.217600
600.267900
600.295500
600.421533
600.499533
600.592800
600.663000
600.769633
601.119733
601.354167
601.360233
601.371033
601.458233
601.555200
601.664167
601.732633
601.831500
602.073567
602.080800
602.155333
602.249367
602.292967
602.448067
602.495333
602.775533
602.846767
602.969867
603.238267
603.283700
603.426767
603.457033
603.469633
603.570067
603.636967
603.715767
603.800533
603.887800
603.974400
604.162100
604.174733
604.330233
604.517767
604.679533
604.822833
604.954767
605.628367
605.747733
605.933400
605.955467
606.136067
606.196867
606.380533
606.463433
606.816300
607.009933
607.145433
607.264867
607.276700
607.329967
607.499367
607.511633
607.562500
607.601967
607.752933
607.887267
608.000900
608.140467
608.457333
608.779067
608.871367
609.008367
609.238967
609.428467
609.592167
609.601300
609.706467
609.712600
609.969967
610.004467
610.058567
610.260533
610.297067
610.311267
610.426800
610.466533
610.679433
610.855633
611.008533
611.065400
611.246567
611.265867
611.427200
611.500733
611.561300
611.805600
611.864100
612.383600
612.484300
612.608100
612.754367
612.837700
613.132833
613.219467
613.275567
613.294233
613.315500
613.375567
613.738467
613.753600
614.095600
614.108767
614.481400
614.576400
614.638000
614.872500
614.980167
615.027900
615.099267
615.171000
615.223167
615.354033
615.643367
615.900300
615.912700
616.104500
616.186000
616.261567
616.401600
616.462900
616.535167
616.978433
617.110500
617.212933
617.359933
617.578067
617.614867
617.729067
617.736500
618.039900
618.126600
619.488433
619.658767
619.887400
619.975433
619.988133
620.095667
620.153067
620.165100
620.641433
620.726000
620.736100
621.164300
621.176667
621.246267
621.386800
621.570533
621.638700
621.671300
621.691433
621.775900
621.789167
621.848133
621.873900
622.024967
622.360133
622.652600
622.690433
622.702533
622.867900
623.040767
623.092133
623.284833
623.484167
623.966100
624.184167
624.586900
624.891033
624.927800
624.950700
625.044433
625.109367
625.308700
625.477967
626.607667
627.129767
627.141567
627.313200
627.529067
627.643667
627.664933
628.178733
628.323300
628.371433
628.432833
628.439567
628.550667
628.558600
628.671933
628.692033
629.160067
629.183433
629.518300
629.548933
629.609700
629.716400
629.731800
630.091067
630.107233
630.190367
630.230500
630.510400
630.529967
630.544800
630.712200
630.797333
631.088467
631.131167
631.359467
631.485633
631.512133
631.677600
631.696233
631.761367
631.783400
631.838700
631.861433
632.259167
632.435200
632.568400
632.574967
632.815967
632.931967
633.031633
633.273467
633.288800
633.373433
633.417967
633.528833
633.559267
633.788133
633.944633
634.089767
634.121300
634.194833
634.507700
635.002200
635.198900
635.244900
635.387033
635.507667
635.950267
636.048133
636.150867
636.291633
636.386600
636.416967
636.685500
636.779500
636.913767
636.992700
637.239833
637.359967
637.402533
637.506500
637.514967
637.692133
637.735667
637.760767
637.858467
638.020133
638.261033
638.269867
638.378233
638.876667
639.154567
639.367800
639.418300
639.628000
639.832767
639.843567
639.858500
640.079900
640.139800
640.209500
640.312600
640.449900
640.733933
640.907300
640.948000
641.075800
641.156500
641.240533
641.591767
642.048267
642.597600
642.685333
643.450433
643.571700
643.692500
643.722700
644.294000
644.350900
644.426300
644.478867
644.747533
644.863033
644.890900
644.959933
644.985667
644.996133
645.041500
645.072900
645.319633
645.338900
645.396500
645.536867
645.678667
645.954467
645.984500
646.323333
646.460733
646.588033
646.769333
646.775433
646.970200
647.035467
647.065133
647.094033
647.136633
647.283500
647.414900
647.527567
647.603233
647.655067
647.726533
647.810367
647.816900
647.834867
647.903733
648.143733
648.207333
648.216833
648.426667
648.995033
649.006767
649.195567
649.436233
649.553167
649.559667
649.801633
649.902400
649.962833
650.000633
650.168800
650.712067
651.230600
651.354433
651.518867
651.530867
651.594933
651.678367
651.811033
652.016267
652.130567
652.332500
652.553433
652.865300
653.147933
653.318533
653.362733
653.446300
653.468100
653.515900
653.535467
653.736467
653.760533
654.136800
654.213700
654.221733
654.359900
654.602400
655.408367
655.481200
655.486733
655.594700
655.685333
655.717233
655.756033
656.465200
656.481200
656.641667
656.729033
656.897767
656.951067
657.129567
657.140367
657.201900
657.605767
657.717233
657.798067
657.914400
657.973233
658.326667
658.439733
658.781033
658.794900
658.913633
659.403233
659.412067
659.496000
659.614267
659.684967
659.707000
659.833033
660.269800
660.360167
660.600967
660.617500
660.763100
660.803367
660.907500
660.922667
661.182933
661.383467
661.736667
661.817233
662.139333
662.267667
662.642800
663.164233
663.198600
663.409267
663.564367
663.577633
663.592033
663.701067
663.713067
663.757467
663.854533
664.041433
664.302333
664.446900
664.576700
665.021167
665.109300
665.264867
665.361567
665.798833
665.847567
666.072733
666.081500
666.100033
666.414467
666.793433
666.962167
667.026067
667.141233
667.170700
667.247400
667.365700
667.424467
667.505900
667.532033
667.710000
667.739733
667.826867
668.189633
668.197333
668.316767
668.343667
668.423400
668.577967
668.905000
668.937800
669.364967
669.448500
669.573733
669.673633
669.697367
669.767900
670.053233
670.077033
670.237900
670.269167
670.496033
670.669500
670.708367
670.816767
671.050200
671.153800
671.688767
671.915667
671.959900
672.050800
672.464333
672.559167
672.574000
672.645233
672.722800
672.794933
672.942133
672.948733
673.163800
673.476833
673.736833
673.989900
674.228333
674.287600
674.424633
674.429000
674.450800
674.616700
674.652033
674.823100
675.011633
675.239633
675.273800
675.586000
675.701400
675.714933
676.243833
676.488700
676.536467
676.544300
676.902400
677.351267
677.574700
677.587533
677.726500
678.056300
678.121600
678.123667
678.129767
678.160167
678.183933
678.226733
678.266600
678.285367
678.512200
678.909700
678.948700
678.956367
678.970533
679.020833
679.232633
679.465233
679.600367
680.148267
680.617200
680.978167
681.017933
681.136400
681.270200
681.398800
681.453367
681.520233
681.624233
681.732067
681.871200
681.878333
681.943633
682.050433
682.309567
682.578267
682.664900
682.675567
682.901467
683.270000
683.282900
683.356600
683.805500
683.879733
684.102500
684.157367
684.195033
684.344533
684.457033
684.497467
684.509167
684.625067
684.811033
684.860600
684.862767
684.870667
684.938100
685.127267
685.296933
685.350967
685.798433
685.861867
685.927667
686.003033
686.057000
686.070767
686.131533
686.337267
686.621233
686.688600
687.112167
687.411767
687.630500
687.701233
688.204700
688.430767
688.764000
688.779333
688.922133
688.941933
689.066967
689.420267
689.453833
689.774233
689.799400
689.872967
689.893133
690.209600
690.221000
690.359667
690.880000
690.993267
691.372767
691.476767
691.669333
691.704433
691.778367
691.874367
691.900500
692.039167
692.098533
692.146267
692.300567
692.436200
692.640933
693.477267
693.618100
693.666333
693.803600
693.869133
693.889033
694.157400
694.226300
694.484700
694.652100
694.829400
695.181800
695.319233
695.573900
695.754967
695.838833
695.965967
696.011333
696.128800
696.532967
696.562967
697.065967
697.405033
697.481533
697.590300
697.678500
697.835800
697.888467
698.252600
698.385900
698.517367
698.532467
698.545800
698.783600
698.931033
699.224667
699.270867
699.791667
699.977500
700.406067
700.572733
701.025167
701.642900
701.671833
701.859567
701.963533
702.115067
702.779667
702.811367
702.958533
703.132700
703.375700
703.398633
703.495033
703.640700
703.678433
703.697100
704.211300
704.330433
704.391333
704.449833
704.628300
704.653733
705.204967
705.424033
705.508933
705.956500
706.030200
706.330333
706.417600
706.531933
706.712967
706.786200
706.944633
707.148567
707.238867
707.303667
707.327633
707.424667
707.435233
707.990833
708.307700
708.316433
708.473800
708.768100
709.322933
709.524833
709.602633
709.645167
709.652200
709.820700
710.024733
710.239767
710.411900
710.494000
710.565067
710.607500
710.851367
710.859367
711.037300
711.231467
711.247967
711.339133
711.501433
711.881033
711.961533
711.970800
712.196900
712.237833
712.273033
712.284500
712.664533
712.780133
713.019533
713.145333
713.628567
713.712667
714.012167
714.095500
714.149900
714.221867
714.304467
714.311233
714.365700
714.502067
714.717500
714.790033
714.802967
714.911100
715.122967
715.244900
715.355900
715.393700
715.493733
715.927033
716.037467
716.055233
716.273200
716.305867
716.405133
716.416300
716.783467
716.853367
716.933067
717.028500
717.185000
717.477100
718.079500
718.121867
718.267700
718.458267
718.781167
718.918633
719.137233
719.181633
719.244300
719.386133
719.438300
719.635933
719.711267
719.755100
719.889133
719.952667
720.189100
720.409700
720.736633
720.760467
720.795733
720.971767
721.211833
721.586833
721.807600
722.069200
722.071767
722.173100
722.413333
722.645967
722.809733
723.044967
723.135800
723.281600
723.408600
723.446533
723.599700
723.687300
723.693100
723.852033
723.876967
723.888433
723.973600
724.039100
724.053033
724.190267
724.198333
724.363433
724.383033
724.578233
724.701167
724.720933
724.960367
725.138200
725.144000
725.279767
725.568067
725.624133
726.035867
726.048767
726.159233
726.474200
726.566133
727.038167
727.167167
727.225967
727.494067
727.887533
728.077333
728.206333
728.228500
728.299600
728.339867
728.367600
728.414333
728.520400
728.890133
729.059767
729.153900
729.161667
729.199933
729.633933
730.056533
730.116433
730.152100
730.167900
730.690600
730.760867
730.834433
730.857800
730.863600
730.938733
730.944733
730.980067
731.059767
731.334900
731.349100
731.397467
731.405833
731.420333
731.452633
731.543900
731.551467
731.714167
731.767600
731.807933
732.069633
732.264100
732.267433
732.304833
732.376100
732.389033
732.468500
732.524067
732.636300
733.002033
733.163967
733.325233
733.364667
733.421500
733.821367
733.934067
733.946533
734.693067
734.770967
735.016333
735.053233
735.077167
735.140167
735.226667
735.330400
735.360000
735.471633
735.536633
735.888967
736.258767
736.269467
736.474067
736.497200
736.558867
736.567000
736.677167
736.692633
736.818500
736.843200
736.850133
737.044933
737.057067
737.082000
737.100200
737.146033
737.249867
737.328900
737.585867
737.857667
738.101767
738.271600
738.279467
738.362500
738.405900
738.433600
738.933033
739.157300
739.235533
739.348100
739.427500
739.542300
739.557167
740.106833
740.603367
740.654067
740.677700
740.829400
740.917400
740.928600
741.065900
741.125267
741.154700
741.449833
741.483267
741.501133
741.664067
742.000933
742.802800
742.893700
743.061967
743.154300
743.157467
743.352400
743.440200
743.465033
743.488000
743.556500
743.765167
743.992733
744.038467
744.331633
744.395267
744.560433
744.616433
744.746133
744.914900
745.079967
745.108000
745.122033
745.225000
745.289867
745.439367
745.613567
745.810400
745.992367
746.061400
746.220167
746.233333
747.037533
747.286733
747.291100
747.309967
747.424367
747.481267
747.744400
747.935200
748.028533
748.220800
748.350833
748.599067
748.676867
748.858500
749.372933
749.437900
749.522600
749.615267
749.861500
749.910467
749.915233
750.061433
750.381900
750.460833
750.470667
750.766467
750.778100
750.965033
751.026200
751.081467
751.448300
751.816333
752.072500
752.126233
752.150100
752.239633
752.461767
752.692133
752.706367
752.781500
753.681200
753.847633
753.898400
753.986067
754.039767
754.213767
754.248667
754.254567
754.585033
754.935100
754.992300
755.118767
755.164967
755.211000
755.251933
756.033867
756.161100
756.318133
756.452033
756.472600
756.616833
756.759633
756.839833
756.986900
757.141167
757.219833
757.319167
757.612200
757.939200
758.092633
758.253900
758.374900
758.391067
758.402867
758.582700
758.659700
758.707867
758.768100
758.776833
758.905567
758.930200
758.948533
758.996333
759.056767
759.198200
759.439000
759.544667
759.729000
759.785133
760.115233
760.295300
760.307967
760.351800
760.446133
760.833467
761.022233
761.475267
761.490767
761.501633
762.073200
762.180200
762.391467
762.459100
762.463200
762.483633
762.591733
762.675133
762.832400
762.976833
763.101967
763.182100
763.223167
763.245533
763.479400
763.485600
763.509433
763.577200
763.594367
763.606433
763.619633
763.884267
763.945967
764.012633
764.215467
764.339200
764.345833
764.447600
764.918800
765.221533
765.338833
765.427800
765.474967
765.532600
765.654567
765.747433
766.005467
766.038500
766.118867
766.289933
766.323967
766.368867
766.870200
767.103867
767.172200
767.209367
767.283233
767.492533
767.561900
767.703400
767.759833
767.866467
768.022433
768.296333
768.369133
768.645767
768.709633
768.824533
769.238400
769.257633
769.353100
769.366700
769.406167
769.417733
769.471833
769.533267
769.545667
769.692600
769.934067
770.005967
770.121000
770.175400
770.319600
770.441700
770.650700
770.933667
771.072067
771.077000
771.181800
771.224500
771.230033
771.256767
771.391100
771.423933
771.590567
771.827567
772.049100
772.312167
772.326433
772.599333
772.674133
772.763833
772.817833
772.934700
773.102867
773.172700
773.197267
773.250200
773.286867
773.349033
773.540333
773.562567
773.964233
774.060633
774.141500
774.243867
774.323133
774.439967
774.659933
774.670967
774.738000
774.752700
774.990467
775.102733
775.146267
775.155467
775.266133
775.298667
775.335467
775.367067
775.396033
775.538700
775.866233
775.941267
775.953967
776.023900
776.115333
776.196033
776.265267
776.381500
776.464233
776.521767
776.596133
776.798333
776.828967
776.952500
777.577067
777.778333
778.003900
778.070067
778.175467
778.183167
778.237100
778.269167
778.326367
778.721100
778.796300
778.870300
779.159533
779.635133
779.638667
779.695533
779.771800
779.933867
780.096667
780.276567
780.451267
780.504333
780.743767
780.752867
780.952833
781.313533
781.396167
781.401900
781.619700
781.640467
781.742533
781.756733
782.048600
782.065133
782.436100
782.848467
782.968400
783.144367
783.577000
783.840233
783.913267
784.100800
784.182500
784.355467
784.476667
784.724433
784.835233
785.084500
785.237733
785.653167
785.795500
785.945333
786.130000
786.264700
786.462633
786.577567
786.587533
786.651633
787.127333
787.233833
787.249800
787.669433
787.833767
787.988367
788.002067
788.183867
788.241900
788.477233
788.760467
789.034800
789.111500
789.346067
789.512400
789.664600
789.735567
789.748633
789.972800
790.155267
790.318433
790.511500
790.831500
790.839567
790.965100
791.270300
791.312500
791.317767
791.424333
791.632100
791.673400
792.362900
792.383967
792.396567
792.606267
792.737167
792.909433
792.920133
792.969533
793.132667
793.169467
793.263633
793.584733
793.619600
793.794500
793.802600
793.861733
794.003700
794.095500
794.118467
794.309267
794.430033
794.541600
794.620133
794.708600
794.940767
794.966867
795.185533
795.199300
795.212400
795.276633
795.479167
795.648700
795.675967
795.808767
795.941433
795.985767
796.419800
796.508000
796.616800
796.825033
796.874800
796.935133
797.227867
797.315867
797.613433
797.624233
797.740767
797.881433
797.979900
797.987833
798.131067
798.245867
798.251300
798.335467
798.498533
798.588067
798.611533
798.828100
798.897733
798.931867
798.951567
799.019633
799.100900
799.109233
799.144100
799.158533
799.216167
799.836067
799.912900
800.340700
800.381333
800.389833
800.593233
800.596133
800.625900
800.911033
800.942633
801.240767
801.476867
801.817400
802.334367
802.429067
802.599067
803.334667
803.366000
803.454100
803.457300
803.833967
803.850567
804.259933
804.272100
804.299733
804.336867
804.481333
804.734233
804.942467
804.985267
805.000333
805.153700
805.224667
805.276033
805.943900
806.013300
806.328100
806.467267
806.533400
806.596733
806.734867
807.024433
807.187200
807.205967
807.406200
807.507400
807.561033
807.990300
808.022000
808.163967
808.419767
808.571267
808.744000
808.850033
808.867900
808.888800
808.974767
809.094133
809.170933
809.308600
809.552933
809.762367
809.977900
810.103633
810.699733
811.253000
811.446467
811.519433
811.786333
811.999867
812.052567
812.085100
812.112533
812.224300
812.267800
812.353600
812.527800
812.776133
812.934900
813.078867
813.117567
813.423333
813.626667
813.665333
813.769600
813.812733
814.040767
814.094933
814.146767
814.316800
814.351100
814.462033
814.654400
814.766967
815.246067
815.366033
815.795667
815.802400
815.824133
816.098800
816.252667
816.380600
816.479767
816.550167
816.557567
816.614433
816.802167
817.168900
817.278033
817.926900
818.068733
818.214667
818.248667
818.403067
818.453300
818.462467
818.644300
818.651800
818.886933
819.064367
819.198033
819.761533
819.924567
820.798200
820.854467
820.862800
820.899000
821.062667
821.241400
821.807133
821.904800
822.201133
822.269900
822.385167
822.481867
822.539900
822.724733
822.737300
822.862767
822.954933
823.247333
823.505433
824.118933
824.186767
824.350400
824.731567
824.787967
825.014700
825.141633
825.341833
825.497900
825.575800
825.583333
825.676767
825.850500
825.966567
826.015667
826.154833
826.370733
826.459800
826.507133
827.024300
827.033967
827.118867
827.165600
827.332267
827.484500
827.843700
827.854633
827.914533
827.999633
828.408000
828.833200
828.842433
828.906867
828.954833
829.247867
829.405167
829.727000
830.122133
830.252100
830.309633
830.437400
830.640833
830.747533
831.003100
831.040900
831.095700
831.194700
831.248267
831.376000
831.388367
831.436133
831.552767
831.559633
831.589433
831.698033
831.773700
831.906767
831.951467
832.044867
832.086433
832.860367
833.068100
833.273933
833.288833
833.594300
833.602233
833.698433
833.926200
833.931933
834.107400
834.249867
834.387367
834.777700
834.923167
835.067567
835.083600
835.150800
835.501933
835.624967
835.666700
835.685600
835.687400
835.752600
835.949400
836.025000
836.051967
836.123200
836.184467
836.474133
836.582300
836.842467
837.013033
837.068967
837.649433
837.674700
837.751200
838.001533
838.063700
838.183500
838.335700
838.642900
839.040633
839.111900
839.251300
839.349633
839.374100
840.180000
840.436833
840.495167
840.606733
840.657767
840.665633
840.704033
840.850400
840.895533
841.195900
841.299667
841.331467
841.411867
841.454933
841.488600
841.540233
841.571800
841.668100
841.735633
841.795067
841.850067
841.924100
841.959233
841.993000
842.081700
842.243700
842.351767
842.386967
842.463367
842.502300
842.543167
843.074800
843.114567
843.124833
843.207233
843.373567
843.506700
843.704000
843.809567
843.902467
844.116800
844.255600
844.393333
844.419067
844.477200
844.486700
844.855500
845.105800
845.217233
845.408333
845.484667
845.869100
846.038533
846.176367
846.194867
846.261867
846.347900
846.578767
846.616533
846.755233
847.203033
847.210800
847.300300
847.599233
847.803667
847.854900
847.953367
848.009700
848.235900
848.326367
848.349800
848.531767
848.604033
848.767500
848.802000
848.840633
848.972333
849.071733
849.125567
849.960033
850.090033
850.154000
850.258767
850.283933
850.369867
850.382233
850.408700
850.577733
850.631000
850.904733
851.088300
851.130567
851.206067
851.693533
851.810300
851.838200
851.916733
851.924133
852.359267
852.390500
852.449933
852.733300
852.872800
852.971867
852.984033
853.045667
853.168667
853.216000
853.278367
853.340467
853.437367
853.448433
853.533500
853.633500
853.707700
853.918533
853.937633
854.138867
854.205933
854.610700
854.635200
855.247167
855.567400
855.581667
855.655900
855.958233
856.654067
856.748300
856.885100
856.933667
856.978467
857.135000
857.141233
857.217467
857.221933
857.364167
857.583133
857.590567
857.944067
857.955567
857.979267
858.274000
858.391033
858.430733
858.453667
858.519300
858.785867
859.027233
859.275300
859.343233
859.464367
859.655433
859.674367
860.035200
860.154367
860.264500
860.298633
860.760800
860.825100
860.884767
861.047767
861.119767
861.230867
861.245033
861.358167
861.780100
861.801833
862.029433
862.046033
862.107567
862.136267
862.253933
862.500200
862.696067
862.720933
862.839800
862.903900
862.996900
863.169100
863.345233
863.378167
863.439433
863.481900
863.697100
863.818767
863.967667
864.205133
864.280067
864.358967
864.643467
864.834033
864.866033
865.455733
865.576867
865.864167
865.894400
866.135367
866.197767
866.316900
866.436500
866.496700
866.684700
866.712600
866.755000
866.934567
867.130333
867.552733
867.983667
867.999800
868.090467
868.102667
868.190700
868.577967
868.614367
868.693200
868.723400
868.730767
868.890000
868.987167
869.132100
869.157933
869.181067
869.212433
869.219900
869.227300
869.309367
869.393333
869.404300
869.412167
869.540200
869.597633
869.700033
869.771800
870.017967
870.042567
870.054167
870.229867
870.272800
870.353867
870.624667
870.942267
871.366700
872.031000
872.393600
872.505133
872.681700
873.073633
873.330600
873.504133
873.552667
873.561200
873.575133
873.594133
873.763833
873.815533
874.334467
874.432900
874.479733
874.697400
874.716967
874.838100
874.984567
875.084533
875.095733
875.275767
875.286800
875.296467
875.483933
875.940800
876.276933
876.377533
876.405300
876.509733
876.628233
876.755167
876.860933
876.950067
877.456533
877.538200
877.551633
877.717133
877.793000
877.910567
878.106400
878.323500
878.402833
878.465867
878.601967
878.656833
878.773400
878.860533
878.903900
879.031033
879.117867
879.217533
879.271600
879.447700
879.591533
879.952167
879.996367
880.066067
880.107700
880.132133
880.379167
881.517633
881.535000
881.541133
881.598400
881.764567
881.790667
882.003667
882.224133
882.287300
882.641767
882.834133
883.133133
883.388200
883.474433
883.642500
883.956667
884.003700
884.059300
884.073700
884.176867
884.226400
884.300267
884.625333
884.698000
884.825333
885.015333
885.107933
885.360033
885.419400
885.579200
885.635267
885.802333
885.813633
885.911600
885.918400
885.955200
886.995133
887.463167
887.643933
887.723833
887.737067
888.046333
888.147533
888.165233
888.178567
888.255133
888.269800
888.322267
888.960333
888.997033
889.092133
889.431067
889.663867
889.803733
889.880633
889.886400
890.029000
890.292433
890.392167
890.460500
890.604267
890.668233
890.752300
890.817000
891.014667
891.057133
891.236267
891.603633
891.675700
891.727267
891.797367
892.174000
892.455833
892.626100
892.781933
892.890100
892.895967
892.983800
893.070967
893.089800
893.112000
893.147000
893.203433
893.285333
893.319233
893.422800
893.454767
893.857600
894.003700
894.510633
894.845467
894.869967
894.900667
895.301667
895.340167
895.792467
896.036433
896.330600
896.454500
896.701167
896.898900
897.021700
897.031533
897.245933
897.313667
897.522533
897.582833
897.813433
897.857133
898.212367
898.395867
898.843433
898.873867
899.077900
899.198767
899.416067
899.463767
899.577367
899.605900
899.908533
900.314033
900.376033
900.711267
900.856933
901.266067
901.310433
901.566067
901.835133
901.849133
901.962533
902.008767
902.712933
902.738900
903.650367
903.780267
903.847300
903.930700
903.987500
904.012333
904.018100
904.094333
904.112533
904.130867
904.865200
904.908600
904.920733
905.019633
905.118500
905.417367
905.589967
905.757600
905.807300
905.914500
906.013467
906.121367
906.232767
906.374167
906.482300
906.488433
906.536767
906.600067
906.959700
907.322600
907.525133
907.537633
907.631300
907.853200
907.967733
908.002167
908.177567
908.203500
908.307500
908.383100
908.424500
908.528900
908.720767
909.052867
909.094367
909.145500
909.398467
909.437200
909.627767
909.836733
909.865300
910.079200
910.155400
910.256800
910.318800
910.393033
910.403867
910.484900
910.581700
911.044433
911.080700
911.163467
911.264933
911.381933
911.736733
911.877867
911.882467
912.221567
912.481433
912.886267
913.027133
913.055300
913.529067
913.579467
913.657700
913.996533
914.015000
914.297267
914.413600
914.493733
914.500767
914.982100
915.027900
915.227433
915.318367
915.489700
915.498233
915.830433
916.022767
916.134500
916.346767
916.436133
916.509433
916.528200
916.555833
916.565733
916.801833
916.816233
916.995900
917.010900
917.248667
917.395100
917.426733
917.460667
917.511567
917.749033
918.076233
918.254867
918.458967
918.538733
918.731600
918.798900
918.921533
918.982900
919.155267
919.444833
919.600067
919.640567
919.816067
919.852400
919.869400
919.883067
919.966467
920.120933
920.164800
920.496400
920.501733
920.527900
920.679833
920.789500
920.908867
921.100067
921.120600
921.425667
921.581367
921.587867
921.703967
921.758533
921.900667
921.972500
922.027667
922.066300
922.248033
922.296933
922.421533
922.671933
922.849867
923.130500
923.232033
923.361867
923.424467
923.476900
923.483667
923.618900
923.674433
923.749600
923.978567
924.156700
924.310033
924.790433
925.218900
925.297700
925.776767
925.838633
925.887333
925.897000
925.908833
926.055367
926.061833
926.218100
926.239067
926.297600
926.382633
926.426800
926.609367
926.766200
926.848167
927.132033
927.183700
927.417600
927.481933
927.520300
927.759267
928.154067
928.370133
928.427267
928.592633
929.125633
929.151533
929.212800
929.384100
929.806600
929.960067
930.012067
930.041967
930.133467
930.255367
930.473200
930.552333
930.591400
930.749500
930.804833
931.097767
931.143100
931.372733
931.471000
931.495000
931.539300
931.930933
931.986633
932.083267
932.229933
932.243533
932.539167
932.640400
932.684400
932.716733
933.014433
933.089100
933.141333
933.177433
933.196833
933.229900
933.319667
933.440633
933.527800
933.559267
933.923033
933.988100
934.106100
934.133000
934.390633
934.432567
934.500700
934.608000
934.630300
934.694400
934.757400
934.904867
935.235267
935.315767
935.366600
935.428067
935.695700
935.733333
935.738300
935.772167
935.846533
936.015333
936.097200
936.151233
936.374733
936.584533
936.700300
936.924733
937.084400
937.143333
937.167100
937.267400
937.280567
937.469533
937.514100
937.872933
937.991667
938.189567
938.218833
938.388333
938.472233
938.504767
938.545100
938.719167
938.817533
938.909233
939.198500
939.228667
939.392867
939.439233
939.539800
939.550067
939.712633
940.026500
940.206033
940.657200
941.046133
941.057667
941.369633
941.426667
941.816233
941.976900
941.985033
942.042900
942.163767
942.195900
942.247133
942.397667
942.544433
942.811567
942.970133
942.981900
943.182467
943.459733
943.553767
943.977333
944.553233
944.674633
944.853167
944.981567
945.270500
945.719233
945.764033
946.035167
946.204733
946.440700
946.745067
946.767400
947.031467
947.165333
947.427400
948.296167
948.346600
948.353933
948.582000
948.711233
948.716433
948.940967
949.265633
949.378700
949.604633
950.112000
950.262233
950.451767
950.666000
950.812267
951.143967
951.282967
951.357500
951.365100
951.373933
951.603467
951.608267
951.768900
951.830200
951.978933
952.086533
952.450767
952.456733
952.690800
952.719033
953.001000
953.008600
953.054467
953.215033
953.660733
953.961600
954.260567
954.379400
954.550900
954.794867
954.936733
955.079333
955.088900
955.509567
955.720133
955.770467
955.828733
956.155833
956.253000
956.258133
956.537033
957.151533
957.286733
957.310300
957.320067
957.347300
957.978133
958.461967
958.499300
958.513333
958.575633
958.703433
958.915600
958.925633
959.005433
959.122800
959.377433
959.416633
959.485033
959.762033
960.200633
960.220800
960.362467
960.432233
960.552733
960.599700
960.622367
960.693633
960.862300
961.075433
961.243133
961.337067
961.387133
961.477600
961.611333
961.714133
962.436233
962.499900
962.797300
962.906467
963.039433
963.317567
963.428767
963.881767
964.065467
964.236833
964.308600
964.413400
964.513933
964.699067
964.761300
964.793533
964.798567
964.846833
964.864433
964.989433
965.082900
965.305133
965.391900
965.780000
966.053833
966.156933
966.283900
966.723867
967.185533
967.605800
967.711367
967.718733
968.491233
968.874633
969.081800
969.128600
969.311967
969.387867
969.658633
969.695700
969.781800
970.309867
970.366033
970.474000
970.941033
971.342700
971.481200
971.740167
972.086133
972.199167
972.479867
972.612500
972.654767
972.802567
972.840533
972.849600
972.985133
973.082200
973.346767
973.453000
973.458733
973.979867
974.064833
974.194633
974.401233
974.408100
974.579600
974.743867
974.755333
974.833833
975.045333
975.242533
975.398967
975.411067
975.620000
975.754033
976.032967
976.074900
976.254133
976.273000
976.577900
976.700933
976.964667
977.170400
977.506867
977.596533
977.615800
977.653767
977.933167
978.234033
978.376967
978.509600
978.514933
978.604333
978.625200
978.677767
978.974433
979.100567
979.236200
979.309600
979.439467
979.489167
979.573433
979.600233
979.974533
980.184500
980.337633
980.440967
980.530000
980.686733
980.796167
981.014667
981.043567
981.333100
981.419567
981.723700
981.961767
982.343033
982.438600
982.577033
982.977433
982.996233
983.112467
983.188200
983.200967
983.247833
983.317700
983.527500
983.738300
983.872667
984.276400
984.780200
984.873600
984.973433
985.030400
985.112100
985.255600
985.261667
985.410933
985.466167
985.487167
985.516333
985.554700
985.819867
986.430933
986.489133
986.512567
986.766433
987.086833
987.157900
987.394533
987.405300
987.481500
987.576700
987.663067
987.768700
987.850567
987.963433
988.199500
988.206067
988.215300
988.552300
989.187633
989.330000
989.593933
989.742233
989.999267
990.080733
990.128133
990.286200
990.562700
990.630200
990.663967
990.944100
991.164000
991.235767
991.434433
991.846567
992.695200
993.100767
993.543400
993.561533
993.660733
993.738133
993.882400
993.957533
994.033667
994.153700
994.237300
994.245033
994.454900
994.640867
995.099100
995.107433
995.463800
995.553533
995.702333
995.789900
995.965567
996.001567
996.168967
996.262233
996.540400
997.023833
997.112833
997.268033
997.452400
997.532867
997.707467
997.817233
998.073167
998.086133
998.097333
998.425000
998.434233
998.602500
998.786600
998.805033
999.005833
999.026533
999.395033
999.406533
999.658567
999.838800
1000.036433
1000.246167
1000.261567
1000.378600
1000.394133
1000.579067
1000.651833
1000.721600
1000.833567
1000.954033
1001.226233
1001.458133
1001.568800
1001.966767
1002.220833
1002.272667
1002.447567
1002.467767
1002.528233
1002.704100
1003.011233
1003.105933
1003.225900
1003.327500
1003.409467
1003.516667
1003.740300
1003.831967
1003.838933
1004.017867
1004.065500
1004.549367
1004.788500
1005.021567
1005.071933
1005.118667
1005.180167
1005.363400
1005.415267
1005.468867
1005.565567
1005.899267
1006.066000
1006.478700
1006.492800
1006.897567
1007.039233
1007.826267
1007.843633
1007.852333
1008.063400
1008.421967
1008.536867
1008.735133
1008.826233
1008.907100
1009.134833
1009.249933
1009.380867
1009.433933
1009.496667
1009.524267
1009.618133
1009.746867
1009.815700
1009.847967
1009.856600
1009.906833
1010.006833
1010.014267
1010.231833
1010.311333
1010.731067
1010.763900
1010.870667
1011.376433
1011.713533
1011.736167
1011.884133
1012.142600
1012.223200
1012.399333
1012.747667
1012.891033
1012.954200
1013.199667
1013.327767
1013.482867
1013.611100
1013.654167
1013.686933
1013.726433
1013.804867
1013.840667
1014.170933
1014.177967
1014.266300
1014.324233
1014.454933
1014.517200
1014.568833
1014.665733
1014.740733
1014.946433
1014.955733
1015.063467
1015.145900
1015.257933
1016.028100
1016.048167
1016.140533
1016.276033
1016.368533
1016.723900
1016.821633
1016.874967
1016.911000
1016.919100
1016.930200
1017.185800
1017.331567
1017.908367
1017.948733
1018.015867
1018.020700
1018.166667
1018.374200
1018.382667
1018.512500
1018.663967
1018.767700
1018.940133
1019.020133
1019.158600
1019.178300
1019.352100
1019.641667
1019.785500
1019.858867
1019.965900
1020.498567
1020.910567
1021.300933
1021.312200
1021.368033
1021.389700
1021.569400
1021.736067
1021.906133
1022.237500
1022.398333
1022.481633
1022.751400
1023.087900
1023.116500
1023.122700
1023.649600
1023.688700
1023.698100
1023.797633
1024.082267
1024.097900
1024.134633
1024.239200
1024.339667
1024.399667
1024.954800
1024.995367
1025.492933
1025.639067
1025.778100
1025.823333
1025.998500
1026.190833
1026.468433
1026.650200
1027.058633
1027.148133
1027.203367
1027.292967
1027.303433
1027.337800
1027.640667
1027.899000
1027.965767
1028.244433
1028.266033
1028.321400
1028.407800
1028.458700
1028.489167
1028.624800
1028.825700
1028.965633
1028.975700
1029.265333
1029.284433
1029.401200
1029.566800
1030.219033
1030.237100
1030.276533
1030.396967
1030.407367
1030.710433
1030.731400
1030.780600
1030.828033
1030.959967
1031.118133
1031.616100
1031.758533
1031.821433
1031.942300
1032.238233
1032.316500
1032.488267
1032.788433
1033.021900
1033.026767
1033.316767
1033.369967
1033.418567
1033.512167
1033.725300
1033.801033
1033.862767
1034.158167
1034.210433
1034.439733
1034.506533
1034.631767
1034.955500
1034.984133
1035.184533
1035.271767
1035.322900
1035.793867
1036.213600
1036.306500
1036.875867
1036.910133
1036.958400
1036.987200
1037.110433
1037.120867
1037.169567
1037.180033
1037.352667
1037.591067
1037.614333
1037.726700
1037.794900
1038.028633
1038.190067
1038.384467
1038.410633
1038.533367
1038.656600
1038.738267
1038.923767
1039.030500
1039.066200
1039.140600
1039.418267
1039.463200
1039.539733
1039.622467
1039.681567
1040.472667
1040.561167
1040.590700
1040.697767
1041.131333
1041.136767
1041.184867
1041.306733
1041.312300
1041.361400
1041.410167
1041.480933
1041.483633
1041.745400
1041.814167
1041.858267
1041.871400
1042.001700
1042.111500
1042.557500
1042.578733
1042.694967
1042.725567
1043.043333
1043.113433
1043.171533
1043.700000
1043.774967
1043.834300
1043.866367
1043.951333
1044.110333
1044.223667
1044.320733
1044.666200
1044.727133
1044.849700
1045.100100
1045.167933
1045.186333
1045.257067
1045.343000
1045.355633
1045.560033
1045.673367
1045.695933
1045.789333
1045.800500
1045.868133
1046.117667
1046.514300
1046.602067
1046.732433
1046.848300
1046.853733
1046.905100
1046.926033
1046.963100
1047.006200
1047.103967
1047.141567
1047.216367
1047.493867
1047.560233
1047.614133
1047.690433
1048.066300
1048.184567
1048.613767
1048.776833
1049.060400
1049.255867
1049.261033
1049.368267
1049.466733
1049.536967
1049.597833
1049.643400
1049.691533
1049.797067
1050.015467
1050.056000
1050.106700
1050.194033
1050.213033
1050.294233
1050.447133
1050.497800
1050.570033
1050.801467
1050.812067
1050.941433
1051.076167
1051.283967
1051.322700
1052.196767
1052.350167
1052.444533
1052.552600
1053.109733
1053.123333
1053.323200
1053.682733
1053.930200
1054.239733
1054.509633
1054.670333
1054.720167
1054.881600
1054.954367
1055.019100
1055.340067
1055.353333
1055.375800
1055.392200
1055.489367
1055.600333
1055.699733
1055.913700
1056.106300
1056.171967
1056.197100
1056.298767
1056.517867
1056.724633
1057.015867
1057.070200
1057.185533
1057.236133
1057.386567
1057.595533
1057.783200
1057.814900
1057.908233
1058.115000
1058.150067
1058.526800
1058.567033
1058.845300
1059.148367
1059.471233
1059.656933
1059.663867
1059.665700
1059.684567
1059.885033
1059.971667
1059.985600
1060.148300
1060.155200
1060.307867
1060.371433
1061.056900
1061.067167
1061.183233
1061.264433
1061.513167
1061.540467
1061.795533
1061.889633
1061.911100
1062.117867
1062.189567
1062.239633
1062.492500
1062.682100
1062.704633
1062.813700
1062.906733
1063.324667
1063.429200
1063.535667
1063.737267
1063.947200
1063.992633
1064.107000
1064.151833
1064.186600
1064.283300
1064.401067
1064.480133
1064.610633
1064.702600
1065.047767
1065.116433
1065.170100
1065.334733
1065.410600
1065.700033
1065.733067
1065.842633
1065.861567
1066.106533
1066.164800
1066.557467
1066.648000
1066.815933
1067.222833
1067.366900
1067.478367
1067.525500
1067.567600
1067.631767
1067.650067
1067.730167
1067.736200
1068.000400
1068.138967
1068.257467
1068.276900
1068.365400
1068.518533
1068.673467
1069.045067
1069.057067
1069.069867
1069.098867
1069.191933
1069.279567
1069.504800
1069.526167
1069.692267
1069.808300
1070.070233
1070.115300
1070.220200
1070.253733
1070.278100
1070.368700
1070.789800
1070.802133
1070.814433
1070.913700
1071.031400
1071.196967
1071.255467
1071.485333
1071.568233
1071.649433
1072.417267
1073.007800
1073.126100
1073.237600
1073.359067
1073.502300
1073.637000
1073.645633
1073.831600
1074.004567
1074.088367
1074.617933
1074.682567
1074.803833
1074.827933
1074.967000
1075.047100
1075.450367
1075.610100
1075.628367
1075.969600
1076.121167
1076.452900
1076.499133
1076.717667
1076.983700
1077.282067
1077.289233
1077.829067
1077.927133
1077.970600
1078.181700
1078.413367
1078.426967
1078.678767
1078.853500
1079.150867
1079.194700
1079.397367
1079.574700
1079.763400
1079.939800
1080.327467
1080.487200
1080.617067
1080.674967
1080.719067
1080.737533
1080.787633
1080.950467
1081.145233
1081.448433
1081.491767
1081.513733
1081.533867
1081.546000
1081.747367
1082.069533
1082.158900
1082.409433
1082.490967
1082.533800
1082.620133
1082.644700
1082.844700
1082.986800
1082.994567
1083.060600
1083.747467
1083.773500
1083.780800
1084.333200
1084.364733
1084.535967
1084.639200
1084.996400
1085.258600
1085.395300
1085.612100
1085.715733
1085.763233
1086.075967
1086.227800
1086.428967
1086.862667
1087.189600
1087.206933
1087.766533
1087.894167
1087.932300
1088.672200
1088.997600
1089.026233
1089.089333
1089.096867
1089.188300
1089.195700
1089.267400
1089.307567
1089.390667
1089.626900
1089.738867
1089.814067
1089.821400
1090.054233
1090.088867
1090.165200
1090.167067
1090.373300
1090.379567
1090.783667
1090.791933
1090.844100
1091.091533
1091.190600
1091.200233
1091.269967
1091.385400
1091.532067
1091.541033
1091.579633
1091.771733
1091.800300
1091.901567
1092.024500
1092.049533
1092.109167
1092.337333
1092.752533
1093.133233
1093.201200
1093.407467
1093.514900
1093.689867
1093.720700
1093.734733
1093.770067
1093.853400
1093.860633
1093.947500
1094.425000
1094.504600
1094.522833
1094.984800
1095.006567
1095.388933
1095.551967
1095.670833
1095.746733
1095.868533
1096.197800
1096.409900
1096.440367
1096.506533
1096.512900
1096.636400
1096.956800
1097.204300
1097.318000
1097.327067
1097.888333
1097.976167
1097.987133
1098.081033
1098.129000
1098.152967
1098.227733
1098.232733
1098.457333
1098.705933
1098.781600
1099.022367
1100.005700
1100.018833
1100.733500
1100.743633
1100.927933
1101.265400
1101.585800
1101.613900
1101.709167
1101.735367
1101.803100
1101.889300
1101.946500
1102.119333
1102.330633
1102.344767
1102.442633
1102.719967
1103.033133
1103.115900
1103.368433
1103.651400
1104.163133
1104.252600
1104.320367
1104.329267
1104.384767
1104.704333
1104.736567
1104.763700
1104.777700
1104.882767
1104.926767
1104.978833
1105.206367
1105.289967
1105.320600
1105.332267
1105.409733
1105.863233
1105.997967
1106.336000
1107.001933
1107.139467
1107.187400
1107.250833
1107.480900
1107.536867
1107.582333
1107.754767
1107.794067
1107.948033
1107.956100
1108.088700
1108.249900
1108.424733
1108.483133
1108.565300
1108.591933
1108.689300
1108.719967
1108.796200
1108.925133
1108.941033
1109.025467
1109.113733
1109.226667
1109.519667
1109.572767
1109.607100
1109.614233
1109.741567
1109.823833
1109.884833
1109.886600
1110.104400
1110.262667
1110.311700
1110.547200
1110.556033
1110.571567
1110.787133
1110.804267
1111.227200
1111.231733
1111.399933
1111.591467
1111.597333
1111.883967
1111.965967
1112.126033
1112.178333
1112.728133
1113.175300
1113.697233
1113.966333
1114.056633
1114.063567
1114.127700
1114.327367
1114.406233
1114.536967
1114.837533
1114.907000
1115.125367
1115.345500
1115.561367
1115.676300
1115.796833
1116.248533
1116.519733
1116.574300
1116.652500
1117.009233
1117.093033
1117.123200
1117.333100
1117.353000
1117.400000
1117.458133
1117.853300
1117.968967
1118.143167
1118.165700
1118.181067
1118.199433
1118.210633
1118.244600
1118.287333
1118.409833
1118.419833
1118.654633
1118.780100
1118.801867
1118.848133
1118.971533
1119.105100
1119.163533
1119.392067
1119.697267
1119.787600
1119.811367
1119.816533
1119.943700
1120.120933
1120.473767
1120.632633
1120.741333
1120.870133
1120.991867
1121.080067
1121.227133
1121.352433
1121.488733
1121.572767
1121.718900
1121.729833
1121.923167
1122.480967
1122.492000
1122.580700
1122.589467
1122.647100
1122.659300
1122.676333
1122.919233
1123.045900
1123.076700
1123.296900
1123.406300
1123.574200
1123.762367
1124.045100
1124.150767
1124.238000
1124.243467
1124.514500
1124.556367
1124.592233
1124.692067
1124.901800
1124.919300
1125.098333
1125.160867
1125.234467
1125.795067
1125.892800
1126.126967
1126.166500
1126.372200
1126.401600
1126.445700
1126.492967
1126.503000
1126.699533
1126.840833
1126.891967
1127.087333
1127.173500
1127.367767
1127.375167
1127.443800
1127.589400
1127.606700
1127.633367
1127.787333
1128.198800
1128.287600
1128.464400
1128.532400
1128.910967
1129.079533
1129.231667
1129.240567
1129.441967
1129.578833
1129.752800
1129.759267
1129.797400
1129.799600
1129.923667
1129.987767
1130.183067
1130.361633
1130.412033
1130.435633
1130.512400
1130.526233
1130.536333
1130.724067
1131.016733
1131.221867
1131.364433
1131.562167
1131.644100
1131.744167
1131.879333
1132.002833
1132.017800
1132.067667
1132.093167
1132.100033
1132.365833
1132.437000
1132.442900
1132.657167
1132.701000
1132.715767
1132.902133
1133.064333
1133.293667
1133.376833
1133.557533
1133.575367
1133.761267
1133.932467
1133.950667
1133.998833
1134.426600
1134.581567
1134.756700
1135.455333
1135.511300
1135.942400
1136.161133
1136.528933
1136.595833
1136.606400
1136.754867
1136.813733
1136.977800
1137.009600
1137.124367
1137.137767
1137.142833
1137.362500
1137.471667
1137.513367
1137.634867
1137.664933
1137.691900
1137.733267
1137.860300
1137.954000
1138.307967
1138.453567
1138.660700
1139.019667
1139.870867
1139.986833
1139.999033
1140.187767
1140.205033
1140.396700
1140.846933
1140.856833
1140.927933
1141.102867
1141.122500
1141.248267
1141.616667
1141.698300
1141.824833
1141.842633
1142.145733
1142.470300
1142.653833
1142.737567
1142.760567
1143.008433
1143.062867
1143.099867
1143.128467
1143.183067
1143.256300
1143.263533
1143.387633
1143.460933
1143.565233
1143.610400
1143.929667
1143.986133
1144.162867
1144.181767
1144.225133
1144.779200
1144.998933
1145.014567
1145.311033
1145.342100
1145.468533
1145.572733
1145.644233
1145.744700
1145.827900
1145.909700
1145.926500
1146.056300
1146.066000
1146.215667
1146.398400
1146.508733
1146.590967
1146.778333
1146.858200
1147.208533
1147.271733
1147.436567
1147.593933
1147.962367
1148.070867
1148.186167
1148.195467
1148.320167
1148.413500
1148.502967
1148.525767
1148.527533
1148.706933
1148.714400
1148.881400
1148.895567
1148.921333
1149.057667
1149.293000
1149.314200
1149.381633
1149.401700
1149.611400
1149.725167
1150.215100
1150.416767
1150.488000
1150.621433
1150.677267
1150.765700
1150.947100
1151.113000
1151.511667
1151.596667
1151.878033
1151.890533
1151.994200
1152.270267
1152.584600
1152.970600
1153.011733
1153.346333
1153.458500
1153.526533
1153.636600
1153.779600
1153.843767
1153.895600
1154.007100
1154.174633
1154.369367
1154.409533
1154.499567
1154.574533
1154.702133
1154.735567
1154.857600
1154.871100
1154.965033
1155.009800
1155.074267
1155.276000
1155.528967
1155.530800
1155.721933
1155.890300
1156.121767
1156.148300
1156.492200
1156.549000
1156.659067
1156.694800
1156.706100
1156.786367
1156.791933
1156.799067
1156.952733
1156.988200
1156.994967
1157.211367
1157.369900
1157.537833
1157.770767
1158.234100
1158.259167
1158.372533
1158.462800
1158.535000
1158.690700
1158.760900
1158.885400
1158.928633
1158.947433
1159.428367
1159.526800
1159.914933
1160.031800
1160.169300
1160.292500
1160.464367
1160.590200
1160.632567
1160.805500
1160.836167
1161.034967
1161.206367
1161.448300
1161.888967
1161.966000
1162.306900
1162.486833
1162.778667
1163.086500
1163.121900
1163.164267
1163.267367
1163.294133
1163.313700
1163.402300
1163.478167
1163.577567
1163.664567
1163.681000
1163.713600
1163.940267
1164.151567
1164.233900
1164.405700
1164.740600
1164.752367
1164.789600
1164.793067
1164.802433
1164.848467
1164.915400
1164.973667
1165.249900
1165.263867
1165.334433
1165.372067
1165.804867
1165.871433
1166.247933
1166.426900
1166.609733
1166.653833
1166.660767
1166.961500
1167.274033
1167.431900
1167.451033
1167.541700
1167.686433
1167.847133
1167.874833
1167.921100
1167.948933
1168.434667
1168.564333
1168.764067
1169.038667
1169.068533
1169.622433
1169.729933
1169.846900
1169.877700
1169.883400
1169.972167
1169.978033
1169.990533
1170.019000
1170.054933
1170.264200
1170.347633
1170.355500
1170.529000
1170.539733
1170.597733
1170.670767
1170.686733
1170.737667
1170.791300
1170.835300
1170.873233
1170.986733
1171.047633
1171.166833
1171.313500
1171.387567
1171.507100
1171.523033
1171.528800
1171.670133
1171.827667
1172.016567
1172.049467
1172.132900
1172.285067
1172.471133
1172.570867
1172.626300
1172.719633
1172.852433
1172.868300
1173.013367
1173.378967
1173.479267
1173.508267
1173.566300
1173.736867
1173.745700
1173.997200
1174.002700
1174.046233
1174.263167
1174.307867
1174.471333
1174.585300
1174.710300
1174.809300
1174.884700
1174.927400
1174.978300
1175.079167
1175.154667
1175.458400
1175.554300
1175.793367
1175.876267
1176.191033
1176.246667
1176.375300
1176.500300
1176.630533
1176.665433
1176.801500
1177.138033
1177.263433
1177.287100
1177.352433
1177.379800
1177.419800
1177.509433
1177.544300
1177.598900
1178.174000
1178.224333
1178.304567
1178.318700
1178.324700
1178.475333
1178.655767
1178.669733
1178.717900
1178.758500
1178.795233
1178.994267
1179.096633
1179.102167
1179.192500
1179.413267
1179.498800
1179.613900
1179.809100
1179.846300
1180.017733
1180.071233
1180.125000
1180.277600
1180.463133
1180.494533
1180.612200
1180.685767
1180.821400
1180.907200
1180.917333
1181.036300
1181.146567
1181.154933
1181.230600
1181.390633
1181.629933
1181.642567
1181.842800
1181.860100
1182.062433
1182.286867
1182.313033
1182.355300
1182.481333
1182.555533
1182.576500
1182.820933
1182.846400
1182.940400
1182.999233
1183.294333
1183.678400
1183.760633
1184.062267
1184.079800
1184.170400
1184.362767
1184.368367
1184.434667
1184.547167
1184.614933
1184.649533
1184.681133
1184.817333
1184.884367
1185.068033
1185.133067
1185.232400
1185.319533
1185.380033
1185.728400
1185.744833
1185.852900
1185.982900
1186.073700
1186.094433
1186.279500
1186.437067
1186.531367
1186.534067
1186.555233
1186.748700
1186.770767
1186.867267
1186.915667
1186.997033
1187.075567
1187.085667
1187.307267
1187.555367
1187.689667
1187.699800
1187.888433
1187.894300
1188.411967
1188.456633
1188.486067
1188.520800
1188.619100
1188.650500
1189.011733
1189.080900
1189.117733
1189.361600
1189.469567
1189.485633
1189.490900
1189.638567
1190.013700
1190.127600
1190.246800
1190.279933
1190.318533
1190.898933
1190.927733
1191.129900
1191.265833
1191.306800
1191.473933
1191.649667
1191.655833
1191.683567
1191.974900
1192.122433
1192.411700
1192.534967
1192.584633
1192.900033
1192.915800
1193.105833
1193.121633
1193.209133
1193.244867
1193.253333
1193.271667
1193.386733
1194.111900
1194.122800
1194.473733
1194.570200
1194.793333
1194.798867
1194.835967
1194.919167
1194.956267
1194.989100
1195.004367
1195.226800
1195.429833
1195.457933
1195.463300
1195.569833
1195.689933
1195.820633
1195.836000
1196.011700
1196.181267
1196.434767
1197.089333
1197.124100
1197.163900
1197.230633
1197.529733
1197.654500
1197.696267
1197.717167
1197.740100
1197.852533
1197.883433
1198.061733
1198.138500
1198.274400
1198.457800
1198.583833
1198.852900
1198.857633
1199.642933
1199.729900
1199.767133
1199.845633
1200.063233
1200.248533
1200.477733
1200.500200
1200.960333
1201.145967
1201.324100
1201.342500
1201.386833
1201.451267
1201.574900
1201.657000
1201.764900
1202.029333
1202.448400
1202.478533
1202.514400
1202.525533
1202.612600
1202.648600
1202.803133
1202.879867
1202.958033
1203.069067
1203.149000
1203.176833
1203.288467
1203.346800
1203.461900
1203.664600
1203.677033
1204.025267
1204.782900
1205.054533
1205.310500
1205.408767
1205.731467
1205.938133
1206.044767
1206.122033
1206.366333
1206.461600
1206.485867
1206.507967
1206.708467
1207.200600
1207.501500
1207.508033
1207.644933
1207.674800
1208.119700
1208.125300
1208.219100
1208.315600
1208.322500
1208.621167
1208.878533
1208.930867
1209.053467
1209.487367
1209.763300
1210.060167
1210.075467
1210.101667
1210.363600
1210.372733
1210.450367
1210.560667
1210.812367
1211.244367
1211.280367
1211.545667
1211.549400
1211.558433
1211.622433
1211.767467
1211.846833
1212.062467
1212.093867
1212.490167
1212.601867
1212.717767
1212.947533
1213.005033
1213.088633
1213.158900
1213.315733
1213.333100
1213.515233
1213.521867
1213.567833
1213.756533
1213.814667
1213.971067
1214.580300
1214.596333
1214.962233
1215.014333
1215.044667
1215.118767
1215.176933
1215.267033
1215.536000
1215.655500
1215.883367
1216.131600
1216.414067
1216.535400
1216.640233
1216.804433
1216.890033
1216.960067
1217.099667
1217.341300
1217.368233
1217.431167
1217.669067
1217.755733
1217.887833
1217.946867
1218.022667
1218.175300
1218.422500
1218.530067
1218.673233
1218.856833
1218.872400
1219.048133
1219.055633
1219.061500
1219.141100
1219.186833
1219.275500
1219.423433
1219.436433
1219.459100
1219.512433
1219.603767
1219.670633
1219.708767
1219.758300
1219.766600
1219.907400
1220.311267
1220.327433
1220.411567
1220.577433
1220.627767
1220.823033
1220.982267
1221.102000
1221.164700
1221.199000
1221.213967
1221.221333
1221.369433
1221.487767
1221.651867
1221.703900
1221.736667
1221.781300
1221.876833
1221.926567
1221.933133
1222.037000
1222.063467
1222.356167
1222.548267
1222.572500
1222.636567
1222.694967
1222.894233
1222.926000
1222.936800
1222.952100
1223.180533
1223.381767
1223.545833
1223.553267
1223.648000
1223.952933
1223.975167
1224.143567
1224.274200
1224.378100
1224.496867
1224.637300
1224.704567
1224.727833
1224.877033
1224.930833
1225.181000
1225.510733
1225.889567
1226.055833
1226.248800
1226.348200
1226.357767
1226.809267
1226.900467
1226.979667
1227.016067
1227.382167
1227.894667
1227.996000
1228.101033
1228.262967
1228.314567
1228.502867
1228.526233
1228.599900
1228.683167
1228.750233
1229.060700
1229.115200
1229.121700
1229.277233
1229.294667
1229.382233
1229.486300
1229.498367
1229.647067
1229.660767
1229.726800
1229.806533
1229.824633
1229.943767
1230.306700
1230.463233
1230.560267
1230.612833
1230.959967
1230.981033
1231.538833
1231.877033
1231.897800
1232.025200
1232.078233
1232.171200
1232.318367
1232.337367
1232.394367
1232.874933
1232.876567
1232.902300
1233.007133
1233.151833
1233.243467
1233.498400
1233.694833
1233.973733
1233.983833
1234.025867
1234.133400
1234.405100
1234.424400
1234.497767
1234.597433
1234.719400
1234.874933
1235.025733
1235.036833
1235.111933
1235.121833
1235.311700
1235.468833
1235.550967
1235.958100
1236.414267
1236.499100
1236.506700
1236.594900
1236.602433
1236.749233
1236.808600
1236.854367
1237.423833
1237.428233
1237.436833
1237.612933
1237.711933
1237.723533
1237.730867
1237.817967
1237.934233
1237.949500
1238.127733
1238.375533
1238.471300
1238.606300
1238.786700
1238.855900
1239.013767
1239.588067
1239.688100
1239.727967
1239.854700
1239.973067
1239.982933
1240.228900
1240.556967
1240.685000
1240.811167
1240.937967
1241.245867
1241.335967
1241.581833
1241.682467
1241.727800
1241.849300
1241.857100
1241.875033
1241.935733
1242.010567
1242.012400
1242.053133
1242.125867
1242.241300
1242.322100
1242.358867
1242.743333
1242.754000
1242.876367
1242.925967
1243.123500
1243.196700
1243.201900
1243.429233
1243.780400
1243.840500
1243.920367
1243.934933
1244.008567
1244.256800
1244.573167
1244.704967
1244.879067
1244.914267
1245.196600
1245.259767
1245.339600
1245.348333
1245.601267
1245.631567
1245.692500
1245.712467
1245.814000
1245.984500
1245.990767
1246.055367
1246.237400
1246.793433
1247.159467
1247.269867
1247.385700
1247.414233
1247.640100
1247.691033
1247.755967
1248.009333
1248.139500
1248.144533
1248.197700
1248.569400
1248.695667
1249.087533
1249.149267
1249.306933
1249.366867
1249.419400
1249.426767
1249.609533
1249.844833
1249.983200
1249.988133
1250.086600
1250.177967
1250.566200
1250.641333
1251.095067
1251.102900
1251.563200
1251.654633
1251.752267
1251.829667
1251.911733
1252.036833
1252.054033
1252.084433
1252.218433
1252.299067
1252.607967
1252.638267
1252.763067
1252.800400
1252.915467
1253.162500
1253.323867
1253.368300
1253.404833
1253.418367
1253.431533
1253.572267
1253.603600
1253.743633
1253.888367
1254.205600
1254.356533
1254.933867
1254.947767
1254.963633
1255.045833
1255.070000
1255.120400
1255.149767
1255.196233
1255.294667
1255.421733
1255.437467
1255.513933
1255.556567
1255.863800
1256.044400
1256.696933
1256.842300
1257.068700
1257.134700
1257.219567
1257.421167
1257.465867
1257.531833
1257.604067
1257.642933
1257.830500
1257.899500
1257.929333
1257.990467
1258.057400
1258.073167
1258.168033
1258.730367
1258.905233
1259.020300
1259.350100
1259.390767
1259.612933
1260.027767
1260.107633
1260.174833
1260.245600
1260.413133
1260.753467
1260.910733
1261.024933
1261.108933
1261.225100
1261.544067
1261.846767
1261.866667
1262.150033
1262.239200
1262.341467
1262.438033
1262.445433
1262.481633
1262.639267
1262.773867
1262.910100
1263.045033
1263.085833
1263.113600
1263.657567
1263.722033
1263.812533
1264.195733
1264.241300
1264.247600
1264.261633
1264.416167
1264.540167
1264.821267
1264.863067
1264.909733
1265.241433
1265.382867
1265.389333
1265.671000
1265.686733
1266.045567
1266.061733
1266.178867
1266.329333
1266.756967
1266.777100
1266.786467
1267.418833
1267.549033
1267.645167
1267.914767
1268.456233
1268.732467
1268.747700
1269.050533
1269.410667
1269.570533
1269.588167
1269.633967
1269.653733
1269.734767
1269.782200
1269.919400
1269.995400
1270.007867
1270.251667
1270.351133
1270.501067
1270.591433
1270.614267
1270.688467
1270.711767
1270.803200
1270.966833
1271.391000
1271.541400
1271.615200
1271.691267
1271.726333
1272.235800
1272.305733
1272.412600
1272.423733
1272.635533
1272.717167
1273.390867
1273.806667
1274.220367
1274.290233
1274.467000
1274.586333
1274.709167
1274.786767
1274.810467
1274.996467
1275.004933
1275.079000
1275.144667
1275.172500
1275.284300
1275.326900
1275.343200
1275.624467
1275.691300
1275.698367
1275.761667
1275.844133
1275.862167
1275.971433
1275.996200
1276.040567
1276.049933
1276.063933
1276.149533
1276.165267
1276.457033
1276.477633
1276.490400
1276.523667
1276.629667
1277.361433
1277.382233
1277.429767
1277.472900
1277.622900
1277.792933
1277.932300
1278.012333
1278.112367
1278.119333
1278.174067
1278.191933
1278.295467
1278.312200
1278.391333
1278.540233
1278.693000
1278.780367
1278.796500
1278.990533
1279.058600
1279.245367
1279.277867
1279.411200
1279.559100
1279.573633
1279.678967
1279.787733
1280.226133
1280.679000
1280.939567
1281.163200
1281.380367
1281.735633
1282.030933
1282.081900
1282.106167
1282.248767
1282.383667
1282.579033
1282.663233
1283.095967
1283.103533
1283.145733
1283.508867
1283.630133
1283.707167
1283.716867
1284.031600
1284.049800
1284.215300
1284.645633
1284.655000
1284.828133
1284.833633
1284.861633
1285.032233
1285.044467
1285.087600
1285.261167
1285.510233
1285.684000
1285.734800
1285.996333
1286.011433
1286.235867
1286.281400
1286.390833
1286.533467
1286.590733
1286.730700
1286.775467
1286.788767
1286.868333
1287.033367
1287.060067
1287.069200
1287.122800
1287.161567
1287.491300
1287.560800
1287.812933
1287.995600
1288.014033
1288.179133
1288.269233
1288.335900
1288.342600
1289.124533
1289.343400
1289.649033
1289.804600
1289.819500
1290.462967
1290.473467
1290.621467
1290.636633
1290.736833
1290.960700
1290.983800
1291.071700
1291.099833
1291.106500
1291.312133
1291.402700
1291.500767
1291.688933
1291.817533
1291.989233
1292.019133
1292.071200
1292.116533
1292.264667
1292.354833
1292.553433
1292.741333
1292.780567
1292.827800
1292.889767
1293.083133
1293.163767
1293.253500
1293.309233
1293.572900
1293.661600
1293.677667
1294.029133
1294.040400
1294.367133
1294.409467
1294.664300
1294.733033
1294.946200
1295.449533
1296.193033
1296.198233
1296.276433
1296.297067
1296.519767
1296.925600
1296.938733
1297.002133
1297.131367
1297.540200
1297.794567
1298.083433
1298.227367
1298.360533
1298.606500
1298.695767
1298.773400
1298.974833
1299.131067
1299.177667
1299.370000
1299.550233
1299.728900
1299.831100
1300.000200
1300.123500
1300.249067
1300.289900
1300.350867
1300.498200
1300.553767
1300.700500
1300.822333
1300.971000
1301.161767
1301.282100
1301.354267
1301.364700
1301.453300
1301.734167
1302.624867
1303.019833
1303.225733
1303.288900
1303.296267
1303.402467
1303.461633
1303.564967
1303.654567
1303.941300
1303.966833
1304.035400
1304.121167
1304.199200
1304.737900
1305.061800
1305.108067
1305.168100
1305.204200
1305.442033
1305.465200
1305.518400
1305.638000
1305.757967
1305.768333
1306.278200
1306.291733
1306.405733
1306.497767
1306.554967
1306.615500
1306.720867
1306.980733
1307.145900
1307.209667
1307.675533
1307.758900
1307.769167
1307.806000
1307.893067
1307.966600
1308.484067
1308.512767
1308.799533
1309.134067
1309.572833
1309.642067
1309.679767
1309.977300
1310.168333
1310.563100
1310.947767
1310.952633
1311.013933
1311.068700
1311.188367
1311.205767
1311.230933
1311.258467
1311.390367
1311.595167
1311.917667
1311.946167
1312.587533
1312.749067
1312.847400
1312.876833
1312.891067
1312.907433
1313.052233
1313.058633
1313.187900
1313.212533
1313.522733
1313.539567
1313.600467
1313.785733
1313.818933
