1.104567
2.778400
5.948567
5.987667
6.014000
6.301600
6.538867
11.158233
13.426400
13.594800
15.285300
15.660900
15.787767
15.929067
16.143200
16.351633
18.203800
18.341967
18.495567
19.782367
21.947833
22.004367
22.445233
22.794367
22.982200
23.251133
23.311233
23.362700
23.409033
23.642133
23.743800
23.781767
23.844933
23.950300
24.343333
27.746400
29.296767
32.786000
33.274867
33.423433
37.404000
37.480133
37.562500
40.476967
41.445833
41.557400
43.456733
43.476733
43.504833
43.559633
43.957800
44.171000
44.349600
44.439133
44.569900
44.723967
44.763800
44.786533
44.831333
44.846300
44.885967
44.903067
50.241300
51.811633
52.789500
53.115600
53.494567
54.056000
56.502667
62.575500
63.480533
63.511167
63.555067
63.633133
65.834100
66.047833
66.092167
66.181967
66.324100
66.346167
66.368633
66.441300
68.759400
69.213900
69.304033
73.179067
74.791767
75.853000
76.213500
76.422400
76.524667
77.061633
77.095200
77.134833
77.748000
79.110300
85.462767
87.740200
90.707833
100.716267
104.132267
104.442267
110.444200
110.730600
110.735800
111.323033
111.389267
111.473833
116.634200
116.671033
116.737000
117.696533
117.816267
117.983433
118.088767
118.730800
118.770633
118.816000
118.838900
121.269667
123.985533
125.331233
125.534133
128.769100
128.806700
129.034467
129.858733
130.147567
130.228533
130.266233
130.960833
131.260767
136.278000
137.526100
138.072200
138.202000
138.816067
138.896900
141.754700
141.778800
143.673033
143.696933
145.337433
145.362233
145.390700
145.451533
145.531033
148.606433
149.008567
149.043600
149.774233
149.808167
150.319367
153.030900
156.822333
158.813800
160.137767
160.903433
160.963067
160.992133
164.084333
165.003333
165.195633
166.962633
167.534533
168.619233
169.337133
171.198400
173.186600
179.312467
179.357433
185.880067
186.023433
186.437733
186.471933
186.532400
186.933567
191.241567
191.333300
193.757067
193.893100
195.132267
196.099067
196.161667
196.804267
200.364533
200.919167
201.479633
205.201167
209.955433
210.035567
210.310100
214.618733
214.679833
214.784800
215.497100
215.812033
215.827100
215.860633
215.912767
220.478833
220.576233
221.009467
221.439433
222.168967
223.305700
224.097200
225.501667
227.429100
228.517300
230.173000
230.474033
230.978567
232.572600
232.875667
236.305933
240.102033
240.590300
240.665300
241.539133
244.226067
245.269933
246.088467
246.358467
246.810167
246.895167
246.980233
247.574533
247.672433
247.709067
247.799067
250.996067
251.192600
251.224767
252.023033
252.793733
252.825767
253.309200
253.667533
255.244567
255.270867
255.356967
258.423433
258.723000
258.791767
259.321700
259.440300
262.503033
262.511600
262.519333
262.537233
262.555400
262.596333
262.626500
263.115000
265.488100
265.516200
265.531200
265.535733
265.553067
265.616767
265.641700
265.689233
267.099933
268.085733
268.360867
268.411133
268.546133
269.252233
269.319233
271.424633
271.937567
272.078933
273.941467
273.985367
274.412300
274.502500
276.647600
276.762800
277.012567
277.229433
277.386167
277.781067
278.050300
278.147300
278.219533
279.944467
280.270200
280.945800
284.495700
284.938233
285.359533
285.923067
285.974900
286.015033
288.071200
289.167500
290.100300
291.318167
291.932333
292.096900
292.148600
292.527733
293.967700
294.020333
296.341933
300.613067
301.285267
301.327967
301.353000
301.434633
301.762700
301.785267
302.036433
302.053667
302.151533
305.142033
308.098700
308.230567
308.458233
311.259333
311.333300
311.353967
311.385767
312.437200
313.630500
313.729467
313.915767
315.617033
315.620700
316.257967
318.010500
318.050567
321.445667
321.858200
321.906667
323.205800
323.699800
325.451733
325.671433
326.417200
326.471500
328.401533
328.506533
328.584000
330.824600
331.742433
331.745600
331.840500
331.924667
332.712433
333.577233
334.978067
335.036067
337.852933
337.909967
338.092733
338.143267
339.827100
340.433333
343.360700
343.429033
343.974267
344.095433
344.419967
344.462900
344.479533
344.589200
344.862467
344.924167
344.956333
345.022933
345.071167
345.110967
345.306700
345.403000
347.480233
347.655100
347.716533
348.239267
348.291767
348.356867
351.254800
356.919800
357.022333
357.045133
358.159533
358.982467
359.132400
364.620400
365.428967
366.127567
368.431867
368.474333
368.626833
368.643133
371.064000
371.475933
372.255433
372.728533
373.419700
376.040233
376.914767
377.250300
377.320533
378.865200
380.217633
380.453133
382.278733
383.998367
384.518133
384.941967
384.972567
385.180300
385.516200
385.560133
387.184833
387.513067
387.768600
390.379100
390.417533
393.582467
393.799467
394.406967
394.610233
395.321733
397.240533
398.295433
402.053767
402.082067
407.822333
408.616500
408.686233
408.738033
409.065267
409.532500
412.062033
412.133200
413.493067
414.572900
414.603267
415.035800
419.348567
423.781733
424.375233
425.140600
427.339767
427.516267
428.183067
435.167500
437.679967
439.415467
440.109200
446.073367
446.135433
446.181833
448.203100
450.689433
450.736967
450.817433
450.864133
450.952367
453.732433
456.954300
458.570300
458.633767
459.722567
462.910100
463.013900
463.097633
463.198933
463.637500
467.242000
467.580767
467.660233
467.710133
468.351067
468.856867
473.265533
479.370667
479.421267
482.665667
486.232100
489.830067
492.938233
497.265867
497.650433
498.723567
499.369133
500.745367
501.817267
506.785100
513.919433
514.025133
518.596033
521.458000
522.045700
522.609267
531.306867
533.090200
535.284600
535.443933
538.757567
538.797867
538.821833
542.133767
542.516367
543.113067
545.147733
546.969467
547.397767
547.467700
547.563967
547.764467
548.177367
548.211367
548.310633
548.351467
549.719067
549.910333
551.088033
551.461667
551.499200
552.397300
552.453400
556.214200
557.076567
557.559467
557.585667
557.638933
562.043600
563.758767
563.798933
564.996067
565.496667
566.078933
566.119800
566.290333
567.814700
567.980467
568.104333
568.173500
570.313867
570.665867
572.783967
575.164133
575.195100
575.324867
578.444300
582.217533
584.329500
592.415600
592.469233
593.338833
593.340500
593.395767
593.480267
593.511367
593.582733
593.976367
594.070633
594.108500
594.153633
597.134667
597.642233
597.825000
597.918767
598.228033
598.543467
600.701633
602.062933
602.821633
605.518233
606.270067
606.289033
606.406133
607.370933
611.633367
617.587567
618.511900
622.111967
622.217333
623.700067
623.785167
630.089600
631.473900
631.562700
631.616467
631.631733
632.341667
632.415633
632.490633
632.617533
632.622233
632.639167
633.961567
634.248967
634.425867
636.079000
636.373267
636.502933
640.521100
645.728233
645.991767
648.710433
650.565067
655.828033
656.836000
656.898500
657.945700
657.994800
661.516600
662.175367
662.305267
662.440933
666.125700
666.218533
666.313633
666.515233
666.889300
666.970467
669.444433
669.988167
670.098333
670.127800
670.171467
670.393000
670.455067
670.491033
670.542867
672.872867
672.917833
672.939800
679.360900
680.007933
684.495867
686.719367
687.237433
687.741800
687.806767
687.809633
687.953800
691.915733
692.214900
692.293733
699.380267
699.707033
702.818800
702.875333
703.183400
703.625767
703.685733
703.715733
703.826167
703.931900
704.001433
704.037433
704.093767
704.171533
704.222933
707.900467
712.008367
712.695333
712.733400
712.751667
714.054900
714.430833
714.501367
714.937500
726.514600
727.329000
728.750100
729.261100
729.404400
729.889700
732.430733
733.362633
733.909600
733.937000
737.180100
740.250900
742.917000
745.013000
748.173733
748.816133
750.514867
750.985467
752.980800
760.873967
761.608600
761.619400
764.326233
767.259367
767.872867
767.956900
768.030067
768.114300
768.226533
768.297033
768.299700
768.336100
768.358633
771.100733
773.850900
774.967100
775.022367
775.796967
777.702733
778.786100
778.881867
778.989433
781.671300
786.414800
787.123867
787.763567
789.511200
789.630167
789.682433
789.772800
790.323133
791.686700
792.614067
792.663267
794.245867
794.634133
794.713367
803.993933
806.259933
806.284667
806.328100
808.332367
808.375367
809.771533
809.869033
809.897700
809.918333
809.995033
812.317200
813.985067
814.158400
816.860633
819.587933
819.654367
819.709867
820.195267
824.117700
826.141733
826.242600
828.529300
828.854500
829.912433
833.708667
838.731400
841.113267
841.506033
843.993733
844.852133
845.045900
845.334633
850.039167
850.131200
850.308033
850.370333
853.470133
853.547433
853.717267
856.127900
857.582333
862.376367
862.508100
862.595233
863.981967
864.041667
864.177867
870.630700
870.682433
871.405067
872.463667
873.304767
875.284700
879.383100
879.563733
879.616433
880.029500
880.057367
888.688233
888.857067
888.955800
890.447667
891.792333
891.899900
891.964400
894.468233
894.947367
895.068167
895.100300
895.258833
895.421533
895.466033
899.055167
904.524100
905.956333
912.075333
921.564800
922.911233
927.259133
928.514300
934.036967
935.812967
936.368767
940.258933
951.139333
954.297300
954.702400
954.756100
954.882633
955.023633
955.059733
955.212067
956.296500
958.781300
958.866000
965.669733
965.925500
965.983667
971.375000
971.962433
974.682767
974.741467
975.096733
975.144767
975.187433
982.526900
982.628933
986.911500
986.985700
987.071767
1001.924233
1002.799867
1002.895000
1004.121533
1006.167633
1007.331100
1012.229800
1012.318567
1012.625167
1015.401267
1015.548900
1017.090767
1017.132933
1017.160767
1017.240767
1017.289833
1019.388033
1021.737400
1021.753433
1023.891467
1024.342967
1029.876567
1039.597900
1040.516200
1041.611100
1042.899133
1051.991667
1056.505700
1056.573900
1060.357700
1063.666333
1066.273000
1069.553833
1072.440467
1075.561733
1075.669100
1075.718000
1076.195400
1076.367100
1076.923400
1076.959100
1079.501600
1079.549033
1079.580367
1079.647000
1081.438167
1089.058000
1089.097033
1089.767600
1091.900600
1092.699667
1092.996000
1093.001800
1095.059167
1095.158900
1095.364467
1098.764167
1102.541367
1102.830833
1107.282267
1108.765967
1108.811767
1110.305033
1114.249533
1114.684633
1114.712633
1114.889533
1114.944133
1115.066367
1115.410400
1117.683600
1122.185633
1123.403433
1123.534133
1125.118400
1126.130900
1128.398533
1129.253500
1130.095167
1130.637933
1130.685167
1130.725167
1138.082933
1138.173600
1138.294067
1138.626400
1139.286567
1139.346567
1141.448233
1141.831200
1141.888167
1142.036167
1142.141100
1143.429467
1143.779900
1143.865833
1144.125267
1144.298467
1144.750367
1145.170833
1145.266033
1147.511600
1147.843867
1148.116500
1148.836133
1148.946233
1149.005833
1149.459367
1149.750967
1150.335333
1154.213933
1154.247833
1154.331300
1154.390400
1154.444233
1154.559867
1154.600800
1154.641633
1155.193800
1155.252933
1155.479200
1157.780100
1158.412733
1159.117267
1159.374200
1159.415067
1159.473067
1159.544167
1163.166700
1163.223800
1163.705500
1163.783100
1163.837900
1163.917500
1163.919767
1163.969267
1165.288733
1167.464933
1167.740067
1167.939000
1168.098833
1168.190267
1168.272533
1168.341467
1174.645500
1174.911067
1174.963200
1175.646233
1176.024467
1176.084267
1176.398533
1176.691700
1176.755667
1180.970267
1182.574533
1186.058100
1186.102500
1188.748333
1188.845233
1188.880367
1189.447933
1189.542900
1190.484433
1190.519100
1191.265467
1193.243800
1193.431067
1197.259867
1198.518300
1198.702533
1199.471933
1201.582600
1201.617533
1206.132267
1206.422900
1208.133733
1209.813267
1213.077167
1222.573600
1222.909867
1224.287933
1224.292367
1224.345333
1224.364933
1224.827700
1224.943067
1225.002900
1225.324100
1225.410967
1225.498233
1225.550833
1225.569333
1225.712167
1225.747233
1225.770600
1225.773867
1229.129433
1233.668733
1233.916933
1234.142200
1234.195267
1234.522767
1235.186600
1235.874100
1238.042367
1238.111767
1238.862400
1239.652833
1239.753967
1246.560600
1246.670967
1246.702500
1249.078600
1250.048100
1250.488467
1250.564167
1250.720033
1250.780933
1254.970867
1255.499600
1269.815067
1272.005533
1272.468433
1275.779033
1275.798767
1276.380767
1276.494767
1279.783567
1281.827467
1281.967933
1287.385700
1287.508333
1291.231200
1291.335667
1294.069300
1294.560033
1295.339733
1296.850700
1299.423167
1299.822500
1299.866400
1307.697400
1308.050433
1308.097067
1308.234900
1308.282833
1308.353433
1309.787700
1310.246467
1310.375533
1312.190300
