1.970133
2.761667
4.034600
6.163500
6.187000
6.759533
6.777567
6.860133
7.082400
7.440800
8.090133
8.771000
9.764600
10.005967
11.169833
11.921233
11.930467
11.970500
12.279067
12.730633
12.807733
12.990467
13.427133
13.483367
13.694800
15.402467
16.673333
16.749700
17.073233
17.883033
19.297833
22.021033
23.842700
24.283033
24.894633
24.988333
25.520600
25.910400
26.350333
28.229567
28.589200
29.576967
30.969700
31.260933
31.914967
34.768833
35.267167
35.945433
37.925833
38.418500
38.598267
39.111233
39.206700
39.504533
40.443800
41.593300
41.641433
41.896267
43.368400
43.558900
45.249933
45.602033
46.116500
47.535167
47.619733
47.705500
47.712933
47.767233
48.706833
49.769467
50.194967
50.462633
51.036867
51.317500
52.050533
53.408100
53.681733
54.441567
54.953233
55.015133
56.892067
57.487600
57.526000
57.643100
58.694200
59.462167
59.563600
59.795333
61.158433
61.303133
62.122467
63.642633
63.809233
63.856267
63.936733
64.288300
64.384267
65.134933
66.701533
68.043133
68.649300
69.550133
70.258533
70.327367
70.455533
70.811700
71.957900
76.314300
77.330533
77.455067
77.729100
77.756367
78.876033
78.927667
79.014667
79.095100
79.818233
81.059367
81.327100
81.447033
81.711733
82.086833
84.913633
85.223600
86.016633
86.613167
87.197233
87.473667
89.136800
90.185067
90.261133
90.645467
96.778867
96.914567
96.967567
98.374500
99.084367
100.092567
101.235267
101.331300
102.468167
103.328200
105.250067
105.588867
106.355933
107.073533
107.699833
107.756267
108.119967
108.267867
108.271600
108.274367
109.244400
111.899500
113.648600
113.955767
117.305200
117.407233
118.449533
119.493733
119.525933
119.580367
119.795567
120.109667
121.547933
122.402633
123.489867
124.020600
124.261267
124.324233
126.629000
127.031233
127.084267
127.188267
128.156267
130.243900
130.414033
131.215233
131.702600
131.761500
133.567700
133.659833
134.561567
135.803567
135.855367
135.903267
136.938500
136.971100
137.255133
139.549133
139.894500
139.952733
140.325833
140.395500
140.844133
141.081567
141.157733
141.883600
142.437533
142.447700
142.522767
142.972667
143.118033
143.679900
145.541667
145.597933
145.812800
145.817600
145.825633
148.033333
148.224833
150.717133
151.167333
152.408067
152.485467
152.964100
153.088567
153.400800
155.317700
156.062400
156.760267
156.821533
156.985800
157.053167
157.762900
157.786400
157.855600
158.912867
158.927933
160.251800
162.197067
165.765733
165.794367
167.360300
167.397433
167.507667
168.670533
168.743200
168.846700
169.797033
170.145633
170.459267
171.107467
171.151833
171.478833
172.134267
173.607633
174.732300
176.333933
176.547000
176.595000
177.155333
181.095267
182.260333
183.674400
184.132900
184.637567
184.639567
184.658467
186.119533
186.947767
187.053200
187.181433
190.986567
191.941400
192.111933
192.322233
193.759567
194.371900
195.541133
195.580367
195.856400
196.081867
196.982333
197.317000
197.346967
198.729900
199.944233
201.062233
201.507667
201.794067
203.610167
204.330367
205.604267
209.329733
209.461900
209.482167
209.600700
210.089233
211.961933
212.239067
213.454533
216.131733
216.878867
218.010200
218.482133
218.694933
218.815267
221.278533
221.389533
222.683600
222.848400
223.155833
223.202800
223.376833
223.442133
223.456333
223.554133
224.895633
224.899900
225.122367
226.574233
227.348433
227.616133
227.790300
228.087100
228.472133
229.464367
230.220933
230.472233
230.665600
230.753033
231.093700
231.155733
231.917867
232.064767
233.296700
233.362800
233.620967
233.651000
234.847667
236.065967
236.105633
236.471833
237.493433
237.667867
237.678567
238.098400
238.494033
238.618900
238.887633
241.891167
241.947367
242.344167
242.476000
244.788433
244.819133
247.783400
247.922033
248.619000
249.996400
250.024533
250.481100
252.397700
252.399600
252.456633
253.948633
253.999433
255.413867
255.736433
257.161200
257.734533
257.746767
258.492567
258.715000
258.880433
259.636700
259.689733
260.317133
260.363733
260.474600
261.716600
262.096767
262.472700
264.119533
265.602967
265.627600
265.791567
265.825567
265.948800
266.453733
267.154667
270.146467
271.133833
271.214333
271.249100
272.650167
274.143533
274.324800
274.380700
274.819000
276.357833
278.018700
278.183733
278.771767
278.776833
278.816500
281.186033
281.243867
281.653667
281.665467
281.682167
281.735567
282.359667
282.435233
282.541400
282.794100
283.139767
284.527133
286.063033
286.123933
286.150700
286.601833
286.621900
286.634767
286.646067
287.422367
288.481633
288.547300
288.596300
288.615100
289.256000
290.347667
290.444833
290.919267
293.738700
294.826300
295.894967
296.709833
298.696800
299.123100
302.108867
302.662167
304.113900
304.139200
304.900067
305.093867
305.136667
306.209700
306.849500
307.350833
307.897667
308.521533
311.303333
311.398100
311.422900
311.489567
311.686967
312.573167
314.211933
315.681133
318.509067
320.437733
320.553133
320.615700
321.387367
322.551833
324.513500
324.537400
324.623633
325.750933
325.915867
327.237667
327.400133
327.586500
327.970400
328.144767
328.582200
328.852667
330.671233
331.729667
331.764267
331.837067
332.718233
333.538700
333.693500
334.138933
335.695933
335.928900
336.147933
336.606167
338.401567
339.587933
340.880000
345.187400
345.242567
345.283000
345.499067
345.606033
347.539733
347.579200
348.603800
348.859200
349.241867
351.153867
352.653533
352.681467
352.788533
353.217733
353.656300
354.097533
355.277500
356.104733
356.350100
358.059800
359.151533
359.255200
359.352600
362.378533
362.391600
362.450700
362.585100
367.540633
368.748567
368.894633
369.085833
369.816233
370.424667
371.357833
373.250300
373.381367
373.421133
373.696067
374.891433
376.084767
376.271233
376.491067
376.964033
377.679933
378.071467
378.151333
378.618667
380.416633
380.475833
380.663400
381.410400
382.055700
382.210467
383.084833
383.086933
384.195267
384.946633
385.427100
386.399633
386.510400
387.413100
387.509067
387.537700
388.145400
388.683267
389.412967
390.580033
391.306900
392.239567
392.424500
393.006600
393.295067
395.294867
395.315967
395.337000
395.361000
395.382733
395.481200
398.429667
402.154933
402.260433
402.519367
403.230667
404.330567
404.375733
405.753700
405.828800
407.344633
407.373800
407.755267
408.862267
409.177100
410.096933
410.253033
410.433600
410.492500
411.963433
412.037000
412.324233
413.078833
413.419233
414.442567
416.086233
416.889833
418.330067
418.732033
421.868267
422.322900
423.846933
424.214767
424.269200
424.726467
427.199067
428.576733
429.016433
431.111800
431.463500
433.078300
433.377767
433.775000
433.807633
434.555267
434.640367
436.716367
437.551867
437.681233
437.783433
437.790633
437.857767
437.862767
438.083567
438.747867
438.861600
439.921533
440.473400
440.528967
441.180633
441.497600
441.962033
442.190900
442.661167
442.707267
443.574100
443.787367
444.438200
445.401500
446.560867
447.596700
447.960767
448.213900
448.578033
449.203367
451.437600
452.186667
452.197300
452.871967
453.905533
455.712200
457.257967
457.397600
458.314933
458.954267
459.479267
460.053133
460.126900
461.085467
461.152900
461.179067
464.262067
464.288500
464.621800
465.195100
466.187600
466.986300
470.224833
470.481567
470.775200
471.451700
471.883133
474.766900
475.666100
475.884533
476.782467
476.979033
478.097000
478.451333
479.420033
479.836900
480.486800
482.519967
484.286400
486.377633
486.698633
486.793700
486.975333
487.022500
487.509000
487.823333
487.873400
489.144200
489.331367
489.369900
490.285100
490.364567
491.331800
491.815667
493.092833
493.311800
494.297600
494.442367
495.451267
495.468900
496.299400
496.390933
497.962667
499.300767
500.048700
500.302400
500.548000
504.104667
505.270133
505.590967
505.632133
505.645233
510.191133
510.399400
510.861867
512.010467
512.862900
514.390200
514.487800
517.311500
517.543200
519.374733
519.386700
519.625000
519.725100
520.134767
521.851433
523.258567
524.116367
524.523133
524.719133
525.080133
525.620733
525.767233
525.909033
526.071833
526.319967
526.456400
527.188100
527.271533
527.390000
530.039567
531.337533
531.373067
532.659300
533.103933
533.169933
534.702067
534.715267
536.137133
539.177233
539.589233
540.651033
540.759033
542.645033
542.728033
544.260533
545.176367
545.246400
545.322333
545.634300
545.993800
548.906033
550.896600
553.219033
553.227500
553.458767
553.474933
553.592867
555.962600
556.359100
556.570167
558.029833
558.714733
559.249333
560.969033
561.661833
561.925433
562.342233
562.530333
562.602367
562.852567
568.169600
569.565333
569.666000
571.534900
571.709500
572.249767
572.780933
573.183100
573.785933
573.820133
575.197033
575.511400
575.576333
575.779933
575.840767
579.119967
579.230700
581.253500
581.521033
582.374933
582.612433
583.313500
590.588200
591.086733
591.139933
592.141633
592.783167
592.796700
593.829300
596.002767
596.992833
597.144833
598.099300
598.616233
598.974967
601.598233
601.881200
602.000100
602.031167
602.061000
606.395600
606.835933
606.945100
606.989467
607.102500
607.791033
608.090300
608.816267
608.940333
610.683867
611.648500
611.777733
612.163067
612.303500
612.369733
613.066733
613.391700
613.401333
613.879267
613.925033
614.411367
614.953167
617.290800
618.445733
618.974867
619.229033
619.488467
619.810667
620.139933
620.156300
620.800833
620.824967
620.966800
621.088233
621.149100
623.619067
624.023600
624.081533
624.759267
624.833167
625.114367
626.308500
627.136900
627.292167
627.559100
627.593500
627.614433
627.629433
628.215667
628.311400
630.067200
631.025767
631.852100
631.874533
634.248167
636.754733
636.857467
636.890800
637.011533
637.143300
637.181567
637.432500
638.032467
638.415267
638.931000
639.811233
639.820033
640.744600
641.024967
641.276733
641.308733
641.454200
642.310367
643.485200
643.564267
643.699767
646.322267
647.147733
647.412533
648.044000
648.417167
649.333433
650.657067
651.023467
651.105200
651.783600
651.901367
652.192533
652.609533
654.226800
654.491567
656.746167
658.902233
658.970500
659.316967
660.129533
660.226267
663.100067
663.163767
663.442867
665.960033
666.348367
667.217300
667.232467
667.362733
669.520533
669.527667
670.820767
671.227700
673.774867
674.040333
674.246167
674.674367
676.572100
676.821400
676.910133
677.309533
677.402400
677.551767
678.059100
679.146933
679.245133
679.498300
680.170067
680.469067
680.646233
681.342500
682.771467
683.098600
684.448733
686.765700
686.790333
686.802733
688.084800
688.206267
688.415800
690.493033
692.801833
693.545633
694.029400
694.150767
694.418567
694.520600
694.701767
694.799000
695.185133
695.619733
695.861600
699.586533
699.706633
700.176533
700.939200
701.771433
701.913533
702.018867
702.541600
702.790933
702.842667
702.846733
702.912200
704.135267
708.748133
708.972633
709.758233
710.881567
712.035567
713.624367
713.827667
718.173367
718.201100
718.586933
719.665933
720.255667
721.200100
721.930167
723.457967
724.014633
724.265933
726.457500
726.465467
726.954033
727.080100
727.213500
727.263300
727.266000
727.294000
727.330667
729.701467
729.829267
730.379233
730.580833
732.250333
732.390633
732.793067
732.845200
733.808900
734.013900
734.447067
734.569133
734.866300
735.744600
737.299433
739.747000
740.395900
741.819333
741.979500
742.703500
742.988233
743.010967
743.891933
743.912500
744.642500
744.765300
746.682533
747.601300
747.762200
747.809867
748.460000
748.815233
750.840867
751.090300
751.337600
751.531067
751.805267
752.268733
752.867867
753.048867
754.870467
756.216400
757.075800
757.081467
757.464667
757.518433
757.595100
757.624633
757.667033
757.920967
757.972833
758.177300
758.197267
759.046600
759.798400
761.194667
763.130900
763.794367
763.904833
765.582600
765.737167
766.203267
766.646967
767.781367
768.201567
768.809533
769.175233
769.298067
772.515567
772.709600
772.816667
774.046100
774.121833
774.134133
774.234867
774.460033
776.307567
778.016067
779.082167
780.141500
780.415867
780.517633
781.715700
782.301667
782.379367
784.984500
785.126900
787.027667
787.635267
787.978333
788.025833
788.342367
791.885933
791.990300
792.159433
792.166367
792.170333
792.565767
793.120567
796.091167
796.228800
797.167800
797.256167
798.085000
798.593300
798.701233
799.363633
801.619400
801.726800
804.981700
805.124667
805.506833
806.943300
808.149667
808.414867
808.813200
809.119500
810.017933
810.163367
810.268200
810.308667
812.274200
812.518967
815.397733
816.666367
817.322867
817.377600
817.419767
817.934933
819.084733
819.089533
819.964367
820.280367
820.371767
820.473300
820.878700
821.417733
822.276367
822.786833
823.923233
823.986933
825.461833
827.416433
827.628433
828.730333
829.060533
831.756767
832.310933
832.425300
833.160700
833.386400
836.141367
837.508467
837.544333
837.801600
837.970067
838.682233
844.639600
845.503167
846.139067
846.671667
846.896600
847.774867
848.595567
848.657333
849.176833
849.961800
850.393133
850.409433
850.840167
851.032400
851.969133
852.055667
852.555800
853.963000
854.646933
855.965633
856.077567
856.151833
857.577600
858.055200
858.216367
858.788333
861.012167
861.302033
862.316900
862.373400
862.702800
862.829633
862.869367
864.376467
865.212467
865.305100
865.331700
865.436333
865.495133
866.419867
866.887600
867.442833
867.860467
868.608633
868.610633
868.728733
869.634167
870.559733
873.160833
874.223133
874.897967
878.150167
879.269267
879.486233
879.518733
879.587200
881.396900
881.408867
881.525833
882.203133
882.730300
884.365100
884.692200
885.903600
889.811433
891.969567
892.179733
892.517033
894.117200
894.180033
895.581600
895.818900
897.291700
898.520633
899.033767
899.312200
899.895967
902.686833
902.746600
903.637900
903.829267
903.962433
903.989633
904.788000
904.942400
907.241433
907.286067
908.868133
908.881000
909.018033
909.132667
912.075733
916.658433
916.755600
916.806100
916.920933
916.991767
917.166467
918.996567
920.266533
920.332633
920.473000
920.733000
920.990400
921.460600
921.896567
922.725667
924.208933
924.827300
925.134633
926.999867
927.055467
927.230767
927.389533
931.208667
931.319633
932.434567
932.488567
932.829333
932.894600
932.956767
933.094400
935.828933
935.909700
936.806067
937.222333
937.447633
937.694233
937.962133
939.258533
940.794967
940.959533
942.143233
942.284533
943.420367
943.543067
943.784133
944.094400
945.606767
945.612033
946.407633
946.869933
948.226633
948.859067
949.849533
950.706700
952.752167
952.815000
953.559867
955.850300
956.118300
957.907700
957.956267
958.208533
958.288900
958.501600
958.737467
959.196567
959.853233
960.792600
960.951767
960.993033
961.195167
962.350600
963.366300
964.461767
965.370900
966.335300
966.723167
970.887300
971.155300
971.722633
972.524400
975.290800
975.615033
975.699400
975.988533
979.047533
979.663567
980.339900
980.429233
981.710833
983.886800
984.628333
985.002133
985.974167
987.829067
988.869267
989.333600
990.083300
990.092333
991.706600
992.011467
992.228500
992.231067
992.320100
992.498233
993.423500
994.001000
994.015900
994.020967
995.505700
996.379700
996.525333
997.197167
997.811767
999.533433
1002.046733
1002.116767
1002.591467
1003.391367
1004.712600
1006.140433
1007.373767
1010.119267
1012.319000
1012.435367
1012.738567
1012.882633
1012.924667
1015.225300
1015.239600
1015.517833
1015.560500
1015.881067
1016.508600
1018.158933
1018.569067
1019.893700
1020.618267
1021.995400
1022.778200
1022.795133
1023.012000
1023.016267
1023.065833
1023.122267
1023.305733
1023.815000
1026.819067
1029.182500
1029.710167
1034.466667
1036.894033
1037.961367
1038.110933
1038.291533
1039.582267
1040.378867
1040.506867
1041.812833
1042.003167
1042.529167
1042.846300
1043.684800
1044.287433
1044.814067
1047.749600
1047.810133
1048.030900
1049.106667
1049.188333
1050.141100
1050.504633
1052.063667
1053.305167
1053.340233
1053.343100
1053.437933
1054.293700
1055.441067
1057.262233
1057.940600
1059.248767
1059.564100
1059.923167
1060.933267
1061.019100
1061.776800
1063.231533
1063.494600
1064.110000
1064.423633
1066.287167
1067.044067
1068.249667
1068.410467
1068.433867
1068.800100
1069.953767
1070.126167
1070.184067
1070.615567
1070.766633
1072.953200
1072.995867
1076.301800
1076.566567
1077.214533
1077.604667
1078.834267
1079.952000
1082.822633
1084.035333
1084.331533
1084.437033
1086.215200
1086.622967
1087.206967
1087.604400
1088.263133
1089.979033
1090.572233
1091.453967
1091.963300
1092.377667
1092.448300
1093.006667
1095.472133
1096.129100
1096.819767
1097.788767
1098.055633
1099.696933
1099.787333
1100.034067
1103.949233
1104.370500
1106.167500
1107.196300
1107.261000
1107.682000
1108.761767
1108.817967
1110.360533
1112.085200
1112.642100
1116.217167
1116.250200
1117.120967
1120.439167
1122.800200
1123.852400
1126.345833
1126.938033
1127.257533
1127.775767
1128.549933
1129.544467
1129.558733
1131.020033
1131.359500
1131.683567
1131.722733
1133.158567
1133.508000
1134.126833
1134.317967
1134.577233
1135.698400
1135.768667
1135.782167
1135.838600
1135.852633
1136.728000
1138.609533
1138.660067
1138.876800
1139.345500
1140.170767
1141.119933
1141.387433
1141.562200
1142.476967
1144.124667
1145.619767
1145.850267
1148.143167
1149.886533
1150.341500
1152.703467
1153.531800
1153.641900
1155.465467
1156.465067
1156.607433
1160.464633
1161.093567
1165.534133
1166.119100
1167.890233
1169.428133
1169.938700
1170.035900
1171.691700
1174.193333
1177.061867
1177.421033
1177.470433
1179.097333
1179.544200
1180.240600
1180.735500
1181.099567
1184.261833
1184.392633
1187.616767
1188.604033
1188.682333
1188.797467
1189.032000
1191.117433
1191.265433
1191.520600
1191.854667
1191.939900
1192.175733
1194.376633
1194.608500
1194.743167
1195.146133
1195.707500
1196.076267
1197.379533
1198.607767
1198.782533
1198.928233
1199.399733
1200.703600
1202.154267
1204.419833
1204.433600
1204.449467
1204.844800
1205.520367
1205.602767
1208.369967
1209.321267
1209.739467
1209.777200
1209.938967
1216.082733
1216.625100
1216.959967
1219.268333
1219.304567
1219.333233
1219.437000
1219.613667
1220.366400
1222.256700
1222.362800
1222.411467
1222.559400
1224.129067
1225.655033
1225.974867
1226.239200
1230.264933
1230.309300
1230.781033
1230.818200
1231.880167
1231.900700
1232.169533
1232.322333
1232.437933
1232.488867
1233.547333
1233.775300
1233.850067
1233.941000
1233.973267
1234.080833
1235.810100
1235.871800
1235.887267
1235.932233
1237.125900
1239.974667
1240.389067
1240.401567
1240.453233
1240.554467
1240.688533
1242.098700
1242.217700
1242.445800
1243.008133
1244.328367
1245.272067
1245.293433
1245.312000
1245.455200
1246.856133
1246.967967
1246.980900
1247.382833
1247.960567
1250.159967
1250.785000
1250.830467
1251.622667
1251.669100
1253.061800
1253.103033
1253.469900
1254.389967
1254.906067
1256.726067
1258.219800
1261.489800
1263.912400
1264.264700
1271.903067
1273.811000
1275.087467
1275.779600
1275.793633
1275.816333
1275.853867
1275.930133
1276.979033
1277.174067
1277.282533
1278.469700
1279.072633
1280.143467
1280.900433
1281.237700
1282.948067
1285.357733
1286.805033
1286.834567
1286.878400
1288.259067
1288.574367
1288.600733
1289.109233
1289.200567
1289.361567
1290.395000
1291.054533
1291.945833
1292.436800
1293.496000
1293.627633
1295.192867
1295.251233
1295.442800
1295.780700
1295.798000
1297.100200
1297.930967
1300.100633
1300.537600
1300.597033
1301.254400
1302.088233
1304.399400
1305.828700
1306.109433
1306.873633
1306.998500
1307.360033
1307.705000
1309.011833
1309.185233
1309.722467
1310.137533
1310.410567
1311.139267
1311.237400
1311.989500
1312.097433
1312.178267
1312.246467
1312.371733
1312.584933
1312.821400
1313.235733
1313.278567
