0.346267
1.714233
1.754667
2.194900
2.332567
2.375133
2.446667
3.740133
3.782400
3.884400
5.146867
5.554000
5.633300
5.761533
5.796300
9.772433
9.807733
10.249700
10.401567
10.940800
10.981367
14.976133
15.008600
15.492733
16.562933
16.727433
16.769467
17.422667
17.714100
17.744233
17.790133
17.823733
17.884200
17.904933
17.934167
17.951633
17.975033
17.997767
18.021700
18.072200
18.113067
18.133067
18.163767
18.193967
18.236300
18.280367
18.436433
18.747867
18.781733
18.806433
18.895567
18.925300
18.984467
19.016000
19.085133
19.212267
19.247567
19.302567
19.518867
19.554467
19.589133
19.614800
19.653133
20.885233
20.926933
21.285833
21.520833
21.578700
21.915400
22.259100
22.311933
22.358967
22.404433
22.483133
22.509833
22.566767
22.713067
22.793400
22.829633
22.872267
22.903500
22.933333
22.968800
23.110333
23.148833
23.197267
23.277633
23.345033
23.650967
23.751200
24.912100
24.979100
25.005267
27.348400
27.373500
27.821933
27.906133
31.054300
31.083833
31.127633
31.164033
31.177900
31.193233
31.214333
31.239867
31.316267
31.338033
31.578667
31.667167
33.115033
33.351833
35.964167
36.182433
37.005000
37.165733
37.211767
37.268400
37.301467
37.346000
37.433900
37.943067
38.117267
38.216600
38.264767
38.330233
39.227600
39.633167
44.429200
45.508767
45.548567
45.576300
45.644067
45.671000
45.869000
46.143233
46.193333
46.245900
46.304533
48.346933
48.374233
48.411067
48.459367
48.481267
48.495000
48.510467
48.539367
48.566967
48.583600
48.612600
48.637900
48.672867
48.695867
48.720633
48.768800
48.791267
48.832833
48.874567
48.916733
48.944133
48.977667
49.009267
49.061833
49.122800
49.157767
49.185600
49.226000
49.273433
49.347433
49.488267
49.699800
49.753633
49.792067
49.835667
50.136367
50.972067
51.036267
52.117467
52.224300
52.629167
52.669167
52.708667
55.907967
55.929800
60.128800
60.166733
60.202833
60.237500
60.298633
60.340633
60.396433
60.499000
60.788333
60.842500
60.978967
61.018033
61.074567
61.177133
61.231867
61.249733
61.290467
61.373967
61.404200
61.509500
61.635967
61.654833
61.676467
61.686033
61.719067
61.731100
61.765333
61.780900
61.798200
61.816933
61.854167
61.876833
61.901933
61.926367
61.946033
61.966567
61.988800
62.015767
62.043867
62.071767
62.091967
62.131000
62.161433
62.194900
62.241500
62.277233
62.305367
62.338800
62.366200
62.391433
62.415600
62.434000
62.454133
62.480667
62.507100
62.537000
62.555967
62.580733
62.604733
62.627100
62.653467
62.696533
62.721400
62.742867
62.771167
62.790533
62.821533
62.849600
62.875767
62.905300
62.967833
62.995333
63.025567
63.051533
63.087567
63.123233
63.163500
63.195600
63.231200
63.267200
63.329400
63.372567
63.403167
63.457300
63.518667
63.564567
63.624133
63.675567
63.757233
63.818533
63.835967
63.897267
63.919333
63.948633
64.024133
64.059533
64.121433
64.186400
64.236267
64.412233
64.583333
64.647000
64.676933
64.716967
65.447500
65.499400
65.542667
65.573633
65.634200
65.684667
65.733533
65.772633
65.851667
65.873667
65.907200
65.950300
65.973467
65.991467
66.010967
66.025933
66.041767
66.108033
66.123033
66.144200
66.226633
66.244767
66.264367
66.287333
66.313067
66.329400
66.364133
66.396767
66.419033
66.457667
66.854633
66.888867
66.927500
66.952600
66.976533
66.999933
67.023667
67.077100
68.222100
68.777600
68.911367
70.093667
70.151433
70.210500
70.267867
72.824333
73.363300
74.168700
74.200900
74.229167
74.266500
74.283933
74.307767
74.324000
74.349867
74.359300
74.383600
74.407600
74.447433
75.828267
81.782667
83.681200
84.314333
84.780267
84.991000
85.903067
85.943067
85.984767
90.236700
90.640100
91.572600
92.236867
93.093433
94.225300
94.458100
94.942233
95.992733
97.998133
99.566533
99.596833
99.644633
101.188033
101.212267
101.238500
101.255933
101.282300
101.306100
101.328267
101.370933
104.604000
104.650433
104.995500
105.163300
105.293733
105.387333
105.438400
105.467667
106.775200
106.832433
106.891267
106.916267
106.935400
106.949900
106.962800
106.975033
106.994067
107.008467
107.022033
107.039967
107.058167
107.076467
107.094467
107.108967
107.129267
107.184433
107.245067
107.284767
107.416033
107.759433
107.930667
108.041100
108.127367
108.167533
108.221533
108.237967
108.264033
108.288400
108.304300
108.339533
108.397433
108.423867
108.474633
108.525567
108.578433
108.638833
108.711533
108.738500
108.757900
108.784233
108.814300
108.845200
108.915333
108.938467
108.965033
108.990733
109.036433
109.074000
109.102767
109.286533
109.322800
109.423100
109.470100
109.524100
109.560000
109.690533
110.748867
110.782167
110.943033
110.975067
111.027867
111.082767
111.374733
111.413767
111.456267
111.532033
111.579333
111.626133
111.657000
111.686033
111.707367
111.752333
111.780767
111.801733
111.874500
111.913000
111.938100
111.959667
111.990233
112.017367
112.709700
113.035433
113.199100
113.261033
113.463267
113.491300
113.513433
113.527733
113.547100
113.573267
113.581900
113.602333
113.610733
113.623367
113.672533
113.688067
113.693600
113.704033
113.715333
113.733867
113.747667
113.773067
113.785967
113.799400
113.819867
113.846933
113.875233
113.894167
113.916667
113.943833
113.971733
113.991033
114.005200
114.024867
114.053600
114.077067
114.091900
114.101267
114.134267
114.150867
114.164033
114.380700
114.489067
114.530033
114.607800
114.650700
115.858300
116.697900
116.740167
117.308900
117.353400
117.408167
117.455000
117.498067
117.700433
119.244800
120.173533
120.222867
121.268767
121.299200
121.809467
122.140233
124.077500
124.455733
128.893567
128.953500
128.974300
129.026767
129.072167
129.146167
129.280933
129.388100
129.457933
129.494333
129.576667
129.623967
129.659633
129.700833
129.751333
129.802200
129.908800
129.948367
130.088367
130.124833
130.153533
133.236300
133.279800
133.321567
133.358667
133.427167
133.493233
133.549067
136.662200
136.789900
136.956400
137.027967
137.136567
137.530933
138.272500
138.324967
138.363900
144.107200
144.995600
145.140867
146.270967
146.314733
147.480767
147.502400
147.530533
147.555800
147.695900
147.752667
147.769733
147.826100
148.781433
148.804233
148.922200
149.088800
149.795833
149.866967
151.907333
151.997700
152.045367
152.089233
152.127200
152.146700
152.198033
152.280233
152.671333
152.693867
152.727433
152.834267
152.854500
152.866200
152.904433
152.930533
152.946900
152.978500
153.008300
153.031300
153.041967
153.102567
153.133100
153.294533
153.312400
153.342600
153.358933
153.387433
153.413667
153.429467
153.468333
153.535767
153.561967
153.589733
153.614200
153.647333
153.682367
153.736333
153.783867
153.843533
153.873000
153.893800
153.921467
153.947800
153.979100
154.001300
154.076400
155.362833
155.403000
155.513233
155.546633
155.588633
155.623867
155.656233
155.684567
155.716000
155.803167
155.838767
155.871367
155.906367
155.954567
155.981033
156.024967
156.061733
156.246233
156.288433
156.333433
156.413633
156.495933
156.643333
156.669433
156.727167
156.760700
156.800067
156.842233
156.871600
156.918767
156.948833
160.288633
160.720900
160.758333
160.783333
160.798967
160.830933
160.875867
160.890467
160.910267
160.926133
160.950200
160.984700
161.075367
161.159933
161.185800
161.364667
161.396500
161.437000
161.514733
161.563167
161.637933
161.820400
162.021767
162.063800
162.164700
162.856233
165.617667
165.663433
165.704567
165.721833
165.779200
165.819533
165.868400
165.904800
165.938467
165.978133
166.026267
166.578733
166.621667
166.666533
166.687067
166.718567
166.765800
166.801033
166.833000
166.863200
166.932067
166.964267
166.993567
167.047100
167.071033
167.090600
167.131667
167.162267
167.185667
167.206600
167.229133
167.258567
167.288933
167.356767
168.918100
170.116033
170.226700
170.259967
170.281267
170.345167
170.363000
170.390033
170.419100
170.436400
170.933867
171.063667
171.097200
171.141167
171.185033
171.213633
171.262200
171.298400
171.347800
172.642567
172.680400
172.749133
173.508900
173.544000
173.644367
173.726067
173.787167
173.830467
173.908767
173.951133
173.979267
174.027067
174.092967
174.140333
174.190700
174.295867
174.525033
174.574067
174.700700
174.776167
174.812200
174.869333
175.008500
175.128000
177.437433
177.487800
177.514333
177.541600
177.560667
177.651200
177.661400
177.692567
177.705900
177.717200
177.724933
177.743433
177.768733
177.781067
177.795967
177.827100
177.862467
177.883267
177.903433
177.925833
177.946533
177.968500
177.992133
178.017300
178.052400
178.079033
178.113500
178.146133
178.183067
178.257833
178.282733
178.306767
178.335067
178.361900
178.382833
178.405967
178.431467
178.457100
178.476567
178.499867
178.528200
178.558467
178.588933
178.618467
178.658267
178.701700
178.780700
178.830567
178.865333
178.969400
179.012733
179.391533
179.439867
179.472967
179.553933
179.624967
179.674900
179.724600
179.758833
179.806500
179.985300
180.147567
180.247200
181.880833
181.940167
182.105133
182.320833
182.346533
182.404400
182.505767
182.654667
183.867033
184.694567
184.761900
186.952600
186.993000
187.010033
187.029000
187.040900
187.059333
187.063900
187.111833
187.154033
187.206100
187.220867
189.742600
189.794500
190.947933
191.341967
191.739767
193.233733
193.265800
194.950433
197.377100
197.522300
197.552400
197.829733
197.900100
197.943300
197.997700
198.094367
198.134633
198.323800
198.365433
198.399767
198.429300
200.152833
200.190100
200.286533
200.325233
200.442200
200.511633
200.709767
200.767900
200.911100
200.960300
201.051767
201.109400
201.152967
201.267100
201.302600
201.336667
201.377267
201.413833
202.046800
202.088300
202.115667
203.971833
204.002233
204.041733
204.118533
205.236500
205.265367
205.288100
205.301133
205.319300
205.357167
205.374600
205.408233
205.430933
205.454600
205.512533
205.535400
205.557433
205.582300
205.610467
205.636400
205.681867
205.703467
205.732567
205.761133
205.787033
205.819233
205.850367
205.877233
205.910800
205.942667
205.973633
206.004100
206.035233
206.064233
206.093100
206.152000
206.250533
207.381933
207.436867
207.486133
207.530233
208.124700
208.183833
208.239933
208.307000
208.350433
208.401867
208.457367
208.544433
208.600067
208.648767
208.689600
208.728267
208.770833
208.810067
208.874767
209.013733
209.073500
209.168900
209.278500
209.308933
209.357567
209.383933
209.413767
209.477933
209.512267
209.987233
210.018800
210.105767
210.209167
210.264033
210.312200
211.723800
211.751433
211.781000
211.801100
211.825100
211.845467
211.868033
211.917867
211.932633
211.970133
212.022833
212.062033
212.118700
212.557133
212.638500
212.750933
212.800700
212.858900
212.880533
212.913467
212.943433
212.968600
213.005333
213.061267
213.127900
213.160100
213.192900
214.965367
215.013567
215.064000
215.120567
215.179200
215.241067
215.275067
215.326300
215.384867
215.411033
215.493500
216.716033
216.751533
216.776100
218.576033
218.644400
218.685033
218.746400
218.831067
218.853900
218.967467
220.063800
220.914167
221.086967
224.089833
224.155500
224.195500
224.215967
224.260967
224.298133
224.615200
224.696033
224.817567
224.846767
224.886500
224.932400
224.999367
225.637567
225.675500
225.719867
225.743733
225.816167
225.849000
225.881833
225.942867
226.459333
226.581233
226.618600
226.707333
226.726900
226.750567
226.794400
226.810333
226.826067
226.858133
226.888967
226.898767
226.938267
226.948767
226.960433
226.980267
226.995700
227.034567
227.068700
227.096067
227.126133
227.154833
227.181567
227.207800
227.229633
227.277200
227.295067
227.316600
227.337400
227.368300
227.394400
227.430067
227.491400
227.560267
227.613833
227.656833
227.720333
227.756833
227.796467
227.822367
227.848800
227.882567
227.933333
227.972267
227.985633
228.003200
228.018867
228.036233
228.090367
228.116600
228.149433
228.164933
228.181533
228.229367
228.253433
228.367733
228.440867
230.917900
233.689033
233.712700
233.734367
233.771333
233.831500
233.909333
234.127167
234.205467
234.297433
234.342700
237.662200
237.848567
237.927700
240.173400
241.551300
241.589100
241.613933
241.649900
241.672633
241.695767
241.770967
241.802067
242.487900
242.546700
242.596300
243.860700
244.564933
244.588567
244.980100
245.040533
245.113067
245.156200
245.254200
245.290100
245.335700
245.372067
245.422300
245.556167
245.631500
245.742967
246.778400
246.850767
247.111467
247.374733
247.420367
247.513033
247.551700
247.578933
247.648300
249.437933
250.644233
250.680700
250.708700
250.737533
250.767367
250.795600
250.820133
250.850033
250.899467
251.783900
252.228700
252.321433
253.918067
253.957767
253.989367
254.031467
254.059100
254.082367
254.131200
254.176533
254.228467
254.270700
254.292300
254.319133
254.523033
254.723767
254.904167
255.045500
255.086133
255.105400
255.149200
255.232100
255.269300
255.307367
255.353500
255.400600
255.424667
255.462633
255.499700
255.538167
255.564500
255.602800
255.640333
257.563600
258.161267
258.248300
258.337833
258.415267
258.455167
258.549133
258.641233
261.366767
261.747867
262.116367
262.174467
262.342800
262.794200
262.821867
262.900100
263.129667
263.163400
263.448433
263.628567
263.674133
263.726533
263.769567
263.810167
263.841767
263.892533
263.943367
263.974900
264.003767
264.039233
264.070167
264.110300
264.178833
264.213733
264.242700
264.278900
264.320033
264.388867
264.486633
264.518667
264.604067
264.663733
264.725033
264.761067
264.809367
264.860900
264.951800
264.994200
265.062667
265.203633
265.288100
265.420133
265.457000
265.562967
266.232633
266.262967
268.656033
269.180367
269.366967
269.801500
271.364400
273.348833
273.376900
273.959367
274.072100
275.065700
275.099533
275.144767
275.178400
275.227300
275.527933
275.668767
275.694300
275.730300
275.764467
275.787067
275.840100
275.875033
275.908933
275.958500
276.048800
276.103933
276.148700
276.228967
276.283100
276.370367
276.593133
276.920000
277.040967
277.243800
277.358233
277.392967
277.423967
277.494967
277.559633
277.608500
277.719367
277.809867
278.062800
278.114933
278.136767
278.461100
278.496800
278.528033
278.558933
278.610567
278.666800
280.087833
280.377067
280.675533
283.307367
283.351867
283.402500
283.451200
283.482400
283.502900
283.538867
283.587267
283.640200
284.390000
284.603300
284.763833
284.863167
284.927300
285.069433
285.120533
285.217233
285.314867
285.363733
285.484767
285.535800
285.641433
285.691933
285.758800
285.794567
285.851200
287.773767
287.838667
287.872767
287.946467
287.990267
288.195667
288.237233
289.185767
289.215033
289.270200
289.619033
290.508800
290.543967
291.587400
291.619667
291.651467
291.684400
291.740200
291.773400
292.503333
293.093967
293.141467
293.187600
293.227233
293.274467
293.313467
294.009867
296.399533
296.428533
298.078800
298.109933
298.158700
298.191367
298.228567
298.278733
298.313800
298.347933
298.397800
298.427833
298.463200
298.504867
298.670200
298.702667
298.724933
298.749167
298.777300
298.809900
298.863733
298.886733
298.916500
298.941833
298.962000
298.990367
299.015100
299.039800
299.065433
299.095567
299.131367
299.158500
299.207467
299.235100
299.283233
299.365233
299.432667
299.472133
299.523067
299.551900
299.626333
299.656500
299.691367
299.730467
299.813833
299.852900
299.969867
300.092833
300.235033
300.361667
300.403300
300.432767
300.468833
300.504533
300.582000
300.897667
300.989667
301.027567
301.072233
301.133933
301.252133
301.339367
301.442933
301.477033
301.543833
301.584633
301.631333
301.730867
301.812133
301.986100
302.039800
302.708767
302.817400
302.984100
304.078533
304.117033
304.636200
308.740400
308.790667
308.828300
308.863700
308.898267
308.933700
308.948700
308.980867
309.001167
309.026233
309.060567
309.096700
309.120467
309.146500
309.179100
309.214267
309.248000
309.272667
309.294967
309.327167
309.350367
309.387400
309.417133
309.444433
309.471567
309.496033
309.532467
309.570267
309.595800
309.628367
309.659533
309.689100
309.721133
309.766233
309.886100
309.934500
309.981033
311.237667
312.278300
314.422733
314.456367
314.482300
314.530700
314.644467
314.738433
314.859100
314.907300
315.001733
315.029867
315.061067
315.123167
315.221700
315.302200
315.408900
315.446533
315.789933
317.658867
317.858900
318.457367
318.580967
318.686267
318.786867
320.241067
321.506600
321.526800
321.803033
321.845167
321.898067
321.942200
321.968900
321.999600
322.023100
322.049533
322.076400
322.105433
322.143200
322.192367
322.231900
325.222100
325.278167
325.304667
325.335300
325.381900
325.405467
325.457533
325.492600
325.537633
325.811800
325.849233
325.916367
325.944500
325.990100
326.712500
326.942600
326.968333
326.994867
327.010200
327.033000
327.053567
327.083133
327.108267
327.133600
327.156033
327.180400
327.217500
327.240667
327.260133
327.280267
327.303933
327.340100
327.397133
327.438867
327.472567
327.497067
327.506000
327.518267
327.529467
327.540533
327.590000
327.603167
327.634433
327.662767
327.696067
327.723167
327.753933
327.789567
327.823400
327.867800
327.926000
327.957433
327.990600
328.031967
328.099433
328.150367
328.342833
328.406133
328.449567
328.493933
328.539267
328.853333
328.876733
328.917767
328.951767
329.013233
329.266633
329.390467
330.692133
330.722567
330.827367
331.718333
331.767267
331.886267
331.949267
333.677733
334.502933
334.564733
334.601167
334.692433
334.725300
334.759367
335.214567
335.281633
335.825333
335.858433
335.892833
335.919600
335.942100
336.033567
336.869300
336.975400
337.245200
337.334667
337.507467
337.565733
338.386500
338.402933
338.423300
338.443567
338.459633
338.510633
338.524800
338.549100
338.564467
338.581700
338.598700
338.626767
338.654167
339.274367
339.293733
339.314800
339.351133
339.379300
339.402833
339.437433
339.485433
339.531600
339.579333
339.646067
339.708000
339.744133
339.781200
339.825633
339.874167
339.899300
339.923667
339.952733
339.977800
340.033333
340.048967
340.061733
340.080633
340.095333
340.106600
340.125400
340.149433
340.165700
340.200600
340.217433
340.239367
340.274967
340.330167
340.352700
340.379000
340.416467
340.458100
340.491667
340.683900
340.734700
340.779833
340.816067
340.841767
340.860100
340.907867
340.930167
340.954833
340.977900
341.004500
341.026400
341.055067
341.077533
341.101233
341.132933
341.157733
341.210800
341.246367
341.282500
341.321933
341.356233
341.392633
341.426633
341.471233
341.569400
341.602333
341.639867
341.684967
341.754833
341.797933
341.837667
342.048733
342.104333
342.148833
342.359933
342.421967
342.510800
343.189700
343.239633
343.290633
344.372367
344.419767
344.579367
344.625800
344.721267
344.815300
344.882700
344.933267
345.433133
349.839367
350.041767
350.160133
350.831833
350.867100
350.899000
350.989633
351.013233
351.041700
351.973667
352.057233
354.820367
354.859800
360.211367
360.269667
360.318167
360.840433
361.100067
363.413200
364.388300
368.289167
368.397100
368.436000
369.646700
369.674833
369.728767
369.748867
369.777367
369.808500
369.834800
369.858967
370.342767
370.385867
370.408033
370.447467
370.486267
370.953933
371.024400
371.061833
371.108333
371.143100
371.176233
372.641433
372.937967
372.963800
373.008667
373.045567
373.073667
373.108000
373.146867
373.871633
373.908033
373.957367
373.986333
374.009867
374.030467
374.073433
374.133300
374.168433
374.196000
374.771933
374.800333
374.906433
374.935333
374.973567
375.005167
375.057667
375.551467
377.876433
377.914600
377.938933
377.962967
377.983033
378.001500
378.051433
378.068433
378.091067
378.136667
378.204067
378.330533
378.372367
378.422000
378.628833
378.672667
378.734867
378.814533
378.883933
378.924633
379.027200
379.631967
381.987500
382.060867
382.099567
382.118000
382.139200
382.164533
382.185000
382.218167
382.259100
382.324133
382.381200
382.409967
382.444667
382.497167
382.530967
382.568267
382.590500
382.633033
382.672800
382.726800
382.809900
382.854867
382.892467
382.934633
382.978433
384.175600
384.242833
384.335733
384.531067
384.640900
384.825033
384.871267
385.061233
385.829667
385.864267
386.861733
386.890000
386.967567
386.997033
387.048033
387.090500
387.153167
387.182633
387.213567
387.241967
387.277933
387.467367
387.513067
387.578233
387.767033
387.794733
387.835900
387.882067
387.915300
387.960600
388.149067
388.229000
388.275633
388.303967
388.388367
388.409933
388.437967
388.481000
388.676033
389.223100
389.403333
389.464500
389.505667
389.545300
389.578467
389.611067
389.730133
389.791900
389.838733
390.177233
390.539300
390.571667
390.599067
390.638000
390.667900
390.705900
390.729867
390.755833
390.806167
390.854300
390.905400
391.614267
391.651667
391.697767
391.737933
391.780333
391.845267
391.989867
392.039400
392.068400
393.388500
393.439967
393.500000
393.696967
393.906667
394.058733
394.087267
394.151733
394.237433
394.287567
394.346700
394.389367
394.543967
395.234500
395.306767
395.870633
396.017633
396.058267
396.198900
396.234867
396.268067
396.514967
397.022900
397.063200
397.170733
397.526000
397.582067
397.616200
397.651433
398.397033
398.437300
398.489133
398.519033
398.541100
398.561067
398.581933
398.621800
398.645633
398.665833
398.683467
398.729367
398.757567
398.792800
398.818433
398.855367
398.884100
398.950967
399.003000
399.122400
399.240467
399.264100
399.292600
399.326133
399.373767
399.407367
399.438133
399.469700
399.498733
399.531133
399.563467
399.589567
399.619733
399.643233
399.671067
399.693467
399.848833
399.980733
400.008533
400.046733
400.155033
400.210433
400.253333
400.290667
400.556400
400.604700
400.646767
401.009700
401.051800
401.093733
401.230867
401.358833
401.442533
401.526400
401.566833
401.598767
401.648767
401.696667
401.735867
401.912533
402.228433
402.418767
402.569367
404.122067
405.036567
406.253333
406.320267
406.367033
406.421633
407.125100
407.718833
408.304800
408.357367
408.754067
408.833967
410.228900
410.272567
411.202500
411.276967
411.329967
411.733100
414.402900
416.574200
416.621633
416.642133
416.684200
416.726467
416.762833
416.776800
416.800400
416.857500
416.882467
416.926933
416.974067
417.072267
417.127933
417.150000
417.172767
417.196000
417.236867
417.254167
417.324100
417.348700
417.380400
417.405533
417.437067
417.471433
417.506300
417.562367
417.609567
417.634067
417.664933
417.696833
417.736000
417.763033
417.795767
417.827967
417.868600
417.900467
417.941067
417.973700
418.001900
418.028067
418.047967
418.076733
418.107133
418.142333
418.162067
418.187767
418.200800
418.221867
418.239400
418.265267
418.300667
418.313100
418.324867
418.343100
418.365000
418.442500
418.486400
418.499733
418.514900
418.530433
418.549600
418.570200
418.616667
418.647967
418.675033
418.718500
418.741933
418.779333
418.825333
418.866633
418.924700
419.037067
419.106933
419.271500
419.404433
419.736433
420.151267
420.199133
420.770833
427.483700
427.597100
427.663400
427.757467
427.919333
428.059067
428.118067
428.156567
428.597167
428.630233
428.674633
428.824833
428.880333
429.562733
429.599867
429.644533
431.172033
431.202033
431.225433
431.251533
431.273400
431.297233
431.329233
431.398900
431.775933
431.959467
432.259900
433.374233
433.415500
433.452933
437.958133
438.025167
438.062800
438.601367
438.639700
438.775867
438.996133
439.063533
439.117833
439.205933
440.990000
441.020400
441.056333
441.228133
441.307167
443.442967
445.052167
445.083467
445.125633
445.185200
445.209267
445.240733
445.268467
446.140233
446.196400
447.111233
447.140700
447.152533
447.173533
447.186233
447.206600
447.225700
447.248967
447.283533
447.333533
447.343967
447.384767
447.408467
447.437567
447.765233
448.072533
448.091333
448.107200
448.130900
448.144867
448.175467
448.242500
448.256900
448.289733
448.306000
448.434933
448.481467
448.533233
448.562533
448.606467
448.696633
448.802067
448.825167
448.865767
449.108567
449.143900
449.176000
449.237633
450.244200
450.266733
450.339133
450.399533
450.542733
450.580800
450.679000
450.718400
450.756833
450.804000
450.838533
450.878233
450.912833
450.945900
450.996567
452.613433
452.681300
453.338667
453.364967
453.435733
453.579800
453.624600
456.407167
456.456233
456.669067
456.751933
456.783567
456.818567
456.847567
456.887667
456.939267
457.111200
457.265733
457.297567
457.325667
462.294000
462.372700
462.434700
462.499733
462.723567
462.900800
463.024300
463.125767
463.156767
463.196267
463.300233
467.090800
467.194467
467.203733
467.236233
467.254333
467.264967
467.271900
467.295200
467.314500
467.325767
467.371800
467.389100
467.398533
467.413833
467.430867
467.450500
467.471467
467.502767
467.523000
467.555500
467.587067
467.612133
467.640967
467.671233
467.716167
467.744100
467.779067
467.826167
467.868967
468.437600
468.523533
468.581533
468.625833
468.764767
468.850533
472.342333
472.423333
472.438800
472.458633
472.477800
472.502300
472.536533
472.584533
472.650967
472.708333
472.751867
472.809300
472.852900
472.896600
472.931667
472.995633
473.063033
473.109133
473.228967
473.270667
473.358600
474.375067
474.745867
474.804400
474.851800
474.887667
474.911767
474.944633
474.976567
475.015100
475.048633
475.083100
475.108300
475.143867
475.182900
475.217467
475.252833
475.501233
475.595067
476.712500
476.743467
476.772433
476.809200
476.831433
476.847267
476.869433
476.934633
476.961233
476.999233
477.086133
477.134867
477.191167
477.215000
477.267800
478.187467
478.575333
478.644933
478.683533
478.711733
478.750067
478.821867
479.258067
479.401467
479.708067
482.216000
482.458233
482.892000
482.938667
483.032367
483.080667
483.111433
483.249967
483.280967
484.590733
484.630200
484.657467
484.687667
485.346767
485.434533
485.663067
489.380300
489.424967
489.448633
489.554033
489.613500
489.906467
489.946633
490.008133
490.079367
490.262933
490.363467
491.768333
492.743833
492.792767
492.837600
495.047467
495.105300
495.134033
495.175700
495.201733
496.072167
496.103867
496.135900
496.168767
496.202967
496.224933
496.250600
496.274300
496.308900
496.328633
497.754700
497.806267
497.864700
498.445933
498.484667
500.004667
500.038733
500.082167
500.106700
500.140100
500.242933
500.340067
500.631867
500.737567
500.841200
500.929267
500.974333
502.478633
504.116100
504.153667
504.190267
507.636100
510.838100
511.638367
512.048900
513.115933
513.176233
514.292000
514.322367
514.396867
514.429600
514.460533
514.481567
514.508433
514.546833
514.675167
514.697667
515.339333
515.407267
515.439767
515.474700
515.493167
515.506267
515.529433
515.560067
515.569700
515.580333
515.606167
515.622700
515.630633
515.675300
515.690133
515.709033
515.732900
515.757900
515.783033
515.816100
515.860900
515.914533
515.979033
516.008667
516.050467
516.082367
516.127733
516.147467
516.182467
516.210600
516.267800
516.295233
516.352233
516.373733
516.399900
516.432167
516.468100
516.529833
516.572333
516.610367
516.685033
516.803533
516.842400
516.876367
516.930967
516.970933
517.012100
517.051567
518.774733
518.941433
519.253700
521.755100
521.820233
521.850633
521.871733
521.937967
521.963267
521.986400
522.030533
522.040000
522.086067
522.123333
522.154400
522.177200
522.206667
522.236867
522.304667
522.338100
522.419267
522.538000
522.725367
524.628133
524.670367
524.716500
524.736433
524.753633
524.782900
524.806100
525.762300
525.811833
525.869067
525.915700
525.959733
526.018067
526.214667
526.297867
526.327833
526.621233
526.698500
526.745800
526.792233
526.840467
526.963333
527.880800
528.418933
528.447433
528.475133
528.541433
528.578133
528.623067
529.043000
529.127700
529.173500
530.103800
530.960733
530.994267
531.017167
531.041300
531.068667
531.087100
531.110167
531.121567
531.155233
531.222133
531.236000
531.246833
531.256267
531.263367
531.278167
531.334100
531.346500
531.358567
531.387767
531.405933
531.429167
531.448133
531.479433
531.498700
531.526567
531.550433
531.577767
531.616567
531.644200
531.683967
531.726067
531.758433
531.794867
531.844800
531.876100
531.907867
531.985267
532.065700
532.128467
532.226567
532.279367
532.433000
532.495600
532.621833
533.014833
533.057667
533.092833
533.119900
533.201267
533.228600
533.363267
533.398433
533.463400
533.505467
533.557100
533.821833
534.035767
534.122767
534.686367
534.723100
534.761133
534.816567
534.904333
534.950533
535.053967
535.097233
535.158267
535.870767
535.903433
539.142267
539.492333
539.583533
539.624400
539.648700
539.668667
539.699333
539.730567
540.219100
540.256167
540.303400
540.484233
540.519933
541.354033
542.634433
544.170767
544.816233
545.177367
547.594500
548.880433
548.922800
548.975900
549.016133
549.046400
549.085600
549.114233
549.277500
549.313067
549.411067
549.477767
549.752600
549.848567
549.969900
549.999833
550.022600
553.398767
553.467867
553.511433
553.544733
553.582833
553.611300
553.650433
553.705300
553.740933
553.797167
553.827467
553.967800
553.988967
554.020800
554.050700
554.102033
554.127767
554.533100
554.569600
554.599767
555.151533
555.224867
555.708900
555.742233
555.807700
555.912533
558.099867
558.120567
558.154000
558.176533
558.190200
558.232200
558.312733
558.344933
558.441567
558.472033
558.522833
558.610133
558.662267
558.738767
558.775933
558.802333
558.837367
558.888000
558.935067
559.159200
559.689900
559.728300
562.587133
562.629600
562.690233
563.520133
563.581133
563.612533
563.663500
563.705533
563.739200
563.777733
563.813533
563.864900
564.466900
564.500000
564.532900
564.630633
564.924700
564.959833
565.056533
565.106533
565.127300
565.202900
565.244933
565.418233
566.635067
566.704167
566.735600
566.762400
566.783800
566.806533
566.845400
567.548267
567.617033
567.661200
567.730233
567.761933
567.803867
567.854833
567.988667
568.752367
570.674467
571.254233
571.272733
571.290700
571.331533
571.434400
571.736500
571.789467
572.125533
572.169867
572.202900
572.244233
572.276833
572.308867
572.337600
572.365767
572.403233
572.452700
572.613400
572.654233
572.690333
572.722967
572.806967
574.231233
574.293800
574.383067
574.492700
574.525100
574.566200
574.591000
574.656533
575.540033
575.600300
575.665167
575.902533
576.070867
576.222733
576.274967
576.336500
576.384133
576.437233
576.525767
577.006167
577.190300
577.217767
577.277200
577.445800
578.499333
578.601833
578.752167
582.068533
582.236533
582.308100
583.042967
583.360933
583.425233
583.623000
583.687333
583.722667
583.878133
583.924400
584.020567
584.180100
585.798033
586.586900
586.810933
586.922633
586.993533
587.467033
587.507233
587.623433
587.869500
588.474667
588.603100
588.644933
589.185167
589.236600
589.970367
590.028000
590.057633
590.117833
590.148200
593.459367
593.619567
593.850733
593.935433
594.031467
594.077900
594.119433
595.405800
595.457200
595.493800
595.703033
596.023767
596.097467
596.148767
596.215767
596.267967
596.315933
596.358167
596.411967
597.167833
597.198500
597.241200
597.294767
597.341000
597.427500
597.533333
597.569200
597.646000
597.691367
597.724767
597.748267
597.785833
597.825533
597.859400
597.924033
598.056500
599.701467
599.725800
599.749433
599.782500
599.901267
600.276133
600.311567
600.370200
600.427267
600.454033
600.521667
600.874233
600.902767
600.922733
602.028867
602.092800
602.120500
602.203867
602.246300
602.292300
602.340933
602.406900
602.438333
602.519300
602.573133
602.965600
602.987500
603.013500
603.042733
603.078567
603.108400
603.145567
603.177300
603.220767
603.262900
603.305267
603.349867
604.314467
604.392967
604.787400
604.822933
604.846067
604.900067
604.948367
605.311167
605.484633
605.738567
605.778400
606.845400
606.917733
606.948200
606.987267
607.034233
607.445767
607.544900
607.577500
607.629433
607.661433
607.728033
608.881400
609.888700
610.514567
610.553200
610.617033
610.680167
610.742233
610.828333
610.994300
611.141167
611.230367
611.304333
611.369367
611.419567
614.563133
614.650633
614.708700
614.731867
615.891200
615.919200
615.949300
616.003700
616.038533
616.079367
616.135467
616.206100
617.083900
617.126867
617.156933
617.186667
617.207667
617.231733
617.268033
617.287800
617.308767
617.327000
617.347100
617.377867
617.402400
617.423567
617.442667
617.474100
617.504067
617.529833
617.554967
617.580900
617.598333
617.618033
617.636600
617.655633
617.669100
617.702633
617.730733
617.765933
617.782700
617.802033
617.818800
617.838967
617.890333
617.915833
617.961600
617.990533
618.042633
618.086200
618.123467
618.150033
618.189067
618.228733
618.259767
618.293967
618.327433
618.359000
618.383800
618.421033
618.897667
618.935433
618.964267
619.696367
619.789333
619.842167
620.844733
620.907733
620.982333
621.488967
621.533100
621.560333
621.606600
621.636700
621.647600
621.665700
621.676033
621.700267
621.720500
621.748967
621.770933
621.793867
621.826867
621.844200
621.866333
621.886167
621.912700
621.937433
621.996567
622.022933
622.100400
622.160533
622.194467
622.212567
622.229833
622.247200
622.289900
622.307367
622.329533
622.351300
622.377600
622.434067
622.463833
622.503100
622.547200
622.591000
622.620500
622.652167
622.729100
622.833833
622.870800
622.906700
622.957167
623.069667
623.152033
623.203600
623.252767
623.292467
623.318533
623.368500
623.404867
623.429567
623.467767
623.491633
623.527933
623.550600
623.691200
624.023667
624.052233
624.090633
624.990700
625.036700
625.067933
625.149300
625.414033
625.463633
625.714700
625.828267
628.225533
628.264900
628.317800
628.861167
629.674533
629.944300
630.198500
631.233667
631.277500
632.013467
632.357400
632.398400
632.441933
632.498200
632.541200
632.613333
632.731900
632.790233
632.833133
633.066667
633.115867
633.181333
633.221233
633.313833
633.381367
633.427967
633.571400
633.615000
633.673367
633.718067
634.191700
635.277100
635.311100
635.340867
637.523133
637.583967
637.744000
637.800633
637.855333
637.880233
637.942933
637.967267
638.030067
638.058767
638.085867
638.136867
638.173600
638.198300
638.215133
638.231067
638.249667
638.268033
638.291367
638.385000
639.817900
639.947167
640.046333
640.085900
640.151600
640.462367
640.546767
640.574833
640.909267
640.952700
641.177033
641.258700
642.019133
642.047733
642.062967
642.088000
642.112500
642.130733
642.148433
642.163600
642.187533
642.200167
642.216367
642.226667
642.237933
642.247667
642.261867
642.273733
642.282133
642.312367
642.324567
642.339400
642.353567
642.377300
642.405833
642.440000
642.488067
642.517567
642.599833
642.667533
644.636533
644.676800
644.706233
644.839167
644.896067
644.991433
645.147000
645.200233
645.264433
645.309700
647.516333
647.555833
647.592000
647.612933
647.643133
647.669700
647.695867
647.730167
647.757667
647.789567
647.807800
647.833233
647.860100
647.889633
647.941833
647.979800
648.011800
648.049233
648.079533
648.115767
648.269667
648.321767
648.355767
648.421433
648.460733
648.502133
648.652600
649.386367
649.440100
649.515567
649.660433
649.735433
649.785633
649.820167
649.922933
652.399700
652.462333
654.041500
654.094467
654.131567
655.502033
655.539333
655.580200
655.618300
655.641300
655.665167
655.694200
656.490000
656.687400
656.705500
656.730000
656.774300
656.807567
657.160000
657.204733
658.037767
659.132667
659.180000
659.227467
659.253433
659.279500
659.297467
659.308767
659.323667
659.339300
659.386000
659.408267
659.479033
659.515900
659.575000
659.620233
659.653333
659.679067
659.697433
659.725900
659.750900
659.771633
659.794700
659.812233
659.829500
659.841133
659.859667
659.880333
659.905267
659.928800
659.956933
659.979533
660.014767
660.043500
660.081533
660.113567
660.211533
660.249300
661.027767
661.191733
661.360733
661.511900
663.381033
663.423500
663.519100
663.551200
663.684167
663.726000
664.011000
664.058767
664.120267
664.170167
664.209967
664.255400
664.291033
666.644900
666.776133
667.558900
667.598500
667.629367
667.647367
667.672133
667.698400
667.738200
667.766900
667.792533
667.831067
667.931033
667.978467
668.205300
668.240033
668.402167
668.451500
668.504900
669.497200
669.742467
669.802633
669.846000
669.895333
670.275533
670.427467
670.886333
670.980267
671.017633
671.064200
671.996000
672.032233
672.060600
672.093433
672.126300
672.154367
672.182800
672.232233
672.276100
672.309833
672.352467
672.387600
672.434767
672.495767
672.570467
672.640067
672.754733
673.005433
673.058033
673.266500
673.429967
674.814967
676.226133
676.411800
677.345900
678.334900
678.364767
678.414167
678.448033
678.487833
678.518500
679.503400
680.071533
680.318267
680.391433
680.478467
680.511933
680.538567
680.561933
680.588433
684.106300
684.125900
684.143667
684.205667
684.219900
684.231000
684.247633
684.259167
684.267300
684.281767
684.294467
684.305533
684.317133
684.332133
684.346233
684.362433
684.379833
684.413467
684.429767
684.450700
684.475833
684.502833
684.530533
684.549167
684.566867
684.605800
684.617133
684.626500
684.651233
684.670833
684.697433
684.714800
684.732100
684.749800
684.771133
684.791900
684.811500
684.834833
684.859400
684.888433
684.915367
684.940000
684.968167
685.004700
685.034133
685.083167
685.122900
685.180500
685.261967
685.344633
685.397433
685.425067
685.473167
685.533033
685.574467
685.612367
685.648933
685.681800
685.742767
685.790733
685.839600
685.883700
685.908100
685.965300
686.001100
686.036600
686.086000
686.125900
686.282533
686.331300
686.588600
687.273133
687.453467
687.496833
687.547767
687.661300
690.539467
690.610900
691.468067
691.556167
691.615300
691.686000
691.720233
692.142167
692.192567
693.166833
695.401933
695.440067
695.469067
695.515833
695.587967
695.625667
696.140367
696.437867
697.109233
697.172733
697.216900
697.345433
697.657633
698.660500
698.719333
698.819700
698.856233
698.916033
698.957067
699.127167
699.212567
699.268333
699.314800
699.365633
699.415633
699.456933
699.492067
699.532667
699.642500
699.678367
700.028267
700.186633
701.090100
703.767400
704.870000
704.922367
704.950867
705.849967
705.884267
705.930200
705.994667
706.038100
706.079633
706.199100
707.367900
707.431533
707.479467
707.544200
707.580167
707.659800
707.778567
707.815133
707.851400
707.948900
708.073667
708.189867
710.318800
710.375100
710.436633
710.469967
710.543967
710.647667
711.607333
711.654167
711.680867
712.425767
712.517967
712.639233
712.697267
713.327600
713.788833
714.508100
714.545733
714.580833
714.673900
714.715067
715.294800
715.354133
715.516300
715.608833
715.657433
715.694733
715.783600
715.909633
716.069600
716.113300
716.798800
718.446133
721.689467
722.389167
722.708600
722.929567
722.972667
723.355300
723.446567
723.662433
723.853333
723.973300
724.198733
724.566433
724.711000
724.795200
725.302067
728.751433
728.950767
728.986267
729.030167
729.081367
729.122167
729.237400
729.292133
729.328500
731.498600
732.708267
732.877033
733.607167
733.643800
733.680767
734.033000
734.078100
735.431267
735.472567
735.816267
735.836800
735.857967
735.885133
737.232933
737.343067
737.382800
737.490467
737.564367
737.599267
739.834800
741.196967
742.788500
742.836500
743.019200
743.931433
745.065333
746.477933
747.265367
747.482000
747.590967
747.631467
747.667933
747.787967
747.840867
747.881100
747.945233
748.106000
748.149633
748.652400
748.694767
748.762200
748.810767
749.906967
750.008367
750.047833
750.437867
750.505133
750.538833
750.574700
750.632233
752.662633
752.713400
752.748000
752.782833
753.601567
753.631333
753.700433
753.736867
753.785100
753.816133
753.874733
754.352000
754.389167
754.439067
755.148300
755.264533
756.265133
757.614400
757.702233
757.731733
757.763967
757.786100
757.887200
757.933400
757.948300
757.972700
757.998600
758.109200
758.211967
758.243700
758.275400
758.309367
758.337567
758.441267
758.488267
758.520067
758.555633
758.616233
758.670067
758.696733
758.729733
758.765100
758.792733
758.838700
758.868100
758.892233
758.951933
759.011367
759.056633
760.196800
760.236933
760.286900
760.469500
760.512733
760.552300
760.586333
760.617067
760.645067
760.677733
760.739033
760.772533
760.846400
760.910433
760.950933
760.984467
761.069833
762.294600
762.332667
762.354967
762.393667
762.472233
762.508667
762.582767
762.606133
762.639567
764.077900
768.951067
768.991600
769.013300
769.060000
769.128333
769.160667
769.199833
769.231767
769.248200
769.405300
769.455433
770.359433
770.396467
770.427567
770.455500
770.485100
771.121833
771.187400
771.235167
771.293533
771.452067
771.495867
771.607467
771.638000
771.716167
771.771300
772.342600
772.431700
772.472233
772.524500
772.570633
772.667200
773.663267
773.700300
773.759033
773.792200
773.962200
774.606500
774.654933
774.683400
774.809433
774.958600
775.425667
775.458767
775.604533
776.204600
776.240467
776.281733
776.313133
776.359967
777.953400
778.005600
778.131000
778.181000
778.306433
778.353933
778.453933
778.503067
778.526033
778.571533
778.609833
778.658700
778.699133
778.768300
778.798867
779.764333
779.801267
779.931133
780.840233
780.873567
780.967433
781.020600
781.996567
790.580167
790.671467
790.862933
791.027900
791.104267
791.165700
791.189900
791.344833
791.610067
793.291500
793.342933
793.380200
794.617733
794.659767
794.688633
794.716200
794.770900
794.792467
794.823367
794.870200
795.288600
796.152300
796.263633
796.310100
796.823000
796.858133
796.954833
797.210433
797.233733
797.272633
797.291333
797.315900
798.284533
798.371767
798.421933
798.752433
798.800933
798.848000
798.874367
798.892667
798.908567
798.946400
798.962867
798.973533
798.985933
799.011733
799.032867
799.048833
799.069967
799.085033
799.104933
799.129633
799.152733
799.190367
799.232333
799.266633
799.344433
799.410100
799.441400
799.476567
799.517500
799.547100
799.601367
799.639233
799.659533
799.684867
799.699167
799.720300
799.747900
799.778333
799.790900
799.845400
799.878167
799.919933
799.942100
799.964700
799.983067
800.004167
800.048667
800.084733
800.125167
800.155867
800.569967
800.654267
800.721667
800.765467
800.858100
800.895733
800.941700
800.978633
801.046600
801.221267
801.255933
801.297800
801.582933
801.622933
801.657333
801.685033
801.921367
801.958067
801.995800
802.019400
802.070600
802.088733
802.132800
802.197367
802.666200
803.065067
803.245833
803.307533
805.144233
805.183233
805.231633
806.806633
806.904733
810.304200
810.412867
810.547067
810.590100
810.614867
810.645500
810.808367
810.884133
810.923767
811.382567
811.422000
814.125233
814.162367
814.440733
814.478867
815.149933
815.180667
815.203233
815.232233
815.283433
815.314567
815.402500
815.426967
815.603100
816.204200
816.246233
816.270867
816.297000
816.329600
816.354600
816.402400
816.434967
816.466433
816.499300
816.530133
816.560767
816.590267
816.628733
816.657200
816.682467
816.709367
816.742200
816.783533
816.843200
816.884767
816.936700
816.990733
817.846800
818.867167
818.908533
819.662800
820.142067
820.218167
820.829833
820.860900
820.892000
820.918267
820.944600
820.974567
821.094867
821.123567
821.154900
821.200267
821.311400
821.355400
821.579967
821.702333
821.784067
821.877767
821.910100
822.160733
822.254967
822.278767
822.296133
822.364267
822.922300
822.946867
823.013933
823.081433
823.179400
823.275700
824.102033
826.073700
826.291333
826.326933
826.735033
826.761667
826.890367
826.937567
828.944167
828.973033
829.070200
829.098500
829.137000
829.195900
829.220300
829.279400
829.326100
829.409333
830.191967
830.247000
830.677767
830.765900
831.104000
831.962200
833.266367
833.343767
833.723867
833.766633
833.801333
833.864867
833.898633
833.927767
833.955900
834.064367
834.101633
834.196333
834.257633
835.965800
838.409967
838.457467
838.507567
838.560467
838.581233
838.617000
838.648533
838.680200
838.736000
838.771567
838.797800
838.862400
838.905067
838.941600
838.972133
839.415600
839.532500
839.610200
839.635600
839.794733
839.847533
840.303500
840.757433
840.789633
841.251800
841.292700
841.321600
841.339267
841.373700
841.412300
841.420767
841.437133
841.455033
841.463967
841.487500
841.502000
841.517233
841.525133
841.537300
841.544467
841.567033
841.576533
841.608400
841.617100
841.629667
841.663700
841.722167
841.747433
841.785467
841.866033
841.903500
841.928567
841.985667
842.029267
842.077467
842.206667
842.274000
842.325400
842.356367
842.390767
842.441867
842.477133
843.768033
843.877500
843.969600
846.266300
846.413333
847.862367
847.954100
847.998000
848.136700
848.162367
848.215267
848.498100
848.963000
850.956333
850.982733
851.005933
851.030767
851.074400
851.165967
851.244900
851.277067
851.317533
852.919500
853.141300
853.199067
853.259133
853.299500
853.369967
853.418967
853.458000
853.506467
853.546767
853.583533
853.684333
853.715500
853.747900
853.780033
853.866767
854.718833
855.531233
855.691100
857.007000
857.046833
857.089400
857.163700
857.208100
857.238500
857.343600
858.246400
858.271600
858.294700
858.333100
858.378700
858.761467
858.781233
858.802667
858.821333
858.921100
859.217033
859.368700
861.980633
862.861000
862.930200
862.963733
863.055433
863.167600
864.493600
865.241467
867.104500
867.140133
867.356100
867.375767
867.403367
868.574267
868.598333
868.618033
868.640133
868.659267
868.667200
868.685900
868.700600
868.727933
868.741333
868.754900
868.778333
868.795867
868.809233
868.820167
868.845333
868.864600
868.883300
868.903667
868.918867
868.944000
868.962233
868.983267
869.006600
869.040900
869.071567
869.093033
869.119800
869.140967
869.172933
869.188300
869.324000
869.366967
869.379267
869.419367
869.442333
869.468767
869.494767
869.520700
869.555867
869.595433
869.634800
869.673733
869.718333
869.754200
869.786600
869.876633
869.914433
869.952200
869.983733
870.016967
870.062167
870.086067
870.135933
870.171800
870.256433
870.292633
870.324233
870.380000
870.425133
870.475833
870.686133
870.878833
871.187833
871.327900
871.362200
871.444100
871.540133
871.600233
872.555200
872.647200
872.700567
872.768667
872.802367
872.826767
872.954033
875.059600
875.087333
875.113633
875.139400
875.167800
875.188233
875.212867
875.237667
875.271567
875.299000
875.332500
875.358767
875.394467
875.433867
876.251133
876.277300
876.302367
876.928500
879.441467
879.470733
881.595200
881.681867
881.714567
881.930767
882.005333
882.244167
883.521667
885.870433
885.927633
885.975367
886.029967
886.069167
886.121733
886.161833
886.224600
886.273967
886.331233
886.545433
886.578267
886.620500
886.683167
886.842967
886.875367
886.897967
886.956233
887.006767
887.076100
887.107167
887.142367
887.185933
887.230800
887.306167
887.682467
887.722200
887.797767
887.905800
887.942900
888.119467
888.383733
888.429367
888.464167
888.546967
888.578567
888.601867
888.657267
888.700667
888.729767
888.760533
888.836033
888.885200
888.927900
888.982933
889.039567
889.531567
892.480333
892.514967
892.569567
892.603133
893.191700
893.272000
894.238600
894.289000
894.366167
894.444200
894.531733
894.624033
894.690433
894.777133
894.814300
894.843067
894.875900
894.910333
894.957567
895.038967
895.094367
895.123467
895.150267
895.180067
895.229367
895.287933
895.335467
895.390567
896.929533
896.953867
896.975233
897.046600
901.152500
901.228300
901.268067
901.395033
901.455300
901.479867
901.509200
901.550700
901.580833
901.614167
901.638133
901.661167
901.748533
901.789000
901.805433
901.826500
901.856400
901.883033
901.920867
901.959967
901.987100
902.802500
906.287100
906.544000
906.600633
906.659500
906.716900
906.752733
906.797067
906.821033
906.850700
906.889567
906.926567
906.962367
909.766000
909.921967
910.004967
910.105067
910.153633
910.201633
910.262167
911.502467
912.730933
913.206567
913.698767
913.905300
914.024400
914.080467
914.110033
914.255067
914.295733
914.807967
914.830833
915.009500
915.515067
915.700067
915.720367
916.084933
916.196167
916.300167
916.338100
916.473967
919.008900
923.737867
925.063967
925.921833
926.343833
926.974400
927.102633
929.095133
929.116633
932.824700
932.856133
932.887767
932.906700
932.928233
933.378767
934.218933
934.410567
934.525700
934.618700
934.650400
935.856400
937.952933
938.040633
938.111867
939.337067
939.406200
939.522667
939.567867
939.621067
939.666600
941.271233
941.316967
941.362500
941.394100
941.429800
942.006300
942.048000
942.147667
944.439833
944.521433
944.624233
944.667267
945.416300
945.492333
945.508333
945.528067
945.544100
945.560133
945.634300
945.676700
947.646833
948.250433
949.860867
949.920000
949.953933
949.990767
950.063267
950.082567
953.399467
953.595533
953.715167
953.785667
954.603133
954.852333
954.955267
955.005900
955.051067
955.105367
955.319567
955.380700
955.414833
955.537867
955.616300
955.678333
955.723133
955.865367
955.904900
955.982300
956.036733
956.089533
956.209700
956.232233
956.247233
956.392067
956.465200
959.249500
959.327200
959.395467
960.981900
961.044267
961.085867
962.728067
962.750133
962.780800
962.805967
962.824733
962.857533
962.870533
962.943600
962.966500
963.012400
963.298067
966.576400
966.621967
966.662100
966.677533
966.708833
966.829567
966.861567
967.214033
967.397267
967.427000
967.466467
967.511633
969.036467
969.075600
969.729067
969.772300
969.808400
969.845933
969.880333
969.947033
969.990167
970.012867
970.046367
970.090767
970.116900
970.143100
970.170700
970.195100
970.212800
970.233400
970.254867
970.275133
970.301467
970.323267
970.347267
970.402567
970.437733
970.467667
970.542300
970.574967
970.606267
970.640200
970.672700
970.694600
970.747567
970.782967
970.806933
970.829800
970.861167
970.895200
970.923967
970.959700
970.981833
971.055167
971.088467
971.121033
971.162033
971.303033
972.043500
972.550667
973.918400
974.136133
974.294533
974.408767
974.621633
974.690667
974.727267
974.775567
974.875633
975.013300
975.057900
975.100400
975.134333
975.189967
975.247967
976.386833
976.528833
976.575433
976.660900
976.700000
976.781700
976.901567
976.942100
978.368800
978.438167
980.213133
980.242033
980.956667
980.997967
981.036733
981.094067
981.140267
982.146233
984.407467
984.443667
984.462600
984.813667
984.939033
984.972600
985.039767
985.078633
985.153733
985.365300
986.179867
986.477967
986.522300
987.019633
987.122567
987.346867
987.503267
987.662900
988.845733
988.916933
988.979700
989.055000
989.785033
989.829767
989.864700
990.622367
990.691433
990.725467
990.768100
990.804133
990.835767
990.879100
990.916567
990.939967
990.965367
990.998167
991.058267
991.085700
991.111267
991.131733
991.156033
991.176500
991.244267
991.288733
991.316133
991.334700
991.354300
991.382933
991.406833
991.419733
991.453800
991.488900
991.501900
991.530100
991.541833
991.561667
991.572967
991.588167
991.604867
991.623000
991.643567
991.667033
991.696367
991.725533
991.783633
991.825233
991.853267
991.944733
992.291500
993.010700
993.044400
995.443533
995.477067
995.512833
995.566800
997.767033
997.838900
998.747533
998.832700
998.879300
1000.000367
1000.111433
1002.496733
1002.839333
1008.363700
1009.781800
1009.835700
1009.876667
1009.976767
1010.007333
1010.045733
1010.089367
1010.304600
1010.340100
1010.808667
1010.858033
1010.891300
1010.922467
1010.956900
1010.986833
1011.010800
1011.050967
1011.081033
1011.100967
1011.120567
1011.131833
1011.151433
1011.170900
1011.189933
1011.213233
1011.260233
1011.294233
1011.332033
1011.356867
1011.394800
1011.508800
1011.614600
1011.673400
1011.743367
1011.808867
1011.839000
1011.876600
1012.282667
1012.315433
1012.528967
1012.606833
1012.685333
1013.593133
1013.723867
1014.206500
1014.660333
1015.045733
1016.916733
1016.969200
1017.000933
1017.031800
1017.074600
1017.133100
1017.255033
1017.280933
1017.318567
1017.376567
1017.427433
1017.620700
1017.655733
1017.693767
1017.727200
1017.787767
1017.817300
1017.853533
1018.088900
1018.177700
1018.393867
1018.610533
1018.742600
1018.781567
1019.665767
1020.381567
1020.472100
1021.353433
1021.382767
1021.404700
1021.427867
1021.463267
1021.494200
1021.526933
1021.543367
1021.582800
1021.620367
1021.657633
1021.679833
1021.720400
1021.757067
1021.796267
1021.856900
1021.897633
1022.699567
1022.753800
1026.119100
1026.495733
1026.546600
1029.573567
1029.640833
1029.990900
1030.044033
1030.643367
1030.712333
1030.762133
1032.114100
1032.501100
1032.915133
1032.967367
1033.040733
1033.114767
1033.168633
1033.221333
1033.287433
1033.394800
1033.469767
1033.565733
1033.599833
1033.654033
1033.678200
1033.723633
1034.169033
1034.310967
1034.330367
1034.407667
1034.487733
1035.108000
1035.586033
1040.535000
1040.871300
1040.907667
1040.963833
1041.013000
1041.056300
1041.100633
1041.501700
1041.535333
1041.578667
1041.739700
1041.813133
1041.859800
1041.908900
1042.053433
1044.636933
1044.689733
1047.170833
1047.240733
1047.292233
1047.439400
1047.699500
1047.806267
1048.336733
1048.997933
1049.539400
1049.868667
1050.515233
1050.608100
1050.669300
1050.920933
1051.001800
1051.134500
1051.169500
1051.203833
1051.266067
1051.307667
1051.335833
1051.370667
1051.404067
1051.434600
1051.478200
1051.521933
1051.556933
1051.644600
1053.486200
1053.579567
1053.604700
1053.811700
1056.842633
1057.667200
1057.696967
1057.771900
1057.854033
1057.895600
1058.079333
1058.901900
1058.988567
1059.030600
1059.060567
1059.207400
1059.235667
1059.306100
1059.359133
1059.771600
1059.803433
1060.170800
1060.240500
1060.300533
1060.371533
1060.510133
1060.538200
1060.571767
1060.643867
1060.675033
1060.703667
1060.747367
1060.805933
1060.849467
1062.270267
1062.384500
1063.215867
1064.253333
1065.676100
1065.777467
1066.177933
1066.222367
1069.072100
1069.262200
1069.309833
1075.567700
1075.948667
1076.031033
1076.168867
1076.206800
1077.414167
1077.437433
1077.484667
1077.592633
1077.624100
1077.671300
1077.739967
1077.812733
1077.856467
1078.611967
1078.702767
1082.412200
1082.448800
1082.476000
1082.511367
1082.568533
1082.740733
1082.787833
1082.917167
1083.049933
1083.092733
1083.130067
1083.163767
1083.195467
1083.235833
1083.271800
1083.314900
1083.344233
1083.395367
1083.460400
1083.514400
1083.545933
1083.591200
1083.634367
1083.673000
1083.780267
1083.958433
1083.998900
1084.066500
1084.108867
1084.156733
1087.090033
1087.140000
1087.186467
1087.255767
1087.328700
1087.349267
1087.390233
1087.450933
1088.863933
1090.944267
1090.984967
1091.034933
1091.199067
1091.229700
1091.257500
1091.328133
1091.367400
1091.454400
1092.923267
1092.956300
1094.571833
1094.708667
1094.833467
1094.876800
1094.954267
1095.046700
1095.096933
1095.158233
1095.294167
1095.406967
1096.315667
1096.393633
1096.429767
1096.457333
1096.597867
1096.660400
1099.760367
1099.797400
1099.818133
1099.838800
1099.872633
1099.984567
1100.018100
1100.045067
1100.218900
1100.355500
1100.400167
1100.472767
1100.517767
1100.540800
1100.574733
1100.620833
1100.685333
1100.730233
1100.775833
1100.840667
1100.881267
1100.928967
1100.987867
1101.031633
1101.203433
1102.490967
1102.922500
1102.970500
1103.018000
1103.860100
1104.336233
1105.575467
1108.164433
1109.447633
1109.483367
1109.604900
1109.631667
1110.431833
1110.468600
1110.497167
1110.566900
1110.686700
1111.190467
1112.062700
1112.088133
1112.280767
1112.324667
1113.884967
1114.140833
1114.244433
1114.370033
1114.408033
1114.441233
1114.478067
1114.545933
1114.581000
1114.649800
1114.677400
1114.755467
1114.807333
1114.850967
1114.885333
1114.925367
1114.954667
1114.999300
1115.044533
1116.148367
1116.231700
1116.314533
1116.358867
1116.468900
1116.873733
1119.694133
1119.737433
1119.762333
1119.788733
1119.809300
1119.831267
1119.872467
1119.965700
1120.034733
1120.064200
1120.101767
1120.310333
1120.347900
1122.377233
1122.401200
1122.449700
1124.428133
1126.622867
1127.090067
1127.123267
1127.170267
1127.259767
1127.338833
1127.376500
1127.677067
1127.736767
1127.791767
1128.184233
1128.235133
1128.272900
1128.376833
1128.757867
1131.131100
1131.262967
1131.460633
1131.551400
1131.866767
1131.928267
1131.958267
1132.045600
1132.264900
1132.736133
1133.132933
1133.155933
1133.179333
1133.191367
1133.208200
1133.227300
1133.256967
1133.282600
1133.316267
1133.335667
1133.372733
1133.400100
1133.410033
1133.434800
1133.459100
1133.482500
1133.538767
1133.570433
1133.600033
1133.621200
1133.650333
1133.683833
1133.710267
1133.740567
1133.767667
1133.791367
1133.812333
1133.842167
1133.868867
1133.887733
1133.909700
1133.936400
1134.001867
1134.030500
1134.060400
1134.094967
1134.121767
1134.146267
1134.176067
1134.215533
1134.252533
1134.324567
1134.351433
1134.380133
1134.442167
1134.491500
1134.568167
1134.612833
1134.971133
1135.017233
1135.066100
1135.104367
1135.152300
1135.214700
1135.250000
1137.575100
1137.650533
1140.840267
1140.874167
1141.307967
1145.612200
1145.645933
1145.665200
1145.698633
1145.739200
1145.761300
1145.795367
1145.814467
1145.828767
1145.880233
1145.910767
1145.965200
1146.211967
1146.310633
1146.352933
1146.538267
1146.587400
1146.643433
1146.848367
1146.977200
1150.289800
1150.319500
1150.347600
1150.376067
1150.451900
1150.529067
1150.607300
1150.691500
1150.744033
1150.767367
1150.799300
1150.839800
1150.883433
1151.004633
1151.150533
1151.263133
1151.388600
1152.943667
1152.993367
1153.954367
1154.643167
1154.729667
1154.781033
1154.903067
1154.947500
1155.023200
1155.063800
1155.108767
1155.379100
1156.121333
1156.193267
1156.231100
1156.265067
1156.300400
1156.363900
1156.397433
1156.431133
1156.491733
1156.536100
1156.565167
1156.641033
1156.882633
1157.223833
1158.464233
1158.518533
1158.584967
1158.611167
1158.680200
1158.714667
1158.765867
1158.821100
1158.952967
1159.027500
1159.055900
1159.160167
1159.213367
1159.764133
1159.796433
1159.821567
1159.849133
1159.868467
1159.882600
1159.899800
1159.933400
1159.955200
1159.992133
1160.013633
1160.036500
1160.057933
1161.800133
1161.915967
1164.969033
1164.987767
1165.012933
1165.037167
1165.067167
1165.096633
1165.134667
1165.161433
1165.191900
1165.237600
1165.296667
1165.326933
1165.356500
1165.381067
1165.420800
1165.455100
1165.482367
1165.517100
1165.553033
1165.592000
1165.651700
1166.280133
1167.156833
1167.393500
1167.539433
1167.571400
1167.606300
1167.630433
1167.656633
1167.686400
1167.714333
1167.747433
1167.775867
1167.854033
1167.958667
1168.003433
1168.053000
1168.083467
1168.787967
1169.070867
1171.642267
1171.674233
1171.696933
1171.734400
1171.768400
1171.833200
1171.853200
1171.874267
1171.950233
1172.099267
1172.161300
1172.197200
1172.234133
1172.270433
1172.298400
1172.329100
1172.364400
1172.397000
1172.477833
1172.549367
1172.595900
1173.173033
1174.856300
1174.954467
1177.209833
1177.244767
1177.339433
1177.363000
1177.383833
1177.413367
1177.452533
1177.479200
1177.511800
1177.554900
1177.672800
1177.836567
1178.099567
1178.150100
1178.186200
1178.234933
1178.279233
1178.340033
1178.396533
1178.496400
1178.582100
1178.635767
1179.112067
1179.181000
1180.545667
1180.753933
1180.822133
1180.865467
1180.904300
1180.928300
1180.961633
1180.998533
1181.032733
1181.077400
1181.130900
1181.165800
1181.244100
1181.270133
1181.291833
1181.421067
1181.583933
1181.632067
1181.657967
1181.709300
1181.745300
1181.766500
1181.787733
1181.838300
1181.865400
1181.893967
1181.917867
1181.953500
1181.980833
1182.007033
1182.059933
1182.663200
1182.726300
1182.760733
1182.809533
1182.866600
1183.901867
1183.954133
1186.023567
1186.174533
1186.372267
1186.522500
1186.779333
1186.862067
1187.546533
1187.597467
1187.644800
1187.667133
1187.694133
1187.922000
1188.389900
1188.420833
1188.455367
1188.480733
1188.523700
1188.568033
1188.630133
1188.681200
1188.844067
1188.887633
1188.949833
1189.062133
1189.088833
1189.205233
1189.247167
1189.268367
1189.309433
1189.387967
1189.420833
1189.591000
1189.646567
1189.685000
1189.721633
1189.751533
1189.777700
1189.809033
1189.855500
1189.950367
1189.988767
1190.085400
1190.130367
1190.182600
1190.315633
1190.353667
1190.401000
1190.498300
1190.894133
1191.222467
1191.389967
1191.529400
1191.569433
1191.654600
1194.852967
1194.886600
1197.314733
1197.384133
1200.616233
1204.081067
1204.139367
1204.155133
1204.214467
1204.308900
1205.393733
1205.435467
1205.462400
1205.515133
1205.539167
1206.043667
1206.143700
1206.180333
1206.200200
1206.244433
1206.271233
1206.306667
1206.341533
1209.963233
1209.997633
1210.018233
1210.037600
1210.054967
1210.071267
1210.102033
1210.129400
1210.358633
1210.389267
1210.420200
1210.475367
1210.507233
1210.536300
1210.580767
1212.030733
1212.142933
1212.267600
1212.288467
1212.328733
1212.380700
1212.442300
1212.477633
1212.508667
1212.551367
1212.679467
1212.722667
1213.141700
1213.250033
1213.363367
1213.411200
1213.508200
1213.531833
1213.555200
1213.585067
1213.604533
1213.652567
1213.767667
1214.639067
1215.961533
1215.978200
1215.998667
1216.017133
1216.304767
1216.368700
1216.388300
1216.420067
1216.464100
1216.558800
1216.606333
1216.700367
1217.484700
1217.525533
1218.850100
1218.940800
1218.976267
1220.150967
1220.172933
1220.196467
1220.273200
1220.528800
1221.090300
1221.133033
1221.167300
1221.196767
1221.220300
1221.261267
1221.314000
1221.343133
1221.388600
1221.411333
1222.121367
1222.157600
1222.665067
1222.732900
1222.773367
1222.909167
1223.006167
1223.045000
1223.913267
1224.094800
1224.129000
1224.183267
1224.228233
1224.590267
1224.907167
1224.966867
1225.443567
1226.420767
1226.920267
1226.957067
1227.002633
1227.057067
1227.095433
1227.123767
1227.157000
1227.233700
1229.193067
1229.230400
1232.161933
1232.387867
1232.769033
1233.114900
1233.188500
1233.232067
1233.269300
1233.308133
1233.964733
1234.024033
1234.059200
1234.199433
1234.361100
1234.531433
1234.575367
1234.818833
1234.949800
1234.987967
1235.087067
1235.129300
1236.645700
1236.670067
1236.728900
1236.783067
1236.814533
1237.302133
1237.394500
1237.748633
1237.804300
1237.884833
1237.931700
1237.970900
1238.046200
1239.060000
1239.175467
1239.336700
1239.443333
1239.484033
1239.514467
1239.562367
1239.643633
1240.452433
1240.497033
1240.515400
1240.539733
1240.671167
1240.749067
1240.802433
1240.961400
1241.000233
1241.026800
1241.062100
1241.103300
1241.137100
1241.183000
1241.270667
1241.314167
1241.338400
1241.364933
1241.412067
1241.453233
1241.542433
1241.585200
1241.621700
1241.690433
1241.735900
1241.785133
1241.852567
1242.008200
1242.059200
1242.106600
1242.155067
1242.196800
1242.234933
1243.847300
1243.893500
1243.943800
1243.989467
1244.020500
1244.064300
1247.226233
1247.254033
1247.276167
1247.300000
1247.348733
1247.677333
1247.714133
1247.742167
1247.936633
1249.536167
1249.592133
1249.616500
1249.679767
1249.945400
1250.127700
1250.640267
1250.799967
1251.447067
1251.476067
1251.532767
1251.554300
1251.620267
1251.645600
1252.936967
1255.152067
1255.177400
1255.201267
1255.256300
1255.280633
1255.290367
1255.302700
1255.316700
1255.328333
1255.339333
1255.364967
1255.400733
1255.422600
1255.450333
1255.471367
1255.494067
1255.521433
1255.565300
1255.599000
1255.652367
1255.690533
1255.732900
1255.775467
1256.735467
1259.282567
1259.586500
1259.896100
1260.390867
1262.357733
1263.254200
1263.458800
1264.323800
1264.345733
1264.484400
1264.576900
1264.610700
1265.138833
1265.164767
1265.276567
1266.036000
1266.065767
1266.181967
1266.425833
1268.862500
1269.107200
1269.367400
1269.411967
1269.478133
1269.512200
1269.650733
1269.719500
1269.749433
1269.777900
1269.867800
1269.915400
1269.979733
1270.045800
1270.241833
1270.261500
1270.366367
1270.565200
1270.576600
1270.770867
1270.833767
1270.946833
1271.410767
1271.611033
1271.635933
1271.664400
1271.699033
1271.721333
1271.777000
1271.835067
1271.880000
1271.896400
1271.926367
1271.975067
1271.986300
1271.991933
1272.026600
1272.065567
1272.132267
1272.169733
1277.312500
1277.346967
1277.386467
1277.417367
1277.492667
1278.912867
1278.972867
1279.019867
1279.055167
1279.090433
1279.143500
1279.216967
1279.269633
1279.301333
1279.334967
1279.366300
1279.398567
1279.430267
1279.460600
1279.531067
1279.577967
1279.609867
1279.645467
1279.695800
1279.732033
1279.763900
1279.842067
1279.871300
1280.734433
1281.363733
1282.736100
1283.585133
1283.623033
1283.649800
1283.730500
1283.764367
1283.819200
1283.865633
1283.891933
1283.937500
1284.539967
1285.321533
1288.265833
1288.330933
1288.385633
1288.411367
1288.443000
1288.522300
1288.974700
1289.036167
1289.087067
1289.678967
1290.526800
1290.586100
1290.610667
1290.658767
1290.843033
1290.911200
1291.107567
1293.879100
1294.550533
1294.592367
1294.631133
1294.681767
1294.717533
1294.765067
1294.817733
1294.860533
1294.988733
1295.044367
1295.085967
1295.202967
1295.241100
1295.794867
1296.330433
1297.465267
1297.494100
1297.511767
1297.533533
1297.550867
1297.581433
1297.618300
1297.639700
1297.650700
1297.679967
1297.718533
1297.891600
1298.086833
1298.143600
1298.180000
1298.222100
1298.254733
1298.286967
1298.327067
1298.450100
1299.266933
1299.679400
1299.734333
1299.872033
1299.920267
1299.952433
1300.002467
1300.069767
1300.228100
1300.281667
1301.323800
1301.342433
1301.358800
1301.430067
1301.454067
1301.540800
1301.563867
1301.593500
1301.616400
1301.713167
1301.767433
1301.805600
1301.842433
1302.108933
1302.156733
1302.179867
1302.201867
1302.231467
1302.264967
1302.345767
1302.987000
1303.071300
1303.132567
1303.333867
1303.640700
1304.129833
1304.190167
1305.497233
1305.546500
1305.584467
1306.757900
1306.795633
1306.849567
1306.893933
1306.941800
1307.037167
1307.934900
1307.974133
1308.007233
1308.028733
1308.043833
1308.078233
1308.107767
1308.144133
1308.179500
1308.200700
1308.233967
1308.271567
1308.296567
1308.324067
1308.370333
1308.423867
1308.456467
1308.491800
1308.529667
1308.565533
1308.604433
1308.638933
1308.672067
1308.744667
1308.839267
1308.875033
1308.905967
1308.933033
1309.051633
1309.324167
1309.368200
1309.501867
1309.534267
1309.559967
1309.606200
1309.745333
1310.204833
1310.236400
1310.400200
1310.604533
1310.654733
1310.743100
1310.793633
1312.037033
1312.698500
1312.748267
1312.820467
1312.903967
1312.944100
1312.985667
1313.028633
1313.307267
