0.891367
1.097233
1.135600
1.274300
1.294567
1.329733
1.752133
1.889633
2.020667
2.082367
2.218033
2.412767
2.460100
2.565967
2.581867
2.640433
2.698300
3.015267
3.651033
3.975167
4.012100
4.046233
4.112867
4.168867
4.323300
4.524467
4.626833
4.733900
4.808133
4.937667
5.059200
5.214100
5.845633
5.871400
6.418267
6.457467
6.572367
6.753267
7.118500
7.600000
7.723567
8.006567
9.961200
10.055167
10.568367
10.598133
10.796533
10.843800
11.069800
11.574233
11.787800
12.176733
12.788367
12.884233
12.952133
12.979667
13.029833
13.847533
14.096700
14.242733
15.460867
16.938933
18.822367
18.891433
19.004333
19.454767
19.521467
19.964633
20.042000
20.098733
20.154633
20.234667
20.360033
20.421900
20.423633
20.473833
20.607900
20.616467
20.710800
20.775733
20.802900
20.943367
21.155033
21.445400
21.555967
21.579333
21.613367
21.791967
21.953167
21.991133
22.019033
22.076833
22.152000
22.245367
22.301900
22.377100
22.425200
22.512433
22.584867
22.781267
22.787033
22.871533
23.125267
23.296000
23.336533
23.342533
23.422433
23.493133
23.533133
23.609300
23.910567
23.940833
24.048900
24.169500
27.256367
28.057833
29.210067
29.289667
29.327800
29.356733
30.027167
30.410467
30.653067
30.762033
32.439133
34.070133
34.082967
34.185200
34.246000
34.307500
34.767600
35.085233
35.181567
35.235733
35.350767
35.452167
35.613333
35.745700
35.758100
35.782867
35.815233
35.937633
36.394633
36.631000
36.684500
36.718567
37.457433
37.569900
37.603667
38.106467
38.512167
38.553233
40.182100
40.299167
41.342200
41.543833
41.572567
41.743367
41.786467
41.938033
43.064767
43.141367
43.329633
43.496067
44.353600
44.435367
44.535667
44.680567
45.013900
45.434033
46.431033
46.831667
46.887633
46.916133
47.196233
47.543000
48.790867
48.914633
49.045433
49.199233
49.229467
49.486633
49.598067
49.630067
49.703433
49.731433
49.796567
49.851633
49.972667
50.047167
50.112767
50.146167
50.224800
50.248600
50.299800
50.362067
50.409067
50.449433
50.475000
50.498067
51.166400
51.235700
51.796233
52.509800
52.687633
52.762233
52.866967
53.004400
53.093733
53.132600
53.360867
53.713567
54.052133
54.171267
54.231000
54.267233
54.290467
54.319133
54.805633
54.926100
54.974633
55.011800
55.329200
55.372267
55.400433
55.438600
55.501067
56.864233
56.964233
57.084133
57.162667
57.445300
57.636533
57.655633
57.680967
57.948900
58.224167
61.528333
61.687433
61.782600
61.870333
62.202733
62.340600
62.477200
62.677633
62.753900
62.778200
62.846933
63.046200
63.501800
63.553300
63.654367
63.696233
63.733933
65.185367
66.199267
66.266933
67.760233
67.808267
67.829867
67.890733
68.321333
68.394967
68.687167
68.691667
68.777633
68.916433
69.060167
69.213933
69.294967
69.426367
69.696867
70.441567
70.618067
71.065333
71.196200
71.297233
71.353700
71.396933
72.274467
72.556100
72.603067
72.654933
73.195533
73.331800
73.412167
73.479400
73.859933
73.985933
74.000433
74.071167
74.179467
74.225733
74.306633
74.519633
74.592367
74.851567
75.014300
75.019833
76.710100
76.772067
76.807067
76.872567
76.925933
77.522267
77.712333
77.766600
78.246733
78.413600
78.484467
78.606100
78.919967
79.099400
79.127500
79.733333
80.161667
80.292367
80.458867
80.695533
81.197267
81.880167
81.923233
81.943567
82.081667
82.435633
82.601100
83.148167
83.259400
83.289267
83.330067
83.621433
83.722433
83.800733
83.839267
83.860767
83.904800
84.023267
84.325133
84.364000
84.386867
84.411067
84.518867
84.572900
84.630200
84.853100
84.976967
85.032067
85.143100
85.171433
85.459333
85.656667
85.710133
85.938367
86.043267
86.139300
86.174067
86.249800
86.316800
86.423700
86.575033
86.709967
86.762167
86.805833
87.132933
87.256000
87.294967
87.375833
87.403700
87.507000
87.600167
87.607167
87.669433
87.701833
87.746033
87.844100
87.951567
87.999400
88.199300
88.226667
88.269300
88.313800
88.626000
88.695333
88.849767
88.954700
89.010267
89.054467
89.112733
89.135267
89.190000
89.272500
89.452133
89.495167
89.579733
89.677667
89.729533
89.864700
89.934967
90.481333
90.485667
90.691733
90.791067
90.930900
91.005100
91.061600
91.129433
91.173767
91.398700
91.436767
91.488367
91.519400
91.559533
91.657033
91.713400
91.903267
92.026667
92.056500
92.122533
92.179100
92.212433
92.235633
92.396700
92.587767
92.666400
92.959700
93.029167
93.207500
93.391033
93.416867
93.676333
93.893267
93.921233
94.471267
94.631633
94.799267
94.890800
94.904900
95.114733
95.147667
95.257033
95.396000
95.574567
95.759867
95.807400
95.813733
95.913967
96.164567
96.169533
96.408067
96.536800
96.562433
96.789667
96.860200
96.892167
97.035733
97.114700
97.398667
97.474833
97.508300
97.773533
97.858633
97.924400
98.112533
98.190000
98.223833
98.269767
98.374033
98.463067
98.540433
98.657467
98.721500
98.787367
99.019100
99.256633
99.364600
99.493667
99.652533
100.136433
100.341533
100.768433
101.037200
101.271900
101.651533
102.588467
103.029900
103.066200
103.119500
103.183800
103.711633
103.913000
103.993733
104.093900
104.130567
104.192067
104.401633
104.483433
105.413967
105.463100
105.751000
106.216533
106.270667
106.313233
106.329833
108.266367
108.579467
108.858500
109.427900
110.102267
110.426200
110.670800
112.077467
113.415133
114.448067
115.047100
115.410333
115.592567
116.659867
116.725333
116.868933
116.913300
116.925333
117.087767
117.264933
117.336233
117.364400
117.389900
117.465500
117.781100
117.892333
118.200767
118.538300
118.785400
118.873733
118.968933
119.125400
121.484167
122.504500
123.664333
123.726167
124.439433
124.685633
124.966300
125.058200
125.221767
125.285133
125.479900
125.706067
126.005433
126.025100
126.816733
127.192433
127.857300
127.919833
128.813733
130.017100
130.108700
130.172000
130.277500
131.287033
131.421033
131.803533
132.198567
132.325967
132.948833
133.042733
133.104333
133.165367
133.374233
134.113967
134.302433
134.348433
134.521267
134.621233
134.737200
134.905000
135.313000
135.943367
137.539267
137.675867
138.062967
138.232333
138.777800
139.040133
139.544400
139.739000
140.178567
141.569733
141.614733
141.862767
141.944433
141.987500
142.169033
142.220300
142.389867
142.467733
143.512233
144.300133
144.545033
144.614233
145.155767
145.304133
145.625300
145.746300
146.270300
146.302833
146.335200
146.365333
146.388767
146.438667
146.764033
147.017667
147.147967
147.171667
147.279500
147.659767
147.664933
147.721667
147.939933
148.031567
148.178133
148.345667
149.021400
149.224000
149.442900
149.665433
149.710700
150.295100
150.499200
150.629933
150.788167
151.435000
151.460967
151.591900
151.684533
153.304200
153.344067
153.417333
154.869033
155.926667
155.953033
155.982533
156.012800
156.031933
156.352300
157.350367
157.392300
157.494367
157.641433
157.803600
158.066867
158.259267
158.296233
158.345167
158.378967
158.454000
158.458967
158.525700
158.879433
159.062600
159.117367
159.181867
159.201433
159.261300
159.290367
159.376800
159.393300
159.436100
159.718967
159.750433
159.861833
159.966133
160.107833
160.153867
160.439000
160.696300
160.938800
161.079333
161.377900
161.456300
161.484867
161.512533
161.791133
162.463467
162.785067
162.968267
163.267733
163.388400
163.922133
163.991567
166.674567
166.753433
166.886300
167.001267
167.144633
168.167700
168.183233
168.318967
168.542833
168.616833
168.676800
168.811067
169.191767
171.714733
171.795267
172.066033
172.284733
172.351567
172.473467
172.570500
172.649767
172.694500
172.801500
173.000033
173.043233
173.266967
173.557200
173.713867
173.780367
173.826233
174.003400
174.027100
174.070867
174.116633
174.155233
174.526700
175.002933
175.137700
175.354967
175.407467
175.711800
175.776733
176.090833
176.620333
176.684167
176.773867
176.864800
177.144700
178.544867
178.863367
178.902733
178.977867
179.103700
179.194467
179.274800
179.542700
179.596767
179.682967
179.738567
179.789100
179.817767
179.827767
179.921800
180.003333
180.105433
180.230900
180.355533
180.444200
180.549333
180.601933
180.635000
180.662600
180.704400
180.765533
180.837100
180.879200
181.078467
181.111300
181.292267
181.509733
181.590933
181.634467
181.783033
181.975167
182.468300
182.843500
182.930267
182.972933
183.154700
183.275233
183.392400
183.451400
183.511567
183.555667
183.581400
183.611433
183.635000
183.703533
183.736600
183.922933
184.086900
184.134033
184.174600
184.373900
184.479067
184.679767
185.122433
185.178267
185.327567
185.607600
185.680833
185.769367
185.965767
186.029400
186.115533
186.170267
188.340100
189.230367
189.271367
189.286433
189.301300
189.365867
189.596567
189.660200
189.724900
189.889433
189.961500
190.020100
190.039967
190.208600
190.266933
190.386533
190.601633
190.701167
190.796233
190.879667
190.991767
191.092333
191.350700
191.389200
191.434467
191.663533
191.917733
191.998533
192.321300
192.485400
192.500200
192.704867
192.769567
192.805967
193.003267
193.134500
193.224167
193.266633
193.394233
193.534133
193.684433
194.361367
196.923867
197.063933
198.692633
199.169000
199.649967
199.847467
200.102967
200.167667
200.260800
200.310100
200.340000
200.384200
200.475700
200.620767
200.677967
200.758167
200.873733
200.946367
201.069000
201.140833
201.273200
201.701533
202.081800
202.282467
203.670400
203.816467
204.289300
204.332700
204.539400
204.669467
206.431533
206.532567
206.561900
206.884967
206.914800
206.973367
207.059033
207.095933
207.729900
207.834000
207.922167
207.962067
208.286433
208.358067
208.394833
208.469867
208.547900
208.632933
208.677033
208.775033
208.840933
209.075867
209.112733
209.375233
209.442633
209.478567
209.587733
209.666233
209.931100
210.072000
211.071933
212.613333
212.784300
212.832067
212.999167
213.149700
213.216400
213.319900
213.359600
213.439433
213.562400
213.997300
214.119833
214.163833
214.217967
214.274733
214.316733
214.419733
214.447633
214.479833
214.509967
214.558567
214.666533
214.711433
214.761233
214.815400
214.839633
215.210400
215.242600
215.496700
215.527533
215.559767
215.672833
215.854533
216.194767
216.209333
216.212600
216.247267
216.324267
216.564033
217.080600
217.212667
217.329333
217.361733
217.454733
217.517267
217.571167
217.617167
217.664000
217.736200
217.839967
217.863633
217.905433
217.934967
217.957867
217.979700
217.982233
218.018267
218.025067
218.335067
218.401800
218.433867
218.509133
218.588133
218.646500
218.680900
220.744133
220.782467
220.994733
221.074867
221.629333
221.779333
221.818900
221.867800
221.949700
221.972533
222.164033
222.196400
222.248500
222.378133
222.431433
222.485900
222.661333
222.802667
223.023100
223.064833
223.385300
223.753567
223.940500
223.964867
223.996367
224.844867
224.990467
226.569800
227.373500
227.549400
228.380200
228.829867
228.886000
229.097267
229.261867
229.437867
229.741867
230.085367
230.237133
230.291467
230.333067
230.438467
230.461767
230.493300
230.558367
230.608900
234.209267
234.382033
234.696567
234.754567
235.078633
235.153167
235.201867
235.269233
235.301600
235.388333
235.424733
235.459767
235.704900
235.745833
235.784833
235.873867
235.910300
235.945800
235.973367
236.014567
236.109700
236.225800
236.864000
237.307867
239.599400
239.715733
239.800033
239.923033
239.973800
240.158833
240.293167
240.858933
240.906767
240.935833
241.499833
241.606800
241.930867
242.093567
242.176967
242.932800
243.024167
243.049333
243.154200
243.521000
243.743033
243.879833
243.960167
244.073167
244.105700
244.148300
244.348900
244.495300
244.518800
244.805300
245.138667
245.863267
246.046667
246.170200
246.269933
246.302400
246.523100
246.630300
246.688933
246.816567
246.928367
246.957200
246.997633
247.549567
248.763000
248.910467
249.057133
249.695200
249.992533
250.037667
250.108500
250.578767
250.641333
250.733267
251.034867
251.261533
254.776933
255.425067
255.822567
256.083633
256.421033
258.127033
258.692367
258.720267
259.774433
259.812500
259.866333
259.932267
260.045767
260.168167
260.204867
260.419200
260.482133
260.803633
260.845733
260.899733
261.069267
261.100333
261.146033
261.335267
261.362567
262.168100
262.262867
262.465833
262.494533
262.535600
262.542767
262.583467
262.629467
262.732633
263.204933
263.309267
263.755633
263.802233
263.842333
264.151500
264.434367
265.517000
265.567967
268.423233
268.628767
268.913367
268.941067
268.982267
269.077933
269.138733
269.175400
269.201400
269.231933
269.259933
269.386167
270.257167
270.671000
270.755000
270.819200
271.630333
272.836633
273.397433
273.427300
273.542833
273.979333
274.207000
275.911800
276.070000
276.111400
276.232767
277.040767
277.107467
277.305333
277.551433
277.618800
277.688267
277.808833
277.826233
277.910833
278.019867
278.056733
278.060567
278.107867
278.133833
278.155967
278.173567
278.260633
279.862767
280.083667
280.299333
280.690767
280.721800
280.778833
280.838467
280.923633
280.947667
281.041900
281.100233
281.158567
281.470067
281.511800
281.621567
281.761500
282.263567
282.372733
282.651433
282.837367
283.013433
283.203633
283.573600
283.877900
284.094833
284.235033
284.370067
285.900033
286.623967
287.114300
287.130600
287.175867
287.248433
287.717600
287.790967
288.003700
288.212500
288.808367
288.876500
289.096133
289.314900
290.633000
292.472067
292.594733
292.647333
292.852367
293.396333
293.940633
295.316300
295.959400
297.025000
297.430300
297.472567
297.499700
297.550367
297.864267
298.282233
298.883300
298.944067
298.971267
299.113333
299.176967
299.339667
299.509367
299.566133
299.631400
299.678100
299.725933
299.884567
299.959400
300.084033
300.254500
300.285033
300.333067
300.522300
300.555233
300.687267
300.755267
300.825000
301.426767
301.466600
301.506967
301.546500
301.587567
301.970600
302.029533
302.070167
302.125333
302.196867
302.254933
302.382500
302.411800
303.096433
303.183400
303.768500
304.197733
304.245200
304.998967
305.056100
305.142767
305.258333
305.471233
305.720100
305.740967
306.354100
306.439233
306.521300
306.700667
306.815233
307.063467
307.134900
307.156733
307.201167
307.220733
307.313600
307.380500
307.455800
307.784667
307.926533
308.090500
308.220700
308.299567
309.220967
309.519800
309.898700
309.952833
310.004733
310.055700
310.125233
310.204033
310.230167
310.386733
310.509633
310.589833
310.665800
310.692467
310.843867
310.900933
311.288333
311.339233
311.361567
311.663867
312.255900
315.023500
315.209167
315.417167
315.477200
315.943367
316.035100
316.321867
316.436900
316.564833
316.658833
316.695733
316.916600
317.317633
317.591900
317.775200
317.954667
318.196367
318.287333
318.502733
318.585833
318.792000
319.002700
319.215033
319.337567
319.463933
319.536667
320.137267
320.527567
320.806167
321.195200
321.297700
321.398833
321.492267
322.147433
322.369500
322.396767
322.451433
322.930700
323.051700
323.101167
323.131700
323.290100
323.380633
323.606867
323.785600
323.845633
323.881400
323.910600
323.947700
324.025733
324.107467
324.150700
324.185567
324.518933
324.894933
325.102433
325.124467
325.127533
325.149667
325.318000
325.472667
325.602767
325.635067
326.352033
327.208067
327.469000
327.632433
327.894400
327.993067
328.040767
328.089900
328.567367
329.366167
330.031633
330.064567
330.385500
331.731633
331.810767
331.852533
331.889067
331.943800
331.974000
332.019133
332.149533
332.446667
332.586700
332.644733
332.679967
332.717267
332.737667
332.776033
332.995267
333.077433
333.128800
333.161500
333.302567
333.440000
333.517733
333.622700
333.731933
333.799000
333.836600
333.994367
334.036400
334.420867
334.896533
338.969267
340.796367
340.806100
340.857100
340.869633
340.885133
341.003067
341.041267
341.150400
341.178133
341.746933
341.813267
342.306033
342.492133
342.886600
342.913267
342.950667
343.005800
343.051600
343.115000
343.148267
343.193333
343.397133
343.468933
343.542700
343.633567
343.694567
343.831767
343.869300
343.921433
344.111033
344.202500
344.241300
344.515367
344.570533
344.676267
344.797733
344.845300
344.917267
345.004467
345.143600
345.226100
345.406200
345.463533
345.494933
345.549067
345.731200
346.251800
348.320833
348.730833
349.063867
349.109033
349.135067
349.543267
349.765100
349.985100
350.071200
350.107867
350.264433
350.503300
350.553367
350.648200
350.783033
350.843800
351.123200
351.521567
351.590267
351.739800
352.175233
352.235767
352.545767
352.580267
352.611667
352.628633
352.641933
352.920533
353.045600
353.284933
353.383333
353.708067
354.222933
354.278167
354.346167
354.416833
355.426167
355.534600
355.694233
356.715333
356.953033
357.003000
357.085933
357.131567
357.159167
357.240333
357.541267
357.816933
357.859300
357.907100
358.073700
358.372667
358.561633
358.794367
359.037167
359.164633
359.390000
360.114700
360.504067
360.703033
360.781000
360.879867
361.081400
361.123500
361.195300
361.287100
362.218933
362.278767
362.360000
362.573867
363.235633
363.824533
364.748300
365.155200
365.504800
365.614467
365.813600
365.982567
366.550333
366.657033
366.783367
366.832367
367.179867
367.374133
367.502667
367.665267
367.788800
367.914500
368.153233
368.211200
368.222500
368.345500
368.448300
368.520267
368.613200
368.693367
368.825067
369.043567
369.092767
369.149600
369.292600
369.495100
370.336533
370.919733
371.011633
371.132700
371.301033
371.356633
371.399600
371.442500
371.479700
372.158067
372.248800
372.339733
372.427267
372.549267
372.602100
372.657100
372.663000
372.704600
372.792800
372.844533
373.128800
373.196933
373.362867
373.462833
373.498333
373.587467
373.629567
373.808200
373.963900
374.253467
374.345300
374.783367
375.255333
375.335767
375.798200
375.934567
376.106467
377.409567
378.341000
378.925133
379.547967
379.642633
379.718333
379.760700
379.785600
379.856900
379.911567
380.098067
380.187400
380.200633
380.266767
380.386367
380.507567
382.606767
382.743233
382.876467
383.093000
383.143700
383.178800
383.201500
383.641533
383.739133
383.822467
383.910400
384.761433
384.919433
385.002067
385.263933
385.598000
386.037433
386.215700
386.302467
387.210167
387.245467
387.302667
387.642867
387.675967
388.048733
388.152233
389.108933
389.153933
389.404833
389.524067
391.452767
391.909367
392.116267
392.191500
392.270300
393.076067
393.194933
393.228300
393.285800
393.315567
393.358400
393.773000
393.858300
394.271000
394.482433
394.912100
395.389700
395.664500
395.744033
396.183733
396.271600
396.310633
396.361400
396.586133
396.666533
396.704067
397.250633
397.445900
397.627933
397.870767
399.237933
399.383233
399.557600
399.671100
399.738100
400.053867
400.245033
400.282733
400.303567
400.349400
400.535600
400.596967
400.647467
400.757200
401.070533
401.161600
401.218133
401.455967
401.469900
401.508533
401.759133
401.832233
401.900967
401.963100
402.011967
402.141333
402.188467
402.224767
402.296633
402.445467
403.400300
403.696500
403.735367
403.775900
403.957767
404.089733
404.319833
404.375900
404.482700
404.502000
404.550167
404.926733
405.127400
405.248167
405.263433
405.287033
405.323800
405.393867
405.493900
405.512367
405.594133
406.630933
406.724000
406.761067
406.774433
407.195133
407.860733
408.284767
409.514633
409.771600
409.794333
409.874467
410.133667
410.782667
410.937500
411.084833
411.689500
412.536000
412.860633
413.070300
413.804767
413.899000
413.976200
414.964633
418.208367
418.480867
418.515400
418.694767
418.915233
419.290600
419.392667
419.455233
419.482333
419.532567
419.542633
419.600667
419.695367
419.759200
419.868433
420.090500
420.174367
420.214033
420.285967
420.713233
421.068633
421.218200
422.168333
423.277767
423.327400
423.452333
423.621367
423.802967
423.878033
423.979800
424.264200
424.314000
424.382967
424.804333
424.902833
424.970500
425.015200
425.370900
425.419867
425.508533
425.563867
425.608133
425.823267
425.870667
425.900167
426.070567
426.106500
426.470300
426.569367
426.700133
427.420000
428.059133
428.110867
428.198300
428.561133
428.749767
428.820033
429.029767
429.094567
429.447767
429.641933
429.985167
430.114700
430.518500
430.556800
430.713267
431.082100
431.748567
432.090067
432.390867
432.403700
432.597933
432.770833
432.834333
432.885267
433.199067
433.603533
433.700000
434.134667
434.564033
435.794100
435.857433
436.101367
436.158167
436.183200
436.341400
436.397900
436.552667
436.722900
436.789567
437.004133
437.164767
437.894567
438.106533
438.646833
439.023833
439.072533
439.390033
439.870400
440.020733
440.274733
440.305167
440.464833
440.530967
440.557067
440.574933
440.603500
440.743500
440.918633
440.968833
441.277433
441.456133
441.836267
442.104267
442.198867
442.286267
442.601800
442.699567
442.864333
443.210600
443.705867
443.869300
443.912467
444.247400
444.290467
444.329000
444.424900
444.440200
444.607867
444.853900
446.371067
447.177000
448.440100
449.415900
449.681533
449.771567
449.939600
451.205267
451.408033
452.361033
452.828000
453.424333
453.481467
453.846500
454.004300
454.076033
454.841767
454.897833
454.976067
455.108700
456.117300
456.163400
456.206733
456.265900
456.321367
456.695067
456.797133
456.822567
456.891967
456.914533
457.306633
457.537733
457.717633
458.300867
458.501833
461.015533
461.642167
461.674900
461.891833
461.959567
462.036933
462.157533
462.202800
462.376100
462.430900
462.532800
462.730067
462.892833
463.207367
463.371667
463.546967
463.847100
463.905267
464.227733
464.399233
464.469567
465.655867
465.718633
466.139833
466.750800
466.786533
468.407400
468.447233
468.640933
468.774700
468.797567
468.822300
468.881900
468.914533
469.039967
469.148167
469.361667
469.697233
470.055333
470.147967
471.240767
471.723400
471.797433
472.956467
473.009667
473.464967
473.511033
473.778333
473.828533
473.954000
474.065967
474.083233
474.094833
474.155967
474.439033
475.118600
475.307100
475.455667
475.563300
476.081100
476.104033
476.499167
476.524100
476.571967
476.592200
476.828367
476.943700
477.064300
477.168767
477.552400
478.698933
479.269600
479.338433
479.352900
479.379200
479.403333
479.429600
479.440800
479.525100
479.642400
479.718433
479.961300
480.049200
480.090467
480.152800
480.265267
480.302133
480.347700
480.362300
480.384900
480.406733
480.459933
480.501733
480.527933
480.657267
480.732867
480.798400
480.968000
481.100000
481.209633
481.245500
481.304533
481.335167
481.484000
482.118767
482.220933
482.425000
482.845300
482.885233
482.937333
483.029600
483.042633
483.112367
483.155433
483.272800
483.295367
483.381833
483.441333
483.470133
483.517233
483.529633
483.600733
483.712633
483.941000
484.017667
484.111200
484.487600
484.619300
484.729600
484.769800
484.812567
484.826800
484.895033
484.936600
484.981033
485.087000
485.200167
485.449233
485.497633
485.572800
485.647300
485.708567
485.835533
485.842667
485.925767
486.113900
486.118067
486.155400
486.356567
486.421733
486.482000
487.232400
489.132500
490.365300
490.433467
490.472400
490.529167
490.576267
491.051400
491.168700
491.406000
491.616667
491.645367
491.721267
491.762067
491.826400
492.099367
492.183600
492.299600
492.852633
492.923300
492.950567
493.089700
493.660967
493.726433
493.777867
493.969333
494.144100
494.238767
494.291600
494.374833
494.472200
494.496067
494.653867
494.685167
494.824233
494.871933
494.875967
494.919833
494.965833
495.060867
495.405267
495.440500
495.480567
495.545133
495.764067
495.791867
496.444667
496.582900
496.713967
497.261067
498.529600
498.586133
498.609200
498.684333
498.901867
499.010267
499.138633
499.218233
499.407767
499.533433
499.585800
499.643067
499.745267
499.781333
499.883433
499.927600
500.269800
500.471200
500.586000
500.929233
500.987033
501.045400
501.110633
501.909933
502.508033
502.969000
505.464667
505.657067
506.096500
506.175733
506.235600
506.326767
506.391033
506.482500
506.611700
506.731533
506.788800
507.504767
507.808667
509.435433
509.597867
509.698067
511.291533
511.453833
512.429367
512.525033
512.666900
513.036267
513.979300
514.138133
516.433533
516.520467
516.598267
516.619300
516.708300
517.006067
517.630833
517.704833
517.734533
517.927400
518.077667
518.222467
518.279667
518.345100
518.474933
518.513567
518.983200
519.613100
519.671533
519.815967
519.890867
519.948033
520.356633
520.485067
520.506667
520.557500
520.879133
520.954267
521.184833
521.380333
521.610667
521.868667
521.892167
521.950000
522.005833
522.331767
522.393600
522.435633
522.500767
522.592233
522.778300
523.172267
523.176867
523.214233
523.246700
523.327533
523.367733
523.422267
523.469667
523.496700
523.529733
523.626400
523.663800
523.686767
523.863333
523.893200
524.283167
524.503600
524.595533
524.654900
524.672800
524.781433
524.918400
525.075733
525.139067
525.309567
525.334400
525.499933
525.727767
527.657233
528.764067
529.236233
529.331933
529.395900
529.480867
529.613300
529.676933
529.721867
529.818900
530.078333
530.420133
531.473367
531.679733
532.090800
532.197000
532.329467
532.718867
532.821733
532.870700
532.991400
533.636900
533.932967
535.210033
535.507033
535.719467
535.867967
536.017700
536.146933
536.433333
536.578167
537.363967
537.508067
537.985033
538.100067
538.815033
539.131000
539.282900
539.407667
539.716967
539.932667
540.632600
540.780467
540.805167
540.866267
540.914267
540.963200
541.198800
541.931267
542.031533
542.146533
542.520333
545.880533
546.191367
546.257867
546.355367
546.488833
546.608033
546.632933
546.911400
546.975633
547.681967
549.802667
549.858200
549.925867
550.005333
550.188300
550.212067
550.257633
550.283733
550.369933
550.937500
551.380233
551.422467
551.449033
551.495200
551.533500
552.049067
552.205000
552.576233
552.790167
554.117467
554.175033
554.230700
554.265867
554.285800
554.504767
554.685100
554.744567
554.794500
554.831033
554.970100
555.151700
555.337300
555.488967
555.770633
556.102500
557.692367
557.758767
558.885500
558.993567
559.151833
559.242200
559.338067
559.604667
559.656333
559.667167
559.988600
560.146100
560.169167
560.199833
560.509500
560.552300
560.682233
560.749600
562.168133
564.153400
564.340333
564.523067
564.641100
564.726000
564.828367
564.912967
565.805400
567.295733
567.460267
568.100067
568.252533
568.290767
568.425267
568.767467
568.847100
569.062500
569.325200
569.563267
571.612200
572.424467
572.480500
572.605367
572.937533
573.020500
573.555333
574.139233
574.337600
574.389267
574.607367
575.293867
576.367300
576.392200
576.790100
576.838500
577.032033
577.684033
577.770900
577.818800
578.022433
578.077467
578.242733
578.551367
579.191833
579.258700
579.605133
579.731100
579.860333
579.996100
580.254667
580.312567
580.584033
580.730700
581.253367
581.674567
581.882300
581.991200
582.240600
582.319967
583.489633
583.878900
584.013033
584.023100
584.190000
584.252367
584.738933
585.834800
587.462533
587.676733
587.730900
587.942800
588.030600
588.164333
588.189867
588.523033
588.621767
588.908933
589.207100
591.570133
591.765767
592.159533
592.418733
592.716100
594.390100
594.598267
594.740867
595.240133
595.462367
595.530633
595.591300
595.663400
595.764933
595.809767
596.143333
596.195600
596.225967
596.286367
596.312000
596.483233
596.641367
596.674700
596.700000
597.034300
597.319700
597.431567
597.534467
597.618367
597.979333
598.043133
598.162633
598.611367
598.754167
598.799400
598.851433
599.156867
599.429167
599.459700
599.496267
599.541733
599.691600
599.730467
601.369600
603.491800
604.234933
604.281500
604.855000
604.964100
605.562667
608.176300
608.217067
608.403133
608.430267
608.540733
608.594800
608.955533
609.094800
609.226400
609.417800
609.472200
609.876900
610.114300
610.289433
610.363533
610.455967
610.854133
612.274367
612.505867
612.618467
613.198400
613.265000
613.502467
613.735733
613.904100
613.969067
614.066933
614.337633
615.225867
615.723200
615.939867
616.523133
617.655033
618.039667
618.293067
618.485167
618.606933
618.827167
618.956800
619.265400
619.297833
619.636700
619.717433
620.921533
621.113733
621.174333
621.208467
621.945300
622.067167
622.149967
622.615567
622.894867
623.107300
623.170433
623.292933
623.426367
623.561467
623.605867
623.621167
623.677567
623.701367
623.818400
623.938533
624.108633
624.181500
624.638467
625.465467
625.746533
625.887200
625.925767
625.967133
626.609633
626.813667
627.002333
627.032933
627.094800
627.473533
627.592267
627.639100
627.986100
628.057133
628.079100
628.110200
628.132133
628.238567
628.267967
628.307433
628.824967
628.850867
628.866400
628.928200
628.963767
629.033400
629.090400
629.173367
629.262633
629.288933
629.332267
631.143933
631.681433
632.493267
632.753467
633.225433
633.261433
633.296500
633.403833
633.509600
633.623500
633.738133
633.843333
634.013400
634.152733
634.416733
635.064900
635.931233
636.244267
637.082600
637.934067
638.397800
638.628833
638.881600
639.008433
639.085167
639.175033
639.202567
639.360967
639.468567
639.565633
640.117633
640.271967
640.358100
640.660933
641.660867
642.422500
642.923067
642.944033
643.154100
643.274367
643.431033
643.497467
643.898233
644.661133
646.532767
646.591167
647.257033
648.046133
648.288833
648.310300
648.351633
648.618733
648.983033
649.311667
650.238100
650.303500
650.371433
650.424433
650.630000
650.791400
650.832500
651.352467
651.405467
651.449833
652.324933
652.576333
652.969700
653.007033
653.054067
653.232433
653.713167
654.142700
654.536267
654.709700
655.633533
655.689600
655.730067
656.004167
656.034533
658.914467
660.288733
660.962300
661.009200
663.264267
663.711567
663.742933
663.882700
664.051100
664.133433
664.200833
664.227733
664.309633
664.367867
664.419500
664.472633
664.584767
664.644233
664.744667
665.335467
665.391933
666.874600
668.376067
668.597867
668.694867
668.850567
668.953500
668.981600
669.166567
669.525300
669.567500
669.997067
670.381733
670.697400
672.323367
672.953067
673.028200
673.069067
673.591900
674.324733
676.532200
676.639767
676.838867
676.982533
677.112500
677.360933
677.813033
677.882467
677.944400
677.971733
678.031767
678.410933
678.505267
678.679933
678.845467
678.892533
679.444467
681.797767
682.116333
682.510333
682.585900
682.618067
685.231467
685.557700
685.706900
685.719667
685.867333
685.875333
686.150967
686.340467
686.427833
686.527200
686.710200
686.764933
686.823600
686.932400
687.191633
687.544100
687.726567
687.845100
688.043433
688.137500
688.183000
688.308100
688.797533
688.880267
688.925200
689.084200
689.378200
689.464467
689.469867
689.636867
689.662933
689.707400
689.934367
689.971100
690.031567
690.345933
690.703767
690.747900
691.734133
692.248933
693.198233
693.429733
693.708133
693.829167
693.990700
694.098133
694.182900
694.327100
694.597433
694.964033
695.283200
695.652933
697.348500
698.159600
698.837267
698.912467
699.141567
699.742500
699.790367
701.289633
701.600400
701.696900
701.732333
701.768533
701.828567
702.017600
702.340500
702.495100
702.771433
702.818100
704.119967
705.507733
706.027567
706.305167
706.405700
706.782433
706.948833
707.011700
707.179267
707.594133
708.579500
709.199833
709.508167
709.600400
709.827800
709.957267
709.993100
710.489200
711.478067
711.638667
711.729333
712.024333
712.236200
712.489867
712.592567
712.693900
712.716967
712.725733
712.753300
712.802733
712.979200
713.427733
716.220800
716.493767
716.599133
716.614467
716.656133
716.814000
716.956000
717.019867
717.876267
717.964467
718.080200
718.292000
718.368833
718.396433
718.479333
718.774800
718.808300
719.387933
719.485267
719.587967
719.693067
720.096533
720.259400
720.593300
720.773333
721.102033
721.290733
721.376733
721.770067
722.369733
723.421667
723.515167
724.173800
724.731100
725.443267
726.026067
727.624100
728.964133
730.088533
730.158233
730.619800
730.748300
730.797733
730.854167
731.039233
731.156267
731.192600
731.462933
731.499567
731.601067
731.729400
732.043333
732.114100
732.506967
734.477733
734.589700
734.746733
734.866033
734.894100
734.917767
734.997767
735.025000
735.149467
735.299733
738.307800
741.583767
741.637333
741.751467
742.041900
742.424600
742.472167
742.624300
742.670800
742.828933
743.257267
743.376867
743.412900
743.854767
743.899833
743.914800
744.496200
744.922800
745.618167
747.709300
747.989400
748.060833
749.201800
749.428067
749.472400
749.522267
749.826667
750.005567
750.072067
750.510500
750.599633
750.835133
750.892600
750.948100
751.014000
751.226800
751.258833
751.477267
751.751467
751.838067
751.896867
751.906567
751.964000
752.214567
752.343767
752.378000
752.471300
752.590000
752.830600
753.000400
753.024833
753.086800
753.397833
753.409467
753.640933
753.678533
753.990033
754.616533
754.789767
754.848167
755.034700
755.656533
755.953467
758.641367
759.132667
759.455100
759.930133
760.337467
760.529967
760.899633
761.905233
761.930567
762.040800
762.187833
762.221400
762.272233
762.314533
762.494200
762.745933
762.824100
762.875633
763.560367
763.672433
764.153300
764.342333
764.687300
764.875700
765.007167
765.860767
766.188067
766.259200
766.463167
767.406600
767.624933
767.757967
768.246500
768.337633
768.771000
768.844867
769.367933
769.606367
769.670100
769.787233
769.831567
770.031200
770.627367
770.716900
770.985500
771.066000
771.183833
772.492667
772.910000
773.332067
773.781633
774.624900
775.094167
775.253600
776.451733
777.004767
777.048233
777.318567
777.698267
777.783100
777.952133
778.121167
778.324400
778.468133
779.494400
779.675400
779.866133
779.872000
780.009567
780.059967
780.109700
780.157767
780.183000
780.216267
780.244333
780.277000
780.346867
780.445300
780.502667
780.582367
780.621267
780.752167
780.937267
781.127433
781.907867
781.954833
782.032033
782.385133
782.431367
782.704700
782.796133
784.496233
785.339267
785.496133
786.057567
786.550667
787.413400
787.456600
787.530833
787.582600
787.634467
788.099000
788.400367
788.473367
788.514667
789.242467
789.352000
789.511633
789.730433
789.778433
789.811200
789.845333
790.059800
790.545100
790.586333
790.872900
791.049600
791.283967
791.530033
791.768700
792.413633
792.646033
792.670533
793.067367
793.172500
793.283800
793.381767
793.421900
793.452567
793.521900
793.555167
793.613167
793.751300
793.922500
794.150900
794.425300
796.910933
797.060700
799.098633
799.828567
799.866967
800.768767
800.834000
800.937633
800.957500
801.051400
801.083533
801.118200
801.136133
801.540700
801.652167
801.761667
801.853167
802.379833
802.383767
802.484100
802.537167
802.705800
803.046033
803.085800
803.195100
803.501833
804.485333
804.620433
804.731367
804.916633
805.307000
805.602000
805.629300
805.887733
806.309833
806.738700
807.380200
807.497500
807.722600
808.078033
808.377633
810.029367
810.330900
811.700433
811.792867
812.030533
812.241733
812.613333
813.039600
813.367800
813.714933
815.455833
816.512833
817.429900
817.501133
817.561933
817.662600
817.733367
817.883767
817.938433
818.083333
818.472933
818.506067
818.606800
818.703533
818.741100
818.924400
818.956700
819.036400
819.328700
819.416467
819.595000
821.115967
821.322033
821.475967
821.534100
821.781333
821.910500
822.017967
822.076367
822.104300
822.157367
822.653167
822.754533
822.845067
822.978100
823.137667
823.167467
823.723467
823.764700
823.790167
823.855000
824.392400
824.458533
824.503700
824.531833
824.808700
824.861467
824.902133
824.921400
825.015900
825.106967
825.205100
825.255567
825.354300
825.460233
825.520433
825.948133
826.003567
826.069200
826.314733
826.342500
826.375233
826.426200
826.777333
829.539900
829.629433
830.100800
830.163900
830.274067
830.301933
830.507333
830.607233
830.691100
831.240067
831.291300
831.443233
831.537600
832.342333
834.559400
834.875367
834.997567
835.043933
835.169500
835.238700
835.440900
836.135767
836.281033
836.770067
837.408333
837.813833
837.895200
837.925133
838.003933
838.022767
838.052933
838.099933
838.149433
839.106400
839.286700
839.700200
840.026033
840.752667
841.157900
842.081833
842.224333
842.297767
842.319300
842.408667
842.613533
842.646333
842.707667
842.739300
842.848433
842.931100
842.963767
843.002700
843.036800
843.080367
843.139833
843.194700
843.231233
843.292767
843.334533
843.612167
843.765000
843.867600
843.912600
843.993333
844.045333
844.131567
844.942867
845.084933
845.661133
845.735867
845.779500
845.807033
846.154833
846.223767
846.910400
847.287000
847.357167
847.395633
847.579233
847.973633
848.051967
848.161267
848.191767
848.312800
848.600333
848.794900
848.895133
848.938533
849.126167
849.191367
849.550133
849.612667
849.748433
849.982600
850.119000
850.294767
850.333500
850.895033
851.158067
851.428133
851.651767
851.678733
851.877933
852.337300
852.380900
852.546733
852.663100
852.709167
852.732267
852.763133
852.798900
852.903633
853.119533
853.329933
853.523600
853.571433
853.659633
853.833533
853.931033
854.021100
854.043667
854.075100
854.086633
854.574800
854.613333
854.669633
854.936533
855.005433
855.077200
855.125000
855.178000
855.215567
855.291333
855.319567
855.592800
855.856900
855.972333
856.025067
856.269800
856.546167
856.705133
856.774167
857.034600
857.455300
857.813300
857.824767
857.899333
858.106133
858.194233
859.479533
859.964633
860.197000
860.549367
860.864833
861.301367
861.401167
861.540600
861.668900
861.762600
861.884533
862.919200
863.716067
864.205067
864.282967
864.345567
864.627267
865.189867
865.607567
866.009100
866.785633
866.908567
867.164833
867.284500
867.528433
867.683933
867.759033
868.061600
868.099567
868.161733
868.270367
870.189367
870.320800
870.569500
870.690167
871.000833
871.337400
871.378033
871.705000
873.233867
873.544567
873.627233
873.690833
873.938600
874.041867
874.137267
874.577667
874.605767
874.649967
874.731800
875.359533
876.015967
876.069667
876.377733
876.473467
876.508433
877.287600
877.514733
877.996133
878.049100
878.297833
878.378600
878.709067
878.886067
879.105100
879.345000
879.799500
883.067067
883.143433
883.334667
883.560033
883.739100
884.236100
884.293167
884.351300
884.427700
884.479000
884.623667
884.746300
884.800333
884.850500
885.424133
885.632433
886.204033
886.416233
886.795400
886.856167
887.027933
887.056433
887.176633
887.250933
887.318633
887.378967
887.460400
887.522533
887.579967
887.635933
887.825667
887.993200
888.011967
888.057000
888.081233
888.125833
888.628833
888.755533
888.867533
889.016167
889.088467
889.127400
889.224800
889.548300
889.614433
889.726933
890.216500
890.792133
891.254467
891.364233
891.585267
891.702400
891.784367
891.915133
892.012200
892.108233
892.184933
892.493467
892.976100
893.449200
893.527833
893.580133
893.649433
893.684800
893.716733
893.871467
894.205033
894.299167
894.354933
894.432400
894.491033
894.793833
895.021667
895.142067
895.164867
895.202667
895.270600
895.399733
895.476633
895.537333
895.960500
896.139167
896.181400
896.218100
896.313400
896.388267
896.484733
896.723733
896.952133
897.042000
897.443033
898.034233
898.094500
898.126300
898.164400
898.207767
898.294233
899.220933
899.945233
899.969100
900.355333
900.409767
900.505033
900.767500
901.731433
901.811033
901.897767
902.051000
902.095633
902.187167
902.207633
902.345833
902.532500
902.648000
903.221400
903.435167
904.122467
904.324800
904.372867
904.720567
904.861767
904.932267
905.057300
905.638967
905.675533
906.081000
906.188467
906.508733
906.634900
906.696200
906.759533
906.792533
906.816433
906.872467
906.907633
906.968800
907.008833
907.061500
907.591933
907.914700
908.382733
908.427033
908.481400
908.599433
908.653967
909.343967
909.367867
909.498167
909.608600
909.685933
909.891233
910.074900
910.181133
910.386933
910.468033
910.546667
910.649300
910.806700
911.228800
911.445700
911.725933
911.843200
911.891567
912.063433
912.252433
912.526500
912.697267
914.646567
915.235400
915.697367
915.717233
915.764633
915.915133
915.990333
916.869300
917.054233
917.158400
917.193867
917.296967
917.506933
917.577233
917.892767
918.029033
918.103833
918.157500
918.388767
918.898200
918.970167
919.025800
919.172167
919.215633
919.287100
919.408067
919.922700
919.990633
920.242700
920.309100
920.408700
920.568033
920.633133
920.675800
920.779000
920.891133
921.030100
921.123500
921.151133
921.283333
921.341600
921.365600
921.481300
921.670033
921.707033
921.811867
921.877133
922.279733
922.300233
922.368633
922.462633
922.723867
922.871267
923.756800
923.805900
923.921867
924.162933
924.196867
924.411667
924.560833
924.913467
925.030600
925.072067
925.141300
925.177067
925.275400
925.477567
925.529533
925.643933
925.695333
925.731100
925.893333
925.952767
926.005267
926.187267
926.316800
926.339367
926.494733
927.012767
927.031367
927.914433
929.217000
930.006900
930.100300
930.272567
930.327200
930.493933
930.635567
930.760400
930.956233
930.993733
931.128033
931.196133
931.966800
932.574333
932.902100
932.947933
933.650800
933.819600
934.356333
934.471600
934.521033
934.606533
934.656800
934.816800
934.914467
935.660967
936.221700
936.265500
936.298033
936.320833
936.805567
936.989833
937.076300
937.203967
937.248967
937.286533
937.312300
937.351533
937.385433
937.426167
937.540167
937.617333
937.668500
937.684200
937.819233
937.866167
937.982367
938.003133
938.276500
938.342200
938.600167
939.058800
939.199467
940.199500
940.626033
940.770367
940.841033
940.879900
941.081967
941.499567
942.372267
943.377367
943.456333
944.066700
944.632733
944.979567
946.001667
946.225433
946.310533
946.521467
946.591833
946.721400
946.749300
946.808867
947.198133
948.829733
949.703900
950.634467
950.723700
951.340100
951.889467
952.020867
952.076700
952.188500
952.277967
952.384200
952.770900
953.571067
953.600733
953.622867
954.111533
954.689833
954.894900
954.971767
955.023533
955.282767
955.642467
956.958200
957.165333
957.477333
957.532900
957.596767
957.652533
957.691833
957.839467
957.935533
958.316600
958.374533
958.400133
958.840567
959.320433
959.346833
959.503967
959.593567
960.106300
960.161433
961.268767
961.601433
962.003100
962.265900
962.671200
964.025767
964.062633
964.114733
964.206467
964.360233
964.415033
964.497300
965.617900
965.677133
965.797167
965.877000
966.214167
966.418333
966.670700
966.691000
966.722600
966.947367
967.026833
967.495767
967.572467
967.617100
967.623867
967.679000
967.742233
967.964767
968.007500
968.033400
968.068967
968.112400
968.154600
968.371733
968.622867
968.685033
968.951600
969.111300
970.549833
970.610400
970.701567
970.804067
970.834800
970.880533
971.009367
971.034567
971.060367
971.112367
971.137667
971.178567
971.223267
971.323700
971.385833
971.420833
971.447900
971.476467
971.516600
971.596000
971.719233
971.772400
971.819467
971.866300
971.970867
972.054400
972.257800
972.333833
972.412467
972.897867
973.098900
973.536767
973.761533
974.137967
974.923733
974.993800
975.022900
975.174567
975.245933
975.377867
975.421633
975.481933
976.237300
976.295400
976.332733
976.391667
976.618767
976.647800
976.997500
977.144567
977.254533
977.312167
977.371500
977.943833
978.001567
978.135600
978.436800
978.509700
978.654667
979.119500
979.242767
981.544300
981.565333
981.650733
981.928967
982.047700
982.229400
982.316700
982.654833
984.788767
985.546467
986.005633
986.046567
986.237367
986.281833
986.389933
986.629500
987.449033
987.496167
987.542933
987.718900
987.753867
987.829833
988.201467
988.372233
988.530167
988.763733
988.811733
988.891733
988.963800
989.098967
989.156967
989.817500
989.842400
990.016433
990.087500
990.190767
990.784067
990.848700
990.896867
991.495900
991.527233
991.628867
991.895267
992.105133
992.136067
992.171633
993.003867
993.845967
996.245767
996.863067
996.957467
997.119533
997.359533
997.471333
997.507433
997.583967
997.773700
997.886267
998.005900
998.624067
998.755233
998.846633
999.260200
999.596633
999.837900
999.889200
999.926300
1000.168233
1000.176233
1000.306467
1000.337433
1000.391600
1000.482433
1000.558767
1000.638133
1000.696500
1000.800767
1001.018000
1001.275533
1001.351667
1001.732267
1002.913567
1003.193000
1003.228667
1003.346700
1003.768100
1003.882333
1004.021967
1004.176400
1004.195100
1004.225367
1004.280433
1004.703633
1004.813433
1004.911700
1005.768267
1005.810533
1005.912200
1005.964133
1005.999500
1006.266000
1006.340267
1007.005033
1007.059733
1007.138133
1007.245000
1007.306133
1007.513500
1008.009867
1008.501100
1008.586300
1008.869533
1009.032633
1009.270167
1010.036300
1010.284000
1010.458300
1010.864567
1011.056100
1011.115500
1011.384033
1011.450900
1011.994167
1012.285333
1012.327000
1012.424867
1012.565333
1012.896000
1013.585100
1013.883533
1014.181300
1014.829800
1014.942100
1015.154967
1015.390633
1016.938833
1017.001767
1017.088267
1017.520900
1017.702900
1018.007800
1018.058267
1018.668233
1018.785233
1018.950933
1019.066833
1019.388367
1019.575767
1019.799533
1019.842333
1020.588867
1021.042833
1021.091833
1021.657467
1022.068333
1022.128367
1022.648000
1022.695000
1022.963800
1023.543433
1023.673367
1024.653300
1025.237067
1025.737100
1025.903467
1025.970533
1026.074300
1026.387300
1026.456800
1026.531133
1026.557367
1026.706567
1026.953067
1027.092933
1027.129633
1027.176867
1027.274933
1027.398100
1027.449700
1027.510667
1027.565767
1027.587333
1027.640367
1027.724233
1027.772400
1027.802867
1027.855000
1027.895300
1028.289333
1028.345767
1028.603700
1028.651933
1028.991700
1029.095933
1029.177933
1029.620900
1030.179033
1030.491900
1030.538733
1030.580000
1031.019100
1031.117200
1031.263800
1031.464067
1032.128700
1032.216900
1032.452700
1034.550467
1034.599267
1035.115133
1035.223600
1035.300767
1035.303000
1035.314800
1035.344767
1035.362233
1035.458900
1035.989967
1036.066167
1036.665600
1036.856700
1036.964467
1037.636967
1037.964633
1038.167333
1038.187367
1038.328133
1039.419400
1039.662200
1039.797267
1039.864000
1039.973133
1040.086200
1041.918767
1042.028867
1043.114900
1043.142300
1043.333700
1043.493767
1043.511467
1043.595133
1043.642767
1043.775133
1043.806233
1043.844167
1043.912267
1043.955000
1044.176133
1044.264500
1044.293633
1044.781300
1044.956633
1045.128500
1045.266200
1045.761467
1045.894733
1046.505267
1046.653933
1047.222300
1047.328533
1047.669667
1048.011033
1048.139500
1048.190267
1048.578467
1048.636667
1048.675700
1048.731900
1048.774300
1048.844400
1049.010133
1049.200767
1049.261967
1049.328567
1049.859867
1049.970767
1051.627500
1053.119767
1053.222833
1053.634833
1054.328633
1054.449100
1054.806167
1054.836000
1054.949067
1055.050500
1055.078833
1055.209800
1055.351000
1055.418233
1055.514033
1055.580600
1056.233400
1056.343733
1057.207433
1058.126300
1058.164267
1058.478833
1058.719600
1058.755367
1058.773600
1058.795667
1059.389467
1059.676967
1060.132267
1060.753400
1061.637133
1061.721433
1061.983433
1062.140000
1062.269033
1062.303600
1062.347700
1062.559633
1063.538000
1064.562067
1066.660900
1066.717167
1067.117367
1067.396633
1067.482867
1067.525100
1067.565033
1067.615633
1067.833767
1067.906467
1067.934300
1068.042200
1068.066433
1068.096633
1068.163500
1068.481300
1068.566067
1068.659867
1068.723033
1068.913167
1068.986533
1069.290333
1069.726233
1070.476300
1070.537567
1070.567100
1070.592200
1072.512267
1072.542800
1072.612533
1072.657533
1072.918833
1073.044433
1073.109033
1073.362000
1073.590600
1075.673933
1076.168667
1076.290767
1076.450200
1076.855967
1076.916400
1076.939000
1077.217400
1077.312000
1077.363667
1077.900700
1078.014433
1078.080800
1078.124200
1078.248667
1078.791000
1078.946500
1078.990167
1079.069833
1079.440000
1079.948633
1080.239167
1080.547800
1080.833967
1082.977500
1083.067300
1083.091000
1083.728767
1083.811033
1083.872600
1083.905767
1084.041867
1084.284033
1084.380367
1084.449733
1084.765300
1085.239300
1086.095267
1086.136733
1086.272367
1086.328100
1086.435533
1086.786167
1086.802200
1086.969400
1087.046033
1087.106600
1088.524867
1088.799700
1088.841700
1088.998933
1089.548733
1089.609267
1089.794467
1089.851500
1090.318100
1090.373500
1090.424100
1090.566167
1090.603567
1090.803067
1090.862233
1090.950033
1091.270233
1091.379100
1091.430167
1091.603400
1091.701700
1091.809733
1091.865267
1091.966233
1092.047800
1092.090433
1092.153533
1092.281467
1092.325700
1092.354600
1092.435000
1093.737700
1093.779067
1094.149933
1094.270967
1094.398200
1094.473800
1094.538500
1094.766067
1095.085500
1095.202367
1095.253600
1095.318533
1095.352500
1095.448133
1095.884133
1096.015167
1096.285100
1096.317133
1096.359367
1096.584167
1096.784100
1096.818133
1096.872767
1097.023300
1097.116700
1098.702000
1099.423000
1099.713733
1100.630933
1100.818100
1101.072200
1101.354067
1101.454167
1101.572400
1101.661500
1101.691500
1101.873333
1101.932867
1101.974067
1102.083333
1102.234233
1102.253033
1102.302167
1102.445333
1102.744467
1102.845300
1103.304467
1103.380900
1103.420833
1103.505533
1103.560467
1103.564867
1103.725667
1103.967733
1104.067267
1104.247300
1105.581400
1105.838967
1106.078033
1106.349300
1107.769933
1108.150900
1109.218000
1109.277233
1109.312433
1109.938033
1110.175267
1110.299800
1110.375600
1110.427333
1110.516267
1110.979133
1112.098833
1112.858800
1113.768333
1113.790033
1113.963567
1114.135567
1114.350133
1114.408267
1114.683300
1114.743033
1114.947200
1114.993700
1115.085267
1115.448367
1115.550533
1115.700233
1115.713167
1115.791167
1115.792767
1115.856867
1116.047967
1116.401667
1116.561367
1116.605433
1117.002233
1117.686633
1117.755933
1118.286433
1119.182700
1119.254600
1120.152900
1120.355600
1120.727533
1120.758933
1120.846067
1120.925433
1120.982500
1121.295667
1121.338267
1121.403533
1121.439400
1121.483367
1121.563867
1121.668300
1121.838300
1122.030433
1122.140733
1122.312833
1122.410300
1122.789233
1122.951367
1123.182633
1123.239200
1123.366667
1123.397433
1124.056133
1124.573500
1124.722567
1124.795633
1124.825367
1125.114533
1128.018267
1128.172167
1128.217433
1128.258333
1128.393200
1128.726767
1129.168367
1129.404800
1129.698567
1130.500100
1130.645000
1131.541833
1131.864133
1132.132200
1132.355200
1132.442133
1132.467367
1133.012233
1133.120467
1133.435033
1133.584733
1133.597067
1133.663733
1133.914500
1134.198700
1134.226367
1134.338033
1134.408900
1134.525167
1134.528567
1134.563733
1134.593867
1134.649700
1134.734600
1134.849200
1135.150467
1135.209033
1135.348133
1135.463900
1135.490567
1135.530700
1136.342700
1136.736000
1137.178033
1137.426000
1137.863200
1138.164433
1138.216667
1138.300367
1138.428167
1138.641467
1139.101700
1139.186433
1139.475100
1139.742100
1139.943567
1140.102867
1140.565733
1140.600233
1140.806367
1140.975233
1141.029900
1141.207967
1141.319767
1141.366000
1141.400433
1141.476133
1141.677167
1142.092900
1146.361433
1146.403067
1146.441333
1146.881100
1146.976500
1147.123467
1147.337967
1147.436067
1147.468567
1147.512833
1148.478233
1148.983400
1151.016567
1151.279633
1151.378667
1151.943133
1152.157633
1152.198633
1152.313500
1152.638967
1152.671200
1152.719533
1152.927333
1153.024700
1153.112500
1153.262667
1153.590833
1153.769033
1154.438567
1154.771033
1154.793000
1154.864200
1155.032133
1155.125200
1155.216300
1155.249800
1155.273833
1155.319333
1155.384500
1155.605767
1156.124200
1156.161967
1156.504000
1156.567067
1156.588300
1156.620733
1156.669167
1156.728967
1156.852667
1156.908667
1156.932200
1157.021933
1157.063900
1157.122233
1157.221233
1157.668667
1157.808133
1158.466167
1158.587267
1159.594733
1159.717200
1161.361033
1161.512900
1161.662533
1161.809167
1162.090833
1162.139800
1162.206567
1162.386267
1162.480733
1162.593433
1163.066967
1164.695067
1165.208933
1165.346967
1165.531100
1165.609300
1166.022433
1166.981167
1167.188833
1167.263667
1168.257467
1168.509967
1170.791333
1171.473333
1172.405933
1172.980267
1173.264467
1173.316767
1173.374600
1173.515100
1173.579733
1173.627833
1173.680100
1173.771967
1173.854167
1173.902300
1173.932400
1173.983033
1174.056667
1174.090667
1174.120333
1174.197100
1174.261033
1174.310667
1174.660800
1174.801667
1174.873467
1176.173000
1176.209767
1178.053100
1178.112467
1178.278067
1178.466067
1178.526767
1178.746367
1178.788000
1178.814167
1178.868567
1178.951800
1179.000467
1179.084233
1179.299100
1179.616633
1179.663433
1179.821233
1180.298467
1181.731667
1182.025500
1182.100067
1182.407233
1182.536500
1182.892933
1183.408767
1183.726633
1183.750267
1183.927900
1184.542267
1184.570133
1184.598833
1185.362600
1185.708900
1186.514500
1186.609600
1186.799833
1186.988667
1187.173667
1187.242000
1187.293533
1187.375333
1188.656433
1190.193233
1190.323833
1190.667000
1190.835733
1190.868333
1190.925067
1190.971633
1191.031967
1191.118600
1191.139667
1191.279933
1191.415800
1191.439333
1191.622800
1191.721400
1191.750033
1191.768533
1191.806533
1191.843167
1192.156800
1192.416267
1192.461067
1192.604700
1192.648833
1192.938933
1193.184733
1193.242233
1193.627600
1193.644000
1193.719533
1193.745500
1193.923833
1194.007767
1194.253200
1194.338667
1194.511700
1194.573867
1195.189767
1195.363867
1195.422433
1195.481233
1195.575900
1195.621333
1195.646567
1195.652367
1195.938600
1196.155033
1196.271333
1196.418667
1196.664667
1197.068467
1197.138533
1197.255500
1198.941800
1199.795833
1199.923000
1200.187967
1200.324767
1200.485400
1200.667767
1201.221967
1201.412900
1201.493133
1201.565467
1201.656433
1201.700900
1201.972000
1202.618700
1202.831433
1202.882900
1202.939633
1205.933733
1206.326467
1206.395767
1206.733100
1206.768900
1206.886433
1206.933833
1207.250067
1207.324467
1207.499333
1207.545633
1207.676167
1207.758333
1207.845767
1207.871400
1207.927833
1208.415033
1209.547833
1209.790033
1211.109667
1211.157867
1211.247767
1211.753200
1211.851767
1211.952967
1212.139133
1212.298867
1212.348033
1212.388233
1212.416000
1212.498533
1212.517100
1212.555167
1212.631033
1212.762567
1212.987833
1213.011200
1213.128967
1213.515433
1213.569733
1213.638600
1213.735500
1213.809900
1213.940800
1214.034400
1214.193733
1214.372767
1214.416200
1214.505867
1215.154700
1215.277400
1215.318667
1215.632567
1215.679333
1216.051000
1216.097700
1216.211567
1216.473300
1216.522033
1216.574567
1216.860033
1216.904900
1216.929567
1216.976900
1217.126833
1217.332567
1217.479233
1217.967300
1218.212400
1218.290467
1218.315267
1218.369233
1218.433767
1218.453467
1218.541300
1218.582400
1218.698300
1218.726567
1218.840467
1218.903433
1218.977700
1219.021800
1219.166533
1219.297900
1219.420667
1219.496000
1219.554633
1219.609233
1220.780933
1220.892100
1221.192267
1221.225367
1221.254133
1221.331000
1221.373233
1221.496900
1221.535967
1221.573833
1221.723033
1221.763133
1221.906100
1222.511433
1223.667900
1223.741033
1223.784800
1223.916967
1224.003833
1224.301000
1225.163367
1225.679400
1225.779533
1226.039067
1226.168433
1226.196867
1226.527467
1226.546267
1227.007033
1227.241000
1227.341367
1227.515633
1227.609433
1227.658500
1227.706200
1227.782033
1228.282967
1228.352633
1228.427600
1228.567000
1228.672700
1229.167567
1229.342900
1229.448400
1229.728233
1229.827067
1229.906967
1230.234600
1230.824000
1230.928300
1231.193333
1231.352467
1231.666300
1231.714933
1231.960267
1232.230633
1232.900667
1234.309300
1234.399300
1234.524200
1234.633967
1234.939867
1235.098433
1235.204833
1235.251900
1235.263267
1235.631700
1235.736167
1235.823733
1236.074733
1236.105367
1236.178533
1236.196400
1236.429733
1236.557800
1236.780333
1236.903733
1236.956367
1237.266633
1237.392933
1237.445233
1237.531267
1237.608300
1238.247733
1238.304700
1238.407533
1238.451233
1238.734133
1238.842933
1238.896800
1238.942200
1238.980800
1239.238800
1239.478033
1239.622733
1239.755833
1239.826933
1239.884600
1239.943400
1239.972633
1240.032200
1241.884500
1242.140100
1242.227633
1242.959367
1243.430567
1243.457433
1243.903600
1243.960733
1244.010533
1244.541500
1245.216333
1247.328900
1247.532333
1247.618567
1247.678300
1247.763733
1248.004267
1248.058200
1248.065100
1248.449733
1249.520833
1249.708833
1249.918400
1250.031733
1250.369967
1250.552600
1250.638867
1250.755367
1252.654533
1252.791967
1253.170300
1253.454100
1253.826800
1255.484367
1255.567500
1255.724400
1256.182700
1256.216533
1256.419600
1256.529900
1257.285600
1257.594800
1257.763600
1258.673600
1258.869333
1259.122100
1259.287933
1259.457667
1259.656600
1259.707100
1259.776867
1260.346900
1260.388500
1260.413833
1260.463300
1260.544633
1260.694133
1260.783200
1260.894733
1261.292567
1261.413000
1261.517500
1261.580333
1261.842400
1262.577600
1262.715533
1262.772233
1262.857433
1262.933300
1262.955233
1263.180333
1263.301933
1263.325433
1263.367200
1263.442200
1263.453333
1263.459000
1263.617233
1264.230000
1264.329033
1264.725800
1264.853833
1264.982833
1265.099600
1265.105900
1265.436867
1265.719833
1265.806233
1266.141767
1266.174033
1266.226733
1266.633267
1266.655567
1266.725600
1267.206467
1267.600200
1267.781933
1267.826633
1267.888333
1267.936100
1267.949900
1268.003433
1268.100367
1268.189100
1268.220100
1268.314567
1268.423767
1268.482333
1268.524233
1268.610133
1268.743167
1268.917333
1269.069900
1269.925167
1271.920467
1271.955167
1272.039400
1274.045000
1274.085133
1274.139667
1274.193067
1274.536000
1279.140933
1279.252467
1279.319500
1279.366800
1279.505267
1279.577367
1279.683500
1279.732400
1279.842567
1279.869400
1279.962867
1280.024767
1280.066767
1280.215367
1280.402067
1280.541400
1280.584267
1280.746267
1280.788267
1280.872600
1280.963133
1281.332300
1281.477933
1281.987200
1282.663467
1282.969667
1283.371667
1283.493633
1283.533500
1283.684600
1283.725100
1283.908733
1284.028133
1284.050500
1284.110500
1284.136800
1284.190400
1284.378200
1284.922300
1285.747900
1286.187267
1286.539700
1286.629333
1286.680733
1289.490533
1289.672733
1289.721000
1289.915533
1289.978867
1290.512033
1290.757733
1291.063733
1291.160133
1291.265900
1291.409633
1291.510100
1291.588933
1291.658133
1291.816733
1291.908067
1292.462167
1292.590133
1292.745867
1293.143533
1293.232733
1293.605400
1293.938133
1294.522433
1294.932633
1295.822767
1296.768900
1298.191900
1298.443567
1298.861967
1298.920000
1298.942100
1298.975467
1299.047533
1299.083500
1299.562533
1299.593967
1299.685900
1299.865867
1299.906133
1300.001700
1300.031233
1300.083900
1300.118100
1300.239333
1300.288133
1300.787533
1301.019967
1301.079367
1301.121700
1301.171600
1301.234367
1301.474833
1301.580633
1301.663933
1301.796167
1301.841700
1301.985700
1303.270600
1303.361933
1303.477200
1304.157867
1304.390933
1305.272000
1305.335433
1305.474433
1305.503033
1305.805167
1305.984667
1306.017833
1306.162600
1306.505800
1306.600933
1306.643100
1306.721300
1306.770133
1306.905333
1307.442333
1307.577833
1307.610100
1307.645167
1307.660967
1307.755900
1308.234400
1308.398433
1308.588700
1308.972800
1309.225200
1309.377933
1309.753700
1310.692533
1310.936200
1311.148600
1311.650167
1311.683333
1311.774933
1311.811300
1311.883900
1311.986133
1312.499600
1312.661900
1312.808200
1313.065167
1313.370900
1313.404033
1313.454833
1313.499333
1313.537567
1313.569067
1313.952067
