0.521733
0.921467
1.083567
1.217233
1.278067
1.342200
1.703633
1.742167
2.468733
2.512967
2.522833
2.546867
2.569833
2.616033
2.931467
3.046800
3.158367
3.601067
3.643367
3.647500
3.691000
4.000567
4.032500
4.076367
4.704233
4.726967
4.833867
4.986033
5.209400
5.243533
5.308867
5.466500
5.546100
5.607500
5.636133
5.681800
5.714433
5.831633
6.050267
6.413500
6.735233
6.941333
7.080667
7.439667
7.653900
7.697767
7.771033
7.884267
8.023600
8.085733
8.276700
8.586167
8.652067
8.681633
9.113433
9.550367
9.603033
9.666167
9.695600
9.710333
9.751933
9.766533
9.784100
10.138733
12.618900
12.635600
12.653067
12.937867
13.339667
13.494167
14.527200
14.700933
14.924567
14.927700
14.940667
14.943567
14.961267
14.968500
14.983267
15.445133
15.849400
16.039900
16.074300
16.093667
16.190633
16.382567
16.505167
16.553867
16.728333
17.492233
17.579167
18.882133
20.715900
20.795100
21.486900
21.715100
21.784233
21.919100
22.833500
23.132533
23.578700
23.678400
23.729733
25.162100
25.376000
25.415367
25.464933
25.532100
25.567800
25.607033
25.623833
25.635400
25.650633
25.702267
25.923233
26.050033
26.195700
26.224567
26.382967
26.525933
26.566967
26.634500
26.682033
26.745333
26.796533
26.888533
26.983267
27.005967
27.097000
27.147367
27.212700
27.247100
27.359933
27.413700
27.504967
27.530867
27.598200
27.764800
28.101700
28.922400
28.954567
28.987367
29.010933
29.216667
29.257700
29.304667
29.344533
29.382133
29.418100
29.466167
29.477900
29.489733
29.504133
29.517733
29.590167
29.837633
29.951933
30.023067
30.285000
30.322633
30.560133
30.670333
30.716867
30.867433
31.032500
32.002967
32.187500
32.456333
32.539267
32.714167
32.776433
32.833900
32.867433
32.900600
32.937467
32.977300
33.066467
33.131667
33.356033
34.223567
36.077833
36.746933
37.119600
37.808533
38.414300
39.331533
39.417867
39.593367
39.623833
39.691700
40.396233
40.423967
40.458167
40.780833
40.973433
41.029700
41.056467
41.261800
41.471367
41.539833
41.551633
41.553933
41.569767
41.579333
41.586467
41.607367
41.610100
41.631733
41.640733
41.665200
41.701500
41.741733
41.810500
41.879533
42.373367
42.505500
42.534400
42.555167
42.664967
42.747767
42.864633
42.892900
42.931000
42.987300
43.074367
43.082133
43.188900
43.233433
43.270567
43.313433
43.334167
43.401700
43.421800
43.427600
43.446467
43.454233
43.459667
43.478967
43.505100
43.551700
43.650800
43.711400
43.795200
44.071933
44.237467
44.538833
44.583133
45.222500
45.555133
45.595400
46.082533
46.204133
46.246833
46.923533
46.962367
47.018867
47.350867
47.377833
49.650733
49.672433
49.722800
49.742067
49.789200
50.514300
50.553767
50.599100
50.997000
51.029500
51.084133
51.108933
51.164800
51.685767
51.719767
51.750967
51.771033
51.792067
51.811600
51.827633
51.844667
51.874200
51.907767
51.941733
51.969800
51.992267
52.018700
52.077133
52.118300
55.324833
55.714467
55.772633
56.705067
56.910333
57.136267
57.220700
57.931967
58.309567
58.469033
58.525167
58.843333
59.177333
61.065633
61.910300
61.940267
62.180333
62.902400
62.963933
62.990800
63.050767
63.308767
63.346833
63.407133
63.489133
63.514433
63.550733
63.574433
63.633100
63.670967
63.694833
63.757133
63.769567
63.799600
63.801700
63.826567
63.878933
63.910300
63.975800
64.010033
64.062833
64.129267
64.249233
64.294500
64.504400
64.551933
64.621000
64.678733
64.746400
65.601900
66.244567
67.089600
67.610233
67.703367
67.953833
68.005367
68.044467
68.108867
68.119633
68.146000
68.192967
68.831567
70.546533
71.097767
72.045967
72.224367
72.314233
72.462967
73.569367
73.611833
74.401533
74.407533
74.427000
74.440933
74.452733
74.476567
74.821300
74.971867
74.997400
75.289000
75.345567
75.405567
75.435233
75.478400
75.506833
75.531633
75.560733
75.591467
75.629433
75.649667
75.686767
75.716600
75.745667
75.770000
75.806000
75.832667
75.889333
76.079033
76.986067
77.407600
77.474967
77.594800
77.655033
78.384333
78.403133
78.435267
79.210700
79.280133
79.571367
79.624900
80.359300
80.617733
80.731933
80.824467
80.967967
81.072967
81.254333
82.960967
83.976400
84.107000
84.132600
84.412200
84.594667
84.838933
84.910800
85.331333
86.026100
86.857367
86.946500
87.045267
87.253867
87.846300
87.878700
88.037867
88.116700
88.176167
89.114467
89.424533
89.595733
90.140667
90.211400
90.275867
90.318800
90.459733
90.488867
90.541133
90.739167
90.755300
91.269167
91.290367
91.339733
91.447100
91.763333
91.816133
91.886133
91.982967
92.054000
92.318900
92.405400
92.439667
92.481267
92.562767
92.587133
92.598733
92.822033
93.074433
93.237967
93.293433
93.405967
93.503833
93.746433
93.802800
94.615067
94.716067
95.106833
95.645400
97.260133
97.333800
97.370200
97.403900
97.526767
97.660300
97.719133
97.792433
97.987867
98.003833
98.013967
98.168933
98.194067
98.229633
98.281800
98.340700
98.650033
98.974200
99.113700
99.207367
99.240167
99.290100
99.355000
99.391967
99.430167
99.469567
99.493500
99.501400
99.521700
99.526867
99.528667
99.537800
99.585333
99.824000
99.843533
99.902000
100.073033
100.598467
100.615400
100.647867
100.698233
100.880367
100.919600
100.971067
101.060500
101.093433
101.265467
101.538233
101.701600
102.936500
103.503033
103.733767
104.253767
104.295000
104.499600
104.544833
104.578400
104.995100
105.246167
105.487367
109.158600
109.232133
109.999133
110.147667
110.256600
110.304467
110.428400
110.457667
110.492433
110.504533
110.561033
110.605800
110.686000
110.698567
110.703700
110.717767
110.742033
110.761367
110.811400
111.283000
111.407100
111.722867
111.874667
112.285267
112.431400
113.271133
113.281567
113.284000
113.322067
113.337433
114.890067
116.007067
116.083600
116.129533
116.656433
116.702800
116.745033
116.774533
116.871633
116.946967
116.982800
117.107767
117.129533
117.162667
117.189467
117.225500
117.286833
117.343967
117.490767
117.657667
117.773267
117.958400
118.049233
118.094833
118.139067
118.205567
118.325000
118.368367
118.417600
118.497800
118.856333
118.984033
119.078800
119.100500
119.445900
119.483633
119.519500
119.574000
119.594900
119.640200
119.688667
119.737733
119.772000
119.804100
119.829500
119.858533
119.911433
119.935967
119.975967
119.998133
120.010667
120.024567
120.033100
120.046700
120.071233
120.091300
120.140100
120.180733
120.367867
120.414967
120.474433
120.529033
120.576167
120.578933
120.581400
120.861200
120.920433
120.969233
121.102700
121.183633
121.419000
122.055933
122.340233
122.403533
122.566100
122.944500
123.329767
123.519200
123.553233
123.570800
123.605833
123.646000
123.676100
123.695300
123.721033
123.759967
123.800867
123.858667
123.925533
123.983400
124.041067
124.070600
124.084367
124.110167
124.188333
125.085267
125.102767
125.152433
126.286267
126.873800
127.080200
127.112000
127.487200
128.123367
128.266200
128.466167
128.505533
128.534467
128.586167
128.632200
128.656067
128.666833
128.684933
128.718433
128.740100
128.792633
128.841100
128.871533
128.904367
128.933500
129.074067
129.197300
129.263133
130.044500
130.100133
131.689167
132.660967
132.749567
132.914800
132.944167
132.962533
132.970800
133.097600
133.171333
133.295467
133.650133
133.667700
133.771233
134.083567
134.436100
134.483267
134.507133
134.513367
135.028967
135.040400
135.316300
135.855000
136.690833
136.753267
136.782667
136.823633
136.876900
136.950500
136.984200
137.020833
137.162100
137.203367
137.250933
137.285033
137.331933
137.362167
137.388467
137.420767
137.450633
137.504600
137.746500
137.928700
138.870800
141.284933
141.336800
141.612900
141.658367
141.726967
141.765267
141.788867
141.839133
141.874667
141.895267
142.319400
142.374833
142.797533
142.967467
142.998567
143.723700
143.758767
143.777733
143.821067
143.874700
143.898600
143.938300
144.038933
144.090833
144.143500
144.201800
144.438700
145.229033
145.264133
145.299000
145.364867
145.513833
147.273467
147.302533
147.326433
147.383133
147.419967
147.451667
148.384100
148.422700
148.458167
148.482600
148.537733
148.549567
148.584833
148.683367
148.752767
148.918667
148.975367
149.130400
151.597800
151.637900
152.754600
153.343567
153.387800
153.441467
153.497733
153.531900
153.782900
154.582933
154.642200
154.677867
154.736567
154.767267
154.841933
154.923433
155.079767
155.821633
156.457767
156.855633
158.358333
158.431100
158.481067
159.454933
159.663933
160.069267
160.310567
160.954467
160.974133
160.989900
161.021767
161.038500
161.077700
162.000067
162.143267
162.187933
162.588600
162.622833
162.655200
162.731367
162.791200
162.854800
162.901567
162.960767
163.071767
163.220100
163.281967
163.320133
163.358967
163.393133
163.525867
163.661533
163.890833
163.948167
163.967333
164.003833
164.018633
164.027967
164.038667
164.046333
164.062967
164.083800
164.119433
164.473167
164.529933
165.040933
165.081000
165.123467
165.155533
165.196067
165.397267
165.819100
166.845733
167.106800
167.937700
168.046700
168.242300
168.291500
168.484767
168.544000
168.581367
168.626867
168.670067
168.684033
168.696767
168.706900
168.712500
168.741833
168.792967
168.846967
169.122800
169.155200
169.663800
170.075967
170.183967
170.280233
170.762233
171.121267
171.148067
171.399833
171.646167
172.070733
172.101433
172.170867
172.207967
172.239667
172.293600
172.321533
172.361133
172.429333
172.509033
172.541567
172.578767
172.620233
173.005700
173.585633
173.711967
173.802367
174.575200
175.201400
175.341700
175.470100
177.077267
179.050333
179.373600
179.931800
179.994133
180.027067
180.160000
180.478900
180.531700
180.703000
180.882700
182.272733
182.368333
182.417933
182.681400
183.380800
183.933267
184.165933
184.493067
184.540700
184.558433
184.572000
184.584267
184.587933
184.597467
184.615667
184.650600
184.708600
184.982167
185.049767
185.148200
185.188067
185.884167
186.196067
186.242400
186.629933
186.770567
186.889333
186.969267
187.765833
187.916167
188.438900
189.006833
189.060233
189.117433
189.160533
189.242633
189.502100
189.531000
189.579233
189.609600
189.630100
189.655633
189.701800
190.001067
190.034800
190.067933
190.114333
190.169433
190.333200
190.427267
190.501333
190.581900
190.679500
190.728700
190.861600
191.106133
191.209667
191.855167
192.211200
192.801567
192.825900
192.837367
193.311267
193.327633
193.349400
193.854133
194.054100
194.110733
194.287833
194.789333
194.831633
194.934967
195.007567
195.046300
195.099567
195.136233
195.168200
195.282033
195.336300
195.498233
195.509567
195.522933
195.527467
195.533733
195.537233
195.605400
195.721800
195.801900
195.943567
196.083300
196.248467
196.500000
196.711533
196.751700
196.863600
196.936633
197.068367
197.092767
197.099200
197.332933
197.375967
197.418600
198.282633
198.323800
198.328667
198.535267
198.585233
198.850200
198.898333
199.071267
199.174300
199.234467
199.278367
199.500800
199.522967
199.559767
199.611067
199.648333
199.697367
199.757000
199.833700
199.876900
199.909800
199.953467
199.976500
200.005333
200.028067
200.149100
200.177967
200.250500
200.503900
200.527833
200.545367
200.567000
200.599500
201.058067
201.270100
201.780167
202.183167
202.324933
204.825833
204.864800
205.605900
208.312667
208.360467
208.491033
208.555133
208.607067
208.734267
208.748767
208.826533
208.872133
208.906267
208.934167
208.955900
209.008900
209.023133
209.097533
209.186533
209.338233
209.731300
209.776400
209.816500
209.853833
209.889000
209.917867
209.941400
209.966200
209.999033
210.030033
210.054767
210.076600
210.098867
210.113500
210.146333
210.170833
210.202933
210.229100
210.248833
210.288600
210.746233
210.841833
211.045200
211.077533
211.173600
211.308133
211.403533
211.451300
211.598867
211.755633
212.053767
212.198433
212.409667
212.472700
212.567900
213.258933
213.294567
213.303567
213.750267
214.077767
214.159200
214.197367
214.226233
214.272167
214.328967
214.398500
214.420733
214.585767
214.589633
215.025267
215.357400
215.424900
215.693733
217.441900
217.551033
217.593300
218.027667
218.119100
218.418967
218.575333
218.586600
218.639533
219.666967
219.720833
219.832733
219.923900
219.972333
220.042033
220.992267
221.637333
225.251500
225.875867
225.954400
225.979267
226.012133
226.058433
226.148767
226.270867
226.297900
226.339933
226.402067
226.423767
226.457767
226.479233
226.590867
227.662867
227.732067
230.440267
230.582867
230.739433
230.863767
231.039233
231.128867
231.157400
231.179267
231.198533
231.213533
231.245500
231.277333
231.292633
231.320300
231.324233
231.337633
231.350867
231.362533
231.374900
231.396867
231.467500
231.589200
231.608533
231.615300
231.641767
231.680767
231.899200
232.159033
232.588433
232.857267
233.173633
233.310433
233.398800
233.584600
233.715233
233.776733
234.362500
234.406200
234.416200
234.449500
234.589933
234.602267
234.637533
234.829433
235.108767
235.143200
235.422733
235.541467
235.552467
235.561433
235.563967
235.565833
235.585633
235.618800
235.641300
236.144000
236.225667
236.253967
236.267167
236.288967
236.301167
236.322233
236.355133
236.392267
236.430233
236.480500
236.514800
236.607000
236.680133
236.725133
237.526667
238.163300
238.261833
238.321800
238.355433
238.714967
239.023700
239.093533
239.215967
239.318533
239.391367
239.457600
239.501367
239.578200
239.628200
239.671467
239.706200
239.824633
239.857867
239.965500
240.037433
240.047767
240.061500
240.064833
240.078200
240.113033
240.445500
241.178000
241.225233
241.477233
242.471133
243.026333
243.489667
243.845867
243.960200
244.095767
244.127433
244.156067
244.177967
244.310867
244.540800
244.551967
244.587000
247.201300
247.243300
247.542367
247.740100
247.773700
249.175800
249.360467
249.542500
249.940667
250.577733
250.616600
251.160600
251.184933
251.188167
251.204900
251.226800
251.284633
251.885000
251.907267
251.932400
251.996767
252.063967
252.104867
252.142633
252.189767
252.234400
252.263467
252.309667
252.312467
252.335167
252.361133
252.381333
252.585700
252.667533
252.730600
253.332300
253.405967
253.437800
253.466433
253.495500
253.687033
253.758433
253.800267
253.917167
254.056567
254.118367
254.289600
254.514933
254.531500
254.549333
254.563233
254.916833
255.033867
255.094567
255.141600
255.313767
255.968733
256.309433
256.581900
256.668600
256.721467
256.762100
256.805800
256.977067
257.095167
257.132867
257.171667
257.204667
257.228400
257.260700
257.325200
257.370100
257.419000
257.486633
257.542600
258.102667
258.432800
258.478233
258.499500
259.966500
259.970133
260.026833
260.601667
260.720433
260.795667
260.830533
260.923800
260.978133
261.129200
261.193933
261.239400
261.321200
261.376733
261.820533
262.062633
262.083067
262.138767
262.163133
262.417667
262.447033
262.490767
262.510567
262.532433
262.538233
262.548767
262.606167
262.637533
262.685367
263.377700
263.482200
263.525467
263.901300
263.939233
264.001133
264.100133
264.150167
264.313933
264.377267
264.401733
264.436567
264.503800
264.552733
264.596533
264.643867
264.880033
265.019100
265.254400
265.322900
265.364700
265.414133
265.421000
265.443500
265.467067
265.536700
265.571733
265.705733
266.682933
266.720867
266.785500
266.826467
266.916600
266.962100
267.025200
267.062367
267.105167
267.396733
267.474500
267.513333
267.539000
267.562867
267.575933
267.592767
267.621800
267.695267
268.451333
268.490433
268.653033
269.545267
269.625867
269.797467
270.696167
270.796667
270.838800
270.855933
270.894733
271.023367
271.063767
271.089567
271.121900
271.189633
271.206033
271.226400
271.254400
271.285633
271.423100
271.521233
271.565567
272.106500
272.275233
272.333933
272.525567
272.671167
272.763500
273.150700
273.182467
273.206733
273.230267
273.331533
273.357433
273.636867
274.554733
274.773733
278.170900
278.197533
278.364467
278.417667
278.468433
278.550367
278.576233
278.672267
278.705133
278.734700
278.747233
278.772933
278.780767
278.839700
279.211700
279.256133
279.309067
279.334500
279.360733
279.418133
279.482000
279.503633
279.649667
279.676700
279.701233
279.726867
279.759833
280.774100
280.866100
282.906400
283.085200
283.111500
283.128800
283.740433
283.919233
284.323533
284.356867
284.377433
284.413133
284.466567
284.482767
284.509900
284.527233
284.579833
284.639167
285.012467
285.298700
285.993767
286.036433
286.127667
286.534867
287.413400
287.790100
288.024300
288.573533
288.751733
288.911733
288.960467
289.121867
289.145967
289.153667
289.172800
289.199733
289.225733
289.490333
290.199500
290.331700
290.356167
290.559433
291.931100
292.027667
292.499700
293.495267
293.598433
293.627567
293.820333
293.925533
293.940567
293.953900
293.965700
293.969200
293.991267
294.344200
295.176267
295.251333
295.321733
295.525633
295.655033
295.840567
295.856233
297.015100
297.019867
297.214033
297.267867
297.337033
297.354100
297.388967
297.402733
297.423833
297.526133
297.602000
297.646733
300.305600
300.997967
301.028733
301.147733
301.218600
301.252033
301.290000
301.782700
301.806467
301.857733
301.901467
301.938367
301.975167
302.011000
302.135200
302.262667
302.389167
302.788100
303.152900
303.687333
303.777400
303.857133
303.986800
304.049767
304.077900
304.122900
304.437533
304.473067
304.514800
305.255633
305.742733
306.378067
306.405167
306.494200
306.717367
307.215667
307.543667
307.589800
307.737067
308.242133
308.277600
308.360933
308.648433
310.274100
310.305867
310.350967
310.428100
310.474533
310.507700
311.103500
311.270933
311.297333
311.338933
311.382067
311.408833
311.436000
311.466967
311.513033
311.538400
311.579400
311.607200
311.914367
311.939933
311.998467
312.039700
312.081967
312.115600
312.164900
312.221133
312.335500
312.399800
312.411067
312.429900
312.433467
312.482300
312.628533
313.300267
313.440800
313.489700
313.614300
313.663400
313.951900
314.006700
314.089567
314.204200
315.541667
315.557033
315.592167
315.599500
315.610033
315.622933
316.740400
317.316200
317.515867
317.562400
317.923333
317.966567
317.993167
318.013100
318.015367
318.065033
318.125467
318.185833
318.242533
318.440533
318.481367
318.536600
318.922700
319.006467
319.488733
319.627167
320.212000
320.385533
320.459433
321.105700
321.191167
321.529633
322.491633
325.110067
325.162567
325.268033
325.330833
325.614467
325.622500
325.637767
325.776867
326.150833
326.292567
326.357767
326.393567
326.429033
326.653600
326.682467
328.468800
328.512367
328.538467
328.628067
329.662267
329.843967
329.871567
329.925900
329.976433
330.187733
330.193967
330.267333
330.309500
330.324833
330.440067
330.493433
330.673733
330.709700
331.458167
331.718100
331.780767
331.817600
331.834200
331.874500
332.035600
333.497733
334.313400
334.331733
335.302300
335.681800
336.173200
336.496200
336.529667
336.637633
336.671033
336.689900
336.720733
336.739667
336.751133
336.767733
336.935067
336.959833
336.973467
336.991567
337.055200
337.095033
337.437767
337.595133
338.062833
338.079733
338.124400
338.175467
338.293233
341.489800
341.496667
341.609200
342.649867
343.053733
343.069967
343.360900
343.398967
343.490233
343.570533
343.947400
343.995867
344.429867
344.477067
344.528500
344.558000
344.622167
344.686700
344.766933
344.807267
344.877167
344.951600
344.992600
345.053600
345.098800
345.136167
345.164267
345.201567
345.273600
345.334367
345.373933
345.437333
346.208333
346.256233
346.303667
346.327367
346.383367
346.488233
347.026900
347.160233
347.231333
347.326600
347.399000
347.432000
347.489133
347.532633
347.747667
347.986700
348.030333
348.396067
349.078900
350.076933
350.905033
351.382567
351.422067
351.678100
351.689567
351.701967
351.710233
351.714433
352.244033
352.585233
353.435967
353.558600
353.665133
353.681200
354.007233
354.045633
354.531300
354.925767
354.977567
355.021933
355.177733
355.275233
355.335967
355.408200
355.437000
355.561100
355.613933
355.821567
355.879533
356.002833
356.134667
356.253067
356.309033
356.385400
356.445367
356.480133
356.498700
356.657367
357.188600
357.235567
357.573233
358.333633
358.409867
358.499600
358.546833
358.807367
358.933833
359.005233
359.047433
359.097333
359.231233
359.268833
359.612667
359.870433
359.892867
360.043200
360.318200
360.712800
361.093500
361.858600
362.996833
363.071467
363.112833
363.165767
363.709167
363.760167
363.871400
363.894367
363.924333
363.978733
364.001333
364.032000
365.499533
366.436967
366.660800
366.665000
367.338933
368.886233
368.929933
369.064633
369.350900
369.375400
369.627133
369.836767
369.890567
369.931367
369.993733
370.050700
370.063533
370.072633
370.100900
370.114000
370.134167
370.201633
370.223600
370.258133
370.292100
370.312933
370.360200
370.773567
371.411633
371.532433
372.733300
372.943833
372.978667
373.378500
373.417533
373.684667
373.703867
373.712000
373.714600
373.759433
373.770467
374.621000
375.128933
375.190500
375.243533
375.330433
375.395467
375.439867
375.486967
375.613167
375.646100
375.682267
375.739300
375.781200
376.025600
376.034200
376.047400
376.049667
376.059233
376.071333
376.094900
376.369567
376.412300
376.443167
376.496333
376.521833
376.599167
376.634967
376.685433
377.135467
377.166867
377.205933
378.003800
378.184033
379.030967
379.060967
379.074467
379.117700
379.490467
379.534533
379.582433
379.711667
379.883833
379.938900
380.005067
380.076033
380.117800
380.173267
380.215567
380.261467
380.301400
380.371700
380.402367
380.414500
380.425467
380.443400
380.446467
380.455733
380.484133
380.517467
380.802400
380.838967
381.106700
381.517867
381.610667
381.991333
382.177133
383.484067
383.672233
383.713600
383.773600
383.842367
383.884800
383.915200
383.984767
384.012833
384.035933
384.094300
384.123500
384.173200
384.236833
385.290633
385.359633
386.681633
388.147267
388.224867
388.253633
388.287533
388.302300
388.341100
388.362333
388.387800
388.401633
388.531000
388.823133
388.974200
389.022733
389.088933
389.133533
389.183900
389.262167
389.375900
389.392500
389.406700
389.415267
389.431733
389.463767
389.544300
390.200867
390.283600
390.584500
390.617900
390.783200
391.387800
391.885900
392.258733
392.281467
392.323900
392.893367
392.924133
392.957100
393.062033
393.088467
393.120500
393.172067
393.204967
393.276633
395.866167
397.254867
397.486200
397.566233
397.618733
397.799600
397.872400
397.976100
398.016433
398.140567
398.187800
398.294700
401.305333
401.997400
402.041300
402.077167
402.100933
402.133800
402.328133
402.367000
402.382833
402.409233
402.464133
402.531767
402.563000
402.717333
402.790733
402.873267
402.921367
402.974967
403.081033
403.116467
403.166100
403.200433
403.220367
403.248500
403.286800
403.812400
403.897600
404.439700
405.789500
405.824733
405.862667
406.673633
407.303267
407.344167
407.435467
407.462800
407.489767
407.526233
407.692467
407.712967
408.048633
408.455800
408.473167
409.086333
410.122433
410.790600
410.801800
410.804833
410.819133
410.842800
411.496967
412.029367
412.064467
412.100233
412.130767
412.232433
412.489267
412.567333
412.590167
412.659467
412.708033
412.745700
412.780733
412.908933
413.130100
413.534967
413.983467
414.552933
414.598833
414.774200
414.814467
414.838067
414.876233
414.914867
414.951433
414.967333
414.988233
415.044167
415.432933
416.004933
416.354833
416.497200
416.560667
416.777300
416.802067
417.634133
417.704900
419.831167
420.193633
420.221167
420.252800
420.323467
420.588500
420.627100
420.974867
421.055433
421.094033
421.394133
421.445367
421.550133
421.596700
421.732333
421.941433
421.963367
422.006567
422.030133
422.065233
422.100733
422.352800
422.478267
422.520967
422.563667
422.590167
422.641400
422.844033
422.910300
422.944733
422.978467
423.013433
423.046367
423.103800
423.137500
423.166667
423.213300
423.273667
423.341867
423.382800
423.442833
423.722133
423.958800
424.243067
424.270100
424.455900
424.458633
424.485233
424.489300
424.982600
425.039533
425.117067
425.257533
425.365133
425.420233
425.434933
425.454133
425.483100
425.497767
425.522067
425.734433
426.068300
426.192067
426.356633
426.367200
426.387133
426.396967
426.410933
426.425700
426.439600
426.961200
426.985833
427.012467
427.067233
427.126233
427.157100
427.212000
427.272400
427.460533
427.473333
427.481767
427.495500
427.497433
427.518433
427.544100
427.577000
427.624933
428.017433
428.020900
428.427233
428.598933
428.658033
428.861100
429.079433
429.299667
429.925167
430.055733
430.323533
430.354133
430.372600
430.388200
430.609000
431.200300
431.289533
431.428633
431.497267
431.516733
431.551767
431.595300
431.625400
431.676300
431.758733
431.927900
431.942500
431.944900
431.969067
431.990033
432.043500
432.140300
432.205200
433.536167
433.891800
433.992367
434.077233
434.228500
434.317133
434.428300
434.484967
434.520233
434.528333
434.554100
434.563867
434.580700
434.601200
434.629267
435.140667
435.323333
435.369533
435.533300
436.485033
436.520667
436.560100
436.660433
436.677800
436.788800
437.692033
438.348300
438.393400
438.464300
438.474367
438.502733
438.522100
438.562067
438.637700
438.697600
438.736800
438.762367
438.808500
438.840367
439.155500
439.624200
439.849633
439.902533
440.238100
441.152567
442.027033
443.028767
443.397767
443.521333
444.896333
444.909367
444.952667
445.548067
445.706133
445.764900
445.783800
446.142200
446.749400
447.352767
447.788533
448.840833
449.234033
449.301800
449.701533
449.750633
449.798500
449.829733
449.875367
449.915267
449.939600
450.007967
450.032867
450.048300
450.066633
450.094133
450.132300
450.164333
450.208700
450.237467
450.261633
450.304300
451.985733
453.048100
453.737967
454.121967
454.164933
454.184433
454.206900
454.213233
454.231267
454.245900
454.280767
454.302800
454.631267
456.705833
456.865167
457.067500
457.159200
457.255767
457.874267
458.006167
458.059500
458.093267
458.116667
458.142700
458.174300
458.223033
458.256233
458.287767
458.331400
458.445267
458.463433
458.519533
458.527267
458.533467
458.547333
458.557867
458.566433
458.582367
458.600367
458.625033
458.668600
458.858700
458.939100
459.050433
459.087533
459.354200
459.399433
459.646733
459.675200
459.706833
459.919800
460.570900
461.005600
461.049000
461.180200
461.236933
461.354333
461.382900
461.407567
461.461567
461.737167
461.849033
461.904233
461.958867
462.025400
462.043433
462.076733
462.186033
462.224067
462.261367
462.302633
465.236833
465.744600
466.015233
466.223467
466.943267
466.961033
467.790267
468.229633
468.232467
468.245667
468.959733
469.829700
470.040133
470.099300
470.147433
470.254433
470.349433
470.396200
470.438067
470.455733
470.480700
470.519400
470.541667
470.810900
470.872467
470.889367
470.900667
470.930733
470.974667
471.179067
471.765667
471.890967
472.068100
472.477267
472.583633
473.013367
473.507367
473.593767
473.856700
473.930767
473.971367
474.042000
474.225033
474.269267
474.297900
474.342567
476.672300
476.708567
477.375267
477.567700
477.728567
477.780167
477.872767
477.910267
478.022667
478.101400
478.119467
478.494533
478.737933
479.200700
480.265733
480.664133
480.674133
480.722333
481.265767
481.313567
481.516867
481.578633
481.620667
481.899333
482.103467
482.519800
482.539933
482.558733
482.576833
482.591833
482.603300
482.623267
482.649867
482.671867
482.729767
482.772733
482.923400
482.944700
484.084667
484.221500
484.656600
484.730533
485.034333
485.128467
485.291400
485.575600
485.644967
485.693433
485.946367
486.001900
486.049933
487.221633
487.326100
487.378733
487.406600
487.460633
487.523633
487.601633
487.642900
487.669967
487.679800
487.689633
487.711533
487.738600
487.973767
488.077367
488.254867
488.381933
488.741667
488.773800
488.807800
488.840367
488.889300
488.923533
489.066833
489.442333
489.576833
489.623667
490.359167
490.757300
490.857733
491.000367
491.082400
491.122900
491.180733
491.212800
491.235800
491.282167
491.322133
491.371367
491.398633
491.470667
491.568800
491.595467
491.597700
491.657567
491.846133
491.877367
492.070933
492.204733
492.758633
492.819200
493.399167
494.526600
494.682667
494.784167
494.832267
495.821467
495.839700
495.846733
495.849933
495.875433
495.890833
496.382933
496.590933
496.771633
497.078567
497.235833
497.288033
497.414500
497.473033
497.500100
497.832000
497.895967
497.941533
497.965333
499.994467
500.012733
500.157067
500.939167
500.991600
501.769000
501.825733
502.023433
502.123067
502.261733
502.287033
502.441667
502.457667
502.463267
502.478400
502.486100
502.490467
502.546367
502.608833
502.712067
502.825333
502.869567
502.912500
502.937900
502.968900
503.015433
503.041933
503.087567
503.128800
503.317533
503.621367
503.694667
503.746567
503.870200
504.852467
504.919033
505.007900
505.054133
506.509933
506.592400
506.678233
507.019133
507.175467
507.249600
507.331600
507.410467
507.441933
507.469567
507.472567
507.490700
507.498767
507.509733
507.558700
507.617967
507.687800
507.994933
508.101933
508.477267
509.872967
509.901567
509.938067
510.151133
510.456600
510.893733
512.347133
512.471233
512.532600
512.565533
512.608967
512.680333
512.699167
512.725067
512.746133
512.777200
513.795933
513.815500
513.905833
514.108400
514.232900
514.487633
515.108267
515.372000
515.531967
515.949267
516.500600
516.577267
516.773567
516.822967
516.913567
517.071300
517.117267
517.468800
517.523433
517.591300
517.930000
518.227767
518.309900
518.405033
518.449800
518.485100
518.529667
518.567033
518.596967
518.664967
518.705067
518.722067
518.765533
520.750667
520.756833
521.000300
521.062033
521.158467
521.362100
521.407500
521.491133
521.517567
521.594767
522.599000
523.955067
525.010300
525.787300
525.878533
526.085300
526.092000
526.142767
526.172867
526.905633
526.987567
527.045000
527.079600
527.896800
528.045767
528.095567
528.141933
528.179567
528.257433
528.310933
528.379400
528.396267
528.419667
528.439567
528.463700
529.150800
529.226700
529.265800
532.742267
532.917600
532.969200
533.013700
533.122100
533.156200
533.446933
533.476833
533.507267
533.697533
533.997233
534.052733
534.174133
534.207333
534.218167
534.266667
534.306200
534.364233
534.405800
534.434233
534.468567
534.537800
534.589300
534.663500
534.676533
534.690233
534.717700
534.751600
534.786733
534.924000
535.081667
535.492033
535.645200
535.741867
535.807133
536.902100
537.006500
537.092767
537.159533
537.206300
537.237067
537.266300
537.295867
537.342400
537.392200
537.433933
537.448933
537.455033
537.470800
537.488900
537.520667
537.583867
537.635033
537.710200
537.752933
537.844233
537.934133
537.954800
538.242233
538.856000
539.478833
539.526300
539.545867
540.796333
541.025100
541.040367
541.170533
541.281400
541.355200
541.413967
541.535333
541.582633
541.651867
541.733333
541.789133
541.895200
541.975900
542.048367
542.333200
542.372967
542.381667
542.398767
542.490333
542.500367
542.504367
542.514200
542.539100
542.544700
542.566467
542.584200
542.617367
542.810067
542.916567
542.958733
543.010233
543.342033
543.565567
543.650300
543.680633
544.279033
544.517967
544.735833
544.896900
545.184900
545.254100
545.296467
545.648767
545.824767
545.858800
545.895367
545.912400
545.928333
545.952133
546.004933
546.026167
546.071967
546.108267
546.223267
546.266800
546.313867
546.390933
546.419800
546.548533
546.593800
546.720400
546.781567
546.817533
546.884067
546.918933
546.931600
546.934800
546.957267
546.970967
547.001467
547.040100
547.104833
547.145600
547.223967
547.576533
547.704067
547.915033
548.111533
548.291800
548.508100
548.690300
549.069533
549.289333
549.531200
550.477700
550.730867
550.825900
550.843367
550.905900
550.972967
551.001600
551.085133
551.207300
551.272200
551.335967
551.392333
551.403667
551.418300
551.420467
551.441533
551.503367
551.659067
551.727533
551.802733
551.995800
552.025800
552.226967
552.297200
552.637967
552.714900
553.394867
554.131533
554.912533
555.067133
555.136267
555.207567
555.277900
555.373933
555.391267
555.441467
555.549933
555.768200
555.893900
555.932867
555.967567
556.131500
556.156633
556.184400
556.224300
556.264900
556.305400
556.324033
556.333233
556.343667
556.360767
556.704267
556.742667
556.841333
557.179267
557.223567
557.271333
557.301733
557.362633
557.424300
557.471700
557.530767
557.589933
557.643100
557.748100
557.904900
558.405467
558.448100
559.336000
559.593900
559.911667
560.108433
560.408533
560.472067
560.504833
560.547600
560.594600
560.677500
560.740567
560.790433
560.914167
560.936300
560.950700
560.957867
561.011300
561.569733
561.684900
561.904900
561.941700
562.116733
562.157033
562.190733
562.319633
563.495000
563.581300
563.816567
564.011333
564.045233
564.404033
564.503900
564.543000
564.620100
564.677833
564.745667
564.794800
564.885400
564.923100
564.972400
564.992000
564.999267
565.022100
565.037267
565.238567
565.281033
565.828033
565.883700
567.327900
567.608867
567.677067
568.597033
568.776767
568.858200
568.968400
569.022100
569.085900
569.133067
569.200700
569.470400
569.479767
569.493300
569.502333
569.507133
569.518033
569.521400
569.538233
569.569500
569.602500
569.644533
569.692767
569.808233
570.595800
570.733300
570.954100
571.082167
571.466033
571.666500
571.779767
571.897000
571.927333
571.972167
573.024900
573.278000
573.348733
573.407033
573.445800
573.493633
573.548967
573.632567
573.689033
573.706400
573.723133
573.737033
573.769933
573.811700
573.870100
573.913333
573.957467
574.024433
574.100533
574.287200
574.532533
574.703133
574.835500
575.458600
575.494867
575.922767
576.264000
576.938200
577.002633
577.006000
577.023200
577.221067
577.421967
577.686400
577.724633
577.913133
577.931400
577.954100
578.113133
578.145533
578.195200
578.224600
578.331333
578.361267
578.403633
578.460367
578.605700
578.929500
578.960133
579.105633
579.220967
579.351767
579.633300
579.681000
579.764133
579.875000
580.114267
580.131467
580.735467
581.102200
581.615933
581.856433
581.958633
582.047867
582.101567
582.168400
582.189500
582.202533
582.215000
582.252800
583.237867
583.322700
583.352567
583.357400
583.448833
583.876367
583.940967
584.010833
584.075700
584.096667
584.164667
584.640600
584.724933
584.790533
585.013100
585.080233
585.132733
586.492200
587.146967
587.197333
587.309367
587.802133
588.623633
588.662433
588.853867
588.987267
589.501933
590.833033
591.200267
591.244967
591.698833
591.809267
591.956300
592.032533
592.060000
592.080433
592.115500
592.182033
592.212833
592.271900
592.291833
592.312700
592.350533
592.385767
592.438967
592.477367
592.528333
592.576833
592.640800
592.675933
592.765467
592.792433
592.816867
592.846900
592.992533
593.718833
593.835333
593.900167
593.929467
594.528500
594.572633
594.584667
594.880433
595.330267
595.429033
595.699967
595.753433
595.780433
595.787667
596.474167
596.498933
596.937267
596.986200
597.015033
597.047300
597.080500
597.119400
597.147133
597.197667
597.262000
597.296533
597.749067
598.110000
598.621333
599.927733
599.943667
600.012400
600.336633
601.441267
601.513667
601.545133
601.657500
601.682067
601.709867
601.729267
601.757467
601.831533
601.866267
601.912400
601.929067
601.963133
601.992633
602.012500
602.021767
602.063800
602.353133
603.598100
604.661133
604.970100
604.996000
605.039467
605.069467
605.124867
605.200233
605.242867
605.409167
605.434433
605.455300
605.466800
605.479867
605.485800
605.487433
605.505267
605.523033
605.537933
605.564567
605.716200
605.825133
605.900700
606.189200
606.233133
606.403633
607.115233
607.207667
608.172867
608.236867
608.350100
608.479033
608.499633
608.530933
608.577767
608.614367
608.666100
608.738600
608.832167
608.862967
608.892533
609.115767
609.428300
610.136233
610.163667
610.184833
610.274767
610.298633
610.374233
610.420800
610.511700
610.554400
610.596100
611.519200
611.828767
612.323567
612.859400
612.887967
612.915433
614.369933
614.461633
615.456567
615.481067
615.491700
615.501767
615.535000
616.358700
616.415633
616.590833
616.626733
616.661200
616.689267
616.705233
616.774800
617.082367
617.206533
617.229100
618.660333
618.808333
619.130367
620.667067
620.741100
620.841033
621.160700
621.173700
621.891433
622.136200
623.512867
623.915567
624.022700
624.071133
624.114833
624.293533
624.342433
624.354467
624.388367
624.416233
624.571000
624.605333
624.641967
624.666400
624.688667
624.702200
624.729333
624.742367
624.758667
624.798067
624.839333
624.996800
625.413367
625.466400
625.468667
625.565900
626.093867
626.126233
627.981500
628.007467
628.721067
628.758867
628.807433
628.853233
628.897233
629.516400
629.527200
629.534533
629.542167
629.562800
629.585367
630.057300
630.266567
630.364000
630.405467
630.445667
630.485367
630.674067
630.896200
630.932067
630.976400
631.031667
631.057733
631.102000
631.160167
631.367100
631.385900
631.525500
631.604667
631.688267
631.732200
631.949133
631.960633
632.014233
632.066233
634.805367
635.141000
635.167800
635.402900
635.447567
635.486967
635.497467
635.510433
635.518433
635.520667
635.533267
635.547767
635.606733
636.339267
636.602500
636.863500
636.889433
636.996567
637.024600
637.389500
637.436567
637.463500
637.553433
639.205900
639.344600
639.380767
639.437833
639.682700
639.713567
639.738333
639.749333
639.752800
639.762300
639.786900
639.881600
640.091533
640.937633
641.306500
642.282333
642.681867
643.276767
643.345867
643.348700
643.415733
643.490867
643.535900
643.580333
643.822867
643.900000
643.966267
643.996000
644.049533
644.085933
644.111933
644.164500
644.184967
644.239833
644.413267
644.477267
644.499133
644.529667
644.595467
644.688000
644.805433
644.818767
644.835967
644.872133
645.720667
645.769467
646.034467
648.855433
648.885500
648.936367
648.997033
649.029767
649.075000
649.108167
649.149867
649.197500
649.272467
649.313400
649.360400
649.388567
649.406667
649.446933
649.642933
650.465000
650.497933
651.161867
653.270000
653.443333
653.801667
653.830833
653.986700
654.011133
654.070433
654.136867
654.519067
654.767667
654.940367
655.110967
655.124400
655.160967
655.182133
655.759667
655.821733
656.398167
656.461233
656.609633
656.651700
656.720633
656.819167
656.851067
656.898067
656.923767
656.953900
656.967300
656.996800
657.043800
657.086867
657.220767
657.250333
657.254000
657.269600
657.298267
657.358400
657.529033
657.655333
657.853900
657.933833
657.983200
658.121700
658.187433
658.305800
658.410533
658.450233
658.564000
658.629767
658.820733
659.171167
659.251133
659.356233
659.415500
659.472167
659.752400
660.068500
660.111167
660.605567
660.658933
660.736267
660.791200
660.986700
661.023633
661.054867
661.093700
661.109367
661.169967
661.221000
661.294233
661.342433
661.376633
661.458867
661.461767
661.479300
661.524100
661.623433
662.176600
662.446867
662.543233
662.577267
662.626167
663.037233
663.642933
663.840733
664.315700
664.593400
664.633933
664.675200
664.679400
664.716967
664.753667
664.934433
664.999000
665.296600
665.428700
665.484167
665.559500
665.606900
665.676067
665.760800
665.776500
665.795767
665.808933
665.867133
666.022733
667.364300
667.741167
668.894400
669.329100
669.388167
669.420333
669.446100
669.450767
669.465400
669.475500
669.496967
669.527433
669.797467
670.131400
670.544667
670.833800
671.634367
672.462600
672.492867
672.679933
673.217267
673.531933
673.590533
674.035467
674.286867
674.513600
674.632233
674.998467
675.032500
675.076767
675.110967
675.179867
675.254667
675.367000
675.472800
675.520967
675.553000
675.586333
676.733533
676.795933
678.028500
678.361933
678.749967
679.002500
679.078700
679.137533
679.195333
679.242000
679.270267
679.332633
679.358900
679.390033
679.431433
679.452367
679.458167
679.494833
679.638733
680.650167
681.004667
682.063333
682.626733
683.865933
683.914667
684.114100
684.634633
684.676933
684.710267
686.565133
686.624267
686.663533
686.751167
686.962200
687.018733
687.075500
687.132400
687.235867
687.350767
687.416567
687.481000
687.831267
687.952433
688.009433
688.058233
688.132967
688.230300
688.777333
688.890233
688.951733
689.008133
689.146567
689.219967
689.296367
689.324633
689.350033
689.375600
689.760500
690.888333
690.948033
691.158333
691.213100
691.288600
691.360300
691.454767
691.473100
691.501533
691.734233
692.005267
692.203900
692.554833
692.565133
694.305967
695.006300
695.080867
695.087700
695.108867
695.116667
695.150833
696.033967
696.302267
696.516367
696.561167
696.636733
696.666467
696.707667
696.771167
696.806767
696.934667
697.009967
697.117100
699.317467
699.472567
699.504400
699.539667
699.573300
699.613700
699.737367
699.763567
699.819100
699.872900
699.950900
700.019900
700.054133
700.126500
700.164167
700.235767
700.408633
700.646900
700.675567
700.702600
700.813267
700.873700
700.962700
701.035700
701.192367
701.265267
701.290167
701.931667
702.391200
702.411033
702.422467
702.424733
702.457833
702.474067
702.524667
702.563667
702.606567
702.731100
702.756633
702.761733
702.771600
702.790433
702.811867
702.838200
702.907267
703.277000
703.326100
703.414000
703.535700
703.766900
703.823233
703.889133
704.478633
704.536233
705.884333
705.941800
706.339733
706.405833
706.660933
706.714600
706.749367
706.887067
707.002133
707.027567
707.087767
707.173367
707.329400
707.375633
707.705333
710.196667
710.343500
710.584900
711.557033
711.833600
711.885900
712.041000
712.224800
712.569667
712.641967
712.675433
712.693667
712.704667
712.722733
712.732500
712.747467
712.784267
712.824933
713.418000
713.595567
713.964533
714.071967
714.132800
714.176300
714.328700
714.437533
714.960867
715.504200
715.523767
715.583033
715.693000
715.739667
715.952167
715.966133
715.995467
716.045233
716.442967
716.517600
716.718733
716.796500
716.863367
716.894800
718.330500
718.925833
718.950300
719.339900
719.376667
720.383967
721.657000
721.770900
721.991667
722.075767
722.616767
723.239433
723.250233
723.447133
723.644667
723.768833
723.778700
723.911833
723.999833
724.010933
724.135333
724.143067
724.153500
724.179033
724.437867
726.206133
726.241800
726.268700
726.301333
726.426400
726.827800
726.929933
727.004767
727.051267
727.069200
727.095900
727.121633
727.142133
727.181033
727.217233
727.259467
727.380733
727.523033
727.581367
727.705867
727.744767
727.806267
727.851833
727.899333
727.932933
727.985333
728.013900
728.026900
728.057067
728.089900
728.710467
728.766967
729.400533
730.368400
731.197100
731.208967
731.685300
732.029500
732.466533
732.652567
732.773100
732.787400
732.814400
732.843900
732.869767
732.907667
733.009967
733.229067
735.130200
735.279633
735.512033
736.022867
736.076467
736.207633
736.252400
736.408200
736.640133
736.654367
736.668133
736.692033
736.705100
736.750767
736.769233
736.793067
736.806900
736.838267
736.883200
736.897933
736.968000
737.023567
737.097967
737.111933
737.120100
737.131300
737.147067
737.170467
737.255233
737.374367
737.439633
738.038000
738.296400
738.845567
739.406533
740.007733
740.072333
740.294433
741.641100
741.676167
741.766567
741.937833
741.971067
742.026200
742.698167
742.865633
742.993267
743.488133
743.659733
743.737800
744.280733
744.418500
744.458700
744.520833
744.561733
744.609367
744.632400
744.709067
744.877733
744.912500
744.939667
744.954500
744.970567
744.973167
744.982567
745.000400
745.030167
745.063033
745.193567
745.385067
745.435367
745.527733
745.581800
745.805300
745.901933
745.948467
745.958967
746.088400
746.165600
746.735767
747.268167
747.876000
747.921333
748.045933
748.149267
748.287200
748.345100
748.404733
748.641967
748.718033
748.779600
748.872467
748.921433
749.157100
749.277333
749.344300
749.388400
749.434433
749.453700
749.492267
749.527667
749.559767
749.597500
749.622867
749.648400
749.690467
749.759767
749.800133
749.826967
749.847800
749.883767
750.034067
750.885467
751.125167
753.123733
753.400733
753.420900
753.439900
753.764367
753.808433
753.827733
754.155233
754.380333
754.534533
754.588567
754.627467
754.657200
754.720733
754.874333
755.242167
755.299433
755.348733
755.452400
755.540900
755.574800
755.798433
755.847667
755.885533
755.938000
755.959300
756.024700
756.048000
756.076667
756.103667
756.120867
756.133367
756.136700
756.146700
756.149467
756.174500
756.212633
756.451367
756.493567
756.616567
756.846767
756.965500
757.163900
757.221100
757.303500
757.548533
757.952700
758.118167
758.287100
758.292200
758.344067
758.379433
759.007633
759.116300
759.459000
759.489033
759.513167
759.556500
759.610267
759.699700
759.740367
759.792500
759.876833
759.911733
759.968167
759.993167
760.071400
760.113000
760.189733
760.220467
760.251800
760.280567
760.573167
760.866867
762.301333
762.322700
763.015367
763.258567
763.486533
763.524167
763.780467
763.813000
763.887333
763.929367
763.972133
764.006633
764.034833
764.038900
764.047100
764.067533
764.080400
764.169367
764.505633
764.958500
766.104833
766.119500
766.142767
766.184833
766.312000
766.394733
766.651867
766.713833
766.933033
767.135700
768.097433
768.186000
768.681633
769.654333
769.770800
769.949133
769.978733
769.994800
770.010833
770.072333
770.577633
770.692300
770.728633
770.757800
770.787967
770.835867
770.901400
770.955900
771.063200
771.082167
771.088867
771.109733
771.123400
771.152933
771.201800
771.237367
771.251867
771.578100
771.617933
771.662000
772.458933
773.669633
774.413300
774.523200
774.641200
774.777567
774.856233
774.893400
774.977367
774.998367
775.022533
775.107667
775.147800
775.188933
775.229300
775.277667
775.321333
775.371167
775.403167
775.448933
775.595500
775.690633
775.982567
777.216200
777.283067
777.324733
777.361100
777.398567
777.442567
777.493533
777.519200
777.552533
777.598167
777.639500
777.736833
777.760667
777.802067
777.964767
778.192867
778.563933
778.923600
780.110600
780.162667
780.504967
780.516667
780.556733
780.934367
781.248133
782.123367
782.236267
782.285833
782.343333
782.383433
782.427633
782.468567
782.585933
782.643600
782.726733
782.935200
783.115667
783.160800
783.183100
783.390333
783.994733
784.107433
784.347500
784.377833
784.417067
784.453633
785.243200
785.363367
786.190967
786.296100
786.317133
786.381400
786.424200
786.473433
786.641667
786.712733
786.939100
786.985167
787.241733
787.333067
787.496767
787.926267
788.548700
788.598433
789.327900
789.413933
789.487133
789.577733
789.636600
789.679900
789.714967
789.733767
789.765300
789.787100
789.812833
790.143667
791.018333
791.115900
792.966933
793.566500
793.699633
794.070233
794.110867
794.149533
794.165867
794.206900
794.224200
794.256100
794.273100
794.292633
794.335600
794.369733
794.414133
794.577133
794.603433
794.608533
794.620967
794.641600
794.663900
794.730567
794.774500
794.985600
795.042367
795.684700
795.715900
795.750500
795.887300
796.155333
796.496167
797.578233
797.779900
797.823133
797.969600
798.578567
798.605167
801.217300
801.248867
801.308633
801.513567
801.940600
801.970833
802.009967
802.027100
802.051200
802.110433
802.219767
802.515067
802.598533
802.871100
803.046667
803.066600
803.085500
803.114833
803.229433
804.653733
805.184600
805.703400
805.741300
805.816967
805.965967
806.030233
806.167700
806.189533
806.199900
806.222900
806.254367
806.311433
806.396167
806.763667
806.830700
806.868500
807.929933
807.999367
808.018767
808.078733
808.143267
808.158433
808.200533
808.241067
808.283000
808.299867
808.311267
808.333167
808.385800
808.531333
808.566600
809.286900
809.517233
809.547733
809.614167
809.993767
810.128433
810.142333
810.302067
810.606433
810.622067
810.636133
810.650900
810.676500
810.958400
810.976200
811.006133
811.342333
811.798433
812.037167
812.165433
812.215400
812.246433
812.274467
812.296067
812.311200
812.316733
812.323633
812.350233
812.363700
812.406067
812.469100
812.532767
813.105333
813.650267
813.681733
813.735267
813.766533
813.811033
813.837000
813.858233
813.879267
813.926733
813.974600
814.009133
814.038700
814.092733
814.104600
814.112000
814.129767
814.139700
814.172700
814.969267
815.366267
815.662033
815.686733
815.705733
817.197300
817.239100
817.247833
817.284367
817.413933
818.149933
818.369300
818.413400
818.454033
818.497967
818.545300
818.579400
818.630667
818.676233
818.717800
818.794933
818.847100
818.951633
818.962667
818.968000
818.984233
820.052600
821.333033
821.632733
822.171500
822.262333
822.269700
822.312733
822.468767
822.537667
822.640533
822.690367
822.704633
822.800367
822.851900
822.915767
822.938767
822.954967
824.071400
824.099033
824.109767
825.165433
825.198300
825.309000
825.434567
826.002500
827.061733
827.157867
827.194600
827.300900
827.356567
827.385200
827.440133
827.466067
827.479733
827.488333
827.498300
827.522000
827.598600
827.944433
827.994433
828.296667
828.494700
828.867567
829.806600
829.850233
831.268367
831.614000
831.670300
831.683933
831.695833
831.720267
831.737733
831.759800
831.789967
831.839333
832.213833
832.647900
833.072900
833.281200
833.945033
834.117400
834.218200
834.374133
834.382467
834.760600
834.826500
834.886900
834.905967
834.967333
835.041233
835.097967
835.163800
835.308233
835.395567
835.428567
835.490133
835.546467
835.586700
835.646533
835.682800
835.718333
835.879867
835.903800
835.921400
835.943367
836.222067
836.271867
837.151800
837.916167
838.058000
838.111100
838.121300
838.164300
838.436600
838.638200
838.689367
839.273367
839.330567
840.576767
840.774800
840.823900
840.879867
841.028867
841.060000
841.153767
842.747500
842.801833
843.392300
843.505633
843.695667
843.739267
843.824767
843.880200
843.905033
843.935800
843.989300
844.027133
844.071533
844.132567
844.312733
844.346967
844.383000
844.433233
844.479433
844.508600
844.571533
844.715733
845.074233
845.095733
845.159800
845.456400
846.235200
846.290333
846.368867
846.393233
846.443233
846.495200
846.521967
846.553800
846.600767
847.086333
847.225100
847.288433
847.508633
847.560933
847.623500
847.731533
847.762233
847.804533
847.821600
847.840867
847.868500
847.896633
847.924733
847.974133
848.171733
848.264567
848.481067
848.583233
848.942400
848.967600
849.021133
849.035467
849.055400
849.074033
849.091333
849.121767
849.187800
849.233167
849.271933
849.317767
849.352967
849.482767
849.604200
850.811300
850.850433
850.877833
850.887900
850.924833
851.130767
851.170267
851.190233
851.570867
851.595667
851.613633
851.658200
851.685833
851.710233
851.731133
851.804967
851.895600
852.744467
852.793400
852.876900
852.915767
853.060733
853.472467
854.141167
855.316267
855.359633
855.841867
856.009100
856.102467
856.402200
858.005267
858.075900
858.899667
858.920333
858.942500
859.055167
859.108500
859.158233
859.187367
859.209500
859.480833
859.501700
859.814267
859.912133
860.410000
860.435000
860.459467
860.677700
861.290267
861.325267
861.512267
862.245400
862.350167
862.423033
862.455233
862.497533
862.525600
862.574700
862.611300
862.655700
862.707667
862.792900
862.817300
862.836700
862.855533
862.921933
862.967033
863.966767
865.220467
865.533167
865.740067
866.542933
866.563767
868.317100
870.361733
870.801967
871.513833
871.620933
871.915900
871.939167
871.953900
872.059933
872.107967
872.160433
872.197500
872.235933
872.268800
872.293600
872.318833
872.372933
872.458733
872.502300
872.517900
872.526167
872.558267
873.726633
874.293433
874.851900
875.522833
875.551900
876.177233
876.315133
877.612267
877.887633
877.915400
877.929967
877.947600
877.984100
878.015500
878.370933
878.719067
878.808167
879.013767
879.168433
879.258367
879.299067
879.317967
879.340333
879.364900
879.381033
879.436633
879.451300
879.459133
879.488900
879.515600
879.530467
879.552200
879.593133
879.616833
879.952000
879.972000
879.983433
879.995000
879.999133
880.012333
880.023700
880.037100
880.060300
880.090333
880.335267
880.599233
880.649733
880.817267
881.547567
881.671533
881.858200
881.901533
881.938800
882.134433
882.192333
882.236067
882.288600
882.537367
882.699233
882.730767
882.799600
883.024567
883.254433
883.289500
883.348633
883.948333
884.028433
884.081567
884.217200
884.338033
884.441567
884.653533
884.715167
884.913067
884.947133
885.522800
887.873900
887.909567
887.917700
887.958567
888.122967
888.176833
888.236667
888.277267
888.360333
888.466400
888.567467
888.643133
888.696833
888.780267
888.834333
888.906767
889.111167
889.151167
889.247967
889.301700
889.337500
889.455900
889.720000
890.035500
890.207800
890.244500
890.294933
890.323700
890.331500
890.383500
890.418400
890.462367
890.508067
890.529967
890.574367
890.605933
890.628200
890.637600
890.655433
890.756967
891.778167
892.408800
892.881233
892.893200
893.104667
893.748267
893.838800
893.860400
893.884233
893.906033
893.942400
893.970100
894.009333
894.048933
894.100067
894.160667
894.194500
894.353967
894.539000
894.581033
895.277800
895.300667
895.441600
895.744867
896.364900
896.652933
896.675733
896.690500
897.064533
897.093200
897.240600
897.801900
897.833067
897.839733
897.849533
897.864200
898.255333
898.576367
898.999767
899.284600
899.893233
900.129733
900.216367
900.472800
900.505767
900.604067
900.687000
901.045467
901.320600
901.340967
901.590467
902.229500
902.433100
902.576100
902.679133
902.704333
902.768800
902.802333
902.862267
902.903433
903.007967
903.036067
903.078367
903.164733
903.208267
903.315967
903.376700
903.457667
903.503433
903.555500
903.613933
903.641667
903.653767
903.686400
903.755433
903.793233
903.805633
903.818500
903.836333
903.851033
903.889267
903.943600
904.009900
904.090567
904.495167
904.658400
904.699967
904.723567
904.799967
905.341933
905.627733
905.801033
905.829100
906.044067
906.162933
906.252700
906.438067
906.484067
906.668967
906.711600
907.976367
908.402567
908.533067
908.580433
909.201400
909.227933
909.286467
909.330533
909.483933
909.525800
909.659000
909.897000
909.942767
909.969300
910.014267
910.423667
910.495533
910.641467
910.944433
911.153967
912.124700
912.232667
912.273767
912.908367
913.035733
913.047633
913.175633
913.204067
913.317133
913.360167
913.396967
913.436533
913.485467
913.871200
914.278833
914.648200
915.015967
915.488433
916.162700
916.746300
917.665433
917.922967
918.340067
918.801700
918.969267
919.199667
919.247200
919.297433
919.460933
919.768533
919.862433
919.924633
920.285867
920.332900
920.388933
920.419867
921.037167
921.116467
921.338800
921.418667
921.478733
921.575767
921.618867
921.648933
921.699800
921.915067
921.983533
922.183500
922.211933
922.239933
922.279967
922.317600
922.353567
922.480933
922.544000
922.592800
922.681000
922.698333
922.708700
922.722000
922.738700
923.267433
923.801833
923.835433
924.357200
924.717500
924.769067
925.292333
925.392100
925.411500
925.416700
925.575167
926.866667
926.936733
927.006133
927.037567
927.072233
927.153033
927.172000
927.182167
927.199833
927.349533
927.485400
928.303667
928.758033
928.927833
929.123733
929.522667
929.813533
929.862667
929.927000
930.625433
930.734967
930.823567
930.887667
930.950533
930.966467
930.996800
931.018367
931.046433
931.088767
931.133667
931.159867
931.185933
931.189433
931.198900
931.214533
931.240533
931.817467
931.993167
932.156267
932.553467
932.747833
932.925933
932.994933
933.864900
933.927067
933.995633
934.051933
934.131700
934.190733
934.243900
934.624467
936.053333
936.096867
936.102967
936.109400
936.131600
937.607367
937.665200
937.683700
937.695600
937.703767
937.714233
938.989600
939.045900
939.086267
939.146967
939.188333
939.228700
939.259700
939.294167
939.335567
939.364267
939.392567
939.454033
939.507633
939.585233
939.891400
939.996667
940.834233
941.803300
941.922133
941.967700
942.002433
942.046833
942.124033
942.149033
942.190133
942.243267
942.280700
942.319833
942.357100
942.446367
942.512067
942.825267
943.260333
944.274933
944.470133
944.550767
945.311700
945.472567
945.560900
945.626967
945.671033
945.692467
945.750100
945.957433
946.309267
946.390000
946.429000
946.472100
946.611700
946.635033
946.658767
946.685900
946.952400
946.961967
947.027967
947.176100
947.278667
947.328800
947.507300
947.710867
947.729200
947.765733
947.793400
947.911533
947.959633
948.017800
948.050200
948.083000
948.116133
948.156300
948.162733
948.187133
948.209867
948.227233
948.268767
948.311733
949.144667
949.367933
949.418033
949.773600
950.080867
950.129533
950.744400
951.536567
951.998233
952.084567
952.330067
952.463100
952.850000
953.439267
955.617600
955.662600
955.705467
955.747467
955.788033
955.811800
955.838167
955.853733
955.891733
956.019267
956.065233
956.112467
956.129633
956.158000
956.202767
956.530067
958.648667
959.324367
959.547867
959.606700
959.649067
959.686300
959.774467
959.821133
959.843467
959.906633
959.946133
959.977700
960.014500
960.033033
960.398900
960.459400
960.502867
960.534000
960.581700
960.672767
960.739800
960.794200
960.836733
960.894133
960.953800
960.979733
961.074033
961.085767
961.095733
961.100700
961.112767
961.121500
961.137933
961.165500
961.460000
961.503333
962.000400
962.264333
962.465100
962.550033
962.707100
962.740467
962.795567
962.838933
963.214200
964.085600
964.138600
964.168567
964.199933
964.234167
964.277900
964.302400
964.352533
964.410367
964.447800
964.492200
964.542167
964.617800
964.677400
965.005567
965.295167
965.560933
965.620900
965.932833
966.321300
966.721733
966.863867
966.929800
967.081000
967.857467
967.901833
968.129167
968.437200
969.277067
969.325133
969.378833
969.455333
969.965300
971.002133
971.061867
971.182633
971.231567
971.254033
971.343567
971.446000
971.531200
971.794200
972.704533
973.057900
973.325900
973.412267
973.439867
973.461067
973.488300
973.504033
973.549433
973.616967
973.651667
973.681333
973.753500
973.836833
973.879233
973.913967
973.930667
973.968833
974.695700
974.896433
974.962567
975.018400
976.412333
976.434267
976.454200
976.558700
976.578467
976.602033
977.133800
977.623767
977.710933
977.883567
978.076800
978.310400
978.374067
978.520633
978.551633
978.562833
978.580700
978.588100
978.604100
978.627533
978.678700
978.856767
979.142033
979.186967
979.237967
979.350867
979.385567
979.755133
979.790667
979.856667
979.992733
980.166667
980.355200
981.357833
981.390767
981.454367
981.495900
981.642100
981.710833
981.791833
982.034633
982.202533
982.248100
982.456133
982.605733
982.652933
982.862700
982.872100
982.887933
982.901800
982.912933
982.938133
982.981367
983.257833
983.293533
983.498433
983.579167
983.622433
983.741933
983.857767
984.055233
984.060000
984.834000
985.051267
985.527133
985.576600
985.667167
985.732933
986.131733
986.194733
986.267000
986.299467
986.372767
986.413467
986.452733
986.512700
986.790000
987.430233
987.622900
988.627267
988.642767
988.835100
989.007900
989.583967
990.360333
990.415100
990.480100
990.569900
990.932067
992.038833
993.174100
993.229500
993.339167
993.630133
993.752300
993.804267
993.942800
993.965633
993.976233
993.979300
993.986300
993.999933
994.019867
994.036500
994.047200
994.067467
994.135867
994.178167
994.203700
994.615800
994.942667
995.168267
995.446633
996.745200
997.194633
997.283700
997.320533
997.510233
997.561767
997.593767
997.618600
997.695167
997.740133
997.769167
997.892000
998.156700
998.429767
998.662867
998.689200
1000.398933
1000.449767
1000.459200
1001.201833
1001.253500
1001.464967
1001.657467
1001.799600
1002.083633
1002.278033
1002.309267
1002.348700
1002.392567
1002.419867
1002.446733
1002.537067
1002.597133
1002.679033
1002.723967
1002.742300
1002.799867
1002.890767
1003.014800
1004.129333
1006.294833
1006.335800
1006.588767
1006.958833
1007.978400
1008.056700
1008.647533
1008.942667
1009.040567
1009.552933
1010.764500
1012.271733
1012.332467
1012.374133
1012.433067
1012.534467
1012.616267
1013.050333
1013.077467
1013.110033
1013.127133
1013.148000
1013.201100
1013.229967
1013.318033
1013.355600
1013.396967
1013.433533
1013.459767
1013.496567
1013.535833
1013.680000
1013.898267
1014.157633
1014.172333
1014.180033
1014.194400
1014.223700
1014.274600
1014.375600
1015.313100
1015.351667
1015.532933
1015.733700
1015.959067
1017.295433
1018.230000
1018.288933
1018.311533
1018.373300
1018.403733
1018.458967
1018.486833
1018.529167
1018.567633
1018.643667
1019.091700
1019.573567
1019.649933
1019.741033
1021.096967
1021.510833
1021.841233
1021.847833
1022.270433
1022.318800
1022.468667
1022.791967
1024.039800
1025.266033
1025.303167
1025.333700
1025.477533
1025.634000
1025.686800
1025.848033
1025.958833
1026.061133
1026.551800
1026.893567
1030.356200
1030.392167
1030.453733
1030.688033
1030.763167
1031.995600
1033.322433
1033.944833
1033.959667
1033.964233
1034.102633
1034.168967
1034.333933
1034.636300
1034.695033
1035.307767
1035.879233
1035.943400
1036.032467
1036.102667
1036.281200
1036.639333
1038.106933
1038.446200
1038.686967
1039.760067
1039.797300
1039.872233
1039.963633
1039.982200
1040.010933
1040.264833
1040.333700
1040.389933
1040.437067
1040.481067
1040.496900
1040.510833
1040.530600
1040.723433
1040.789533
1040.853033
1040.872967
1040.902767
1040.924767
1041.536333
1041.911567
1042.001300
1042.018700
1042.090567
1042.721767
1044.384467
1045.279833
1045.310200
1045.351800
1045.514833
1045.580867
1045.612467
1045.642233
1045.756233
1046.182400
1046.240467
1046.260867
1046.294967
1046.332267
1046.399867
1046.452267
1046.582700
1046.641100
1046.688700
1046.725533
1046.779567
1046.821533
1046.883833
1046.921067
1046.978967
1047.002500
1047.048900
1047.076833
1047.268933
1047.439067
1047.963333
1048.206367
1049.267267
1049.292000
1049.945467
1049.980800
1050.216367
1050.284100
1050.474567
1050.523000
1050.554167
1050.697467
1050.782133
1050.849133
1050.900667
1051.934033
1051.958367
1051.972767
1051.982000
1051.984433
1051.989333
1052.006467
1052.018467
1052.034000
1052.062200
1052.328467
1052.708400
1052.712633
1052.716400
1053.145367
1053.148133
1053.187567
1053.806767
1053.941800
1054.220267
1054.227233
1054.290767
1054.583500
1054.675300
1054.767600
1054.800733
1054.866667
1055.000433
1055.087767
1055.154467
1055.211400
1055.272533
1055.289000
1055.301833
1055.351867
1055.398133
1055.402500
1055.418767
1055.445067
1055.479400
1055.566033
1055.818400
1055.917167
1056.532567
1056.646300
1056.804233
1056.833167
1057.697233
1057.987833
1058.136267
1058.174300
1058.201533
1058.844100
1058.880633
1058.911833
1059.038133
1059.121133
1059.303267
1059.391367
1059.436467
1059.503767
1059.566033
1059.621900
1059.679400
1059.719533
1059.763967
1059.797500
1060.608833
1060.836167
1061.189167
1061.193300
1061.538733
1061.984333
1063.330333
1063.362700
1063.581667
1063.637667
1063.672600
1063.704533
1063.736267
1063.888400
1063.935333
1063.995500
1063.997700
1064.004100
1064.022500
1064.027333
1064.035033
1064.041033
1064.067700
1064.086833
1064.143233
1064.205567
1064.767967
1064.800200
1064.881633
1064.956067
1065.004033
1065.320000
1065.361033
1065.815533
1067.741833
1067.967167
1068.139433
1068.754267
1068.769400
1068.785933
1068.793933
1068.823833
1068.855667
1069.534533
1070.126100
1070.167700
1070.200800
1072.316900
1072.392300
1072.417633
1072.507167
1072.541967
1072.595467
1072.715933
1072.901233
1073.442733
1073.538067
1073.595400
1073.617900
1073.654500
1073.708200
1074.432267
1074.466967
1074.496433
1074.531600
1074.555367
1074.582700
1074.621733
1074.666367
1074.697400
1074.823467
1074.861633
1075.124867
1075.514100
1075.902900
1075.947167
1075.998867
1076.035833
1076.808267
1077.432200
1077.441700
1077.457200
1077.477267
1077.588800
1077.658033
1077.754367
1078.147167
1078.416000
1078.589833
1078.646333
1078.668667
1078.696033
1078.747100
1078.798767
1078.875200
1079.013200
1079.053133
1079.083300
1079.110467
1079.136267
1081.035600
1081.327233
1083.651100
1084.677667
1084.727900
1084.776567
1084.812367
1084.851667
1084.887133
1084.925800
1084.971667
1085.134500
1085.150967
1085.161367
1085.240333
1085.310133
1085.378433
1085.428300
1085.447633
1085.507433
1085.583333
1085.649600
1085.734767
1085.799533
1086.370500
1086.433933
1086.474867
1086.529700
1086.585467
1086.809633
1086.840100
1086.874100
1086.910767
1086.961367
1087.008067
1088.037700
1088.369433
1088.404733
1088.434733
1088.472667
1088.526033
1088.575467
1088.652733
1088.689200
1088.753900
1088.775300
1088.820100
1088.857167
1088.893067
1088.927100
1088.973000
1090.141233
1090.941667
1090.975833
1091.895800
1092.193800
1092.257467
1092.334267
1092.375633
1092.398433
1092.400500
1092.461300
1092.615567
1092.628000
1092.633167
1092.641300
1092.646733
1092.654000
1092.666800
1092.686733
1092.701867
1092.733933
1092.764067
1092.786800
1092.862300
1092.917800
1093.869867
1093.907900
1093.933100
1093.952000
1094.024267
1094.046400
1094.075133
1094.145200
1094.673200
1094.704967
1095.297900
1095.412567
1095.469900
1096.284533
1097.008867
1097.489300
1097.524167
1097.550700
1097.567433
1097.601567
1097.627233
1097.681233
1097.730900
1097.774933
1097.808233
1097.868400
1097.896367
1097.921200
1097.933367
1097.968433
1098.205833
1098.261400
1098.602800
1098.677400
1098.952700
1098.995933
1099.107533
1099.355667
1099.854333
1099.899333
1100.015633
1100.367300
1100.435433
1101.332333
1101.420533
1101.602667
1101.740633
1101.788433
1101.903467
1102.070800
1102.093800
1102.114767
1102.164200
1103.068767
1103.097267
1103.790067
1104.535667
1104.765067
1105.006167
1105.291433
1105.327267
1105.729867
1105.778000
1108.765333
1109.275833
1109.829733
1109.962233
1109.996100
1110.095667
1110.140067
1110.159167
1110.182433
1110.209767
1110.282000
1110.398733
1110.408667
1110.415167
1110.425500
1110.436533
1110.438467
1110.460167
1110.477333
1110.490967
1110.514500
1110.771867
1110.876900
1111.620567
1112.047000
1112.785300
1113.157300
1113.188800
1113.207967
1113.333567
1113.886667
1113.926167
1113.984233
1114.008733
1114.055900
1114.098167
1114.140800
1114.164800
1114.189667
1114.220167
1114.241100
1114.254667
1114.279600
1114.378567
1114.868300
1116.154600
1117.004500
1117.295500
1117.348567
1117.430533
1117.470300
1117.598567
1117.656400
1117.670433
1117.683033
1117.690567
1117.693700
1117.722067
1117.743067
1117.790967
1117.960767
1118.039933
1118.586767
1118.719867
1118.822367
1118.875767
1118.924900
1119.738667
1119.793333
1120.965300
1121.028800
1121.064167
1121.103867
1121.361800
1121.425467
1121.648033
1121.760200
1122.119300
1122.167833
1122.204800
1122.247833
1122.281300
1122.298233
1122.368100
1122.392267
1122.430167
1123.625033
1123.853500
1124.790233
1124.879900
1124.973533
1125.058000
1125.067667
1125.082533
1125.087233
1125.096700
1125.107433
1125.139967
1125.181800
1125.278400
1125.321200
1125.428767
1125.433433
1125.941200
1126.162767
1126.199267
1126.231567
1126.277333
1126.455933
1126.595333
1126.676300
1127.884233
1128.226233
1128.241600
1128.267567
1128.308367
1128.366800
1128.429400
1128.502767
1128.541900
1128.592667
1128.618100
1128.970800
1129.049567
1129.132700
1129.244900
1129.303867
1129.369233
1129.415400
1129.485900
1129.523267
1129.536667
1129.548800
1129.584267
1129.615667
1129.713433
1129.972233
1130.348367
1130.553233
1130.635633
1130.711233
1130.765900
1130.854600
1131.018467
1131.125100
1135.389667
1135.535733
1135.961067
1136.024667
1136.054333
1136.131000
1136.743133
1136.921667
1136.967900
1137.037000
1137.334200
1137.418500
1137.468000
1137.533967
1137.562900
1137.581900
1137.660333
1138.497033
1138.959367
1140.346100
1141.392667
1141.430833
1141.444233
1141.469433
1141.481200
1141.507667
1141.537200
1141.559033
1142.122867
1142.125167
1142.147933
1142.604900
1142.683067
1142.817400
1143.067233
1143.124567
1143.174533
1143.290200
1143.305933
1143.310833
1143.324667
1143.336267
1143.347767
1143.354400
1143.371800
1143.404233
1143.439767
1144.115600
1144.172100
1144.553067
1144.580200
1144.629633
1145.116333
1145.214267
1145.371300
1145.409767
1145.496000
1145.529467
1145.703933
1145.835967
1145.870500
1146.463400
1147.258933
1147.393333
1147.410233
1147.435133
1147.441467
1147.733133
1147.775467
1147.814567
1147.837533
1147.867433
1148.008000
1148.053600
1148.132300
1148.157067
1148.208667
1148.236767
1148.262733
1148.276833
1148.297600
1148.307167
1148.312633
1148.340867
1148.357400
1148.384967
1148.422333
1148.507367
1148.563100
1148.599200
1148.661567
1148.742033
1149.270600
1149.386133
1149.463800
1149.538200
1151.045033
1151.387500
1152.076000
1152.285000
1152.311600
1152.329633
1152.347067
1152.413400
1152.668167
1152.701533
1152.733900
1152.768000
1152.773667
1152.941933
1152.969133
1152.995400
1153.043333
1153.424867
1153.518033
1153.526767
1153.570600
1153.576033
1153.603467
1153.629433
1153.699967
1153.753267
1153.844067
1153.927533
1154.607067
1154.825333
1154.866967
1155.059233
1156.110533
1156.131633
1156.136467
1156.793533
1156.979033
1157.001300
1157.338967
1157.944567
1158.052200
1158.095367
1158.128100
1158.168833
1158.201633
1158.226567
1158.255567
1158.394933
1158.399133
1158.411967
1158.417333
1158.436033
1158.445033
1158.473667
1158.541567
1158.957367
1158.996367
1159.437600
1159.551933
1159.750467
1159.800067
1161.039000
1161.885633
1161.917833
1162.025300
1162.232633
1162.287133
1162.485800
1162.542733
1162.611167
1162.712367
1162.807033
1162.884433
1163.143967
1163.160800
1163.171333
1163.196733
1163.216800
1163.254967
1163.451400
1163.503700
1164.088733
1165.029567
1165.472333
1165.595833
1165.773033
1166.077833
1166.712100
1166.767767
1166.813933
1166.847067
1166.880700
1166.910233
1166.944200
1167.004000
1167.071600
1167.119133
1167.154933
1167.204467
1167.278167
1169.397833
1169.760367
1169.893733
1169.903600
1169.915433
1169.928800
1169.948033
1169.957267
1170.483933
1170.749400
1170.814033
1170.918567
1171.064000
1171.119433
1171.506100
1172.859367
1172.916233
1173.112600
1173.138033
1173.153700
1173.217933
1173.331233
1173.484033
1173.556833
1173.676800
1173.750833
1173.872967
1173.957867
1174.209167
1174.243833
1174.379233
1174.395333
1174.450300
1174.589467
1174.630600
1174.646967
1174.698200
1174.884100
1174.931533
1174.972833
1174.995400
1175.031200
1175.090633
1175.126767
1175.182200
1175.216733
1175.247767
1175.295400
1175.488233
1175.904833
1176.008700
1176.067500
1176.121833
1176.159467
1177.089700
1177.132700
1177.802767
1178.270567
1178.642900
1178.907533
1178.918533
1179.350500
1179.436367
1179.452867
1179.548900
1180.110400
1180.213867
1180.259833
1180.314933
1180.452633
1180.467400
1180.469267
1180.471567
1180.483800
1180.506133
1180.517033
1180.691667
1180.754100
1180.794633
1181.048500
1181.637800
1183.092233
1183.147633
1183.158633
1183.431033
1183.670033
1183.733833
1183.789233
1183.850900
1183.941233
1183.999400
1184.070167
1184.254300
1184.339933
1184.418567
1184.492200
1185.252833
1185.515500
1185.801900
1185.876167
1185.920967
1186.022667
1186.031633
1186.057600
1186.078767
1186.092933
1186.108833
1186.163500
1186.208267
1186.251467
1186.800300
1186.816633
1186.832333
1186.849533
1186.862900
1186.897467
1187.351733
1188.309833
1189.092033
1191.070567
1191.073867
1191.105633
1191.240667
1191.449400
1191.570300
1191.978400
1192.128933
1192.481833
1192.535633
1192.573967
1192.598800
1192.654833
1192.714600
1192.760267
1192.808800
1192.822233
1195.842633
1195.897367
1196.278133
1196.332333
1196.533800
1196.597800
1196.829700
1196.896700
1196.934900
1196.974033
1197.002767
1197.077300
1197.195067
1197.220700
1197.236967
1197.242000
1197.253533
1197.266233
1197.273500
1197.316567
1197.353300
1197.406433
1197.455667
1197.506867
1197.605700
1197.712767
1197.781833
1197.838833
1197.946800
1198.006367
1198.091900
1198.154800
1198.380767
1198.431733
1198.510067
1199.452833
1200.395300
1200.750967
1200.878667
1200.911833
1201.083767
1201.152600
1201.263733
1201.313267
1201.391267
1201.444433
1201.503067
1201.542233
1201.572667
1201.652900
1201.787633
1202.023767
1202.130167
1202.150833
1202.186500
1202.228333
1202.267100
1202.327167
1202.435433
1202.471967
1202.488300
1202.495400
1202.507167
1202.521233
1202.531433
1202.576367
1203.568367
1203.662300
1203.866700
1204.742033
1204.865933
1205.058633
1205.464633
1205.732167
1206.543567
1206.666733
1206.934167
1207.034800
1207.166933
1207.192033
1207.345467
1207.546733
1207.587233
1207.947433
1207.973267
1208.025933
1208.066700
1208.097533
1208.165900
1208.219867
1208.324700
1208.339300
1208.351900
1208.364600
1208.373500
1208.411367
1208.794333
1208.867633
1208.881700
1209.460800
1209.523633
1210.758633
1210.951567
1211.188367
1211.698433
1211.983033
1212.057233
1212.149200
1212.185800
1212.225133
1212.261200
1212.504967
1213.568500
1213.639433
1216.373000
1216.384133
1216.396467
1216.715367
1216.733267
1217.229633
1218.488000
1218.571533
1218.627167
1219.128900
1219.391367
1219.427133
1219.968633
1220.379633
1220.423867
1220.841467
1220.893667
1220.941667
1221.420000
1221.807633
1222.673100
1222.714733
1222.750100
1222.789600
1222.831767
1222.850267
1222.878700
1222.908433
1222.939000
1222.989000
1223.093467
1223.143633
1223.211133
1223.540100
1223.642233
1223.895767
1224.120067
1224.133567
1224.141033
1224.262667
1224.274333
1224.282433
1224.295500
1224.338600
1224.363633
1224.401933
1224.450900
1224.624300
1225.174633
1225.253767
1225.287467
1225.325700
1225.402100
1225.447967
1225.524667
1225.587800
1226.961733
1226.977467
1227.103800
1227.205133
1227.246933
1227.262833
1227.310333
1227.666767
1228.046500
1228.113567
1228.166533
1228.244967
1228.516933
1228.565833
1228.719367
1228.742733
1228.765333
1228.817200
1228.839300
1228.940667
1229.046900
1229.080267
1229.090700
1229.104033
1229.155533
1229.190233
1229.229133
1229.280633
1230.997733
1231.605267
1232.154567
1232.203133
1232.731833
1232.771733
1232.830767
1232.866300
1232.954333
1233.510500
1233.556900
1233.592533
1233.627500
1233.673367
1233.760867
1233.806933
1233.918400
1233.936833
1234.698000
1234.778200
1235.435500
1235.539267
1236.042133
1236.281167
1236.337067
1236.362500
1236.384900
1236.396100
1236.495433
1236.574100
1236.637300
1236.692667
1236.759433
1237.344833
1237.355300
1237.389933
1237.413900
1237.560467
1237.848533
1238.101833
1238.305700
1238.718067
1238.765933
1238.819833
1239.041300
1239.291233
1239.335067
1239.428933
1239.475133
1239.606700
1239.674067
1239.733800
1239.932600
1239.992733
1240.630467
1240.660267
1240.683167
1240.706967
1240.785767
1240.821533
1240.855667
1240.893167
1240.941967
1240.963100
1241.053833
1241.317767
1241.900433
1243.629467
1243.652967
1243.675900
1244.045300
1244.589233
1244.773333
1244.809400
1244.868400
1245.016933
1245.087600
1245.143533
1245.176300
1245.196600
1245.211167
1245.216733
1245.998000
1246.061667
1246.202100
1246.260233
1246.336400
1246.898100
1247.494100
1247.928433
1248.043733
1248.327233
1248.346067
1248.378567
1248.567433
1248.589567
1248.748267
1248.854500
1248.894667
1248.932267
1249.078133
1249.116700
1249.158500
1249.325800
1249.371433
1249.456067
1249.572067
1249.590033
1249.622533
1249.668133
1250.059033
1250.590367
1250.979833
1251.591133
1254.912433
1254.927167
1254.955967
1255.597733
1255.727367
1256.173033
1256.575567
1257.348233
1258.120333
1258.490833
1258.549733
1258.596733
1259.321833
1260.933733
1261.092300
1261.205300
1261.281733
1261.345933
1261.411900
1261.821567
1262.744600
1262.909267
1263.747000
1264.444733
1264.774467
1264.822900
1264.892433
1265.696600
1265.826800
1268.666167
1268.944033
1269.005600
1269.138033
1270.155000
1270.904133
1270.996100
1271.300200
1273.361233
1273.582000
1274.059700
1274.114300
1274.253233
1274.291500
1274.652367
1274.701467
1274.722700
1275.042633
1275.158867
1275.195700
1275.326733
1275.379633
1275.439667
1275.467433
1275.500433
1275.548700
1275.582667
1275.621300
1275.692767
1275.719233
1275.732800
1275.736733
1275.767333
1275.775467
1275.782467
1275.799800
1275.849333
1275.892233
1275.933200
1276.091867
1276.153867
1276.233467
1276.288533
1276.400900
1276.580667
1276.616733
1276.727233
1276.770333
1276.843967
1276.882533
1277.102733
1277.311767
1277.436500
1277.448767
1277.482200
1277.490267
1278.390400
1278.779767
1279.224533
1280.286733
1280.326567
1280.383367
1280.425933
1280.475200
1280.528667
1280.629033
1280.677133
1280.728300
1280.788333
1280.810533
1280.883400
1280.930867
1280.983233
1281.082233
1281.335267
1281.358867
1281.389800
1281.856800
1282.140833
1282.525600
1283.370933
1284.074767
1284.096800
1284.219567
1284.234667
1284.940933
1285.577633
1285.648967
1285.765767
1285.814067
1285.909533
1286.000833
1286.250600
1286.310600
1286.450200
1286.652200
1286.700133
1286.776667
1286.798000
1286.822533
1286.831133
1286.848267
1286.855367
1286.860200
1286.862633
1286.893633
1286.981067
1287.205200
1287.237267
1287.280533
1287.430067
1288.040100
1288.601033
1289.359367
1289.496933
1289.516100
1289.765800
1289.781233
1290.035967
1290.055667
1290.091900
1290.114067
1290.150400
1290.184900
1290.238667
1290.302733
1290.335833
1290.427000
1290.575167
1290.604767
1290.660667
1291.206233
1291.619200
1291.708033
1293.720367
1294.085800
1294.152967
1294.517400
1294.946633
1295.434167
1295.455333
1295.508400
1295.536600
1295.586433
1295.613233
1295.640800
1295.673733
1295.731267
1295.771133
1295.833600
1295.852900
1295.866667
1295.885767
1295.912500
1295.970533
1296.157633
1296.231067
1296.364933
1296.685233
1297.037267
1297.042500
1297.256500
1297.419333
1297.433100
1297.478000
1297.787167
1298.460000
1298.701100
1298.783733
1298.853800
1298.900267
1298.932633
1299.006467
1299.054333
1299.077000
1299.110033
1299.132867
1299.181200
1299.266600
1299.308100
1299.495133
1301.312400
1301.330000
1302.027700
1302.652667
1302.692367
1302.811833
1303.026667
1303.056000
1303.080333
1303.121433
1303.431267
1303.514700
1303.701167
1304.208100
1305.468067
1306.846600
1306.866333
1307.021200
1307.630700
1307.648600
1307.659233
1307.662233
1308.383933
1308.513100
1308.610233
1309.584767
1309.656333
1309.695600
1309.736300
1309.755000
1309.784167
1309.816767
1310.017333
1310.054800
1310.137167
1310.199967
1310.494767
1312.511833
1312.528567
1312.532433
1313.002833
1313.732700
