0.014533
0.353700
0.481600
1.653267
1.852400
2.286100
2.736367
4.332733
4.358967
4.864167
5.863000
5.919767
6.197567
6.275367
6.507200
6.659900
8.358767
8.401200
8.469100
8.667333
9.186033
9.382867
10.150267
10.378567
10.854067
11.479300
12.238367
13.019600
13.052900
13.059267
13.142167
13.157900
13.185867
13.276267
13.403800
13.449333
13.513767
13.728267
13.932067
14.294533
14.322400
14.371900
14.597400
14.983900
15.294033
16.558767
16.594667
17.929633
18.011833
18.095000
18.172167
18.297300
18.797633
18.887667
19.267700
19.989133
21.632867
22.725667
23.091067
23.255867
23.328567
23.468667
23.725933
23.765200
23.904400
24.017867
24.516933
24.722233
24.761100
24.859800
24.899533
24.903300
24.938600
24.941833
24.990267
25.001733
25.029700
25.570533
27.034833
27.215067
27.255433
27.387667
27.399033
27.451467
27.479767
28.164767
28.244567
28.576000
28.926967
29.484300
29.767100
31.072533
31.343000
31.529233
31.629033
32.041300
32.223833
32.435267
32.735100
32.793767
33.155867
33.382733
34.482900
34.663300
34.735567
34.844367
34.917333
35.328267
36.086433
37.222500
37.526633
37.639700
38.805100
38.886767
39.102900
39.237000
39.251533
39.727300
39.963967
40.238433
40.308433
40.511467
40.854933
41.238533
42.054600
42.218333
42.330233
42.858300
44.986233
45.447400
45.522000
45.930567
46.029800
46.242333
46.751900
47.122733
47.228333
47.968100
48.176167
48.465900
49.005400
49.729967
49.745667
49.884400
50.238400
50.803633
50.956633
50.984667
51.314733
51.345700
51.421600
52.358700
52.382400
53.052533
53.353333
53.484000
54.007200
54.484900
54.515233
55.088200
55.555433
55.766933
55.847333
55.895167
55.918567
55.939733
56.212133
56.483300
56.840533
56.874233
57.118700
57.121833
57.184167
57.186567
57.267867
57.300200
57.486867
58.347467
58.496533
58.543267
59.416167
59.745933
60.016667
60.034767
60.254433
60.290000
60.470100
60.585167
60.658367
60.677467
60.769433
60.879600
60.959200
60.963167
61.194400
61.366500
61.457800
61.559967
61.593700
61.674533
61.993000
62.056433
62.316033
62.638600
62.671900
62.913833
63.336567
63.462067
63.530567
63.569767
63.616367
64.456333
64.727400
64.969767
64.990933
65.555133
65.639867
65.869033
66.176500
66.186667
66.589700
66.789800
66.894433
67.218300
67.221500
67.502267
68.508167
68.922900
69.400433
70.066133
70.100700
70.382433
70.428233
70.548333
70.815900
71.327600
72.001267
72.456800
72.569033
73.627467
74.031500
74.263700
74.277700
74.305967
75.218233
75.419467
76.091367
77.425967
77.712000
77.728533
77.861867
79.215233
80.740767
80.881933
83.410533
83.589300
84.359267
84.860233
85.664000
86.335500
86.376633
86.619167
86.987167
87.104033
87.188500
89.822567
90.735433
91.151700
91.498100
91.697167
94.791933
95.462667
96.054567
96.489067
96.553167
97.070967
97.100267
97.220867
97.295200
97.318900
97.491067
97.955200
98.115900
98.177833
98.239433
98.399700
98.868067
98.940567
98.960267
99.056367
100.023867
100.596500
101.450967
101.882933
102.233333
102.432667
102.711467
103.270367
103.311533
103.557767
103.595233
104.144100
104.293500
104.501267
104.833200
105.731600
105.779233
105.804667
105.967700
106.022700
106.364567
106.621267
106.727000
106.765000
106.838500
106.856133
107.010700
107.443367
107.540067
107.562467
107.712833
107.839267
107.862833
107.935367
108.252433
108.367767
109.306433
110.111600
110.179200
110.259233
110.407233
111.903433
112.547400
113.554733
113.781733
113.784100
113.953433
114.297033
114.379100
114.456067
114.937167
115.539700
116.485700
116.714567
117.331167
117.955567
119.068000
119.323633
119.751233
119.830667
121.197600
121.968033
121.969733
122.163900
122.364967
122.472967
122.544567
122.633633
122.671567
122.962200
122.967567
123.014300
123.872867
124.413400
124.589267
125.180900
125.470533
125.547433
125.756700
126.121367
126.590267
127.372233
127.397267
128.075100
128.127667
128.290333
128.603100
129.329067
130.524167
130.569133
130.658300
131.291400
131.327500
131.413000
131.880633
132.096900
132.853000
133.240667
133.325767
133.369800
133.401000
133.408667
133.449533
133.472433
133.665133
133.996000
134.149700
134.177033
134.730567
135.377300
135.460867
135.464500
136.059000
136.099467
136.159133
136.335300
137.024633
137.729700
138.090000
138.574467
139.016067
139.175433
139.221067
139.758600
140.152267
140.154433
140.705700
141.073033
141.166700
142.130300
143.242900
143.363933
143.511333
143.649267
144.016500
144.081900
144.600500
144.891067
145.986933
146.069300
146.293967
146.331267
146.617633
146.708367
146.714467
146.915233
146.919967
147.001733
147.068433
147.205267
147.448867
147.521967
147.640000
147.719200
149.956500
150.376733
150.416067
150.431133
150.900800
151.096900
151.176100
151.230967
151.979533
152.406733
152.429900
152.457800
152.506400
152.543200
152.550300
153.123600
153.163733
153.375733
153.397900
153.420833
153.445500
153.517633
153.583933
153.651800
153.816767
154.826233
155.891300
156.418900
156.553133
156.660033
156.694300
156.936033
156.945933
157.034867
157.237933
157.430467
157.818700
157.994433
158.430600
158.642867
158.710000
158.726167
158.747033
159.152600
159.311533
159.355833
159.607700
160.079633
160.148933
160.237300
160.497733
160.524667
161.552967
162.055733
162.072433
162.188900
162.203067
162.373967
163.670933
163.940667
164.663633
166.024500
166.584500
166.783900
167.750667
169.157800
169.436933
169.987933
170.043833
170.380467
170.408767
170.471567
170.495533
170.644633
171.590833
171.637700
171.733533
171.852767
172.068367
173.469800
173.813100
174.204967
175.850900
175.871167
177.125633
177.263900
177.508767
177.578600
177.678267
178.321167
178.671167
179.959933
180.776933
181.151333
181.259433
181.382233
181.947500
182.228600
182.254100
182.287967
182.351567
182.370100
182.990933
183.075367
183.752800
184.177167
184.210400
184.241900
184.430333
186.651833
187.148533
187.195667
187.492800
187.823600
188.101300
188.452033
188.693467
188.711967
188.835800
189.330633
189.876967
190.017367
192.231500
192.304067
192.650833
192.949833
192.961167
193.135800
193.636200
193.691100
193.885267
193.983967
194.003400
194.388633
194.597367
195.487233
197.371300
197.530700
197.850600
198.047267
198.537800
198.654867
199.746333
200.195367
200.451800
200.599867
200.663900
200.777433
200.805600
200.849600
201.128767
201.195867
201.389833
201.760200
201.887000
202.104533
202.270500
202.692033
202.935733
203.246633
203.264100
203.969367
204.062067
204.086800
204.104900
205.349133
205.402467
205.460800
205.464400
205.587467
205.676800
207.571500
208.032067
208.270067
208.936600
208.994700
209.040433
209.248700
209.452800
209.941167
210.233767
211.372800
211.521200
212.007367
212.089100
212.246000
212.381267
212.643767
212.661467
212.678433
212.884667
212.919600
213.103433
213.227200
213.357767
213.529033
213.585233
213.631167
213.862700
215.980733
216.036867
216.262200
216.432300
216.837733
217.054267
217.109367
217.132733
217.375567
217.379367
218.246233
218.361433
218.388000
218.395600
218.705500
218.715767
218.811567
219.013133
219.034167
220.506600
220.527467
221.265800
221.507833
221.578233
222.060600
222.071567
222.468867
222.606633
223.068133
223.572933
223.869267
224.236867
224.279300
224.608667
224.693600
224.874100
225.236433
225.633000
225.784600
225.800700
225.832500
225.885467
226.862633
227.167567
227.186067
227.391533
227.525167
227.943267
228.061233
228.081500
228.162300
229.249433
229.383133
229.718067
229.804133
230.581133
231.234533
231.307400
231.345533
231.580867
231.585567
233.339733
233.789700
233.810900
233.843567
234.162367
234.482167
234.813700
235.137467
235.470067
236.437133
237.637800
237.911200
238.018933
238.180033
238.696600
239.554167
240.440467
241.301667
241.559100
241.609967
241.709700
241.791933
241.820567
242.009533
242.412600
243.293567
243.759600
243.866133
243.920933
244.416333
244.636033
246.280400
246.656300
246.864100
246.953333
246.985800
247.278367
247.534900
247.660767
247.766067
248.489133
249.276667
249.353167
250.190833
250.742967
251.755800
252.356167
252.996733
253.186900
254.101800
254.154433
254.485767
254.683600
254.779300
255.166233
255.372367
255.408833
255.459267
255.680900
255.737867
257.231467
257.800567
259.427667
260.479333
261.210567
262.359900
262.465967
262.516367
262.895233
262.940800
263.571033
263.722467
263.862100
263.868567
264.699933
265.544367
265.867933
266.124667
266.135367
266.206033
266.430400
266.538167
266.620967
266.651033
267.548067
268.344067
268.703833
268.838200
268.890800
269.456367
269.625500
269.877333
270.101100
270.386000
270.560400
270.764167
272.259567
273.626733
274.707067
274.866233
275.381267
275.984567
276.004600
276.302933
277.015667
277.038400
277.258767
277.458100
278.237533
278.909433
279.055133
279.101400
279.600700
279.903533
280.074600
281.187133
281.248267
281.587067
281.632433
281.750067
281.917167
281.938067
281.952167
281.980633
282.462133
282.740400
282.787400
283.110567
283.478833
283.506733
283.597133
283.746067
284.029733
284.786533
285.135767
285.810033
286.221600
286.298333
286.409133
286.695033
286.746400
286.892167
286.938067
286.975667
287.048900
287.118467
287.179000
287.328100
287.877567
288.135400
288.162667
289.153033
289.869767
290.353267
290.786000
290.827267
290.833267
291.528767
291.641467
291.656467
292.154167
292.420800
292.490900
293.255000
293.789967
295.229433
295.453167
295.492533
295.625267
295.679467
295.969867
296.289900
296.450267
296.644400
296.661967
297.135867
297.561267
297.828800
298.840867
299.110100
299.229333
299.376567
301.302100
301.330433
301.336300
301.816333
301.828167
301.867400
301.915233
301.970633
302.033567
302.071533
302.310800
302.371133
302.754567
303.044967
303.161900
303.677133
303.808133
304.136167
304.240900
305.194067
305.286533
305.355733
305.567500
305.664867
305.751367
306.527533
306.758000
306.864433
306.973167
307.441900
307.629900
309.118667
309.302000
309.423500
309.484267
310.564433
311.010433
311.329433
311.364600
311.368133
311.397267
311.437433
311.461367
311.478433
312.334400
312.683767
314.519000
314.741733
315.570667
316.375533
316.895567
317.160667
317.699967
317.805400
318.521167
318.613000
318.654633
318.671233
318.722133
318.734333
320.245267
320.621867
321.913067
321.973500
322.638033
323.614467
323.628700
323.694300
323.740433
323.956867
324.287400
324.566733
324.844867
324.969033
325.232700
325.487167
325.526867
325.925200
326.939567
326.972500
326.998500
327.057833
327.245200
327.353700
327.405700
327.421333
327.489267
327.847967
327.878267
327.938667
328.139867
328.290800
328.419333
328.454667
328.482800
329.008767
329.355233
329.617333
329.674767
329.804500
330.113567
330.416233
330.878933
330.956267
331.527767
331.931367
332.821833
332.883400
333.083900
333.145500
333.160300
333.287700
333.469433
333.569967
333.682967
334.158833
334.451067
334.754633
335.397833
335.792067
335.935133
336.021333
336.986700
338.128567
338.418933
338.430333
338.449867
338.667467
338.701100
339.345333
339.512100
339.713533
339.882800
340.135867
341.111733
341.255767
341.663933
342.324600
342.912333
342.951833
343.041800
343.845433
344.088533
344.140400
344.522733
344.529867
344.568900
344.631000
344.859767
345.255933
345.363067
345.383967
345.524900
345.588733
345.910833
346.666333
346.791300
346.812600
346.831133
346.854967
347.076167
347.228700
347.399267
347.479533
348.371200
349.160133
349.230200
349.581067
349.936600
350.113533
350.805667
350.871300
351.202933
351.309867
351.418600
351.483267
351.881067
352.277433
352.625233
352.792733
352.972867
353.060933
353.180200
354.303333
354.777233
354.852267
354.870233
355.082233
355.274333
355.901467
356.274867
357.977200
358.091133
358.399567
358.899367
359.680467
360.197500
360.472133
362.597867
362.611100
362.705433
362.709267
363.050933
363.877000
364.558933
365.669300
366.127500
366.665567
367.984067
368.549867
368.623000
368.690467
368.733033
368.942133
369.261600
369.328067
369.513633
369.744933
369.820867
369.839267
369.966333
370.404700
370.693000
371.235733
371.402767
371.740000
371.810933
372.257667
372.358833
372.435167
372.486867
372.518733
372.562767
372.615933
372.738833
372.925567
372.948667
373.043167
373.230900
373.381100
373.392800
373.832600
373.881500
374.137300
374.145033
374.920800
374.959367
374.992833
375.040033
375.909333
377.955067
378.025333
378.041900
378.151200
378.284100
378.657400
378.709600
378.790533
379.332667
379.422400
379.645200
379.727233
381.766500
382.247267
382.368700
382.393033
382.553967
382.813567
383.102567
383.268133
383.864933
384.106333
384.721500
385.058700
385.344433
385.414633
385.626667
385.871767
385.918133
385.994867
386.066833
387.187200
387.385600
387.411133
387.532667
388.154733
388.442900
388.557933
388.812000
388.864467
389.377800
389.617900
389.713733
390.265967
390.556667
390.563667
390.736167
390.967200
391.029733
391.476400
392.154233
392.222767
392.270933
392.453300
392.575567
394.048833
394.176500
394.548367
394.787367
395.335867
395.357967
395.388900
396.632900
396.941133
397.045267
397.491400
397.509500
397.565233
398.382133
398.668200
398.689767
398.762533
398.794433
399.269500
399.411067
399.745133
400.103867
400.347133
402.078000
402.179200
402.506567
402.873700
402.939667
402.967467
403.662233
403.681800
403.759533
404.063633
404.104833
404.120333
404.168100
404.276733
404.314500
404.532900
404.545867
404.637833
404.679800
404.735833
404.863967
405.015667
405.116200
405.162267
405.721333
406.860933
406.896733
407.042133
407.086400
407.273300
407.759400
408.266800
408.421433
408.775733
409.117467
409.148967
409.245800
410.003767
410.416100
410.453633
410.569933
410.952200
411.754333
411.906133
411.936233
412.174367
412.941700
413.157800
413.193467
413.253167
413.516900
413.759100
414.304033
414.332700
414.399033
414.845900
416.369700
416.572100
416.665000
416.809967
416.869933
416.886900
417.298067
417.334200
417.430467
417.679367
418.095667
418.180733
418.477600
421.882667
421.927833
423.558967
423.895100
423.961233
424.101200
424.115900
424.213767
424.322733
424.626900
424.733333
425.918100
425.949433
426.408433
426.694767
426.854267
427.154800
427.246133
427.383133
427.385100
427.399300
427.514633
427.606967
427.613800
427.761667
427.851833
427.870433
428.872700
428.908733
429.085667
430.378533
430.639900
430.842900
431.137500
431.380033
431.411867
431.767033
432.901467
433.161833
433.339500
433.482600
433.792333
434.540633
434.741567
435.001000
435.736367
435.768300
435.774967
435.782300
436.241133
436.517600
436.833567
437.496533
437.559300
437.616933
437.840233
438.792733
438.803200
438.826000
438.882000
439.126967
440.029767
440.120533
440.319900
441.067167
441.681333
441.790000
441.897667
442.230700
442.326067
442.502067
442.570933
442.755100
443.046333
443.422667
443.920600
444.468600
444.835133
444.924867
445.073167
445.093000
446.357167
446.408333
446.873567
447.063400
447.095300
447.099033
447.233833
447.403367
447.496133
447.507667
447.515333
447.663867
447.719300
447.787767
447.855833
447.967200
448.005767
448.017000
448.393900
448.522600
448.548433
448.574167
448.703700
448.720400
448.855833
449.024200
449.078800
449.103933
449.116533
449.585767
449.722800
450.039333
450.306933
450.474467
450.534667
450.770967
451.919300
452.476167
452.506600
452.864067
453.795567
453.830333
454.717633
454.779800
455.347767
456.086433
456.097233
456.273900
456.432300
456.513033
456.832367
457.881467
458.418933
458.529767
459.614533
460.025933
460.123000
460.210867
460.628733
460.966033
461.179000
461.348833
462.505433
463.425433
463.598100
463.996700
464.296100
464.332233
464.627467
464.885100
465.279500
465.837433
465.979633
466.183533
466.396433
466.447700
467.050767
467.207567
467.229133
467.233167
467.623533
468.445633
468.467400
468.900233
469.335833
469.877000
470.227567
470.321300
470.402533
470.664400
471.608667
471.962067
472.229700
472.301700
472.340400
472.344100
472.358533
472.412233
472.957933
473.018400
473.222633
473.232833
473.299733
473.310767
473.452733
473.513900
473.600467
474.083200
474.108900
474.157767
474.181400
474.332667
474.766000
474.933433
475.053733
475.626300
475.875733
476.149300
476.684767
476.747800
476.875100
476.921300
477.104100
478.140467
478.211767
478.271467
479.359833
479.477367
479.593333
479.887533
480.498400
480.673867
481.250800
481.313200
481.605733
481.635500
481.711233
482.654933
483.674633
483.936633
484.639933
484.673100
484.846400
484.898633
485.150533
485.522967
486.715200
487.173700
489.961300
490.048667
490.324200
490.857967
490.885867
490.942067
491.005700
491.108467
491.502600
492.873700
493.040133
493.116633
493.127233
493.627300
494.189867
494.221900
494.502633
494.536300
494.540767
494.568967
494.640567
494.654667
494.987100
495.146300
495.369867
495.401367
495.809033
496.207067
496.595900
497.155100
497.585367
498.128533
498.440000
498.707467
499.304467
499.348867
499.616800
499.704400
499.963400
500.074867
500.125867
500.235433
500.621600
500.769433
501.332933
501.429167
502.655933
505.083800
505.309400
505.607433
505.765867
505.886533
506.130667
507.448267
507.739300
510.068200
510.090300
510.094967
510.166967
510.510300
510.783533
510.802067
510.822467
510.842900
510.871433
510.894000
510.923067
511.074500
511.177567
511.449400
512.001633
512.019067
512.038833
512.140400
512.193867
512.210833
512.221700
512.343667
512.383133
514.044533
514.701467
515.364833
515.451733
515.471267
515.854967
515.919733
516.445033
516.761800
516.871300
517.115933
517.670067
517.689633
517.856100
517.918600
518.120600
518.771700
518.846700
519.223733
519.574667
521.884267
522.572033
522.705400
522.843567
523.251567
523.446833
523.514000
523.545100
523.681867
523.874000
524.025800
524.188800
524.235933
524.585600
524.638100
524.639867
524.710433
524.790033
524.866400
525.209900
525.373667
525.469767
525.578400
525.612067
525.881833
525.905400
525.909400
525.945267
526.458233
526.771567
527.884533
528.453067
528.468700
529.822133
529.951233
530.806767
531.163467
531.244267
531.251233
531.559733
531.566267
532.459700
532.982467
533.028633
533.196400
533.971033
534.082000
534.161067
534.506300
534.881000
535.911333
536.049333
536.075567
536.129733
536.274700
536.956067
539.490767
539.499300
539.531100
539.703967
539.869933
539.972367
540.078467
540.236200
540.266900
540.869233
541.739700
543.105533
543.550433
544.698900
544.810933
544.994433
545.048833
545.199267
545.449667
545.657500
545.757533
545.805067
546.007800
546.532433
546.930100
548.505533
548.719233
548.940000
548.949767
549.118200
549.551967
549.757400
550.037033
550.333467
550.792767
552.150500
552.266067
552.688367
552.915400
553.107700
553.208533
553.484200
553.505800
553.655233
553.855300
553.872833
554.075300
554.171033
554.277267
554.344433
554.508733
555.064067
555.191567
555.840067
555.874600
555.933500
556.140300
557.751567
558.133533
558.147900
558.814433
558.965200
559.147467
559.184467
559.275133
559.601100
559.648833
559.675133
559.698500
559.721067
560.015167
560.531967
560.863633
561.784367
561.795900
561.848000
561.999200
562.335233
562.460933
562.540567
562.582733
562.603800
562.764733
564.406867
566.011133
566.916667
568.104133
568.974400
569.018467
570.165933
570.408533
571.144333
571.441200
571.555467
571.801367
572.181567
572.416100
572.463967
572.597600
572.618067
572.793100
573.156267
573.248900
573.652633
573.755800
574.633767
575.223667
575.403500
575.513633
575.574533
575.868900
576.091667
576.327300
576.359300
576.708167
577.343067
577.362967
579.216367
579.239167
579.368133
579.378800
579.707933
580.597867
581.404333
581.738933
582.758233
582.833700
583.536900
583.580933
583.590633
584.099700
585.747433
585.912767
587.283567
587.465167
587.558533
588.283033
588.589600
588.698700
589.034800
589.542233
589.941867
590.521100
591.164900
591.957267
592.133100
593.463733
593.868767
594.036033
594.237467
594.295967
594.460567
595.392600
595.498867
595.762167
595.797233
596.162933
596.214200
596.327233
596.346567
596.397367
597.178733
597.611267
597.804867
598.322800
598.326067
599.275700
599.326167
599.433133
599.624300
599.655467
599.708633
599.798833
599.949967
600.117033
601.224133
602.452667
603.267567
603.418833
604.200933
604.986367
605.591133
605.768400
606.597133
606.778400
606.912367
606.999633
607.080333
607.525100
607.944833
608.594833
609.707867
610.685500
610.927900
611.321367
611.650500
613.999067
614.143300
614.702200
614.713400
614.724000
614.729033
614.779067
614.781567
614.823000
615.049067
615.360067
616.024200
616.864267
617.074533
617.099800
618.928800
618.952400
619.042100
619.096567
619.123133
619.144867
619.370833
619.701600
619.782067
619.817367
619.888300
619.914700
619.922800
620.235833
620.261867
620.266067
620.721967
620.924100
621.106000
621.188933
621.569600
621.577633
621.601267
622.258533
623.089900
623.555000
623.599433
623.858867
623.984167
624.130833
625.722500
626.293667
626.447900
626.474800
626.707533
626.808100
626.868633
626.939867
627.363800
627.375333
627.389633
627.588467
627.616267
627.753200
628.094867
628.212567
628.237367
628.465033
628.516500
628.680967
628.822467
629.105333
629.182500
629.184167
629.460167
629.734967
629.889933
630.192933
630.210200
630.229533
630.532600
630.972100
631.220567
631.366700
631.865633
632.273133
632.425933
633.021367
633.876967
634.560133
634.754233
634.767733
634.822000
635.240767
635.282133
635.348967
635.406233
636.850233
636.892967
636.947967
636.962833
637.437933
637.981700
638.083067
638.122900
638.181800
638.323633
638.336500
638.519500
638.664400
638.775567
638.782433
639.176433
641.005467
641.272567
641.574067
642.037433
642.083367
642.457600
642.804733
642.828967
643.257700
643.499967
643.949033
644.413000
644.681167
644.902367
645.592333
647.375600
647.523233
647.991033
648.313400
648.980233
650.310000
650.666733
651.084167
651.247067
651.619633
651.669333
651.803600
651.914600
651.966133
651.997367
652.772767
652.825900
653.447467
653.709500
654.627567
654.740433
655.104067
655.353700
655.598967
655.660833
655.745500
656.441367
656.536233
656.649467
656.941700
656.949700
658.721467
658.848500
659.176733
659.373300
659.740067
659.788400
659.845467
660.012933
660.151933
660.327400
660.459333
660.488700
660.758633
660.786733
660.966267
661.201500
661.305033
661.389767
661.430733
662.677867
663.047267
663.164200
663.247767
663.472500
663.900733
663.966900
664.086867
664.240300
664.964267
665.636900
667.117500
667.472233
667.920467
668.272067
668.714733
668.781000
668.794533
669.784000
669.912600
669.972233
670.018800
670.464633
671.099267
671.132567
672.726467
673.788433
674.245033
674.277933
675.965900
676.894833
676.926933
677.394700
677.475567
677.501467
677.545533
677.611667
677.665667
678.349933
678.470700
678.479600
679.834733
679.974367
680.087067
680.274467
680.299533
680.404500
680.473033
680.993067
681.110000
681.319933
681.355733
682.154833
682.332600
682.666167
682.739733
682.937567
683.793267
684.050233
684.148467
684.170567
684.221533
684.243933
684.408667
684.542567
684.544767
684.729767
684.743767
684.840267
685.073233
685.420700
686.683700
686.712633
687.868767
688.050067
688.102567
688.226900
688.885233
689.525300
689.622933
689.767800
691.082700
691.554067
691.801400
691.999000
692.130467
692.953800
694.431233
694.879467
695.052633
695.384467
695.458333
695.543200
696.399300
696.654900
697.137500
697.573267
697.886600
698.373300
700.926633
700.928400
701.648333
702.404533
704.113633
704.289900
704.623900
705.158867
705.250433
705.277200
705.713567
705.952167
706.023667
706.212167
706.279433
706.372867
706.671500
706.735700
707.267400
707.365467
707.723700
707.736233
707.776833
708.629433
708.686100
709.011333
709.209667
709.367167
709.664500
709.940400
710.263533
710.358867
710.570567
710.751400
711.000267
711.035800
711.099700
711.187433
711.714100
712.008000
712.046567
712.149133
712.304700
712.368233
712.413633
713.412433
713.668733
715.558233
716.245033
717.136767
717.593133
717.988967
718.411133
719.310233
719.395567
722.243167
723.338100
723.441233
723.570833
723.586233
723.613233
723.817433
724.074633
724.571767
726.397467
726.435300
726.486533
726.545400
726.581133
726.699300
726.771467
727.149467
727.610600
729.496433
730.170567
730.379800
731.294900
731.464533
731.776000
731.785333
732.465067
733.144667
733.972100
734.038300
734.210267
734.277633
734.467900
734.541400
734.833400
735.637400
735.716967
735.878567
735.996000
736.054567
736.305500
737.486900
738.900800
739.076100
739.830367
740.808567
740.959667
741.350433
742.891767
743.192633
743.548333
743.774233
743.892800
743.966667
744.448600
744.822767
745.157233
746.978033
748.409400
748.534800
748.654233
749.937967
750.155200
750.638900
750.991767
751.078900
751.368867
752.021067
752.048100
752.175067
752.343667
752.553400
752.585467
752.629400
752.692700
752.705267
752.751700
752.834233
753.922867
754.401200
754.909933
754.972867
755.023100
755.366000
755.597200
756.103633
757.544167
758.069400
758.634167
758.849700
759.182300
759.608267
760.091400
760.597633
760.895567
761.263667
761.959833
762.018100
762.309933
762.337233
762.351767
762.559533
762.739633
763.789467
765.392033
765.624767
766.963633
767.322767
768.689167
768.748800
768.811900
769.460367
769.793067
769.832067
770.152667
770.336300
770.525367
770.677733
770.859633
772.346067
772.352600
772.657300
772.709000
772.808867
773.211767
773.299667
774.080433
774.600133
774.719067
774.800533
774.846033
775.283067
775.651700
775.783533
776.345033
776.587100
778.500500
778.562133
779.715400
781.066100
781.806033
783.339367
784.463433
784.724300
785.031800
785.125367
785.680100
786.398100
786.642300
787.664167
788.137200
790.625333
790.884833
791.056267
791.311433
792.181433
792.280667
792.624633
792.973367
793.384533
793.474733
794.649367
794.677800
795.382233
796.561767
796.847467
796.876700
797.021400
797.295700
797.454900
797.517133
797.605700
797.826467
798.031700
798.496033
798.497967
798.603033
799.499033
799.691900
799.750967
799.867567
799.924900
799.929533
800.143967
800.544600
800.597367
802.386400
802.658733
803.206067
803.247500
803.291767
803.458600
803.646667
803.703100
803.742000
803.779367
804.230433
804.824367
805.633200
805.982967
806.370333
806.909733
807.260900
807.331333
807.757600
808.195400
810.228167
810.586100
810.831433
811.104533
811.136867
811.322633
812.750500
813.532867
813.961267
814.277433
814.282167
814.664400
814.896033
815.091667
815.160533
815.243867
815.681333
815.702100
816.535567
816.603567
816.934867
817.163633
817.668500
817.886600
817.945200
820.882233
821.265667
821.573200
821.592733
821.660067
822.307733
822.358467
822.769500
823.185367
823.558700
823.607967
824.270533
824.515833
824.694167
824.752000
825.305533
825.334800
825.415933
826.324400
826.356367
826.701667
826.733000
826.773267
826.811133
827.353967
828.725700
829.027367
829.209633
829.327700
829.348333
829.534333
831.156233
832.765833
833.759967
833.771833
834.579167
834.904900
835.077200
835.184767
836.593100
836.832500
837.381900
837.407267
837.439867
837.643567
838.181067
838.387167
838.594100
839.069933
839.305633
839.412367
839.801600
840.082133
840.355733
840.547967
840.664833
840.798567
841.081133
841.738800
841.783700
842.200467
842.352500
842.471400
842.883267
843.150400
843.785333
844.911500
845.382500
845.605900
846.068933
846.712867
846.733533
846.792367
847.262867
847.825300
847.869300
847.893033
848.104333
850.474300
850.616267
851.079600
851.339100
851.432533
851.718467
851.821133
851.874400
852.025667
852.030067
852.044600
852.103833
852.198733
852.458767
852.877000
853.128067
853.216400
853.282033
854.581400
854.644533
854.680833
854.894167
855.229333
855.453233
855.518167
855.624833
855.688933
856.449067
856.490133
856.871933
857.171500
857.412067
858.592000
858.680767
858.765500
858.773867
859.835767
859.976267
861.132767
861.225467
861.448333
861.550667
862.308633
862.347167
862.819267
864.301833
865.449267
866.816967
867.373167
867.395167
867.902833
868.749000
869.387000
869.403333
869.599733
870.508167
870.566867
870.624133
870.627767
871.308867
871.386867
871.440633
871.743367
872.559400
873.009133
873.127700
873.744900
873.843167
873.878533
874.597433
874.830433
875.311533
875.545400
875.719100
876.154900
876.202600
876.644300
877.005433
878.546933
878.744433
879.295867
879.629967
879.887867
880.576300
881.099967
881.555000
882.120000
882.157133
882.191033
882.289533
882.530433
882.564733
882.746200
883.078833
883.260533
883.414433
884.830467
888.048100
888.103467
888.502300
888.670633
888.924200
889.147733
890.293333
890.576400
891.853033
891.904767
892.370733
892.466867
892.487300
892.588600
892.643133
892.927367
892.932133
892.965233
894.015900
894.303700
894.891900
894.968067
895.062033
895.133567
895.362233
895.423300
895.616600
895.709067
895.991667
896.574533
896.860300
897.075133
897.144200
897.179567
897.205633
897.208233
897.813267
898.308367
898.736433
899.829767
900.025200
900.140300
900.164800
900.293100
901.183567
902.002267
902.601467
902.633233
902.755200
902.807033
903.372733
903.999100
904.082533
904.118533
904.162667
904.961800
905.059867
905.132533
905.314867
905.352267
905.573600
905.809733
906.005067
906.397800
906.957467
907.399600
907.619500
907.976367
908.949033
908.997267
909.126000
910.020933
911.113600
911.348833
911.635267
912.256267
913.195967
913.592633
913.614600
914.007733
914.246467
914.251300
914.828467
915.636133
916.538400
916.901833
917.872400
918.030100
918.583400
919.181467
919.255500
919.335300
919.391933
919.730733
920.169267
920.301300
921.401300
923.038433
923.970933
924.005933
925.164000
925.168833
926.207067
926.894333
927.181633
928.487900
928.515400
929.152033
929.294467
929.679033
929.972433
930.174400
930.293700
931.877967
932.505900
932.589633
932.624967
932.779200
932.912700
933.100233
933.194933
933.201133
933.247600
935.840067
935.876833
936.428733
937.606400
937.997233
938.293867
938.631200
939.563400
940.437233
941.013900
941.249100
944.608667
944.682533
945.290967
945.359600
945.471533
946.060367
947.548600
950.091067
950.185400
950.299033
950.425367
950.521167
950.725067
950.769500
950.844367
951.384300
952.938933
953.705233
953.777300
953.866500
954.095667
954.571033
954.844533
954.886633
955.878967
956.144467
956.188867
956.254900
957.001500
957.438267
957.615733
957.652133
957.740933
957.767033
958.035600
958.934167
959.603000
959.604667
959.822300
959.849533
960.333467
961.744067
962.177433
962.481433
962.564600
962.638100
962.850133
962.887167
963.212933
963.248700
963.383900
963.456767
963.520067
964.127133
964.306700
966.089833
966.534233
966.538900
966.601567
968.842267
968.899567
969.034100
970.217767
970.328833
970.744067
970.788000
971.198067
971.308367
971.451367
971.458733
972.351867
972.815033
972.874300
972.925667
975.164400
975.691767
975.868800
975.997433
976.028833
976.072633
976.102633
976.196800
976.213200
976.287700
976.291633
976.461000
976.469967
976.511600
976.586233
976.945500
977.191133
977.513133
977.523067
977.627633
977.913133
977.955600
978.011967
978.090767
978.542500
980.085000
980.229000
981.100700
981.111367
981.166633
981.294000
981.827100
983.655700
984.412533
984.710367
985.229000
985.291033
985.785433
986.459067
986.662067
987.901267
987.920533
987.961200
988.083567
988.931767
988.959367
989.088867
989.217333
989.313900
989.431667
990.378100
990.700500
990.905200
991.828967
992.126733
992.251667
993.626167
994.283300
995.339067
995.531300
996.288567
997.065267
998.329133
999.280767
999.614467
999.716800
999.967667
1000.013533
1000.088967
1000.145800
1000.196033
1000.521000
1000.650133
1001.164833
1001.960800
1002.184700
1002.578600
1002.682233
1002.938167
1003.211067
1003.316833
1003.544200
1004.216867
1004.579233
1004.784267
1004.808200
1004.894833
1004.979933
1005.191633
1005.240667
1006.051367
1006.076733
1007.747000
1008.001067
1008.069433
1008.111167
1008.137967
1008.185267
1008.189100
1008.206100
1008.270067
1008.328900
1008.341900
1008.347000
1009.278667
1009.344767
1009.654900
1011.073467
1011.483200
1012.008133
1012.078200
1012.152067
1012.484433
1012.522367
1012.796100
1012.912467
1012.931133
1012.959733
1013.682000
1014.046267
1014.274667
1014.654033
1014.917500
1015.655033
1015.749533
1015.947333
1016.018067
1016.189600
1016.731933
1016.892033
1017.209767
1018.095067
1018.235333
1019.772433
1020.178033
1020.183567
1020.407233
1020.418067
1020.766067
1021.155433
1021.710900
1022.208433
1022.667033
1022.765233
1022.999200
1023.532500
1023.608933
1024.049133
1024.060633
1024.303767
1024.365067
1024.909900
1024.913767
1025.381067
1027.751200
1028.500567
1028.553967
1028.559400
1028.995800
1029.537867
1030.729567
1031.143567
1032.714267
1033.162500
1033.256233
1033.280633
1033.468067
1033.476833
1033.911567
1034.398767
1034.858667
1034.992467
1035.289667
1036.707300
1037.051200
1037.145100
1037.256167
1037.907500
1038.136733
1039.035267
1039.318300
1039.515500
1040.284467
1040.461967
1040.567100
1040.726033
1041.017100
1041.081000
1041.085000
1041.737967
1042.126333
1042.632733
1042.878567
1042.980533
1043.194800
1043.540133
1043.843633
1043.959800
1044.062467
1044.332333
1044.834433
1044.899800
1044.925700
1044.976133
1045.807367
1046.117000
1046.179500
1046.965733
1047.776833
1048.198633
1048.283733
1048.386667
1048.423033
1048.443633
1048.559367
1048.623067
1049.110633
1049.187433
1049.401700
1050.886500
1052.665600
1053.295467
1053.418200
1053.577167
1054.653267
1055.030600
1055.182967
1055.191400
1055.236767
1056.041833
1056.098300
1056.187700
1056.527967
1056.900533
1056.994467
1057.935867
1058.886033
1059.077833
1059.557033
1060.433600
1060.661300
1060.802200
1061.451467
1061.475600
1062.281733
1062.754700
1062.897433
1063.079300
1064.415067
1064.852267
1064.858100
1064.924233
1064.996200
1065.274200
1065.488800
1067.103333
1067.200233
1067.366333
1067.480967
1068.308767
1068.749767
1068.769400
1068.777133
1069.055700
1069.083767
1069.090367
1069.245767
1069.976033
1070.037367
1070.079167
1070.134533
1070.273067
1070.977667
1071.504833
1073.640633
1074.767700
1074.815833
1076.021367
1076.200367
1076.427233
1076.524467
1076.925200
1076.973300
1076.985033
1077.217200
1078.224700
1078.568233
1079.734567
1079.962033
1080.497100
1081.011733
1082.186067
1082.224333
1083.069500
1083.581267
1083.743533
1083.952000
1083.978900
1084.357000
1084.534367
1084.593567
1085.016600
1085.400867
1085.707000
1085.849533
1085.967600
1086.108100
1086.112733
1086.160233
1086.353800
1086.552900
1087.517733
1087.683767
1087.800967
1087.930200
1087.932833
1088.135800
1088.291733
1088.868500
1090.377967
1090.687167
1090.975133
1091.335533
1091.588333
1091.898367
1092.459767
1092.615100
1093.077300
1093.129767
1093.879367
1093.974267
1094.154633
1094.811600
1095.605700
1095.737833
1096.187700
1096.451133
1096.510233
1097.190600
1097.636767
1097.815100
1097.827733
1099.369833
1100.565233
1101.140733
1102.080500
1102.111633
1102.345133
1102.363000
1103.026433
1103.206533
1103.871567
1104.018167
1104.347500
1104.551800
1104.737067
1105.192367
1105.332033
1105.797233
1106.086867
1106.492267
1106.696100
1107.007800
1107.577033
1107.612233
1107.646633
1107.656533
1107.742233
1108.265733
1108.337767
1108.771267
1108.857067
1109.743133
1110.307267
1110.502333
1110.521333
1110.644400
1112.085233
1112.400300
1112.537133
1114.059867
1114.274633
1115.182200
1115.329000
1115.708767
1115.814800
1115.996367
1116.877467
1116.960833
1116.973200
1118.235500
1119.313400
1119.803133
1119.931300
1120.226033
1120.535200
1120.579900
1120.959933
1122.018700
1123.058967
1123.442467
1123.699967
1123.736500
1123.878333
1124.071833
1124.192567
1124.252967
1124.284033
1124.924800
1126.038167
1126.959667
1126.962533
1127.094567
1127.547067
1127.581700
1127.619333
1127.649900
1127.761833
1127.806667
1127.830233
1128.177433
1128.372100
1128.657733
1128.891367
1129.332933
1129.355533
1129.865167
1131.128333
1131.395467
1131.527100
1131.560100
1131.566267
1131.648533
1131.671033
1131.680000
1131.942800
1132.191733
1132.402800
1133.404967
1133.455767
1133.662400
1133.884267
1133.915233
1133.983567
1134.306200
1134.342400
1134.680467
1134.795467
1135.199333
1135.786533
1136.773067
1138.087567
1138.657767
1138.746633
1139.289433
1139.372733
1139.455433
1139.678767
1139.857167
1140.130933
1140.231733
1140.319167
1140.706300
1140.762300
1140.784933
1141.306267
1141.419467
1142.519167
1143.359200
1143.978200
1144.162533
1144.353467
1144.378800
1144.767133
1145.287967
1145.355800
1145.613833
1145.650400
1145.677533
1145.709500
1146.021333
1146.123000
1146.159033
1146.531167
1146.735333
1146.808767
1147.092600
1147.320833
1147.812933
1148.057267
1149.260167
1150.414800
1150.486933
1150.721667
1151.201600
1151.379600
1151.644600
1152.230267
1152.320267
1153.140433
1155.620200
1156.198367
1156.439033
1156.583467
1156.734567
1156.951567
1158.502967
1158.551867
1160.047633
1160.135233
1160.416333
1161.260633
1161.347633
1162.135233
1162.524233
1162.764767
1162.770767
1164.850367
1164.930467
1165.026800
1165.063200
1165.146133
1165.360867
1165.404200
1165.513367
1165.622667
1166.235900
1166.717367
1167.289367
1168.332767
1169.964200
1170.135267
1171.795900
1171.801833
1171.856900
1172.037433
1172.278800
1172.813933
1173.128533
1174.367233
1174.891333
1174.999933
1175.070667
1176.632333
1177.029767
1177.420933
1177.483133
1177.508367
1177.740067
1177.745267
1178.094167
1178.466567
1178.614400
1179.239033
1179.452367
1180.680467
1180.755500
1180.944133
1182.283267
1182.550167
1183.133967
1183.336967
1184.037867
1184.172233
1184.473333
1184.602800
1184.826433
1184.920800
1184.936733
1185.376033
1186.158367
1186.179333
1186.191700
1187.253433
1187.358433
1187.524533
1187.610300
1187.612300
1188.573000
1190.351800
1191.024633
1191.131233
1191.134733
1191.719500
1191.743333
1191.828200
1192.002167
1192.482533
1192.648200
1192.983433
1194.252633
1194.473667
1194.541233
1194.551433
1194.613800
1194.671667
1194.728067
1194.945100
1195.481333
1195.956533
1196.857767
1197.073267
1199.121633
1199.178400
1200.106833
1200.237800
1200.411867
1200.606300
1200.669400
1200.782667
1201.349900
1201.428033
1201.512200
1201.569133
1202.554800
1202.806633
1203.089067
1204.160233
1205.197033
1205.265067
1205.511400
1205.723933
1205.951000
1206.402867
1206.973067
1207.821767
1207.868367
1208.175833
1208.472267
1210.529167
1210.611400
1210.636067
1210.690300
1211.178867
1211.298300
1211.415100
1211.613533
1211.666700
1214.263233
1214.273167
1214.565500
1214.615367
1214.648667
1214.669233
1214.722367
1215.021467
1215.128600
1215.658300
1216.067033
1216.230800
1216.323733
1216.331833
1216.924467
1217.400900
1217.507100
1217.877167
1218.039900
1218.072300
1218.249400
1218.337367
1218.461633
1218.504100
1218.540267
1219.709367
1220.059833
1220.074167
1220.119167
1220.312367
1220.539400
1220.887633
1221.284667
1221.596067
1222.131033
1222.659100
1222.729867
1223.283167
1223.468967
1223.729533
1225.709700
1225.820200
1226.216667
1226.571500
1226.607000
1226.746567
1226.891933
1227.259067
1227.496700
1227.498733
1227.535333
1227.871000
1229.898867
1230.901967
1231.387767
1232.653433
1232.852300
1233.178267
1233.275667
1233.671100
1234.097100
1235.050133
1235.284400
1235.299800
1235.401667
1236.039900
1236.146467
1236.222800
1236.480133
1236.529167
1236.542833
1236.642233
1236.702733
1237.020700
1237.067633
1237.098933
1237.126400
1237.157700
1237.185600
1237.730333
1238.036233
1238.097367
1238.625267
1238.658367
1239.352400
1239.884800
1240.625500
1240.866300
1240.884100
1241.135200
1241.289200
1241.811433
1242.221967
1242.287967
1242.461433
1242.524567
1242.544500
1242.632633
1242.709667
1242.968600
1243.011800
1243.413967
1243.506000
1243.561500
1244.257900
1244.901533
1244.972867
1245.968867
1246.750500
1246.873267
1246.920633
1247.303433
1247.743833
1248.130267
1248.206967
1248.338467
1248.865533
1248.974600
1249.796067
1250.251733
1250.643633
1250.951633
1250.970667
1251.471433
1251.496433
1251.573367
1251.596433
1251.992167
1252.542633
1252.871667
1252.910000
1253.389933
1253.466867
1253.949367
1253.968800
1254.414000
1254.696067
1255.107367
1255.157900
1255.216567
1255.979500
1256.287867
1256.390133
1256.665900
1256.928167
1257.095167
1258.210533
1258.466633
1258.632900
1260.025533
1260.086067
1261.237367
1261.661067
1263.684767
1263.915467
1264.421400
1264.620300
1265.571500
1265.979100
1266.062933
1266.186767
1267.585633
1267.721600
1268.609233
1268.834233
1269.279233
1269.717600
1270.014567
1270.372567
1270.378567
1270.571400
1270.706033
1270.886033
1271.307567
1271.520833
1271.607967
1271.631000
1271.696567
1271.840500
1272.068133
1272.122300
1272.233000
1272.573567
1272.702100
1272.928900
1273.078867
1274.135800
1274.665167
1274.713133
1274.948667
1274.966800
1274.997833
1275.437367
1275.670400
1275.730100
1276.163967
1276.646000
1276.691600
1276.992667
1277.078067
1277.146400
1277.304633
1277.744933
1277.756600
1278.457933
1279.034000
1279.436000
1279.470067
1280.124700
1280.242067
1280.420767
1280.964600
1280.981400
1282.849400
1283.138967
1283.255767
1283.423633
1283.832967
1284.080067
1284.107300
1284.112700
1284.369533
1284.644367
1287.076400
1287.442767
1288.069833
1288.426167
1288.719367
1288.962233
1289.025767
1289.083533
1289.264667
1289.269433
1289.308267
1289.521367
1289.690200
1291.434867
1291.476900
1291.766200
1291.964300
1291.991600
1292.599400
1293.440333
1293.837100
1293.916933
1293.920033
1294.014967
1294.149567
1294.153533
1294.565700
1294.608800
1294.837867
1294.953533
1295.029100
1295.103400
1295.501800
1295.679300
1296.554067
1297.571200
1297.579233
1297.608967
1298.125700
1298.259867
1298.474733
1298.495067
1299.371933
1300.123333
1300.129733
1300.197167
1300.486067
1300.611300
1301.038700
1301.263700
1301.371100
1301.503000
1301.539000
1301.553067
1301.610367
1301.701467
1301.770900
1302.568667
1302.617200
1303.338767
1303.437733
1304.352567
1304.406667
1304.414767
1304.912800
1305.047233
1305.093433
1305.107633
1305.311367
1305.527733
1305.558900
1305.693967
1305.736500
1305.849633
1306.812300
1306.919967
1306.924533
1306.935133
1306.945700
1307.483067
1307.907767
1308.676667
1308.871233
1309.035100
1309.483167
1309.590167
1309.623733
1310.227767
1310.325567
1310.432300
1310.877233
1311.310033
1311.614533
1311.978833
1312.073167
1312.098733
1312.216267
1312.696567
1312.706433
1312.885467
1313.265300
1313.731800
