0.231867
2.497133
2.550533
2.557067
4.435267
6.670467
6.690267
6.713367
7.124400
7.225067
7.253967
7.269200
7.679467
7.929233
9.029200
9.203500
9.447700
9.797667
11.177033
11.263033
11.366800
11.396233
11.833900
12.710767
12.962000
13.102167
13.595800
14.455200
14.730133
14.735067
14.800100
14.984300
14.995500
15.035400
15.104200
15.195900
15.479567
16.197300
16.205767
16.537033
16.610233
16.765967
16.847567
16.899900
16.903867
17.225533
21.181833
21.566267
21.763433
21.900367
21.954333
21.969300
22.132033
22.284100
23.131367
23.227967
23.413233
23.676167
23.683767
23.746333
23.823900
23.840900
23.859533
24.351833
24.390233
24.470333
24.517867
24.813133
25.431533
25.512200
25.666600
25.676500
25.824533
25.881233
25.956100
26.204533
26.318767
26.320433
26.410000
26.594567
26.894333
27.057133
29.010433
29.232233
29.524233
29.543733
29.593200
29.610333
29.612467
29.630567
29.666633
29.749433
29.817867
30.048600
30.069233
30.689733
30.717267
30.722400
30.728433
30.784400
32.648933
32.970767
33.005133
33.054033
33.078133
33.143100
33.160433
34.167800
34.553533
35.140267
35.257567
35.305933
35.855800
35.933833
36.023333
36.458267
36.797767
37.439800
37.804700
37.834633
37.906633
37.982600
37.988533
38.326567
38.363800
38.426233
39.006367
39.011500
39.069600
39.572900
39.612867
39.649500
40.580500
40.728567
40.742067
40.858467
40.911067
41.108467
41.572400
41.578100
41.629733
41.635733
41.714200
42.038300
42.544933
43.089367
43.118633
43.269967
43.433100
43.516500
43.556233
43.558267
44.465933
45.643867
45.855833
46.656000
46.888100
46.924867
47.280333
47.902033
50.056900
50.092667
50.544700
50.624833
50.742167
50.897900
50.903067
50.986267
51.017100
51.115500
51.590333
51.823967
51.898400
52.093233
52.151000
52.555633
52.711300
53.175300
53.180033
53.588667
53.636000
53.727467
53.731900
53.735400
54.034500
54.203500
55.838700
56.241667
57.159533
57.259800
58.133100
58.289033
58.571600
58.685500
59.280700
59.516600
59.528900
59.600233
59.605333
59.649867
59.651900
59.719700
59.739267
59.782267
59.819900
59.888400
59.969833
60.005533
60.039800
60.335267
60.368200
60.464067
60.467900
60.488200
60.497700
60.504900
60.518667
60.658933
60.670167
60.693633
60.744167
60.882667
60.887667
60.894100
60.898733
60.925833
61.010633
61.050933
61.087033
61.169767
61.241833
61.352300
62.449367
62.502400
62.823467
62.826400
63.130700
63.446300
63.512833
63.519267
63.558733
63.725867
63.818300
63.831000
63.844400
63.899000
63.916200
63.939400
63.944700
63.980700
64.610867
64.678400
64.736467
64.742900
64.777467
64.798600
65.134467
65.621033
65.751900
66.151667
66.645300
66.722067
66.955500
68.132967
68.904267
68.964833
69.473900
69.554233
69.644067
70.034800
70.143967
70.630600
70.682900
70.696967
70.970567
71.426000
71.633467
71.712033
71.767433
72.324000
74.109267
74.404600
74.774233
75.086400
75.110267
75.113467
75.150667
75.188900
75.305667
75.431133
75.542467
75.668033
75.751967
75.786333
76.964900
77.060333
77.085500
77.117767
77.509300
77.569300
77.737733
78.716833
78.818367
78.839233
78.889200
78.894167
79.000100
79.794033
80.127633
80.151000
80.221933
80.644067
80.655767
80.827967
83.930533
84.372667
85.151200
85.226533
86.446233
86.492433
86.544733
86.674933
87.125467
87.248167
87.259567
87.277233
87.287933
87.307100
87.866633
87.926400
89.079767
89.127733
89.210633
89.259033
89.322667
89.372767
89.725433
89.885467
90.375533
90.468867
91.663933
91.904300
92.243900
92.582433
92.838733
94.240133
94.242233
94.402467
95.377167
95.568000
95.641967
95.913800
96.551333
96.554900
96.963767
97.126567
97.218600
97.271200
97.618800
97.726900
98.054200
98.452200
98.805500
98.886667
99.567300
99.573767
99.633933
99.637433
99.681267
99.812300
99.836433
99.900833
99.948733
99.953833
99.975000
100.144633
100.164800
100.715733
100.830667
100.947900
101.287667
101.663500
101.667067
102.873167
103.226467
103.863000
103.900533
104.163133
104.261367
104.461267
104.555333
104.619133
104.745033
104.863500
105.329133
105.938733
106.052467
106.377500
106.588600
106.749633
106.820833
106.889533
106.915500
106.932933
107.026167
107.219633
107.227067
107.277033
107.437533
107.441233
107.446467
107.491767
107.494700
107.535133
107.550633
107.602567
107.614633
107.633533
107.641733
107.675567
107.701133
107.705333
107.767567
107.875033
107.987600
108.013600
108.062000
108.075000
108.116267
108.182000
108.280200
108.369033
108.489333
108.754500
108.965467
109.906667
110.717667
110.724600
110.738200
110.892933
111.395533
111.707333
111.883933
111.898700
112.404733
112.948167
113.445733
113.475167
113.783967
114.157067
114.226467
115.412133
116.554800
116.657033
116.771700
117.116633
117.247800
118.783733
118.901300
119.152900
119.354300
120.015567
120.029633
120.053567
120.102167
120.105200
120.159733
120.169133
120.196500
120.233167
120.239433
120.252633
120.285567
120.321933
120.349967
120.358367
120.449533
120.537967
120.550233
120.553667
120.562433
120.778333
121.091500
121.123233
123.676767
123.723333
123.733400
123.822567
123.946600
125.364633
125.366667
125.537567
125.710167
125.747033
125.808467
125.812133
126.011100
127.136700
128.723667
128.790500
128.840867
128.851433
129.011433
130.806367
131.006300
131.096367
131.533033
131.714200
131.828300
132.192600
132.424967
133.285200
134.163600
134.490967
134.599933
134.858833
135.591600
135.678267
136.688100
136.745900
136.799633
137.070567
137.283067
138.910600
139.388133
139.470933
139.788567
140.085400
140.274700
140.364600
140.912333
141.009033
141.013700
141.073367
141.669233
141.813200
142.931867
143.122900
143.696267
143.839367
143.927867
144.022933
144.112700
144.952333
145.661667
146.582500
146.799667
147.208033
147.294467
147.380333
147.673900
147.866700
148.409633
148.588400
148.920600
149.055433
149.088367
149.229333
149.870967
149.889867
150.875033
151.457033
151.724900
151.814467
151.838133
151.856200
152.021267
152.097100
152.111433
152.259767
152.263167
152.284300
152.365600
152.378700
152.412233
152.419667
152.429700
152.439567
152.447000
152.450767
152.501333
152.512700
152.534833
152.544567
152.560267
152.621967
152.627867
152.634800
152.673867
152.838933
152.855333
153.038100
153.282267
154.271567
154.836933
156.008333
156.049333
156.082600
156.716167
157.203033
157.480267
157.609800
158.036800
158.115233
158.518367
159.373033
160.321933
161.046800
161.374333
161.417633
161.443967
161.809233
162.529833
162.729833
162.950333
164.184733
164.200300
164.309100
164.515100
165.861433
165.901000
165.967133
166.801433
167.152500
167.386233
167.409167
167.552433
167.910767
168.398633
168.417933
168.495767
168.716533
168.727867
168.770033
168.781900
168.795233
168.803733
168.855467
168.951100
169.070800
169.104167
169.108000
169.562333
169.624200
169.817133
172.408933
174.809233
175.145000
175.276367
176.672367
176.715500
177.246100
177.257600
177.939233
179.813867
182.126033
182.460700
183.407233
183.703667
184.003233
184.406300
184.411600
184.490067
184.599967
184.603233
184.614367
184.633400
184.655200
184.684433
184.706300
184.835367
184.898633
184.990833
185.025233
185.100667
185.107300
185.121733
185.363167
185.815367
186.099000
186.153500
186.406100
186.435733
186.823267
186.872467
186.907133
189.030000
189.803967
189.928433
189.979067
190.081033
190.105600
190.633700
190.674733
191.800100
192.461267
192.479700
192.846233
192.926000
192.958100
192.970600
193.057600
193.121233
193.136567
193.208633
193.314667
194.056567
194.392667
194.681100
195.304067
195.563600
195.568500
195.616000
195.675033
195.728000
195.798033
195.828500
195.885500
195.923067
196.017233
196.234233
197.071933
197.338667
199.883533
200.162600
202.461167
202.513733
202.720433
203.081100
204.561600
204.602067
204.957633
205.004733
207.807600
208.796767
208.808133
208.885100
208.893933
208.931733
208.940433
209.009633
209.032933
209.140567
210.140133
210.174800
210.185100
210.232500
210.276500
210.295100
210.316100
210.328700
210.352100
210.359400
210.379967
210.433933
210.505300
210.512667
210.534800
210.675233
210.736667
210.751633
210.797367
211.442300
211.473800
211.598767
212.490100
212.550333
212.771800
213.076600
213.135200
213.188867
214.639900
215.776567
215.794367
215.914067
215.928133
216.148567
216.249333
216.328400
218.718967
219.661933
221.323700
221.359133
221.382733
222.554233
222.900167
223.029433
223.034033
223.152300
223.709800
223.735633
223.782967
224.891700
224.914367
225.033200
225.415000
225.498233
225.644033
226.344333
226.753667
226.837400
226.995900
227.983833
227.989200
228.056200
228.290900
229.937100
229.980033
230.012367
230.228300
230.781300
231.251633
231.270733
231.302067
231.624833
231.680567
231.693567
231.714300
231.835600
231.856467
232.001700
232.030967
232.166900
232.172200
232.217567
233.088767
233.553233
235.908467
236.252133
236.295867
236.301800
236.305467
236.323433
236.327133
236.352933
236.419233
236.488867
236.497033
236.521767
236.533133
236.567267
236.699933
236.801200
237.299233
237.437567
237.453500
237.536200
237.540300
237.750000
237.769867
239.891533
240.117500
240.124333
240.153867
240.211800
240.226233
240.255200
240.310533
240.414933
241.001500
241.465800
241.898400
241.954833
241.962700
242.207433
243.816000
243.998300
244.954167
246.927967
248.037833
248.202500
248.224433
248.267000
248.322133
249.076900
249.214133
249.723600
249.993400
250.394033
250.744867
250.906600
250.940333
251.086333
251.191900
251.193700
251.295933
251.311400
251.515633
251.597567
251.626267
251.959467
252.000800
252.213033
252.214967
252.282200
252.337467
252.345167
252.360433
252.364767
252.384600
252.409833
252.419767
252.441300
252.472667
252.603900
253.388267
253.461433
253.877100
253.999833
254.855033
254.995100
256.183733
256.491400
256.774433
256.781133
257.241200
259.304200
259.508833
262.503800
262.549267
262.558800
262.592367
262.653667
262.662933
262.692500
263.119533
265.806100
265.895733
266.184300
269.644567
269.649300
269.743800
270.249167
270.413833
270.705567
270.755000
270.790800
272.162433
272.319567
272.411800
272.602967
272.776900
273.102833
273.232733
274.383967
274.608267
274.813800
275.056033
275.115200
278.100033
278.108633
278.489300
278.966433
279.655400
279.749600
280.335033
280.398933
280.510200
280.964000
281.464067
281.513633
281.523967
281.827667
281.950433
281.956133
283.127367
283.130233
283.172800
284.283867
284.474767
284.504800
284.619533
285.718833
285.795700
285.872167
286.041133
286.379767
286.474067
286.572167
286.892800
287.064900
287.767533
287.931900
288.896567
289.217200
289.238333
289.270400
289.375800
289.426300
290.374367
290.400767
290.617567
290.640200
290.940267
291.160833
291.324667
291.364467
291.800767
292.355900
292.385800
292.412000
292.797367
292.820067
292.901933
293.260933
293.698800
293.781200
293.824567
293.828467
293.989333
293.994800
294.013033
294.079567
294.173833
294.216000
294.281800
294.429167
294.436967
294.503167
294.541667
294.619733
294.680833
294.903700
294.918867
295.049167
295.084167
295.940067
297.390000
297.531833
297.612900
301.281700
301.317333
301.335067
301.371467
301.407700
301.698167
301.709867
301.770000
301.872867
302.171300
302.753000
302.805567
302.896133
303.632767
303.681667
303.743267
303.788500
303.847633
303.912600
303.926200
305.031100
305.471600
305.496533
305.595967
305.721867
306.015200
306.514867
306.679867
307.156100
307.418967
307.474233
307.553300
307.557200
307.616367
307.851600
309.952200
310.010800
310.510067
311.344900
311.675733
311.985000
312.411067
312.423133
312.441867
312.449067
312.452600
312.503400
312.528367
312.588033
312.685367
312.700633
312.806667
312.809100
312.993033
313.058467
313.512467
313.566633
313.686133
313.916133
314.218700
314.287300
314.613967
317.161233
317.248333
317.685467
317.764700
317.847800
318.031633
318.165000
318.501367
318.819933
319.602700
319.658767
319.739467
319.804433
321.022033
321.088600
321.212333
321.229800
322.620200
322.679533
322.869333
323.345133
324.296700
325.166067
325.562900
325.595400
325.635700
325.672000
325.803733
325.860600
326.090500
326.269700
326.596867
326.708167
326.798600
327.200033
327.219167
327.491733
328.320867
328.433800
329.296700
329.299667
330.030600
330.148700
330.219033
330.299767
330.505100
331.950867
332.010933
332.057667
332.136633
332.149933
332.513567
332.560167
332.821300
333.032933
333.395067
333.403800
333.428900
333.583400
333.740733
334.453267
335.361400
336.328800
336.607733
336.889233
336.946767
336.992667
337.064533
337.108233
337.126967
337.163367
337.204933
337.597733
337.702400
337.713300
337.790933
337.901867
338.347467
338.685233
343.139033
343.166600
343.187233
343.240267
343.378667
343.635267
343.892467
344.014733
344.095767
344.289233
344.291967
344.403233
344.408800
344.475900
344.513800
344.802833
345.178133
345.225133
345.253967
345.264933
345.299833
345.315567
345.392467
345.397933
345.578100
345.582700
345.963667
345.992233
346.099500
346.244367
346.665300
346.812067
347.145300
347.576300
347.585633
347.859700
348.350167
348.581133
348.818500
349.225100
350.188300
350.294067
351.708333
351.783067
352.198367
353.002000
353.035167
353.049433
353.074800
353.140233
353.247733
353.260933
353.300533
353.907367
353.952100
354.321500
354.467533
354.583200
354.961033
354.992100
355.102000
355.432067
357.483467
357.929767
358.076200
358.748800
358.752767
359.022767
359.058800
359.303000
359.409733
359.439833
359.553367
359.665133
360.334633
360.413900
360.421400
361.086900
361.126067
361.193867
361.758467
362.209667
362.652400
362.777067
362.818100
362.858767
362.937467
362.972833
362.992200
363.013000
363.358933
363.934000
364.752667
364.758967
364.801800
364.823533
365.584200
365.974800
366.979433
367.384367
367.481500
367.813200
368.091967
368.140300
368.298833
368.357467
368.519933
369.042833
369.375133
369.590500
369.649233
370.195433
370.310433
370.476433
371.710567
372.176933
372.739133
372.879133
372.903333
372.906133
373.005867
373.115067
373.156567
373.159033
373.716600
373.720700
373.765867
373.993567
374.055800
374.786767
375.225300
375.516333
375.995700
376.047133
376.095400
376.116767
376.143267
376.148567
376.169533
376.235633
376.400400
376.435067
376.572000
376.603000
377.341267
377.391767
377.628167
377.633200
379.443567
379.590533
380.286633
380.468367
380.556100
380.605733
380.612700
380.990367
381.169967
381.229200
381.812800
381.869467
383.770500
383.945400
384.139700
384.320767
384.652133
385.712467
386.198933
386.203500
386.210833
386.222533
386.225667
386.423733
387.148533
387.506400
387.934667
388.312567
388.349567
388.393967
388.402000
388.436967
389.072467
389.327167
389.432633
389.442433
389.498567
389.564933
389.578833
389.698767
389.727400
389.746667
390.123333
390.126300
390.603567
390.609267
390.690300
390.797267
390.921333
390.937233
391.410867
391.414233
391.940800
391.994733
392.102900
392.177267
392.785600
393.165267
393.238233
393.258100
393.308133
395.143600
395.275933
395.373167
395.810500
395.868900
395.873067
395.998833
396.030600
396.071933
396.076333
397.146333
397.375233
397.844967
401.622533
401.995533
402.013733
402.023733
402.036100
402.056333
402.064000
402.088733
402.109167
402.158467
402.822633
403.082633
403.158700
403.241467
404.621967
404.690167
404.842900
404.956367
405.013400
405.390433
405.424733
405.658133
405.681967
405.744933
405.794333
406.523333
406.620967
407.429867
407.649733
407.884700
407.908433
409.041133
409.063300
409.137967
409.321567
409.389567
409.667567
409.987800
410.176100
410.792433
410.836533
410.842900
410.892133
411.784433
412.520733
412.591067
413.509367
413.952967
414.692800
414.727200
414.778300
414.821867
414.989867
415.008767
415.011567
415.015567
415.031367
415.078900
415.083667
415.093267
415.120433
415.156000
415.228933
415.232167
415.673233
415.915767
416.339100
418.557333
418.921900
419.425433
420.183033
420.261000
420.866033
421.085200
421.894500
422.179167
422.218333
422.286733
422.361300
422.397667
422.415300
423.629600
423.669400
423.671600
423.700033
423.731700
423.747667
423.780133
424.250733
425.571633
425.587700
425.685967
425.693133
425.746300
425.836467
426.243567
426.264200
426.405333
426.438967
426.484933
426.493467
426.843333
426.899167
426.970700
427.236333
427.495967
427.546000
427.548567
427.602167
427.605533
427.642300
427.744500
428.065100
428.692700
430.692967
430.983900
431.003133
431.071000
431.129300
431.135233
431.217600
431.625133
431.710867
431.721800
431.830367
433.364633
433.449533
434.053400
434.529467
434.577633
434.591567
434.596600
434.642400
434.695733
434.762933
434.773033
434.803433
435.497867
437.794800
438.016867
438.496700
438.601067
438.655700
438.673700
440.489800
441.086567
443.037033
443.140633
443.444367
443.856500
444.914933
444.951100
445.220967
445.284633
445.330600
445.951300
445.955633
446.053767
446.055500
446.058100
446.072800
446.090033
446.136100
446.141200
446.219267
446.375567
446.409333
446.429900
446.856500
446.920900
447.083233
447.124633
447.145767
447.173600
447.181467
447.189867
447.193600
447.217633
447.248733
447.260000
447.271567
447.288467
447.366700
447.406767
447.411433
447.444567
447.522967
447.548633
447.733900
447.819233
447.889967
447.915600
447.926567
448.093167
448.179033
448.288533
448.291000
448.305067
448.322800
448.620600
448.667367
448.679433
449.148800
449.191467
450.367233
450.941267
451.408400
451.528700
451.598033
451.630100
451.866867
451.931767
451.948500
451.974867
452.048633
452.267200
452.725467
453.142467
453.419467
453.513400
453.585033
453.629267
453.653967
453.752700
453.914167
454.241800
455.874600
456.269367
456.785233
456.845033
457.474967
457.743467
458.184667
458.368100
458.521533
458.571100
458.682567
458.740600
458.878767
458.933967
458.945467
458.963400
458.971900
459.012900
459.059867
459.073167
459.093300
459.104300
459.744533
459.793867
459.900567
459.908367
459.915800
460.180933
460.364700
461.733767
461.738333
462.259333
462.281367
463.831100
463.838567
463.864533
463.914500
463.927300
464.222233
464.287100
464.354933
464.868900
464.876433
464.894167
465.740900
465.811033
465.948533
466.097500
466.111133
466.168733
466.218200
466.299067
466.327500
466.516167
466.565800
466.751233
466.951867
467.541133
468.783700
468.918567
469.366633
469.388167
469.447400
469.799367
470.517433
470.567333
470.603433
470.667567
470.692767
470.739533
470.741267
470.934933
470.949100
471.046200
471.075767
471.097067
471.120667
471.288867
471.614333
471.728700
471.843067
471.858633
472.131800
472.509700
472.540633
473.665700
474.071167
475.283467
475.336867
475.367100
475.391000
475.648267
475.960167
475.962833
476.034267
476.324333
476.396900
476.504467
476.675300
476.682333
477.316067
477.385067
477.717100
477.806367
479.283233
479.290133
479.315367
479.334167
479.341367
479.356667
479.378833
479.410067
479.484700
479.976200
479.988400
480.242667
480.304500
480.475067
480.656333
480.678133
480.680333
480.707133
480.786000
482.312300
482.333000
483.511933
485.414633
485.730333
485.981033
486.142067
486.150567
486.366033
486.804000
487.239500
487.316133
487.348133
487.374600
487.437833
487.718200
487.726367
487.734700
487.764633
487.770200
487.782767
487.800233
487.860133
487.895533
487.922600
488.105800
488.144233
488.163267
488.193833
488.268300
488.292333
488.353333
489.285167
490.536433
490.955767
491.030600
491.698933
493.454867
493.928467
494.298600
494.412600
495.063833
495.248267
495.300167
495.861200
497.432533
498.879067
498.929333
498.931733
499.316333
500.140700
500.244600
501.081700
501.225533
501.544767
501.551033
501.766400
502.024600
502.213367
502.509133
502.547833
502.604033
502.643200
502.650733
502.732067
502.770633
502.774100
502.817133
502.906733
502.933133
503.056567
503.237333
503.289233
503.638267
503.924533
503.961067
505.110467
505.337600
505.712333
506.291967
506.329133
506.395733
506.887567
507.376667
507.494667
507.539200
507.563933
507.618500
507.646233
507.663467
507.665467
507.726100
507.774000
507.832667
507.840033
507.867633
507.913800
507.955267
508.041367
508.077733
508.098833
508.192100
508.640467
508.887500
509.010233
509.012833
509.492233
509.498467
509.538933
509.582933
509.632967
509.709867
509.786433
509.888033
510.203700
511.336067
511.393867
511.459800
511.537267
512.234100
512.302100
512.320400
512.766233
512.804167
512.817833
512.840767
512.842667
512.868833
512.888133
513.115900
513.128533
513.209867
513.306867
513.360933
513.363300
513.626767
513.643200
513.970533
514.207433
514.431933
514.446633
514.907067
516.011900
516.900500
517.180533
517.335967
517.371533
517.479967
517.779433
517.973267
518.587500
519.331867
519.984533
520.102933
520.200700
520.227933
520.236133
520.239100
520.963567
521.047567
521.825267
523.056700
523.062633
526.159400
526.175033
526.427067
526.895033
528.169900
528.299600
528.380367
529.997267
530.060667
530.172600
530.377067
530.456100
530.457833
530.733533
532.869700
532.994133
533.023567
533.035300
533.083500
533.305433
533.431800
533.578200
533.715833
533.857000
534.209000
534.212867
534.711367
534.715233
534.774967
534.791633
534.802967
535.986500
536.000400
536.658333
537.509267
537.513367
537.523367
537.530433
538.683467
538.745500
538.798867
538.839433
539.057100
539.801467
539.993000
540.201667
540.798333
541.175700
541.252667
541.347067
541.449000
541.747800
542.546300
542.559900
542.576567
542.604200
542.653467
542.664100
542.685967
542.828600
542.838433
543.080800
545.933033
546.169667
546.590333
546.982667
546.994633
547.005467
547.531633
548.043600
548.184800
548.300933
548.561333
548.614200
548.634533
550.696667
551.523867
553.024100
553.153933
553.326767
553.356000
553.441733
553.823400
554.045033
554.118300
554.839967
555.041000
555.618300
556.169267
556.191000
556.350333
556.424233
556.521100
556.612533
556.747933
556.771767
557.535567
557.655567
557.712667
557.871533
558.594767
559.450867
559.582633
559.606533
559.706333
559.851467
559.921033
560.411600
560.991500
561.004433
561.227467
561.452867
561.581300
561.583733
561.802733
561.965300
562.164267
562.217867
562.220933
562.377600
562.644767
564.895167
565.008033
565.050433
565.055200
565.113867
565.118933
565.186800
566.111167
566.368767
566.371500
566.471233
566.515033
566.534100
566.596067
567.002567
568.521433
568.684567
568.719067
568.802833
568.811333
568.890567
569.345200
569.589800
569.630300
569.643033
569.658000
569.741100
569.748100
569.782567
569.800667
570.584733
570.913467
570.917833
571.355933
571.862067
571.947500
573.541233
573.645700
573.668100
573.676433
573.741467
573.769300
573.831133
574.030200
574.603633
574.672800
574.756300
574.961033
575.017467
575.135733
575.203067
575.224667
575.284767
575.512067
575.589433
577.047067
577.469400
577.542067
577.779167
578.330900
578.383400
578.407700
578.529900
580.405233
580.435233
580.612333
580.659500
580.726667
580.770867
580.935733
581.258000
581.614267
581.643567
582.187133
582.221367
585.299700
585.375233
585.575733
585.579767
585.582633
585.588233
585.646433
585.650767
585.667433
585.671633
585.732000
585.761067
585.839067
585.848200
585.946633
585.973967
586.004700
586.006800
586.020833
586.757000
586.769133
586.802367
587.190667
587.302067
587.315167
587.559000
587.730433
589.050200
589.394133
589.398400
589.899833
590.060833
590.247100
590.509867
590.617233
590.737000
590.766233
590.914900
591.301167
591.420433
591.862267
592.602933
594.216367
594.252067
594.351533
594.434900
594.861933
594.895300
594.936067
595.604867
595.624167
595.808367
595.906600
595.968700
596.191433
596.801433
596.823100
597.029900
598.431467
598.575867
598.630867
598.694867
598.802800
599.030567
599.307233
599.767700
599.946000
600.100700
600.670700
600.721967
600.728400
600.826267
600.936433
601.217100
601.424667
601.814533
602.049733
602.055000
602.099400
602.138900
602.142700
602.783867
602.842933
603.043467
603.095567
603.347533
604.827133
605.158200
605.206867
605.275367
605.481000
605.610200
605.674667
605.773367
605.831067
605.909900
606.231300
606.233900
606.272200
606.345733
606.363267
606.447633
606.649133
607.091100
607.352933
609.449467
609.641500
610.323300
610.492533
610.566800
612.779733
613.189900
613.220033
613.687100
613.735967
614.009867
614.388200
614.481700
614.639300
614.988067
615.544400
615.556500
615.604400
615.806133
616.476067
616.526400
616.541433
616.592033
616.598433
617.577600
617.750567
617.979433
618.807133
618.847033
619.488400
621.069600
621.308233
621.335167
622.586333
623.524233
623.651633
623.963933
624.035567
624.505400
626.244567
626.293133
626.448200
627.258400
627.308600
627.470467
628.908800
629.537467
629.662200
630.505000
631.128500
631.289600
631.789933
632.899100
633.083500
633.970167
634.626333
635.215533
635.221033
635.408333
635.522367
635.554067
635.568000
635.576367
635.638800
635.642200
635.680033
635.799000
635.841733
635.851433
635.888667
635.918400
636.373067
636.640833
636.729433
636.801967
636.870767
637.045700
638.944400
639.066300
639.203333
639.305667
639.346067
639.376667
639.424567
639.439933
639.881067
639.893167
640.039500
640.280067
640.555700
640.969700
640.973033
641.052267
641.109033
641.450600
641.867700
642.363700
643.000633
643.270633
643.293433
643.295533
643.453467
643.619133
643.786600
643.930500
644.080867
644.391133
644.765133
644.944133
644.959633
645.093533
645.120933
646.214700
646.286533
646.530833
646.858667
648.566600
648.628133
648.730233
648.825133
649.052633
649.057733
649.133800
649.273033
649.381767
650.007733
650.116500
650.170267
650.217000
650.767100
650.837333
651.278567
651.538567
651.721167
652.503100
652.588600
654.157833
655.186400
655.363000
655.633933
656.290133
656.327500
656.438733
656.960933
657.022200
657.113900
657.163633
657.207433
657.214433
657.222867
657.361200
657.371667
657.450033
657.781500
658.135767
658.251167
658.415767
658.432600
658.495133
658.609533
658.744367
658.815867
658.862467
659.005300
660.115500
661.076500
661.369533
661.511633
661.519533
661.549967
661.614833
661.656033
661.701533
661.726233
662.733933
662.746967
662.846167
662.923667
662.945600
663.021533
664.964300
665.482267
665.667700
665.849567
665.868733
665.884100
666.808333
666.813867
667.016067
667.040933
667.242367
667.942067
668.878267
668.899333
668.947233
669.439433
669.492900
669.494700
669.516867
669.568533
669.646033
669.724667
670.512633
670.563000
670.636600
670.832600
671.119033
671.206633
671.243633
671.267600
671.347500
671.860200
671.872400
672.119500
672.184300
672.855967
673.454600
673.726100
673.806000
673.998667
674.231000
674.269700
674.300567
674.601100
674.744400
674.873333
675.178367
675.495533
675.558533
676.468867
676.935300
677.043667
677.298833
677.406800
677.430233
677.468433
677.751700
678.081967
678.086667
678.099000
678.480900
678.608800
679.188700
679.496067
679.525000
679.530433
679.594800
679.747500
679.900567
680.436867
680.554000
680.650000
681.536633
681.538733
681.973033
682.224900
682.277833
683.051433
683.055167
683.105333
683.119100
683.886533
684.294667
684.658333
686.572433
686.614433
686.625300
686.638500
686.685333
687.526600
687.611767
687.734933
687.776000
687.850400
687.880100
687.935233
687.963833
688.105333
688.108500
688.154433
688.576833
688.725100
688.838033
689.350433
689.797033
690.051833
690.114300
690.258333
690.265967
690.313933
690.366000
690.375133
690.464100
690.858533
692.774800
693.188867
693.254033
693.261200
693.311200
693.359867
694.374800
694.388633
694.475000
694.576733
694.631367
695.105667
695.155033
695.176167
696.490833
696.638733
696.757867
696.802433
697.000067
697.150367
698.916267
699.421067
699.588833
700.266233
700.284667
700.342967
700.347067
700.531933
700.601167
700.996233
701.083033
701.105533
701.206767
701.283833
701.304100
701.864100
702.647533
702.682233
702.750567
702.835267
702.838967
702.847133
703.212333
703.933400
704.250333
704.258300
704.285800
704.475033
705.772700
707.020900
707.136533
707.968700
708.498267
708.825100
709.224633
709.749200
709.905833
710.161267
710.240867
712.621500
712.708200
712.718233
712.728700
712.754700
712.944633
713.530633
713.670800
713.882300
713.997067
714.044133
714.307500
714.317333
714.609833
714.734333
715.779133
716.140933
716.881667
719.821867
720.533533
720.597467
720.696300
720.853133
721.187733
721.804233
721.836300
721.860333
721.948500
722.176967
722.394733
723.181567
723.511767
723.770167
724.178067
724.418567
724.678200
724.810533
725.367500
726.272867
726.345800
726.421700
726.443200
726.721467
726.752867
727.099067
727.268633
727.560867
727.667100
727.804100
727.806333
727.822333
727.986267
728.015367
728.084333
730.013000
730.113267
730.204867
730.465967
730.913000
731.205267
731.242000
731.312333
731.379733
732.474367
732.528467
734.132767
734.461133
734.514833
735.585400
735.633267
735.688133
735.761767
736.077100
736.082367
736.737200
736.788467
737.123033
737.127533
737.203233
737.308533
738.026467
738.110067
738.392500
738.423033
738.712233
739.208800
739.591667
740.147733
740.292100
740.571033
740.627333
741.462767
742.587567
743.306667
743.687333
743.737467
743.948767
744.078100
744.221300
744.254567
744.346433
744.397867
744.412500
744.685667
744.733767
744.763000
744.973133
745.062867
745.078167
745.085867
745.124400
745.134800
745.333300
745.369400
745.466033
745.647867
745.930500
746.037000
746.378433
747.953367
748.557800
748.611300
748.818900
749.537800
749.591767
751.350467
751.794867
751.882467
751.931400
752.527567
753.394233
753.626467
754.601433
754.666967
755.271900
755.328033
755.337867
755.435567
755.590633
755.737000
755.955367
756.184433
756.188633
756.197933
756.216467
756.233767
756.238333
756.248233
756.272467
756.275200
756.298200
756.309800
756.315933
756.443300
756.450733
756.549233
756.602100
756.726667
756.765200
756.773433
756.900167
756.929200
756.960300
756.988900
757.066600
757.086367
757.119133
757.208300
757.296300
757.358067
757.474767
759.447200
759.956933
760.027500
760.199900
761.772233
761.781433
762.311333
762.362500
762.506300
762.888433
762.972400
763.790300
764.010700
764.098433
764.909600
764.985567
765.551233
765.601167
765.703800
766.169533
766.191067
766.272567
766.317900
766.331800
766.433267
766.468800
766.491000
766.528367
766.564900
766.640967
766.700833
766.738000
766.757800
767.026733
767.507433
767.921633
767.925333
768.292400
768.366600
768.400733
768.418200
768.480567
768.768733
769.118433
770.001867
770.212267
770.258567
770.324800
771.148567
771.166900
771.182467
771.210900
771.473067
771.555800
772.000800
772.321100
772.588400
772.710033
772.747767
772.764067
772.943267
773.304233
773.763033
773.831033
774.819500
775.002767
775.019400
775.264400
775.510467
776.204667
776.289133
776.597933
776.698800
776.823233
776.828800
776.921500
777.033500
777.041367
777.564000
777.956467
779.139033
779.309633
779.466433
779.486200
780.286600
780.426233
780.523067
780.533433
780.766667
782.069100
782.345367
782.373933
782.459833
782.472967
783.510467
784.058767
785.563667
785.657567
785.681200
785.918100
785.950767
786.212767
786.365167
786.452667
786.468500
788.676867
788.884700
788.905267
789.063733
789.068433
789.156633
789.234267
789.406767
789.409367
789.840633
791.605500
791.622333
791.670233
792.427167
792.443967
792.477033
792.500800
793.450133
793.558633
794.082033
794.113100
794.219100
794.239833
794.242067
794.293567
794.661467
794.669267
794.674067
794.693900
794.796000
794.872567
796.147933
796.367333
796.499400
797.166067
797.321267
797.653600
797.887067
800.205533
801.047733
801.063533
801.159067
801.171767
801.792667
801.939667
801.945567
802.009000
802.145867
802.173667
802.763767
802.770067
803.650833
805.017600
805.045400
805.106267
805.281133
805.365933
805.523600
805.838867
805.874633
805.931967
806.059933
806.134800
806.216833
806.243900
806.252833
806.273300
806.668233
808.343933
808.408567
808.616333
809.337067
810.009367
810.142967
810.178033
810.193400
810.213533
810.254100
811.164000
811.562533
812.333233
812.345667
812.384900
812.447833
812.628633
812.647033
812.961433
813.120833
813.230400
813.255867
813.492700
813.615400
814.164500
814.177567
814.237300
814.324600
814.467767
814.546467
815.397667
815.656800
817.148267
818.593200
818.630567
818.720767
818.757100
818.778367
818.847633
818.902667
818.970933
818.982933
819.027067
819.213400
819.296367
820.370233
820.613767
820.701200
820.837767
821.232967
821.462533
821.572700
822.542900
822.736267
822.746733
822.796600
822.799733
824.105067
824.448100
824.996233
825.477400
825.601533
826.731200
827.152533
827.199200
827.204533
827.255267
827.326700
827.536867
827.539067
827.581433
827.737200
827.847033
827.848767
827.982967
828.370100
828.947300
828.960067
828.971233
828.982100
829.236567
830.768333
831.160600
831.454900
831.686767
831.694367
831.697067
831.732567
831.792533
831.806133
831.811500
831.829333
831.847967
831.883100
831.902467
831.905267
832.016967
832.063600
832.111967
832.521000
832.581367
832.587667
832.645167
832.717333
832.784700
832.795533
833.012400
835.300067
835.385900
835.400833
836.512867
836.523600
836.605167
837.467833
837.786467
837.819000
838.182000
838.223967
838.587700
839.725033
839.793567
839.977800
840.058433
840.144000
840.184267
840.206400
840.375833
840.691833
840.722067
840.920767
841.565033
841.756267
842.931133
843.007833
843.106200
843.168600
843.261633
843.472433
843.816200
843.922900
843.986800
844.262933
844.298267
844.327967
844.517867
844.525333
844.530000
844.637867
844.903500
844.915633
845.007967
845.049600
845.069600
845.171633
845.348633
845.412600
845.416467
845.531800
845.664567
845.882500
845.912667
845.939167
845.957967
846.052200
846.281833
847.156600
847.235700
847.342400
847.371333
847.405200
847.459933
847.834033
847.905500
848.400433
848.426567
848.464833
848.849100
848.871267
848.907000
849.037067
849.041700
849.094467
849.163433
849.179233
849.182600
849.246467
850.100267
850.312900
850.365400
850.537767
850.802067
852.337833
852.923500
852.969167
854.441533
854.681133
854.725800
854.872233
855.691633
855.796533
856.370267
857.521067
858.267467
861.661933
862.043200
862.150133
862.232333
862.245933
862.383667
862.462800
862.708600
862.852067
863.017300
863.276567
863.287500
863.317367
863.323533
863.902133
864.138767
864.431367
864.683767
865.078333
865.100333
865.280633
865.978167
866.290567
866.427867
866.431133
866.527300
866.895533
866.941900
867.378200
867.657433
871.656067
872.084067
873.000233
873.894867
874.495233
874.842567
875.399767
876.253333
876.824067
876.912367
876.917300
877.021600
877.033233
877.105167
877.792767
877.954700
878.047933
878.918567
879.158533
879.168300
879.207767
879.316067
879.354700
879.551200
879.614233
879.631967
880.000000
880.034633
880.055433
880.071567
880.138433
880.281967
880.315767
880.618700
880.751367
881.006667
881.012500
881.126833
881.218867
881.257867
881.416833
881.487267
881.963933
882.227200
882.451400
882.497467
882.769567
883.459000
883.490767
883.763600
883.881467
884.023167
884.137267
884.399200
884.461900
884.512400
885.047533
886.122533
886.142000
887.474333
887.961133
889.047267
889.130367
889.209400
889.353067
890.031267
890.423100
890.486167
890.545567
890.661700
890.673100
890.684033
890.705467
890.728133
890.834833
890.847167
890.965567
891.012933
891.121833
891.129700
891.471567
891.792567
891.873000
892.312400
893.952267
893.960633
894.130567
894.138967
894.171533
894.253233
895.649500
896.206233
896.363833
897.446467
897.934933
899.004233
899.548900
899.861667
900.394033
901.980867
902.586800
903.174300
903.517233
903.532633
903.546367
903.641700
903.856400
903.873200
903.897833
904.572033
904.773333
904.860900
905.365233
905.521333
905.816667
906.145967
906.167433
906.845100
907.380533
907.470133
907.670333
907.733500
907.749233
907.787533
907.791933
907.939433
908.042167
908.155333
908.158033
908.211667
908.802100
909.354433
909.452000
909.492300
909.581400
909.848600
910.010967
910.348100
910.808900
911.113833
911.351733
911.428000
911.511167
911.648367
912.511767
912.872867
913.022533
913.099300
913.191867
913.193567
913.197333
913.585033
913.634600
913.731367
913.733633
913.931733
914.175300
915.037833
915.046267
916.164200
916.169000
916.176367
916.188400
916.484633
916.644900
916.703333
916.767533
916.830467
916.832133
916.927967
917.153600
917.680033
917.704633
917.756567
918.340100
918.473467
918.519033
918.912667
919.456867
919.616433
919.671367
919.975600
919.985000
921.492933
921.934467
921.971100
922.030867
922.777367
922.838933
923.827400
923.976867
924.067200
924.115433
924.183400
924.240267
924.371833
925.389900
925.392767
925.579200
926.310500
926.986233
926.997900
927.013800
927.151767
927.195233
927.230467
927.299900
927.347300
927.367667
928.680133
928.797167
929.261467
929.649300
930.616967
930.900767
931.199700
931.247767
931.284900
931.430267
931.491267
931.897733
931.971500
932.076333
932.109900
932.120633
932.148900
932.301600
932.553967
935.947333
936.260367
936.372933
936.407667
937.341167
937.723700
937.727033
937.935067
937.965867
938.457100
939.277567
939.330133
939.648167
939.790667
939.804000
939.855467
940.874400
940.916733
941.083067
941.102367
941.181033
941.294267
941.409567
941.758167
941.841367
941.892400
942.037233
942.126567
942.192233
942.226033
942.354467
942.898933
943.612233
943.747433
943.753367
943.795933
943.912567
943.977733
944.382767
944.492333
945.393800
947.304500
947.708567
948.096600
948.132700
948.249033
948.259833
948.297467
948.325600
948.330733
948.408500
948.494467
948.682900
949.044267
949.210867
949.527833
950.656433
951.421800
951.507633
951.662367
951.842800
951.970633
952.170867
952.321333
952.338567
953.918967
954.486367
955.167600
955.267767
955.351767
955.411800
955.828367
955.843667
955.856033
956.118233
956.217333
956.876433
957.518000
957.533733
957.798033
957.824533
957.867967
958.001767
958.117800
958.212567
958.440333
959.002567
959.046800
959.355400
959.413133
959.837800
959.909167
960.085000
960.254267
960.466467
960.622333
960.740400
960.812467
960.933233
961.162167
961.217467
961.314267
961.370000
961.794700
961.806100
961.835300
961.908633
961.920900
961.985500
962.016200
962.353700
962.395633
962.467000
962.540933
964.575533
964.608100
964.610067
964.619033
964.840833
965.740367
965.746467
965.810000
966.124733
966.722467
966.779367
967.024200
967.360433
967.638000
967.892233
968.281033
968.342167
968.366567
968.423733
968.491633
968.911933
968.925300
969.094900
971.322400
972.022433
972.975467
973.074067
973.165700
973.330967
973.611500
973.623533
973.697100
974.059267
975.238933
975.659667
975.669133
975.967567
976.432233
976.581133
976.805400
977.147233
977.223967
977.341233
977.595000
977.851400
977.981400
978.040700
978.147733
978.335567
978.340000
978.590800
978.633100
978.673833
978.697400
978.710600
978.749200
978.767333
978.961667
978.967233
978.978900
979.020567
979.101833
979.113700
979.168567
979.217400
979.355833
979.387133
979.607067
979.664500
979.751233
980.086533
981.606300
982.107800
982.622867
982.865967
982.959267
982.975567
982.993467
983.011967
983.062167
983.216367
983.235600
983.242033
983.375467
983.507033
983.876600
983.970800
984.175600
984.233933
984.237000
984.578233
985.407267
986.193300
986.204000
986.294600
986.416067
986.493333
986.592500
987.174467
987.792000
987.804367
987.813333
987.877133
987.953233
988.177033
988.337067
988.345200
988.505800
988.695700
988.843333
989.530867
989.545900
989.666433
989.693200
989.978800
991.000433
992.040633
992.097000
992.276933
993.375700
993.877633
994.018400
994.087067
994.496767
994.831700
994.866400
994.873033
994.939200
995.056600
995.083100
995.262067
995.335767
997.444867
997.615000
997.684900
998.282100
998.854233
998.936333
999.305200
999.991333
1000.271967
1000.800267
1001.891600
1002.034400
1002.089667
1002.325200
1002.437767
1002.485233
1002.652667
1002.706867
1002.736133
1002.877100
1002.923267
1003.729933
1004.172933
1004.236767
1004.484567
1004.536467
1004.563833
1004.577033
1005.178833
1005.315400
1005.533867
1005.574933
1006.233367
1006.717600
1006.897600
1006.957467
1007.164467
1007.289233
1008.058300
1008.095633
1008.809833
1008.851367
1008.921667
1009.069400
1011.508900
1011.621533
1011.703567
1011.818100
1011.899233
1012.259167
1012.342133
1012.355567
1012.381933
1012.560400
1013.147233
1013.234567
1013.292200
1013.354000
1013.367467
1013.516867
1013.529000
1014.187233
1014.219600
1014.271600
1015.555900
1015.584600
1015.912133
1016.106067
1016.140033
1016.171467
1016.192267
1016.515100
1016.518133
1016.542333
1016.545567
1017.038667
1017.087900
1017.892967
1018.326433
1019.894033
1020.037967
1020.368933
1020.875600
1021.021167
1021.065367
1021.095867
1021.193300
1022.230200
1023.497800
1023.550067
1023.622967
1023.673433
1024.310333
1024.462767
1024.576467
1024.729767
1024.769900
1024.886967
1024.935267
1025.172700
1025.221600
1025.276133
1025.393267
1025.650267
1025.873167
1026.562267
1027.984267
1028.146700
1028.257167
1028.556867
1028.703000
1028.925233
1029.097567
1029.425067
1030.730533
1030.873800
1030.950267
1031.372500
1031.386500
1032.070667
1032.102067
1033.982033
1034.686800
1034.775300
1034.785967
1034.801100
1034.843067
1034.845833
1035.002833
1035.008633
1035.012633
1035.890533
1036.526567
1037.106733
1037.252967
1037.624667
1037.682633
1037.797567
1037.816967
1039.940233
1040.038567
1040.059033
1040.532800
1045.829600
1046.296333
1046.319633
1046.382533
1046.499733
1046.738267
1046.899100
1048.188133
1049.288967
1049.315133
1049.333067
1049.745067
1049.839933
1049.908267
1050.007467
1050.036600
1050.040767
1050.493900
1051.348833
1051.600667
1051.647200
1051.993500
1052.047200
1052.073400
1052.212867
1052.218567
1052.249700
1052.282300
1052.347033
1052.750300
1052.768333
1052.867467
1052.881267
1052.913467
1053.058733
1053.075167
1053.129600
1053.146700
1053.168600
1053.210767
1053.552300
1055.097367
1055.129533
1055.296500
1055.465333
1055.545700
1055.577567
1055.609400
1055.656167
1055.700033
1055.735600
1055.796267
1055.800267
1055.852467
1055.925300
1056.159500
1056.408833
1056.796967
1056.846933
1056.901133
1057.089967
1057.161333
1057.453267
1058.663267
1059.077967
1059.384800
1059.538367
1059.821667
1060.914133
1061.550867
1062.008733
1063.641400
1064.053100
1064.090100
1064.117533
1066.323867
1067.354000
1067.942400
1068.022200
1068.214900
1068.298033
1068.757133
1068.843067
1068.855667
1068.890300
1068.925333
1069.179333
1069.858900
1069.901233
1069.952400
1070.008100
1070.029933
1070.051900
1070.734233
1071.257333
1071.276033
1071.549500
1071.990800
1072.081933
1072.324000
1072.376933
1072.481667
1072.488933
1073.734433
1073.737967
1073.739833
1073.925767
1074.000000
1074.147533
1074.243167
1074.401033
1074.416300
1074.489633
1074.701033
1074.765000
1074.777833
1074.790867
1075.409800
1076.327600
1076.338167
1076.402967
1077.205067
1077.437667
1077.459733
1077.670833
1077.739233
1078.088533
1078.207333
1078.393167
1079.124533
1079.201167
1079.941767
1080.200567
1080.372667
1080.538833
1080.614067
1080.630967
1080.667167
1081.299133
1081.436400
1081.723033
1083.639233
1083.672233
1084.144333
1084.235300
1084.741100
1085.479900
1085.597033
1085.599000
1086.050367
1086.562667
1086.901000
1086.961233
1087.016333
1087.169167
1087.203433
1087.231833
1088.352833
1090.031500
1090.374133
1090.943067
1091.357800
1091.743033
1091.868967
1092.463133
1092.624500
1092.663433
1092.697567
1092.718700
1092.917000
1093.240400
1093.245633
1093.445033
1093.524700
1093.638967
1093.871000
1093.887067
1093.955600
1094.020900
1094.066733
1094.313767
1094.394000
1095.544400
1095.661067
1095.720000
1096.034300
1096.298367
1097.070167
1097.409100
1097.726667
1097.772033
1097.802867
1097.983633
1098.021600
1098.036733
1098.053467
1098.109267
1098.206500
1098.273833
1099.250833
1099.316500
1099.401400
1099.415333
1099.501500
1100.720933
1100.855967
1101.272967
1101.816467
1102.193133
1102.276233
1103.682767
1103.840567
1103.926200
1103.929567
1104.300433
1104.368867
1104.909000
1104.966933
1106.139233
1106.201433
1106.265633
1106.323033
1106.805633
1106.974133
1107.020933
1107.157600
1108.000567
1108.218067
1108.674800
1109.364500
1109.379733
1109.539033
1109.584033
1110.114767
1110.268200
1110.433400
1110.437967
1110.440933
1110.455667
1110.554433
1110.564567
1110.567400
1110.688800
1110.694033
1110.736000
1110.793933
1110.845200
1110.847933
1110.874867
1110.880967
1110.945600
1111.202833
1111.374467
1111.476933
1111.481433
1111.937667
1112.001100
1112.105433
1112.148233
1112.191267
1112.278433
1112.380000
1112.573500
1113.979067
1114.027367
1114.071600
1115.316667
1115.412400
1115.710633
1115.826000
1116.222300
1116.694933
1117.715467
1117.730100
1117.751467
1117.846633
1117.879900
1117.894500
1118.030367
1118.097033
1118.108467
1118.112933
1118.739600
1118.938767
1119.178567
1119.414933
1120.177300
1121.358967
1121.550700
1122.078900
1122.398500
1122.409700
1122.423767
1123.987367
1124.383600
1124.643433
1124.753467
1124.762833
1124.942033
1124.973333
1125.179900
1125.215967
1125.327133
1125.338300
1125.347400
1125.380433
1125.479733
1125.721067
1126.266667
1126.341633
1126.572267
1126.611600
1127.315700
1127.383100
1128.653133
1128.911300
1129.238867
1129.553633
1129.594433
1129.600733
1129.670233
1129.750867
1129.942567
1131.181600
1131.701167
1131.893100
1134.012267
1135.289400
1135.567867
1135.704500
1136.451600
1136.528233
1137.046400
1137.429633
1138.545600
1138.819033
1139.249367
1139.924933
1141.442367
1141.467367
1141.562067
1141.575100
1141.741500
1142.562900
1142.626900
1142.858067
1143.174367
1143.354333
1143.409133
1143.454733
1143.496433
1143.556300
1143.576767
1143.611633
1144.633333
1144.858167
1145.136967
1145.364133
1146.498667
1146.965500
1147.576267
1147.664633
1147.769233
1148.318767
1148.388800
1148.394167
1148.504633
1148.571900
1148.616067
1149.138933
1149.142767
1149.146400
1149.248333
1149.329267
1149.380300
1149.442433
1149.475900
1149.506867
1149.559367
1149.795600
1150.191767
1150.480933
1152.969433
1153.446567
1153.611733
1153.713767
1154.064533
1155.132167
1155.294500
1155.344167
1155.365300
1155.401300
1155.458400
1155.482333
1155.909233
1156.416067
1157.368267
1157.498833
1157.572467
1157.607867
1157.662833
1157.963033
1158.091867
1158.474233
1158.541133
1158.753033
1158.813067
1159.199567
1159.330633
1160.135400
1161.544433
1161.844433
1162.763567
1162.797733
1163.196600
1164.382133
1164.885633
1165.807367
1166.469133
1167.069367
1167.190467
1168.560633
1169.065500
1169.430233
1169.577000
1169.934367
1170.046233
1170.129700
1170.171733
1170.193700
1170.217567
1170.381867
1170.425667
1170.467500
1170.587967
1170.714733
1172.285133
1172.595333
1172.988900
1173.825867
1174.355700
1174.915067
1175.013333
1175.059133
1175.217600
1175.276267
1176.961967
1179.006033
1179.442833
1179.511767
1179.658333
1180.204433
1180.215367
1180.517900
1180.614167
1180.890433
1181.559667
1181.682233
1181.767567
1181.833433
1181.880767
1181.904500
1181.966367
1181.968767
1181.980667
1182.096833
1182.148833
1182.199333
1182.323700
1183.781033
1183.827533
1184.041033
1184.327667
1185.209400
1185.216633
1185.483267
1185.668600
1185.709733
1186.063600
1186.078467
1186.085167
1186.094667
1186.143800
1186.168067
1186.197300
1186.262567
1186.293300
1186.360167
1186.512100
1186.956167
1187.047800
1187.617333
1187.722467
1187.930300
1191.094433
1191.524300
1191.526333
1191.698767
1191.775067
1192.360033
1192.475267
1192.555567
1192.651000
1192.701500
1192.703567
1192.806367
1192.985400
1194.122333
1194.190333
1194.208267
1194.439600
1194.559633
1194.564700
1195.219333
1195.601367
1195.673767
1195.740800
1196.483667
1196.954667
1197.000700
1197.102167
1197.176233
1197.249967
1197.292100
1197.339133
1197.343500
1197.348467
1197.437800
1197.459633
1197.504567
1197.519633
1197.532800
1197.631133
1197.822167
1197.855100
1198.025033
1198.104167
1198.113233
1198.117400
1198.134567
1198.243867
1198.586200
1198.631133
1198.756167
1199.032400
1201.445067
1201.765233
1201.793567
1201.991367
1202.159900
1202.281433
1202.446167
1202.544033
1202.605500
1202.768700
1202.780733
1202.858000
1203.022267
1203.161233
1203.166200
1203.352467
1203.440733
1203.451533
1203.541633
1203.603200
1203.691833
1203.838467
1205.374167
1205.417900
1207.182867
1207.408300
1207.496300
1207.798800
1207.814500
1207.828767
1207.883800
1207.950167
1208.020833
1208.039200
1208.140633
1208.189100
1208.214633
1208.300400
1208.302667
1208.338000
1208.348633
1208.363767
1208.418033
1208.432667
1208.437233
1208.449400
1208.456367
1208.462433
1208.466533
1208.584133
1208.614233
1208.773533
1208.780100
1208.844633
1208.865333
1209.274000
1209.595567
1211.023900
1211.313400
1212.300133
1212.385233
1213.686433
1214.630633
1214.941567
1215.650567
1216.884867
1217.890533
1218.326867
1219.490567
1219.505867
1219.523000
1219.542433
1219.811333
1221.010733
1221.016667
1221.072333
1221.080233
1221.586267
1221.631367
1221.677167
1221.929033
1221.981067
1222.001000
1222.071133
1222.411300
1222.470700
1222.518367
1222.736600
1222.827167
1222.977967
1223.891567
1224.282467
1224.342500
1224.412667
1224.515667
1224.640833
1224.659367
1225.623133
1225.803567
1225.853500
1226.065033
1226.106533
1226.157533
1226.409967
1226.470100
1226.686867
1226.691767
1227.870333
1228.094000
1228.127233
1228.244900
1228.390167
1228.456100
1228.484067
1228.528700
1228.925600
1229.296367
1229.420567
1229.668800
1230.340100
1230.388200
1231.708933
1232.387500
1232.930333
1233.041300
1233.071700
1233.159667
1233.424167
1233.849667
1233.928833
1234.940700
1235.154000
1235.225533
1235.429667
1236.306333
1236.494133
1236.870600
1237.437000
1237.439733
1237.457200
1238.107333
1239.174700
1239.382833
1239.500167
1239.714167
1239.758867
1239.780333
1239.848900
1240.023200
1240.168100
1240.193733
1240.327067
1240.346967
1240.739267
1240.805000
1240.849533
1240.862533
1240.910400
1240.934967
1240.952567
1241.009467
1241.028500
1243.306400
1243.310333
1243.400133
1243.438567
1244.462433
1245.172533
1245.208800
1245.298867
1245.319400
1245.364833
1245.401267
1246.445233
1246.508433
1246.675167
1248.511600
1248.568400
1248.773833
1249.029967
1249.156400
1249.236367
1251.273267
1251.405067
1251.416933
1251.940300
1252.038267
1252.946400
1253.058567
1253.181800
1253.385400
1254.014167
1254.018433
1255.552667
1256.666033
1257.276067
1257.397967
1257.724033
1257.756367
1257.797667
1257.932600
1257.942333
1257.993667
1258.640733
1258.757800
1258.827167
1259.143600
1259.607867
1259.764600
1260.044000
1261.145233
1261.234633
1261.630133
1261.984000
1262.560433
1263.000767
1263.647333
1263.700833
1263.895333
1265.710233
1266.075667
1266.924500
1266.991033
1267.218167
1267.439967
1267.651100
1267.721433
1268.453700
1271.132233
1271.418333
1271.512167
1271.516400
1271.533333
1271.539900
1271.625300
1271.640400
1271.700700
1271.789933
1271.893867
1272.083833
1272.687600
1272.709967
1272.755633
1272.776067
1272.792233
1272.852133
1273.257533
1273.924167
1274.133133
1274.231133
1274.340667
1274.705867
1274.925533
1275.054767
1275.406200
1275.427033
1275.737533
1275.752267
1275.766733
1275.806667
1275.853967
1275.875500
1275.884933
1275.929833
1275.966900
1276.131467
1276.347000
1276.645333
1276.738567
1277.185333
1277.193067
1277.913500
1278.039300
1279.869500
1280.837267
1280.968600
1281.145400
1281.221200
1282.788167
1283.039667
1283.090900
1283.595333
1283.606567
1283.877800
1284.038400
1284.088033
1284.265500
1284.306433
1284.362600
1284.451567
1285.640800
1285.859967
1285.940633
1286.122033
1286.250933
1286.571567
1286.840600
1286.873600
1286.880400
1286.883167
1286.928067
1286.940533
1286.942167
1286.987267
1287.135233
1287.149000
1287.202833
1287.211500
1287.218667
1287.337433
1287.384833
1287.726000
1287.742733
1288.416833
1290.042933
1290.490833
1290.583367
1290.628833
1291.083733
1291.706567
1291.713400
1291.724333
1292.727700
1293.383767
1294.231167
1294.451533
1295.116733
1295.743167
1295.900633
1295.961000
1295.973700
1295.990667
1296.051333
1296.135000
1296.198900
1296.255333
1296.441933
1296.445400
1296.472233
1296.645967
1296.880767
1297.017500
1297.181467
1297.187267
1297.681167
1298.437800
1298.649533
1299.430367
1301.363433
1302.039200
1302.177000
1302.260000
1302.800700
1302.886633
1304.363133
1304.590133
1304.642567
1304.733833
1304.823733
1306.999233
1308.726367
1309.119633
1309.272533
1309.360833
1309.435000
1309.546433
1309.723333
1309.824333
1309.869733
1310.348433
1311.248333
1311.271700
1311.514200
1311.615367
1311.692533
1311.769667
1311.871733
1312.901833
1313.766933
1313.822667
1313.894833
