0.022933
0.234433
0.328400
2.186967
2.795000
3.033733
3.312733
3.430733
3.857100
3.942267
4.084733
4.161067
4.352300
4.542733
4.757833
5.222400
6.176333
6.239767
6.508533
6.807967
6.813367
6.853533
6.922100
6.961700
6.999900
7.051167
7.316167
7.995933
8.394600
8.479700
8.538367
8.724100
8.967933
9.055333
9.206400
9.425900
9.626533
9.698867
9.771833
9.824200
10.182767
10.300500
11.005567
11.360067
11.447500
11.474567
11.579667
12.216900
12.300100
12.413933
12.819833
13.269867
15.731400
16.366333
16.447333
16.636867
17.847333
18.022267
18.091500
18.151867
18.174833
18.282367
18.489867
18.511767
18.606067
18.669700
18.703767
18.782767
18.862100
19.030033
19.057767
19.717467
21.386700
21.489000
22.528167
22.614900
22.673767
23.176400
23.584033
23.685133
23.789600
23.823800
23.925000
24.212967
24.278600
24.292633
24.386400
24.824233
24.883733
24.910033
24.938900
24.969733
24.987300
25.066767
25.119733
26.564433
26.750533
26.853533
26.969267
26.983300
27.139467
28.471533
28.489633
28.526667
28.570367
28.609233
30.510033
30.725933
30.766567
30.806600
30.986967
31.045700
31.969600
32.136567
32.227400
32.300500
32.564967
32.804600
33.525167
33.539867
33.666100
33.746533
33.793200
34.303767
34.607400
34.628300
34.687200
34.831033
35.043000
35.167400
35.210000
35.424200
35.465900
35.834233
35.876600
35.969000
36.231433
36.340800
36.397500
36.448367
36.488867
36.500000
36.558933
36.563367
36.874667
37.014267
37.065633
37.100733
37.349433
37.408900
37.445300
37.699033
37.925767
37.977167
38.023433
38.118933
38.302000
38.307900
38.331000
38.501200
38.534433
38.588633
38.606633
38.720500
39.107700
39.234133
39.244200
39.904633
40.254667
40.772833
41.003367
41.062067
41.807800
42.260200
42.353733
42.425400
42.627300
42.732533
42.811867
42.962033
43.642467
43.974933
44.308633
44.442300
44.887033
44.959900
45.017200
45.235100
45.281867
45.336133
45.518300
45.830867
46.803833
47.388267
47.691800
47.729600
47.753267
47.803533
47.860267
47.933167
48.037867
48.041833
48.154100
48.375433
48.393567
48.414933
48.480667
48.511400
48.515433
48.556867
48.921433
50.589500
50.696967
50.766133
50.799500
50.930933
51.029233
51.199000
51.220033
51.267233
51.332367
51.613367
51.827800
52.289000
52.349800
53.183467
53.563200
53.875967
53.932433
53.991267
54.174400
54.459133
54.911400
54.990233
55.048300
56.240033
56.259267
56.338133
56.369100
56.404600
56.446667
56.513167
56.647400
56.672333
56.781433
57.304767
57.401667
57.567000
57.602467
57.610867
57.734033
57.835567
57.897667
58.595567
59.252233
59.281567
59.951733
60.207100
60.691633
60.740267
60.757567
60.782833
61.010333
61.113567
61.161367
61.176033
61.239133
61.495467
61.600000
63.144767
63.467633
63.551167
64.891200
65.018100
65.110000
65.166467
65.354000
65.424000
65.496867
65.660033
65.726433
65.956600
66.026267
66.789833
66.818133
66.868300
66.899700
66.967633
67.076133
67.139667
67.200033
67.229800
67.532333
67.601667
67.790000
67.934733
68.197233
68.348733
68.480833
68.949633
69.019500
69.213533
69.248067
69.699100
69.741567
69.801700
69.840333
70.157900
72.033367
73.152100
73.221067
73.798167
73.877267
74.580300
75.135067
75.253500
75.949933
76.040833
77.113800
77.762700
77.775133
77.793967
77.796767
77.842300
77.903867
78.315367
79.100767
79.136500
79.168267
79.186667
79.238600
79.303800
79.849333
79.931267
80.375333
80.423833
80.619800
81.240433
81.272800
81.312833
81.349733
81.378233
81.444033
82.395633
82.462967
82.574033
82.708467
82.904767
82.935400
82.985500
83.002700
83.065200
83.090067
83.567800
84.089300
84.209333
84.217267
84.280267
84.289667
84.337500
84.368867
84.459533
84.693000
84.757267
84.837567
84.867333
84.880200
84.976367
85.064467
85.066100
85.114033
86.114333
86.197567
86.607700
86.797900
86.831700
87.029667
87.049300
87.085900
87.122567
87.200667
87.749733
87.841700
88.177233
88.274400
88.500933
88.826467
88.915600
90.196000
90.263233
90.344900
90.394433
90.559900
90.678867
90.711533
90.747500
90.857200
90.924200
90.957200
91.274833
91.312900
91.537133
91.627233
91.796433
92.105500
92.197200
92.308567
92.396633
92.482367
92.543133
92.683333
92.978667
93.234867
93.300633
93.333900
93.876467
94.132667
94.606633
95.350433
95.430933
95.522700
95.556733
96.303200
96.663000
97.031333
97.196667
97.261933
97.311700
97.417500
97.779433
97.816267
97.933400
98.081267
98.129767
98.198200
98.239300
98.585833
98.644100
98.714133
99.050467
99.453000
100.553867
100.619333
100.994267
101.643933
101.802400
101.853600
101.935300
102.024600
102.114400
102.271300
102.291033
102.347900
102.433333
102.588700
102.614367
102.660800
103.190433
103.225433
103.243767
103.417933
103.492200
103.770267
103.827300
104.208167
104.314267
105.003467
105.545233
105.657033
105.698067
105.712933
106.372433
106.505300
106.541333
106.561300
106.595200
106.597767
106.726233
106.761867
106.842167
107.610267
107.665100
107.889767
107.945167
107.976867
108.022900
108.072833
108.096867
108.131133
108.177200
108.230567
108.415533
108.646900
108.705533
108.768733
108.907267
108.970533
108.993767
109.006767
109.009600
109.068233
109.156367
109.179967
109.235833
109.266833
109.285733
109.338900
109.373733
109.396333
109.446933
109.535967
109.556933
109.705433
109.831367
109.847567
109.896367
109.971033
110.030733
110.065433
110.124567
110.169433
110.187167
110.229667
110.269167
110.936767
111.527800
111.662500
111.687867
111.757400
111.880233
111.970967
112.066800
112.113133
112.333700
112.369700
112.376967
112.411400
112.441400
112.515433
112.550600
112.597900
112.628300
112.688733
112.754500
112.825367
113.030533
113.116367
113.147700
113.152567
113.642233
113.680800
113.698367
113.719700
113.813500
113.992800
114.038100
114.094967
114.155167
114.180467
114.230967
114.433100
114.468300
114.646833
115.429800
116.527567
116.605833
117.966833
118.922967
119.063333
119.145900
119.377967
119.535433
119.552600
119.573900
119.600100
119.629633
121.150467
121.186500
121.576967
121.617533
121.636867
121.650367
121.671067
121.765867
121.862600
121.970933
122.185767
122.575000
122.590000
122.653967
122.692433
123.207900
123.269867
123.318000
123.424667
123.536267
124.656100
124.939167
125.237500
125.392033
125.490133
125.550567
125.604300
125.716033
125.759867
125.800133
125.829700
126.166967
126.233200
126.327533
126.359767
126.394900
126.469267
126.500667
126.552500
126.592700
126.620333
126.751767
126.930267
127.149033
127.204567
127.302000
127.770867
127.997233
128.070833
128.315600
129.322233
129.534867
129.592400
129.694233
129.803133
129.858833
130.034867
130.121833
130.222700
130.314367
130.342533
130.876533
130.933100
130.958400
131.009233
131.225467
131.267033
131.294467
131.406867
131.788400
131.986800
132.259133
132.340567
132.386467
132.407500
132.424567
132.512367
132.541200
132.604067
132.645633
132.665700
133.657533
133.757367
133.968233
134.123800
134.202900
134.826333
135.228767
135.375300
135.437133
135.952467
136.310733
136.343133
136.394400
136.422333
136.512533
136.529767
136.561700
137.660567
137.703533
138.049233
138.114067
138.995867
139.380400
139.434967
139.492800
139.541167
139.783000
139.855367
139.922900
139.992467
140.146933
140.186867
140.265200
140.513400
140.828600
140.870233
141.308100
141.386767
141.959867
142.374067
142.442633
142.499767
142.599467
142.714433
142.865167
143.018067
143.317367
143.396833
143.502267
143.568433
143.663200
144.247800
144.293600
144.360100
144.452133
144.782900
144.896767
145.007100
145.289033
145.334633
145.460067
145.758467
145.784900
145.787933
145.847267
145.860267
145.899833
145.902467
145.930800
146.007433
146.081800
146.931533
146.966733
146.997467
147.063567
147.089267
147.128433
147.206200
148.989133
149.056700
149.634100
149.842567
149.891200
149.941133
149.973733
150.034100
150.107167
150.136067
150.166833
150.204467
150.971900
151.046367
151.119433
151.251067
151.268267
151.710567
151.797533
151.899800
152.844400
152.905333
153.159233
153.198433
153.311733
153.853133
153.935433
154.119800
154.259567
154.348300
154.983933
155.158533
155.185200
155.220400
155.234367
155.270667
155.317667
155.924367
156.240333
156.287733
156.327233
156.572167
156.777900
156.817933
156.997233
157.054867
157.185333
157.233400
157.271033
157.447433
157.608733
157.727067
157.803700
157.841800
158.883200
158.988033
159.051467
159.477867
159.541467
159.659200
160.522433
160.847700
161.301900
162.098200
162.145133
162.175067
162.188233
162.223933
162.253167
162.335600
163.392500
163.439067
164.072467
164.746200
164.826367
164.994233
165.280033
165.419033
165.503067
166.370300
166.906500
166.979233
167.453367
167.529167
167.596333
168.256867
168.454067
168.560700
169.344967
169.392933
169.458033
169.538133
169.589200
169.666033
169.815667
170.003400
170.062667
170.092567
170.103767
170.114767
170.254000
170.851000
171.240000
171.373633
172.027367
172.712700
173.775033
174.034100
174.071400
174.196367
174.248367
174.696433
174.778433
174.803867
174.842967
174.929333
175.551533
176.230833
176.276800
176.308700
176.347067
176.469367
176.560133
177.243767
177.309400
177.330700
177.391700
177.516833
177.608500
177.843567
177.919667
177.925300
177.930600
178.014933
179.325300
179.442600
179.549833
179.752900
180.026133
180.312800
180.646500
180.782867
182.539933
182.628933
183.090200
183.173400
183.238100
183.281200
183.388567
183.493400
183.609433
183.717533
183.836633
183.931567
184.031900
184.107567
184.133733
184.177767
184.210867
184.324633
185.310300
185.692700
185.792600
185.984700
186.063000
186.160567
186.204067
186.378833
186.706900
186.910933
187.011367
187.339900
188.105667
188.150567
188.495200
188.692633
189.353567
189.487167
190.281567
191.182400
191.257100
191.319933
191.428867
192.065033
192.122933
192.157433
192.221933
192.278867
192.496767
192.586200
192.622700
193.082867
193.568533
193.630833
193.680733
193.736067
194.373300
194.497267
194.734267
196.369467
196.420933
197.141233
197.166733
197.224433
197.338933
197.379267
197.463200
197.706033
198.301667
198.482900
198.606433
198.737500
198.758033
199.334700
199.442267
200.757933
200.829800
200.914167
200.980667
201.066100
201.118933
201.290767
201.392400
201.474133
201.545467
201.589300
201.642867
202.053100
202.102233
202.299700
202.524867
202.585000
202.664333
202.894767
202.969033
203.014533
203.095167
203.206967
203.265067
203.715333
204.056800
204.707133
204.804633
204.945667
205.003067
205.537700
205.544600
205.580867
205.612200
205.675367
205.735033
206.067267
206.121500
206.172067
206.206100
206.236333
206.399567
206.544033
206.570933
206.909067
207.512867
207.564933
208.280500
208.332567
208.377933
208.487233
208.537867
208.775433
208.864733
209.187800
209.341800
209.412200
209.465033
209.470867
209.549833
210.878767
211.371433
211.442067
211.692367
211.741267
211.761400
211.816800
211.849167
211.945867
212.087400
212.145433
212.211867
213.021733
213.345067
213.460633
213.809300
213.897400
214.022400
214.495067
214.509467
214.805300
214.863667
215.004500
215.205867
215.313900
215.330433
215.504667
215.535567
215.588800
215.630867
215.683833
215.869533
216.186200
216.377867
216.409367
216.689167
216.877733
216.899033
216.960400
217.053000
217.490500
218.423900
218.722600
218.896233
219.257067
220.580900
221.000033
221.195833
221.390933
221.477967
221.771467
222.069367
222.142167
222.161500
222.197500
222.206400
222.296333
222.330100
222.456367
222.544400
222.634233
222.678267
222.704833
222.727233
222.771333
222.927233
223.536500
223.560833
223.918567
224.147500
224.459500
224.763067
225.421467
225.757900
226.567933
226.578567
226.674000
226.936433
226.976600
227.018267
227.031767
227.388533
227.407633
227.945400
228.796533
228.874867
229.943800
229.978300
230.684000
230.763367
230.809700
230.833233
230.949567
231.085633
231.263167
231.666533
233.032067
233.120233
233.160233
233.210467
233.387600
233.423300
233.433867
233.511067
233.551100
233.627800
236.232800
236.248367
236.306033
236.373967
237.188333
237.430900
237.515267
237.614167
237.632900
237.670933
237.955133
238.112900
238.283700
238.645100
238.924467
239.264600
239.341700
239.414400
239.511833
239.567367
239.646400
239.794333
239.953067
240.696500
240.903000
241.011167
241.114567
241.219000
241.233033
241.663100
241.865833
242.000500
242.040267
242.115967
242.199300
242.507000
242.594933
242.913500
243.174433
243.898967
244.697333
244.871700
245.225200
245.356100
247.845100
247.887400
247.913567
247.944300
248.006067
248.161800
248.231900
248.306300
248.324000
248.367267
248.391100
248.469300
248.510700
248.522533
248.558567
248.581733
248.635200
248.691433
248.983133
249.040667
249.188767
249.309600
249.472100
249.614700
249.697300
249.725533
249.747067
249.824333
249.843700
249.890600
249.952333
250.015567
250.042167
250.084900
250.258333
250.473033
250.543933
251.062800
251.104833
251.583700
251.638667
251.791633
252.762000
253.134900
253.882133
254.016433
254.029533
254.126433
254.217567
254.266733
254.295767
254.878400
254.981000
255.208067
256.039433
256.384967
256.745367
257.415667
257.493567
257.683033
257.952333
259.208067
259.232233
259.251233
259.300967
259.317067
259.359733
259.421200
259.517967
259.577667
259.688600
260.261333
260.287667
260.369033
260.396300
260.442267
260.494533
260.776400
262.472100
262.864100
263.802133
265.541000
265.932800
266.057933
266.220567
267.741167
268.486100
268.768633
268.866100
269.461500
269.664200
269.750833
269.768767
269.801067
269.858800
270.285433
270.436933
271.065867
271.429800
271.441167
271.476900
271.517233
271.615200
271.692100
271.722700
271.897600
271.952200
272.233733
272.490000
272.857867
273.586033
273.979900
274.034767
274.096633
274.104467
274.167033
274.266233
274.413433
274.508367
274.528100
274.711167
274.940533
274.968900
274.998800
275.082000
275.204800
275.260333
275.452267
275.490433
275.508067
275.581767
275.690033
277.000967
278.516733
278.976267
279.017233
279.423067
279.753400
279.788200
279.847467
279.925400
280.094000
280.196267
280.649000
281.067333
281.105467
281.190367
281.209867
281.233067
281.261833
281.355333
281.419700
281.619367
281.662500
281.681900
281.720967
281.753300
281.770333
281.777100
281.819967
281.866900
281.887967
281.989067
282.577433
282.621267
282.666867
282.703467
282.728300
282.756833
282.788733
282.809267
282.959900
283.306633
283.439467
283.489333
283.781133
284.659733
284.756533
285.109200
285.228367
285.284200
285.385267
285.482133
285.549900
285.639533
286.244400
286.264567
286.345433
286.379767
286.447033
286.629800
286.669733
286.690233
286.739000
286.800233
286.944900
286.996800
287.028333
287.058633
287.066800
287.444600
287.869100
287.904300
288.071367
288.210367
288.650467
288.701900
288.749400
289.073500
290.781000
291.523100
291.594333
291.671033
291.800767
292.035633
292.172200
292.737033
292.983567
293.126567
293.164733
293.230333
293.557867
294.437700
294.460033
294.467733
294.531600
294.701833
294.791333
294.830067
294.849200
294.874067
295.009000
295.085833
295.139233
295.663300
295.699967
295.756867
295.809367
295.948667
296.024767
296.786700
296.820300
297.260733
297.909800
297.939900
297.994333
298.057400
298.109500
298.193600
298.893833
299.393133
299.958733
300.028933
300.067267
300.120900
300.518900
300.857900
301.042867
301.075600
301.186467
301.667667
301.707867
301.775433
301.835667
301.946400
302.639100
302.735800
302.793033
302.819800
302.850933
303.265600
303.344333
303.410100
303.479767
303.798700
304.448133
304.523033
304.733367
304.820167
304.942067
305.125033
305.133600
305.187933
305.198867
305.897033
305.951067
306.799367
307.252667
307.934033
308.351800
308.462400
308.508000
308.584833
309.649233
310.794300
310.965933
311.676567
311.682833
311.729967
311.773933
311.822500
313.592867
313.788067
314.133700
314.183767
314.456867
314.696733
314.833100
314.889200
315.272467
315.452400
315.568567
315.576367
315.579800
316.145833
316.281300
316.349833
316.398533
316.477233
316.705033
316.748800
316.800933
316.862767
316.940200
316.995367
317.117900
317.736667
317.792300
317.908500
318.088067
318.614167
319.337267
319.536867
319.663967
319.718800
319.773600
319.927967
320.471567
320.481767
320.534000
320.568167
320.645233
321.255400
321.392933
321.796900
321.866300
321.928367
322.004733
322.056000
322.064200
322.123433
322.187400
322.206567
322.402833
322.525600
322.650300
323.128767
323.173067
323.201033
323.386067
323.470833
323.832233
324.382667
324.469800
324.515667
324.589733
324.674267
325.995967
326.776600
326.808300
326.830333
327.548600
327.559967
327.623700
327.739367
327.768100
327.871300
327.889433
328.043333
328.195333
328.380400
328.749833
328.796000
328.925000
329.024833
329.365967
329.443100
329.523600
329.553467
329.602200
329.641433
329.695100
329.703067
329.727967
330.202800
330.240933
330.293300
330.427833
330.476533
330.553633
330.787300
330.860233
331.030033
331.134000
331.173767
331.247133
331.418200
331.435733
331.595367
331.824700
331.940000
332.142200
332.258433
332.316700
332.404200
332.443367
332.622233
332.654700
332.661433
332.751333
332.811700
332.833967
332.882333
332.917033
333.191800
333.886533
333.925133
333.946400
333.996467
334.074500
334.217700
334.742367
335.430967
335.484667
335.658333
335.721333
335.767900
335.871933
335.901267
335.942400
335.997133
336.267067
336.291433
336.319333
336.348033
336.390400
336.511967
337.382733
337.439267
337.984667
338.119867
338.230033
339.642167
339.657600
339.708600
339.766533
339.793567
339.805600
339.827033
339.880633
339.944667
340.020500
340.107600
340.190100
340.283733
340.360133
340.485133
340.573333
340.601533
340.788500
341.056800
343.032067
343.997600
345.199600
345.282600
345.305500
345.425967
345.525433
345.572100
345.618800
345.649667
345.762133
345.867867
346.004233
346.143933
346.167400
346.243467
346.601000
346.664767
346.886500
346.965967
347.648867
347.705333
347.731967
347.799567
347.856233
348.213533
348.380867
348.455200
349.255600
349.322200
349.338100
349.811567
349.885500
350.234300
350.449233
350.494033
351.275500
351.302833
351.342000
351.388200
351.444700
351.494733
352.081633
352.140833
352.232900
352.647600
353.639400
353.900867
353.994633
354.258267
354.453233
354.646900
354.858033
355.756000
355.815267
355.846600
355.866167
355.873033
355.995300
356.092067
356.367900
356.659200
356.949900
357.323733
357.355233
357.543933
357.698067
357.738600
357.836367
358.216033
358.219200
358.256100
358.296300
358.599833
358.800300
358.832367
358.850733
358.923933
359.081300
359.544533
359.732067
359.786400
359.815233
359.886100
359.981067
360.272267
360.514800
361.163567
361.496267
361.757000
362.052833
362.277100
362.361300
362.436033
362.491733
362.759833
362.827400
362.958267
364.013833
364.167967
364.303267
364.564067
364.636567
364.730400
364.809200
365.022400
365.081400
365.161267
365.213800
365.382633
365.416533
365.470900
365.475533
365.504233
365.581333
365.660067
365.793767
365.833633
365.930733
366.039033
366.096400
366.132533
366.175033
366.352800
366.517100
366.552867
366.652467
366.878500
367.030767
367.283400
367.518500
367.892333
367.927900
368.023567
368.213300
368.298200
368.354300
368.405100
368.505167
368.532000
368.812767
368.968400
369.221500
369.360933
369.424933
369.499900
369.663333
369.848867
369.906233
369.975967
370.531400
370.657467
370.796467
370.993000
371.117300
371.223367
371.288933
371.736200
372.315167
372.381600
372.399100
372.447267
372.485933
372.494133
372.610667
372.706200
372.778500
373.339467
373.535433
373.564600
374.156433
374.298033
374.941033
375.291733
376.643667
377.115500
377.308267
377.679467
377.716633
377.992000
378.025967
378.235567
378.332533
378.389200
378.795900
378.849567
379.350000
379.558633
379.717100
379.801267
380.019733
380.717267
381.190067
381.501800
381.597000
381.692833
381.910300
382.191533
382.305700
382.372067
383.039533
383.174133
383.558800
384.350200
384.919433
385.241500
385.279967
385.421667
385.461633
385.504933
385.846833
385.866867
385.888700
386.200767
386.423500
386.630667
386.900467
387.036467
387.122967
388.218167
388.283833
388.298667
388.508133
388.600867
388.641433
388.697867
388.874433
389.408333
389.926833
390.052467
390.098733
390.394367
390.637933
391.230900
391.284600
391.326400
391.567500
392.260633
392.304800
392.388133
392.412367
392.427500
392.480500
392.561767
392.735933
393.536533
393.620633
393.660467
393.732867
393.850467
394.030200
394.070667
394.094367
394.120500
394.145467
394.286867
394.375900
394.456667
394.537567
394.576767
394.602233
394.648167
394.715200
394.843267
395.238833
395.264933
395.287167
395.373300
395.445700
396.526200
396.580967
397.114100
397.195133
397.298400
397.419767
398.040300
398.108567
398.178700
398.234600
398.359300
398.587733
398.602867
399.849767
400.002400
400.294933
401.802933
402.249100
402.391300
402.460433
402.490333
402.506733
402.519400
402.571933
402.617000
402.650067
402.845400
402.860633
403.056967
403.342867
403.379433
403.442167
403.639267
403.691200
403.893133
403.946233
403.969967
404.337300
404.378800
404.403167
404.758967
404.879467
404.982167
405.071567
405.390800
405.702867
405.739333
405.810900
405.851500
405.904367
405.998500
406.046000
406.154100
406.177667
406.181400
406.281033
406.295533
406.363500
406.421633
407.023633
407.060167
407.087500
407.208367
407.261600
407.286833
407.322800
407.362633
407.812900
408.051133
408.100233
408.154800
408.564833
408.695333
408.805400
409.125500
409.579933
409.860600
409.882967
410.442033
410.465633
410.485200
410.530967
410.565067
410.599133
410.744100
410.805400
411.173367
411.223300
411.283233
411.634700
411.998500
412.302333
412.370067
413.019300
413.080600
413.165467
413.249500
413.457033
413.540533
413.557333
413.624133
413.950033
414.077100
414.314200
414.356900
414.457967
415.947200
416.045333
416.132733
416.236167
416.415467
417.059500
417.512833
417.568067
417.640700
417.697267
417.748467
418.001733
418.138967
418.183367
418.205867
418.592567
418.741367
418.781033
419.082967
419.324867
420.540100
420.791600
420.924100
421.148333
421.289633
422.092700
422.382200
422.407933
423.036833
423.105033
423.304167
423.456033
423.505533
423.614733
423.875033
424.052200
424.099167
424.179267
424.250767
424.307567
424.313533
424.366733
424.460300
424.644400
425.044200
425.104733
426.063667
426.173967
427.016367
427.164733
427.348867
429.106733
429.432367
429.487133
429.559400
429.846700
430.075900
430.143233
430.249767
430.278333
430.328967
430.454500
430.514300
430.642867
431.160933
431.287500
431.350500
431.864533
432.011200
432.078367
432.480200
432.558333
432.621300
432.764133
432.792700
432.971467
433.004433
433.457000
433.723433
433.795233
434.359667
434.437733
434.558833
435.140700
435.219533
435.628100
435.651833
435.687100
435.924867
435.927267
436.423567
436.746900
436.836633
436.961833
437.073100
437.124967
437.149000
437.304500
437.395700
438.007467
438.043300
438.080733
438.105133
438.288933
438.884367
439.327867
439.355400
439.394733
439.432500
439.528567
439.599233
440.046067
440.295667
440.371867
440.641333
440.696467
440.756167
440.856933
441.682000
441.821367
441.851700
442.001067
442.591200
442.682900
442.710767
442.720433
442.724867
442.782233
442.834200
443.762600
443.878600
443.919833
444.046067
444.065500
445.928733
446.341867
447.011567
447.403100
448.478133
448.531167
448.572733
448.607033
448.718967
449.253833
449.417333
449.497300
450.222967
450.315333
450.349133
450.518400
450.697167
450.856133
450.952767
451.344967
451.491467
451.704967
451.714533
451.720233
451.748200
451.835667
452.118300
452.145033
452.185267
452.339500
452.376000
452.534033
452.572567
452.592367
452.684200
452.835967
452.901267
454.573300
454.615933
454.967600
455.018933
455.082933
455.100333
455.103467
455.145767
455.344933
455.382633
455.415967
455.824233
455.988000
456.055167
456.898000
457.269433
457.316033
457.319300
457.399567
457.631633
457.703633
457.893167
458.214633
458.273767
458.368467
458.517700
458.573033
458.645667
459.265600
459.459833
459.564600
459.737867
459.998167
460.287367
460.366200
460.473600
460.534567
460.609067
461.158667
461.197767
462.119067
462.206433
462.340533
462.429400
462.452100
462.819067
462.870933
462.905667
463.122100
463.673733
463.971567
464.116500
464.152500
464.173433
464.241700
464.396800
465.030133
465.049700
465.164833
465.239033
465.473367
465.512867
465.531800
465.580667
465.610200
465.672700
466.377867
466.483000
466.642200
467.535467
467.764200
467.811500
468.344500
469.305600
469.449900
469.591933
469.622967
470.090233
470.390200
471.482233
471.593367
471.678500
471.809900
471.854767
471.857467
471.867300
471.879200
471.917467
473.119400
473.309033
473.548433
473.679300
474.385600
474.493867
474.682233
474.738167
474.748967
474.784033
475.608267
475.852433
475.892767
476.005567
476.064600
476.138433
476.167300
476.209333
476.234467
476.245467
476.378433
476.394233
476.478533
477.049400
477.157000
477.336033
477.449000
478.177700
478.246600
478.500333
478.585600
478.720800
479.539833
479.710200
479.726033
479.807100
479.826567
479.834433
479.868733
479.890767
479.951833
480.128933
480.151467
480.320667
480.338600
480.425267
480.435433
480.523100
480.641533
480.666600
480.957867
480.997100
481.077067
481.121233
481.124667
481.218967
481.343700
481.452100
481.544367
481.585967
481.613133
481.692133
481.785833
481.953233
482.175100
482.233467
482.422933
482.495167
482.650700
482.704633
483.092100
483.308900
483.665833
483.767133
485.393967
485.474033
485.493867
485.565967
485.636300
485.704600
485.758267
485.856667
486.066467
486.118067
486.230333
486.305633
486.772700
486.854200
487.024533
487.140133
487.227267
489.061300
489.133233
489.233833
489.315033
489.426467
489.451967
489.488167
489.560267
489.663433
490.609533
490.706667
490.896500
491.068333
491.154600
491.162233
491.694700
491.749100
491.932467
492.114633
492.149800
492.431033
492.469733
492.526800
492.614967
492.989167
493.089967
493.211867
493.277167
493.394267
493.520000
493.533100
493.555800
493.597533
493.616933
493.710200
493.779033
493.858300
493.884900
493.963200
494.110467
494.276633
494.470333
494.525033
494.533900
494.567767
494.627867
494.784867
494.827633
495.185700
495.332533
495.344267
495.384933
495.438667
495.498267
495.551567
495.560100
495.584933
495.698100
495.798367
496.288267
496.376400
496.433633
496.621800
496.700267
496.753000
496.832900
496.998533
497.006767
497.016600
497.625200
497.685267
497.726700
497.888100
497.934000
497.946933
498.019500
498.060200
498.112033
498.175833
498.297400
498.445100
498.594067
498.667400
498.742700
498.774333
498.842967
499.266267
499.304133
499.316133
499.333933
499.388867
499.485733
499.498267
499.595633
500.521400
500.940233
501.002867
501.288833
501.430400
501.450933
501.722633
501.726800
501.817500
502.455400
503.472633
503.552267
504.055333
504.197300
504.491800
504.567100
504.609300
504.642500
504.691633
504.942200
505.156533
505.407533
505.449133
505.512600
505.518800
505.592467
505.648433
505.680433
505.754933
505.793433
506.471667
506.650633
506.690333
507.302033
508.762233
508.779233
508.882267
509.028000
509.134200
509.333567
509.484667
509.593533
509.868133
509.938267
510.058933
510.513867
510.534133
511.188533
511.653733
511.756833
511.820500
511.910633
512.650767
513.600033
513.761133
514.097933
514.203967
514.271800
514.335700
514.373367
515.326067
515.680067
515.756733
515.816900
516.085167
516.174600
516.832733
516.905367
517.358533
518.121600
518.998933
519.052400
519.072633
519.083867
519.206100
519.368400
519.426233
520.081533
520.094633
520.182367
520.267933
520.341333
520.436833
520.512567
520.656933
520.747700
520.853100
520.915567
520.974700
521.040933
521.472767
521.519800
521.997333
522.151167
522.157067
522.215967
522.332200
522.623833
522.670500
522.708167
522.720967
522.777033
522.814133
523.234933
523.362900
523.445433
523.483033
523.721033
523.771100
523.825667
523.854467
523.975800
524.042700
524.081567
524.104167
524.127467
524.169667
524.175467
524.237267
525.088033
525.114333
525.167500
525.183367
525.187867
525.238200
525.303067
526.125167
527.634667
527.801767
528.334567
528.626833
528.882633
529.128533
529.134400
529.235300
529.256200
529.303667
529.971133
530.013100
530.033333
530.158367
530.264467
530.329500
530.398167
530.962233
531.141067
531.190100
531.292100
531.309433
531.414067
531.733633
532.112900
532.165900
532.337000
532.432667
533.165300
533.391000
533.567467
533.610767
533.633433
533.798467
533.911067
533.937033
533.982700
534.073300
534.220233
534.279200
534.483133
534.515767
534.654367
534.730700
535.447567
535.513300
535.972600
536.013967
536.043100
536.146167
536.221533
536.331867
536.710367
536.797767
536.885100
537.048400
537.838900
537.963833
538.827600
539.124533
539.165967
539.200800
539.238933
539.307167
539.434867
539.462867
540.239100
541.153600
542.194567
542.260100
543.209267
543.276000
543.336133
543.704067
543.729033
543.795500
544.656367
545.311600
545.422733
545.573833
546.747600
547.438233
547.470733
547.486600
547.557967
547.734900
548.302300
548.443767
548.529733
548.531600
548.563133
548.622900
548.690633
548.706633
548.743800
550.080500
550.359267
550.457733
550.504800
550.518033
550.593833
550.611500
550.737333
550.848300
551.885800
551.980333
552.310600
552.341667
552.369667
552.409333
552.446300
552.455567
552.507100
552.908200
553.069533
553.296567
553.328800
553.382700
553.411700
553.421967
553.543867
553.570033
553.582200
553.653600
553.686233
554.178433
554.209700
554.303400
554.329700
555.664000
556.855167
556.877467
557.006467
557.044567
557.083767
557.138133
557.163133
557.457000
557.547500
557.602700
557.800500
557.883100
558.080667
558.537067
559.708967
559.736333
559.770733
559.785800
559.835333
560.249167
560.273967
560.357633
560.457500
560.792400
561.741500
561.835267
561.905600
561.953433
562.012100
563.268800
563.426533
563.467900
563.535067
564.481833
565.614433
565.672500
565.748533
566.208300
566.250500
566.575567
566.608433
566.625200
566.693033
566.979267
567.061133
567.116100
567.499833
567.528133
567.574300
568.017333
568.105233
568.885833
568.935267
568.941367
568.986033
569.032100
569.053467
569.090400
570.010567
570.140967
570.270233
570.401400
570.451367
570.468233
570.595167
570.642733
570.699267
570.738400
570.965633
571.108867
571.238467
571.328633
571.415300
571.567333
571.738033
572.030500
573.129067
573.178733
574.067367
574.262867
574.332833
574.669600
574.753133
574.931733
575.017900
575.594400
575.628167
575.631867
575.650833
575.676267
575.731533
575.737667
575.765867
575.778733
575.820267
575.852233
576.414567
577.297133
578.340933
578.698667
578.988500
579.270200
579.320300
579.513467
580.009000
580.209467
580.759867
580.842967
582.355533
582.390133
582.475000
582.479900
582.495133
582.514567
582.607833
582.733600
584.653400
585.129900
585.673533
585.849900
585.933033
586.697067
586.759600
586.793367
587.176833
587.272800
588.042300
588.322533
588.533467
588.739033
588.839167
589.053267
589.068833
589.157367
589.203500
589.408333
589.489433
589.596500
589.667933
589.804167
590.046700
590.049400
590.299300
590.347533
590.479467
590.556300
590.737133
590.949667
591.083200
591.291600
591.424900
591.564600
591.607167
591.756033
591.803600
591.978533
591.986567
592.047833
592.911067
592.921800
592.937600
592.997333
593.277900
593.481067
593.502367
594.156533
594.191000
594.252267
594.389033
594.490167
594.501400
594.542933
594.688600
594.721200
594.793900
594.968100
595.095100
595.259500
595.288600
595.646033
596.566633
596.885767
596.928467
597.271300
597.711467
597.868033
598.127667
598.168300
598.188633
598.325067
598.406633
598.745500
598.829133
598.850033
598.879400
598.959733
599.162767
599.211900
599.267033
599.310600
599.362100
599.419667
599.973967
600.217600
600.372967
600.415700
600.969067
601.015133
601.051300
601.224033
601.520267
601.579467
602.434233
602.606467
602.633167
602.676233
602.736267
602.838067
602.911900
603.111933
603.160067
603.199633
603.489267
603.613333
603.777133
603.836333
603.886300
603.953633
604.014033
604.021133
604.219233
604.455100
604.522467
604.993767
605.276133
605.355833
605.412400
605.480967
605.483867
605.534133
606.357867
606.458733
606.676733
607.086367
607.297567
607.345367
607.377000
607.441133
607.632467
607.881400
607.969500
608.045933
608.667967
608.738833
608.855600
608.924200
608.987667
609.096733
609.377633
609.474967
609.518900
609.602033
609.641267
609.655567
609.823600
610.737300
610.983000
611.058533
611.136833
611.192533
611.233100
611.304033
611.418067
611.569200
611.846933
612.287000
612.321267
612.449167
612.805867
612.814900
612.852267
613.375600
613.423900
613.551467
613.722267
613.796833
613.816100
613.886767
613.963567
613.996667
614.062833
614.220000
614.916167
614.920067
614.972767
615.030200
615.114100
615.137367
615.181400
615.211500
616.159800
617.300633
617.358433
618.232300
618.797100
618.874200
618.898667
618.953400
618.968033
619.016833
619.066300
619.117633
619.160767
619.194800
619.235400
619.315100
619.498100
620.125533
620.158933
620.165200
620.217100
620.233600
620.297633
620.333033
620.371100
620.486367
621.110900
621.220467
621.460767
621.508667
621.570533
621.615933
621.669233
621.772067
621.932133
621.970233
622.102733
622.166533
622.224300
622.664667
622.866667
623.952233
624.116867
624.290767
624.320733
624.463267
624.563767
624.904767
624.926833
624.950200
625.092933
625.124500
625.290000
625.329700
625.663433
625.765833
625.826867
625.923600
626.001067
626.025533
626.182733
626.223800
626.265933
626.665200
626.698400
626.761833
626.786967
626.849867
626.871300
626.898733
626.911667
626.977533
627.080333
627.446267
627.563300
627.623867
627.641200
627.678900
627.697833
628.408267
628.477267
628.527533
628.550200
628.624767
628.656833
628.698800
628.725767
629.082633
629.482700
630.622500
630.717733
631.432167
632.118400
632.157533
632.233567
632.675000
633.129400
633.229000
633.288233
633.319133
633.455533
633.525533
633.653033
633.683533
633.803933
634.170500
634.590633
634.643467
634.655200
635.178800
635.217867
635.276600
636.019633
636.103500
636.132500
636.183433
636.231233
636.259733
636.324000
636.419500
636.471167
636.503233
636.537667
636.930333
637.000500
637.317633
637.352233
637.371000
637.433833
637.465700
637.499367
637.560233
638.228500
638.735567
638.995067
639.055867
639.197767
639.684867
640.487200
640.493967
640.544233
640.562300
640.567233
640.598567
640.630167
640.887167
640.905767
640.930300
640.990133
641.433567
641.750133
641.985600
642.027900
642.035100
642.122133
642.151333
642.474600
642.505633
642.561333
643.304200
643.382433
643.444133
643.452500
643.488767
643.519400
643.543533
643.644600
644.331567
644.366667
645.244533
645.273133
645.313867
645.359900
645.483200
645.844600
645.897800
645.980533
646.250300
646.694833
646.788067
646.868333
647.280900
647.318200
647.761633
648.565433
648.775733
648.833667
649.031033
649.203300
649.281667
649.324900
649.457933
649.480900
649.629833
649.657933
649.721300
649.724433
650.037833
650.228233
650.311000
650.383400
650.390467
650.443933
650.590367
650.634433
650.655033
650.676100
650.706767
650.750833
650.923267
650.954800
650.960733
651.003567
651.080467
651.163300
651.186400
651.259033
651.396267
651.441900
651.473967
651.543767
651.586267
651.713133
651.888333
651.918300
651.950333
652.268100
652.647367
652.725033
652.792167
652.838633
652.847700
652.953967
653.065367
653.128500
653.189967
653.420700
653.455000
653.470767
653.517133
653.623600
653.693100
654.336700
654.439967
654.709300
654.922733
655.224200
655.495200
655.628333
655.660167
655.711900
655.762567
656.531367
656.674600
657.253033
657.691467
657.917533
657.964600
658.056600
658.092500
658.112833
658.156233
658.181000
658.517867
658.790767
659.296467
660.091967
660.433567
660.488033
660.851033
660.913967
661.655667
661.712667
661.871800
661.960567
662.210833
662.239200
662.295400
662.356933
662.450700
662.549667
662.973700
662.987133
663.016500
663.097500
663.129200
663.177333
663.257167
663.367467
663.422433
663.931367
666.125200
666.388667
666.444300
666.495567
666.529900
666.974633
667.033133
667.088433
667.153333
667.374467
667.519633
667.590033
667.646333
667.681867
667.972033
668.273667
668.388033
670.092400
670.278633
670.348933
670.385800
670.875733
671.041333
671.603767
671.669967
671.992800
672.065400
672.250300
672.602033
672.781000
672.938967
673.072100
673.363267
673.395867
674.116500
674.193600
674.225467
674.232300
674.345000
674.385033
674.402800
674.425600
674.434767
674.439333
674.464567
674.507967
674.514900
674.655800
675.044400
675.655533
675.712200
675.781000
675.830300
675.833000
676.117400
676.217533
676.425200
676.474100
676.695800
676.742100
676.792633
676.884067
677.459667
677.489900
677.493900
677.521033
677.538133
677.560167
677.767667
677.806167
679.269433
679.854667
679.928067
679.961767
679.969833
680.018933
680.069067
681.144933
681.204467
681.212433
681.254633
681.260133
681.307800
681.509067
681.576700
681.588400
681.645400
681.709433
681.812900
681.815533
681.913200
682.352200
682.420633
682.534100
682.556133
682.591000
682.672500
682.715867
682.732367
682.856300
682.962833
683.133433
683.316533
683.376300
683.994367
684.042633
684.093067
684.245400
684.308933
684.349300
684.439733
684.457000
684.480767
684.622800
684.679733
684.847700
685.188633
685.248733
686.179267
686.399033
687.228033
687.612967
687.778367
687.919467
688.056367
688.095067
688.202267
688.239733
688.243067
688.301633
688.309533
688.350000
688.359767
688.393100
688.539600
688.856267
688.927067
688.979600
689.001300
689.052533
689.156800
689.203867
689.259700
689.276933
689.432033
689.494667
689.557600
689.597000
689.620167
689.705933
689.823933
689.954233
690.148833
690.174000
690.234933
690.682533
690.748133
690.809333
691.434833
691.569667
691.739700
691.837100
691.973467
692.128567
692.181600
692.269800
692.322733
692.368500
692.618800
692.695567
693.136967
693.184967
693.374000
693.502667
693.555700
693.591867
693.635800
693.664867
693.807267
693.818133
694.529767
694.574167
694.612333
694.620500
694.707067
694.760033
694.765567
694.824267
694.890100
694.975767
695.568100
695.680833
696.283900
696.339767
696.428133
696.465433
696.759367
696.859700
696.951100
696.990533
697.024133
697.050833
697.126767
697.195167
697.224733
697.262700
697.304967
698.148633
698.223933
698.262733
698.584333
698.869900
698.940267
699.151567
699.358633
699.439733
699.484400
700.133733
700.264733
700.307733
700.364967
700.419467
700.451600
700.492867
700.638333
700.774700
701.043367
701.205600
701.246067
701.332033
701.342733
701.395400
701.437500
701.504433
701.561733
701.590467
701.660133
701.734700
701.832400
701.863033
702.119233
703.122800
703.244367
703.280667
703.300033
703.386500
703.398867
703.458400
703.525900
703.599033
703.620567
703.696100
703.703867
704.134933
704.158800
704.183867
704.238467
704.286600
704.327867
704.429300
704.476000
704.513133
704.519500
704.525033
704.536567
704.582433
704.681833
704.956933
704.995700
705.471467
705.497700
705.533900
705.550600
705.584067
705.595233
705.628167
705.649733
705.736000
705.955700
705.968667
706.544167
706.562500
706.656167
706.913067
707.076033
707.818500
707.830100
707.877500
708.037600
708.234767
708.366933
708.389867
708.433967
708.451533
708.545367
708.609300
708.670267
709.103967
709.361633
709.540467
709.585000
709.642967
709.680933
710.749867
710.872200
711.161633
712.149600
713.054800
713.175000
713.422333
713.484300
713.721333
714.119867
714.264800
714.884433
714.975800
715.058100
715.560800
716.089967
716.239367
716.349367
716.415767
716.514933
716.570233
716.951700
717.020067
717.292000
717.432500
717.558267
717.634367
717.666900
717.738567
717.789633
718.142400
718.379567
718.609767
718.704367
718.749100
718.760133
718.844833
718.895467
718.958067
719.011567
719.232900
720.422933
720.712600
720.787200
720.837333
720.885433
720.892233
721.275833
721.576400
721.750133
722.046267
722.057433
722.083767
722.392733
722.532700
722.861000
723.083367
723.116300
723.217167
723.329367
723.720267
723.910667
723.985333
724.242867
724.254733
725.042867
725.512600
725.975767
726.162033
726.199800
726.279867
726.526733
726.690533
726.746833
726.802133
726.849100
726.901000
726.983600
727.042533
727.149700
727.249000
727.324833
727.346933
727.909300
727.984733
728.179167
728.209200
728.240167
728.312367
728.594200
728.703467
729.030467
729.535700
729.560633
729.639167
729.664000
729.751867
729.897567
730.077533
730.148633
730.211433
730.261033
730.276767
730.305633
730.501967
730.657333
731.514667
731.588400
731.848233
732.129800
732.198100
732.225100
732.272967
732.295267
732.360633
732.771300
733.034833
733.276600
733.459700
733.485933
733.561633
733.842500
733.867400
733.934900
734.026767
734.256233
734.340800
734.434733
734.491667
734.750567
734.824267
734.897867
734.927133
734.999400
735.394000
735.455367
735.568200
736.165467
736.466733
736.513233
736.903433
737.058567
737.829433
737.850900
737.884267
737.898833
737.948100
737.977600
738.002467
738.082667
738.214400
738.290367
738.339467
738.358900
738.420867
738.524800
738.742333
739.192300
739.734967
739.774500
739.803000
739.807667
739.844433
739.852567
739.887000
739.945267
739.993433
740.038933
740.061067
740.217133
740.655167
740.749300
740.900167
740.994800
741.084600
741.529467
741.629867
741.668133
741.825900
742.166933
742.254400
742.417433
742.451767
742.471067
742.568233
742.883900
742.889767
742.921733
742.942167
743.020967
743.051200
743.113267
743.206767
743.349433
743.393233
743.804733
743.899300
743.915867
743.951800
744.036967
744.093200
744.131167
744.216467
744.380867
744.676833
745.770500
745.787633
745.854133
746.230500
746.290767
746.374467
746.502167
746.555033
746.567567
746.759067
746.782833
746.815100
746.846967
747.073800
747.211333
747.318100
747.426633
747.492700
747.551400
747.640667
747.885300
748.137367
748.181167
748.212033
748.657833
748.701867
748.729633
748.773600
748.832733
748.925000
749.034500
749.665100
750.161267
750.210567
750.359900
750.440033
750.487367
750.575833
750.633533
750.744767
750.762367
750.798867
750.829733
750.987100
750.999867
751.127967
751.232833
751.494967
751.511800
751.549600
751.706967
751.791067
751.950067
751.998400
752.025433
752.097167
752.143400
752.187367
752.806400
752.811833
752.873300
752.943700
752.993233
753.049433
753.083300
753.110100
753.157900
753.288000
753.745233
753.938567
754.118033
754.825467
754.870533
754.925567
754.945400
755.000200
755.199567
755.317733
755.389267
755.711667
755.741800
755.766000
756.082933
757.045467
757.151900
757.241600
757.339800
757.376033
757.452900
757.574133
757.642033
757.664433
757.738800
757.780433
757.980333
758.165533
758.451800
758.540433
758.581800
759.119867
759.226833
759.264433
759.351400
759.535733
759.567100
759.693067
760.291067
760.491333
760.681133
760.755900
760.789700
760.805300
760.815633
760.920133
761.076633
761.284433
761.455333
761.501667
761.585367
761.669567
761.864133
761.909967
761.959533
763.418300
763.545467
763.569267
763.669000
764.135500
764.237133
764.260133
764.722333
764.746500
764.883633
764.997867
765.962000
766.416367
766.699333
767.178567
767.253700
767.638733
767.812900
767.845467
767.877900
767.947900
768.046567
768.143867
768.277867
768.289333
768.306833
768.319733
768.353100
768.368700
768.423733
768.734767
768.819900
768.864800
768.884300
768.896500
768.923100
769.141167
769.165367
769.249900
769.285733
769.306267
769.588100
769.933067
770.392267
770.472367
770.576067
770.771167
771.838000
771.892500
771.920800
771.927867
771.973333
772.094800
772.234633
772.335433
772.417333
772.505400
773.269433
773.360867
773.442133
773.445100
773.505333
773.511633
773.559600
773.595233
774.079900
774.771500
774.936000
775.315567
775.761633
775.968600
776.182567
776.315600
776.926433
777.119467
777.177267
778.008533
778.249467
778.316000
778.452167
778.536200
778.659900
778.727600
778.789200
778.832833
778.841433
778.890400
779.342167
779.508067
779.547333
779.701533
779.773033
779.809933
779.841633
779.892933
779.926500
780.237233
780.296667
780.326300
780.340700
780.382900
780.761967
780.817267
780.846267
780.984700
781.064633
781.160700
781.242533
781.290633
781.437333
781.675333
781.722100
781.728700
781.802967
781.826400
781.846933
781.910100
781.967100
782.980033
783.042067
783.482867
783.561300
783.641133
784.376567
784.633333
784.683200
784.778567
785.166467
785.855667
785.911433
785.935700
786.068167
787.625400
787.680133
787.813167
787.821433
787.875900
788.884500
788.935200
789.023500
789.131200
789.287367
789.389733
789.973833
789.986767
790.237100
790.462433
790.536033
790.570267
790.648167
790.703800
790.756833
791.242800
791.795900
791.855833
791.911167
792.012000
792.338100
793.495833
793.965067
794.339500
794.605100
794.656133
796.003833
796.681900
796.696033
796.739733
796.787467
796.814733
796.847533
796.859600
796.874267
796.877033
796.951133
796.956433
796.992367
796.997900
797.344133
797.433700
797.478633
797.543067
797.589733
798.352133
798.498600
798.717767
798.937333
799.002467
799.081533
799.306200
799.406633
799.431500
799.452233
799.499733
799.522533
799.547467
799.559400
799.632300
799.785400
799.858100
800.037500
800.257567
800.919000
801.122567
801.532967
801.561033
801.585633
801.588967
801.609667
801.664867
801.702267
801.747033
801.857267
801.901700
801.984567
802.021800
802.071000
802.284067
802.580000
802.672300
802.880233
803.139100
803.202133
803.446467
803.629300
803.769033
803.816633
803.889733
804.067033
804.200033
804.642667
804.747333
804.788967
804.849233
804.862667
804.920767
804.925533
804.959500
804.992500
805.061800
805.094867
805.099867
805.103733
805.127700
805.335300
805.465533
805.595633
806.034400
806.064267
806.081567
806.155967
806.473267
806.529267
806.555833
806.669067
806.704467
806.863900
806.922967
806.944000
807.026933
807.105033
807.276567
807.944133
807.973333
808.053767
808.729000
808.964567
809.927367
809.996433
810.037033
810.153467
810.212567
810.386200
810.914933
811.277533
811.345800
812.261767
812.304200
812.366800
813.529200
813.899700
814.661567
814.694167
814.723067
814.752667
814.795533
814.808867
814.854033
814.957000
815.275233
815.313933
815.759833
815.817500
815.876400
816.245933
816.629100
816.747200
816.794300
816.869400
816.874667
816.941700
817.025733
817.737967
817.797033
817.876600
817.942600
817.967567
818.027367
818.047800
818.054067
818.129167
818.169667
818.273700
818.339133
818.422933
818.496767
818.894633
819.240433
819.545867
819.643667
819.673633
819.805633
819.840600
819.901867
819.971600
819.998267
820.134300
820.418300
820.445233
820.538400
820.554667
820.599300
820.744567
820.767333
820.828467
820.883967
820.903100
820.930133
822.265033
822.358000
822.511700
822.536900
822.577000
823.124267
823.134967
823.198700
823.253700
823.276833
823.331267
823.378700
823.785867
823.824900
823.860600
823.912333
824.009200
824.201533
824.677467
824.715067
824.759300
824.803433
824.857467
825.042167
825.080933
825.133667
825.160300
825.219833
825.371000
825.407267
825.439633
825.476300
825.748000
825.771300
825.875800
825.939067
825.978500
826.218433
826.374400
826.667933
827.093967
827.820100
828.155267
828.324467
828.679467
828.697300
828.746667
828.906133
828.934867
828.966433
829.063833
829.198500
829.215167
829.237533
829.242667
829.595967
829.645667
829.705467
829.733200
829.757633
829.836467
831.086567
832.191400
832.643100
832.650267
832.715400
832.800867
833.535033
833.655867
833.728700
834.009967
834.745800
835.263967
835.387900
836.113200
836.314267
836.540233
836.584100
836.587400
836.674733
837.008100
837.476200
837.729633
837.846900
838.038500
838.061767
838.129767
838.155900
839.184600
839.223700
839.275967
839.916200
840.448467
840.563633
841.266433
841.311900
841.316800
841.599833
841.817700
841.905667
842.100333
842.161667
842.393833
842.844233
843.543067
844.112933
845.419967
845.663533
845.872233
846.066933
846.129200
846.164367
846.203033
846.258467
846.436533
846.669467
846.683200
846.733100
847.345167
847.522867
847.942833
847.961800
847.995500
848.130033
848.430100
848.559633
848.632833
849.607300
850.020900
850.388533
850.505433
850.564800
850.600233
850.649533
850.733667
850.796667
851.165767
851.333000
851.953733
852.544167
852.757800
852.966967
853.043533
853.213467
853.470000
853.504467
853.803467
853.868500
853.911333
853.988400
854.060800
854.118900
854.212100
854.374133
854.574667
854.610800
854.687433
854.741433
854.798233
854.873233
854.989733
855.035400
855.176200
855.280800
855.787600
856.054400
856.068633
856.153300
856.163233
856.262400
856.357067
857.412367
857.467933
857.524100
857.564767
857.569000
857.629700
857.642500
857.645733
857.691367
857.729400
857.782267
857.842567
858.501667
859.576000
860.145667
860.234500
860.542467
860.642633
860.776500
860.863967
861.032800
861.054567
861.095433
861.234967
861.287900
862.079833
862.176900
862.209133
862.228000
862.282600
862.819367
863.492500
863.694100
864.327633
864.859633
865.038567
865.229667
865.441067
865.475233
865.520633
865.548467
865.612067
865.667933
865.690400
865.739733
866.749233
866.790700
866.834200
866.847967
866.853433
866.871733
866.888967
867.015867
867.295667
867.407967
867.429033
868.010733
868.123233
868.293300
868.437300
868.991833
869.086100
869.217933
869.319367
869.386767
869.491967
869.696000
869.902267
869.942133
869.984667
870.024667
870.398333
870.753533
871.251867
871.313367
871.358467
871.403267
871.485100
871.539400
871.690867
871.720733
872.327033
872.485467
872.736500
872.855733
873.131367
873.602167
873.834133
873.972467
874.073733
874.110700
874.244967
874.273267
874.331233
874.446233
874.517633
874.560900
874.638600
874.707767
874.855167
874.926800
875.041800
875.167000
875.233900
875.499967
875.528867
876.259833
876.286033
876.354833
876.462567
876.516267
876.618533
877.345000
877.456300
877.856900
878.186033
878.277600
878.566667
879.553833
879.815233
880.499733
880.821933
881.108567
881.518000
881.554167
881.654033
881.799800
882.418600
882.462567
882.487733
882.597533
882.683800
882.831900
882.870500
882.926300
883.410700
885.594000
886.295100
886.970867
887.060600
887.305133
887.885967
888.483800
888.554400
888.736233
888.853500
889.024167
889.040500
889.542933
889.593367
889.615633
889.637400
889.646233
889.667367
889.669667
889.785600
889.827533
890.145800
890.172233
890.593200
890.741667
891.495300
891.816167
891.959167
892.029667
892.069000
892.119300
892.154133
892.187700
892.294400
892.382267
892.491500
892.525533
892.635067
892.730900
892.969167
893.142267
893.194667
893.219533
893.790333
894.262900
894.327567
894.529000
895.442400
895.506200
895.614300
895.634800
895.677000
895.693733
895.714333
895.725433
896.009567
896.079833
896.133533
896.205100
896.266700
896.417233
896.453467
896.507667
896.569833
896.590667
896.742467
897.330733
897.413967
897.481500
897.486133
897.552067
897.655400
897.739400
898.379900
898.434400
898.521000
898.570800
898.815633
898.948033
899.035767
899.496700
899.959433
900.193467
900.621100
900.852033
900.887033
903.015833
903.809467
903.860100
904.365533
904.737467
904.833633
904.849900
904.875967
904.881667
904.966033
905.031733
905.076167
905.163733
905.569400
905.643200
905.749133
905.784300
906.089967
906.370633
906.628467
906.892767
907.241767
907.365033
907.636600
907.716400
907.862000
907.887567
907.936733
908.018067
908.217633
908.355700
908.485033
908.625767
908.760700
908.829767
908.848733
908.971000
908.985333
909.070567
909.105433
909.365833
909.428400
909.445733
909.474200
909.535867
910.093967
910.492800
910.761533
910.977833
911.015067
911.176533
911.539067
911.612400
911.691533
911.868933
912.068500
912.119433
912.661700
912.753600
913.589933
913.940433
914.006000
915.479900
916.063533
916.339867
916.540500
916.822900
916.918100
916.982167
916.991300
917.039533
917.302100
917.769233
918.659300
919.829433
919.971233
920.360067
920.384800
920.509200
920.546700
920.646600
920.702000
921.135333
921.242967
921.378367
921.477733
921.597700
921.778167
921.865267
921.987433
922.091333
922.204033
922.246100
922.260233
922.422333
922.504267
922.934633
923.065400
923.537033
923.675800
923.970900
924.057967
924.209800
924.275800
924.303600
924.564300
924.584000
924.644333
924.665000
924.790200
925.140933
925.840933
925.901500
926.013433
926.235833
926.282600
926.508167
926.554733
927.643033
927.751567
927.797167
927.876000
927.911967
928.083567
928.220200
928.303967
928.443600
928.561733
928.667867
928.681567
928.765700
928.809000
928.838000
928.848867
928.916700
928.976167
928.999833
929.074100
929.162533
929.197633
929.315967
929.349867
930.856900
931.209367
931.801933
931.988933
931.998667
932.242400
932.289867
932.296600
932.381567
932.432833
932.523567
932.679200
932.862300
934.215200
934.412767
934.479233
934.697233
934.871367
934.941400
934.984400
935.290733
935.331867
935.378400
935.384500
935.507067
935.840367
935.927467
935.955567
935.999733
936.319333
936.393467
936.423967
936.436533
936.502900
936.533933
936.954900
937.265600
937.355367
937.426933
937.490467
937.602333
938.179533
938.242467
938.307133
938.754400
938.860267
938.893000
939.590867
939.673833
940.008733
940.065967
940.151933
940.186033
940.221667
940.353300
940.437833
940.494100
940.897167
940.954500
941.127200
941.265867
941.475100
941.660067
942.571433
942.890933
943.027067
943.115933
943.173833
943.223733
943.350467
943.409433
943.461900
943.490600
943.546233
943.633333
943.934500
944.045000
944.158533
944.176233
944.238700
944.255333
944.331900
944.520433
944.812167
944.870400
945.005333
945.025933
945.083367
945.246600
945.513067
945.552100
945.761200
946.483700
946.582333
946.639167
946.822400
946.865167
946.912733
947.003833
947.044333
947.294633
947.671400
947.720267
948.764500
948.820300
948.880767
948.967933
948.970033
949.012500
949.053367
949.132433
949.163733
949.328733
949.349133
949.495033
949.574900
949.660933
949.728867
949.945067
950.044733
950.144733
950.205433
950.230533
950.292367
950.854233
951.021400
951.439967
952.034067
952.647967
952.653133
952.699233
952.862567
952.910633
953.130133
953.172733
953.250333
954.252167
954.314067
954.408967
954.535800
954.648967
954.871567
955.589767
955.717133
955.754300
955.899167
956.485167
956.495867
956.940200
956.977067
957.017400
957.152567
957.577467
957.601667
957.742467
957.780800
957.804167
957.849967
958.486167
958.530700
958.586700
958.600800
958.712733
959.215800
959.719100
960.874700
961.687967
962.022300
962.092133
962.168167
962.449433
963.428167
963.440133
964.941700
965.207867
965.241733
965.274500
965.669067
966.167300
966.272167
966.335533
966.457967
966.641633
966.658067
966.735733
966.774400
966.799000
966.855233
967.014000
967.935600
968.642433
968.647333
968.767467
969.066100
969.267033
969.390233
969.409833
969.442267
969.473833
969.501067
969.640567
969.700900
969.942567
971.548600
971.647600
971.713033
971.834267
972.334933
972.430900
972.513767
972.548633
972.599067
972.601567
972.904267
973.419933
974.019367
974.118200
974.169200
974.222467
974.238700
974.348367
974.375067
974.474967
974.646033
974.710900
974.813400
975.040400
975.342633
975.419500
975.601800
975.917433
976.010300
976.078933
976.107633
976.130733
976.201633
976.291367
977.214933
978.349700
979.196100
979.215200
979.272233
979.298233
979.314000
979.804967
979.955233
980.035300
980.107033
980.888300
980.952600
981.848567
981.887933
982.275733
982.280067
982.282767
983.753500
983.889433
984.009367
984.428400
984.495267
984.763833
984.928400
985.284600
985.372233
985.736533
985.803167
986.581033
986.604733
986.654567
986.678033
986.704367
986.786800
986.886967
987.007500
987.087833
987.174533
987.285567
987.292067
987.370200
987.833367
988.242967
988.284967
988.323233
988.365667
988.371567
988.485867
988.590433
988.787500
989.348867
990.359100
990.546633
990.661267
990.692033
990.738100
990.774467
990.800533
990.867200
990.919433
990.948533
990.989433
991.078900
991.352167
991.390733
992.014067
992.265600
992.336500
992.374333
992.460800
992.548400
992.567167
993.041633
993.096033
993.272533
993.551300
994.142267
994.670367
994.722367
994.758933
994.845700
995.059233
995.465267
995.477533
995.876100
996.456967
996.915500
997.062167
997.471200
997.533767
997.922767
997.969100
998.032400
998.055867
998.127400
998.160767
998.241300
998.972333
999.445667
999.538800
999.614767
999.632233
999.676333
999.745067
999.998333
1000.077733
1000.175300
1000.281333
1000.817667
1001.048267
1001.461867
1001.628300
1001.971733
1002.797900
1003.069767
1003.218033
1003.362767
1003.377767
1003.433633
1003.479533
1003.499567
1003.842500
1003.941967
1003.996200
1004.068000
1004.175667
1004.454667
1004.544967
1004.759333
1004.779200
1005.278733
1005.318967
1005.412533
1005.509200
1005.759667
1005.811467
1005.936900
1006.329233
1006.975300
1007.051900
1007.104700
1007.144500
1007.198300
1007.295033
1007.347533
1007.376867
1007.388600
1007.392567
1007.441233
1007.444900
1007.499100
1007.517033
1007.575600
1007.644633
1008.586767
1009.268833
1009.338067
1009.393867
1009.436133
1009.499567
1009.545467
1009.588967
1009.681967
1010.799200
1010.839833
1010.924333
1011.012400
1011.129533
1011.188300
1011.265100
1012.374000
1012.700700
1012.749500
1012.780567
1012.803167
1012.859633
1012.878267
1012.930633
1012.987600
1013.771967
1014.367967
1014.398600
1014.424500
1014.506400
1014.539667
1014.723033
1014.900333
1014.950800
1014.996800
1015.028133
1015.037200
1015.087000
1015.203100
1015.247533
1015.332567
1015.340767
1015.726467
1015.815167
1015.842700
1015.864733
1015.902200
1015.924067
1015.931100
1016.027000
1016.088967
1016.143233
1016.226667
1016.727167
1017.109067
1017.111900
1017.204967
1017.327633
1017.407700
1017.764267
1018.017000
1018.108767
1018.154533
1018.786233
1018.851533
1018.882867
1018.973533
1019.262733
1019.383867
1019.429933
1019.541833
1019.752900
1019.836500
1019.880500
1019.913900
1019.989567
1020.036333
1020.310700
1020.330833
1020.401200
1020.749700
1020.821167
1020.874933
1020.892700
1021.235167
1021.332000
1021.429600
1021.479600
1021.645467
1021.903767
1022.055200
1022.423333
1022.752067
1022.822200
1022.891700
1023.064067
1023.146300
1023.770100
1023.819200
1023.940900
1024.073433
1024.107900
1024.148367
1024.192433
1024.844733
1025.886933
1026.153400
1026.437467
1026.533900
1026.629933
1026.702867
1026.819933
1026.923567
1026.941267
1027.027567
1027.099200
1027.643833
1028.321733
1028.427933
1029.769767
1029.787167
1030.125533
1030.266333
1030.363967
1030.425000
1030.686700
1030.702167
1030.768767
1031.177033
1031.640000
1031.781867
1032.041200
1032.082767
1032.110367
1032.228100
1032.234533
1032.317933
1032.355500
1032.373033
1032.610467
1032.802133
1032.874100
1033.018633
1033.225733
1033.723100
1033.893733
1034.310067
1034.382767
1034.413467
1034.468067
1034.587500
1034.751933
1034.837800
1034.915767
1035.005333
1035.125600
1035.579033
1035.651133
1035.821367
1035.953900
1036.043067
1036.104900
1036.199333
1036.408667
1036.599333
1036.614600
1036.859000
1037.022600
1037.250467
1037.258700
1037.474467
1037.724900
1037.757667
1037.804533
1037.837567
1037.858700
1037.987200
1038.135400
1038.210733
1038.214433
1038.298233
1038.329200
1038.353267
1038.425400
1039.325467
1039.431567
1039.551733
1039.625700
1039.656333
1039.666300
1039.791833
1039.847167
1039.882400
1039.929467
1040.004500
1040.131100
1040.228900
1040.340167
1040.382800
1040.472700
1040.541733
1041.058300
1041.157833
1041.856600
1041.917567
1042.166133
1042.404000
1042.445533
1042.511967
1042.805033
1042.849367
1042.904500
1042.911933
1042.947700
1043.011600
1043.017967
1043.202467
1043.229500
1043.581467
1043.829633
1043.880500
1044.173867
1044.248400
1044.287933
1044.322500
1044.365667
1044.396833
1044.534300
1044.908300
1045.374333
1045.464900
1045.769433
1045.960433
1046.722267
1046.737767
1047.047933
1047.167367
1047.268767
1047.349833
1047.414800
1047.456067
1047.617633
1047.715567
1047.753533
1047.768700
1047.866733
1047.917367
1048.380900
1048.389500
1048.446300
1048.478400
1048.529233
1048.553533
1048.597333
1048.967700
1049.243967
1049.763733
1049.866667
1050.270700
1050.529467
1050.925700
1050.948900
1050.977267
1051.045300
1051.898367
1052.121700
1052.572600
1052.928533
1052.999700
1053.004667
1053.085067
1053.121433
1053.368000
1053.576667
1053.618200
1054.063567
1054.733867
1055.252233
1055.451033
1056.228733
1056.415933
1056.505967
1057.039333
1057.175600
1057.212867
1057.287467
1057.584267
1057.625600
1057.657333
1057.845667
1057.926000
1057.982333
1058.181033
1058.382033
1058.465600
1058.988600
1059.066700
1059.138033
1059.164367
1059.287167
1059.850567
1059.916300
1060.228100
1060.247733
1060.286267
1060.289433
1060.350467
1060.361900
1060.799267
1060.840900
1060.865100
1060.981700
1061.061833
1061.095367
1061.317433
1061.442067
1061.778067
1061.813467
1061.835433
1061.870033
1061.945967
1061.992467
1062.132600
1062.520367
1062.628100
1062.713467
1063.889200
1063.939900
1063.986833
1064.057800
1064.391400
1064.484500
1064.867800
1065.024633
1065.040667
1065.070533
1065.160567
1065.178667
1065.267133
1065.330767
1065.352367
1065.578600
1066.257933
1066.333600
1067.028600
1067.079000
1067.110100
1067.115600
1067.362933
1067.658700
1067.698533
1067.721233
1068.317267
1068.412167
1068.468867
1068.604867
1068.639000
1069.121967
1069.235500
1069.553400
1069.607967
1070.081767
1070.334100
1070.409600
1070.688700
1071.072100
1071.310133
1071.356600
1071.420267
1071.476400
1071.489333
1071.528200
1071.537333
1071.589767
1071.631900
1071.718933
1071.861067
1071.881433
1072.323167
1072.457133
1072.502767
1072.540867
1073.130300
1073.781533
1074.157233
1074.218000
1074.259167
1075.067967
1075.149667
1075.562733
1075.641500
1075.733733
1075.865533
1075.972633
1076.139233
1076.214033
1076.338833
1076.386633
1076.544067
1076.705467
1076.918000
1076.977600
1077.011033
1077.055600
1077.099533
1077.136333
1077.172900
1077.213100
1077.260000
1077.513767
1077.580867
1078.397567
1078.435100
1079.331967
1079.383400
1079.436600
1079.489033
1079.588167
1079.660767
1079.684333
1079.736333
1079.862367
1080.000600
1080.109200
1080.201300
1080.400800
1080.565367
1080.630800
1080.791533
1080.870967
1081.752700
1081.936533
1082.144600
1083.145733
1083.415800
1083.815100
1084.100333
1084.596533
1084.689033
1084.951100
1085.009967
1085.070000
1085.084733
1085.135767
1085.215200
1085.231267
1085.302500
1085.420233
1085.627800
1085.688067
1085.783533
1085.938367
1086.068433
1086.072333
1086.161733
1086.188300
1086.356967
1086.555600
1087.188600
1087.331867
1087.534133
1087.580100
1087.900933
1087.932300
1088.731600
1089.035933
1089.089400
1089.384800
1089.684833
1089.804300
1089.914500
1089.955400
1090.025533
1090.092567
1090.282167
1090.517867
1091.866700
1091.904967
1091.967333
1092.000267
1092.144600
1092.206600
1092.286833
1092.330933
1092.504967
1092.558433
1092.665733
1093.060667
1093.446567
1093.551300
1094.144567
1094.281800
1094.434133
1094.649667
1094.788167
1094.838600
1094.930333
1095.030200
1095.112000
1095.189367
1095.370900
1095.421133
1095.454633
1095.543367
1095.819800
1095.995500
1096.020000
1096.363433
1097.223700
1098.320200
1098.411400
1098.436600
1098.492633
1098.550167
1098.729733
1098.755500
1098.861600
1099.049233
1099.799567
1099.831000
1099.873300
1099.910433
1100.060667
1100.337967
1100.411167
1100.492667
1100.604833
1100.930967
1101.102400
1101.180800
1101.287000
1101.308567
1101.392133
1101.470367
1101.488633
1101.695300
1102.013967
1102.291400
1102.641067
1102.669667
1102.797067
1102.924333
1102.956067
1103.020467
1103.423367
1103.475267
1103.528567
1103.894567
1103.988667
1104.144133
1104.209200
1104.444967
1104.480333
1104.991667
1105.044533
1105.136167
1105.250600
1105.428600
1105.482433
1105.543533
1105.586200
1106.069833
1106.281967
1106.558867
1106.790067
1107.299900
1107.356133
1107.378967
1107.485100
1107.544933
1107.641200
1108.730767
1108.772500
1108.817867
1108.863133
1109.069900
1111.152367
1111.239133
1111.521500
1111.655967
1111.745400
1111.801200
1112.079900
1112.601467
1112.648300
1112.682100
1112.827900
1113.272533
1113.394067
1114.000367
1114.225500
1114.655233
1115.164767
1115.197267
1115.223667
1115.285233
1115.606067
1115.813200
1115.845567
1115.884467
1115.986733
1116.889000
1116.959400
1117.098300
1118.318467
1118.335567
1118.357233
1118.394267
1118.403600
1118.706000
1118.861067
1118.928567
1118.941600
1119.005233
1119.080333
1119.158533
1119.364667
1119.388800
1119.460967
1119.641267
1119.773067
1120.447533
1120.605667
1121.113800
1121.178867
1121.331033
1121.398633
1121.462500
1121.600767
1121.738167
1121.833733
1121.973200
1122.630133
1122.659233
1122.688133
1122.764267
1122.932067
1122.973767
1122.993567
1123.046867
1123.073933
1123.113967
1123.277333
1123.333933
1123.470633
1123.510000
1123.568000
1124.130933
1124.176567
1124.234267
1124.368867
1126.120333
1126.514200
1126.525700
1126.604400
1126.742967
1126.807733
1126.912100
1127.051167
1127.462333
1127.534733
1128.378800
1128.418333
1128.494300
1128.528433
1128.861467
1128.890700
1129.258233
1130.032733
1130.270200
1130.410767
1130.597633
1130.739833
1130.801600
1130.851200
1131.179067
1131.216500
1131.314533
1131.422233
1131.460700
1131.523900
1131.624700
1132.030767
1132.060467
1132.131633
1132.257000
1133.360733
1133.392700
1133.486133
1133.666067
1133.710300
1133.838567
1134.135533
1134.160167
1135.193967
1135.527100
1135.569000
1135.597800
1135.689800
1135.693800
1135.734400
1135.776333
1135.786300
1135.824400
1135.881767
1135.928467
1136.031667
1136.201433
1136.252867
1136.284300
1136.424800
1136.443500
1136.619433
1136.656533
1137.750100
1137.816200
1137.854767
1137.927067
1137.994567
1138.129100
1138.197700
1138.715133
1138.892400
1139.287900
1139.329867
1139.442567
1139.699267
1139.859867
1139.947600
1140.008767
1140.043033
1140.099467
1140.112333
1140.151833
1140.167267
1140.212200
1140.282867
1140.357800
1140.938233
1141.015967
1141.099067
1141.148767
1141.186067
1141.217700
1141.239133
1141.801400
1141.872000
1141.933000
1141.975800
1142.072833
1142.462333
1142.656600
1143.067133
1143.165167
1143.855900
1143.872867
1143.908533
1143.982300
1144.016767
1144.072533
1144.381833
1144.774833
1144.888233
1145.092067
1145.152733
1145.236200
1145.378900
1145.530467
1145.553967
1145.575533
1145.645733
1145.697300
1145.814367
1145.830467
1145.902867
1146.104500
1147.656433
1147.744567
1147.834333
1148.833067
1148.977167
1149.049633
1149.473300
1149.538067
1149.687167
1149.722967
1149.843367
1149.937267
1151.421967
1151.538667
1151.999400
1152.180633
1152.676200
1153.113667
1153.183400
1153.321133
1153.374333
1153.459900
1154.054100
1154.185433
1154.216400
1154.248933
1154.542267
1155.028200
1155.321967
1155.375933
1155.437467
1155.767100
1155.852067
1155.983167
1156.150733
1156.451033
1157.059767
1157.658000
1157.709267
1158.310300
1158.441033
1158.945167
1159.031367
1159.141900
1159.474300
1159.527867
1159.940700
1160.418667
1160.492367
1160.654500
1160.715467
1160.749667
1160.755167
1161.849467
1161.884300
1161.910333
1162.344300
1162.412833
1162.520167
1162.569700
1162.573933
1163.025700
1163.902567
1163.979300
1164.032200
1164.089033
1164.405633
1164.431867
1164.468567
1164.536467
1164.581733
1164.604933
1164.633567
1164.866200
1164.899400
1164.985567
1165.072433
1165.489000
1165.538700
1166.038833
1166.347467
1166.456200
1167.402967
1167.558500
1167.682733
1167.717967
1167.766167
1168.132300
1169.357600
1173.367533
1173.415167
1173.751100
1173.994200
1174.206067
1174.873767
1175.119233
1175.218367
1175.375967
1175.405233
1175.483767
1175.645200
1175.738000
1175.992100
1176.088300
1176.294033
1176.428067
1176.474967
1176.512233
1176.545400
1177.302700
1177.427333
1177.469100
1177.494733
1177.595367
1177.672933
1178.946300
1179.020467
1179.942433
1179.999700
1181.118100
1181.908033
1182.278300
1182.366500
1182.577500
1182.602200
1182.658733
1183.119667
1183.220533
1183.463267
1183.564467
1184.040233
1184.312833
1184.942967
1186.598233
1186.708233
1186.722767
1186.751133
1186.771000
1186.830533
1186.845133
1187.163233
1187.537600
1187.692300
1188.287600
1188.609900
1188.748267
1189.182867
1189.958533
1190.165767
1190.253500
1190.295600
1190.532667
1190.588533
1191.742667
1191.840200
1191.872233
1191.904100
1191.920533
1192.170933
1192.460233
1192.980233
1193.056400
1193.105833
1193.149700
1193.185533
1193.251333
1193.264867
1193.559333
1193.649467
1193.693667
1193.734700
1193.748000
1193.796233
1193.829800
1193.854267
1193.902900
1193.919933
1194.291900
1194.510967
1194.551967
1194.620333
1194.881000
1195.016633
1195.637100
1195.680200
1196.030933
1196.132533
1196.197933
1196.307167
1196.385833
1196.567633
1196.890933
1197.935300
1198.190500
1198.474000
1198.495433
1198.694933
1198.837567
1199.372933
1199.471233
1199.567900
1199.578133
1199.584433
1199.674233
1199.737633
1200.588067
1200.666067
1200.695267
1200.700367
1200.772233
1200.784567
1201.314467
1201.398633
1201.488267
1201.772800
1201.925133
1201.987833
1202.421367
1202.425800
1202.492000
1202.524300
1202.992667
1203.165167
1203.182300
1203.250600
1203.310467
1203.563900
1203.626933
1203.642933
1203.707633
1203.903900
1203.964200
1204.072433
1204.311633
1204.346833
1204.428033
1204.447100
1204.611867
1204.722367
1204.893133
1204.905867
1204.949400
1205.177600
1205.219600
1205.222533
1205.526600
1205.651467
1205.711500
1205.833300
1205.871567
1205.993267
1206.351500
1206.404933
1206.473700
1206.488333
1206.546433
1207.569667
1207.868167
1207.919867
1207.935400
1208.913267
1209.223000
1209.399467
1209.498200
1209.567267
1209.574300
1209.816100
1209.874000
1210.296833
1210.888067
1211.154033
1211.246333
1211.372933
1211.435233
1211.917700
1212.047300
1212.095667
1212.185767
1212.235100
1212.437767
1213.047867
1213.114967
1213.145500
1213.341533
1213.378567
1213.624133
1213.886233
1214.025800
1214.073733
1214.098333
1214.350300
1214.717933
1214.903433
1214.977200
1215.161500
1215.248367
1215.473467
1215.688167
1215.731000
1215.907667
1216.178200
1216.334500
1216.413400
1216.766100
1216.805400
1216.866700
1216.920067
1216.953800
1216.978233
1217.084200
1217.101100
1217.464067
1217.659700
1217.859133
1217.996567
1218.022467
1218.061000
1218.082367
1218.146633
1218.660333
1218.668533
1218.890767
1219.382633
1220.274667
1220.309800
1220.403467
1220.428367
1220.442700
1220.457467
1220.556967
1220.771667
1221.075167
1222.458767
1222.525233
1222.546200
1222.724333
1223.298267
1223.483567
1224.165200
1224.975133
1225.011900
1225.138333
1225.337267
1225.401067
1225.476400
1225.526433
1225.795100
1225.881900
1226.129667
1226.152167
1226.184267
1226.192033
1226.245000
1226.349367
1226.383800
1226.884567
1227.474067
1228.339633
1228.392800
1229.185733
1229.336800
1229.746733
1229.875133
1229.879900
1229.889400
1229.986000
1230.282267
1231.942300
1232.040733
1232.082900
1232.108567
1232.154433
1232.263933
1232.291933
1232.298867
1232.421233
1232.445300
1232.539567
1232.595400
1233.327233
1233.476367
1233.480467
1233.605633
1234.312867
1234.339600
1234.396067
1234.522300
1234.556833
1234.627167
1234.703067
1235.146367
1235.155733
1235.232200
1235.476700
1235.558433
1235.833833
1235.876233
1235.908133
1235.928033
1235.964000
1236.015633
1236.078667
1236.183900
1236.273733
1236.445767
1236.590700
1237.052967
1237.137067
1237.247700
1237.735467
1237.970700
1238.075833
1238.226200
1238.307900
1238.578400
1238.648867
1239.076833
1239.143467
1239.540700
1240.364967
1240.413300
1240.443300
1241.173900
1241.251800
1241.413333
1241.502633
1241.592200
1241.619000
1241.736767
1241.912567
1241.981033
1241.998567
1242.025567
1242.077033
1242.324367
1242.493800
1242.533767
1242.620300
1242.688767
1242.813667
1242.847400
1242.909433
1243.062433
1243.168533
1243.189333
1243.258267
1243.341300
1244.117967
1244.183000
1244.678133
1245.792633
1245.982067
1246.130500
1246.235433
1246.244233
1246.467000
1246.500933
1246.769533
1246.826500
1246.859600
1246.922900
1246.948233
1246.962633
1247.006533
1247.045367
1247.617967
1248.099700
1248.544767
1249.912333
1249.955967
1250.146567
1250.404967
1250.450167
1250.476900
1250.525767
1250.568200
1250.604367
1250.635333
1250.765367
1250.848333
1250.945133
1251.406833
1251.500500
1252.024433
1252.795400
1252.878167
1253.157433
1253.200967
1253.440100
1254.042633
1254.570033
1254.581567
1254.625467
1254.659100
1254.706667
1254.739967
1255.098633
1255.193767
1255.335300
1255.377567
1255.408533
1255.421533
1255.480900
1255.508233
1255.658700
1255.910200
1255.972967
1255.997133
1256.647867
1256.961533
1257.024000
1257.484967
1257.678300
1257.698000
1257.722867
1257.839767
1257.920967
1257.977567
1258.035367
1258.061200
1258.128067
1258.178967
1258.201767
1258.261467
1258.329733
1258.489233
1258.580933
1258.969800
1259.049900
1259.163233
1259.181300
1259.489100
1260.254933
1260.343000
1260.497300
1260.599233
1260.603133
1260.605100
1260.666833
1260.754233
1260.821800
1260.874233
1260.974700
1261.286367
1261.395400
1261.402433
1261.543267
1261.801367
1261.847467
1261.902533
1262.121900
1262.306133
1262.352733
1262.423033
1262.555000
1262.993967
1263.281400
1263.429367
1263.637933
1263.645967
1263.868833
1263.990200
1264.434767
1265.257367
1265.520200
1265.523267
1265.561767
1265.691433
1265.814333
1266.265633
1266.461233
1266.836300
1266.969567
1267.344367
1267.600967
1267.666600
1268.106867
1268.254333
1268.398400
1269.162400
1269.254267
1269.478833
1269.481767
1269.653400
1269.985100
1270.157500
1270.962567
1271.043500
1271.131500
1271.148400
1271.381133
1271.532233
1271.558000
1271.612300
1271.615267
1271.779333
1272.869933
1273.137200
1273.218967
1273.310600
1273.313800
1273.426067
1273.529500
1273.564600
1273.620800
1274.359433
1274.409700
1274.612300
1274.911833
1274.961900
1275.013567
1275.023300
1275.032400
1275.061267
1275.144933
1275.178267
1275.704800
1275.874567
1276.369367
1276.969767
1277.063567
1277.112633
1277.220967
1277.270433
1277.314367
1277.388967
1277.477267
1277.616333
1277.896933
1278.080600
1278.183667
1278.233467
1278.340733
1278.450467
1278.478833
1278.513900
1278.890167
1279.039567
1279.066200
1279.144067
1279.215733
1279.287933
1279.369000
1279.668667
1279.710833
1279.793000
1280.050700
1280.087033
1280.152600
1280.701700
1280.830000
1280.899833
1280.933133
1280.972633
1281.283867
1281.460167
1281.528233
1281.577000
1281.615433
1281.800267
1282.618967
1282.696567
1282.721833
1282.858767
1282.902267
1283.014733
1283.092200
1283.115167
1283.130833
1283.168467
1283.214533
1283.243700
1283.343233
1283.726300
1283.865967
1284.024500
1284.104733
1284.144000
1284.161533
1284.461400
1284.562200
1284.805100
1284.950800
1285.021033
1285.054867
1285.268767
1287.468400
1287.474233
1287.497067
1287.557000
1287.731333
1287.820133
1287.884133
1288.282867
1288.747200
1288.892433
1289.175867
1289.681500
1289.774933
1289.824967
1289.876067
1289.951033
1289.996200
1290.699800
1291.096933
1291.130933
1291.394733
1291.490333
1291.573200
1291.861033
1291.924067
1292.005067
1292.114167
1292.158567
1292.211433
1292.261433
1292.381733
1292.403900
1293.150800
1293.494233
1293.518900
1293.540667
1293.613967
1293.640933
1293.648500
1293.681167
1293.706300
1293.773200
1293.897967
1294.015067
1294.044433
1294.417933
1294.456267
1294.527433
1294.664533
1295.115000
1295.213933
1295.363833
1295.439567
1295.569133
1296.051200
1296.158667
1296.901333
1296.976633
1297.008200
1297.081333
1297.256900
1297.289400
1298.844667
1299.223133
1299.316800
1299.417667
1299.645200
1299.775233
1299.788967
1300.056933
1300.845433
1300.888933
1300.925667
1300.996867
1301.028567
1301.064967
1301.554133
1302.232567
1302.259000
1302.320967
1302.382533
1303.477067
1303.634400
1303.696300
1303.742633
1303.792867
1303.906067
1304.237533
1304.359933
1304.481767
1304.543267
1304.774733
1304.820333
1304.896567
1304.923433
1305.016800
1305.037800
1305.075533
1305.270500
1305.523867
1305.579767
1305.786133
1305.831500
1305.841467
1305.873567
1305.898133
1305.976733
1306.040933
1306.106733
1306.123267
1306.164067
1306.238767
1307.646233
1307.912100
1308.089700
1308.212200
1308.337967
1308.406367
1308.480367
1308.535533
1308.559300
1308.583533
1308.999567
1309.172900
1309.414833
1309.560133
1309.608633
1309.635067
1310.207667
1310.246467
1310.266733
1310.317600
1310.576333
1310.606300
1310.645067
1310.797267
1310.982000
1311.330567
1311.918100
1312.009200
1312.134367
1312.173267
1312.204567
1312.255200
1312.894300
1313.042733
1313.096433
1313.193500
1313.253167
1313.712100
1313.901767
1313.978500
