0.043233
0.065433
0.502133
0.805667
0.914267
1.089467
1.601600
1.624500
1.647533
1.764833
2.484767
2.765533
2.931733
3.020433
3.049867
3.219567
3.293100
3.415367
3.525633
3.600567
3.646167
3.948333
3.963100
4.005900
4.075600
4.335467
4.391367
4.436500
4.498233
4.553567
4.628667
4.635233
5.112700
5.174667
5.321400
5.922100
5.929600
5.959133
6.023467
6.033467
6.043667
6.068167
6.223300
6.266600
6.312133
6.341433
6.448400
6.567433
6.601333
6.640700
6.675133
6.700433
6.726633
6.734300
6.763433
6.797400
6.875233
6.881033
6.921500
6.996133
7.204167
7.210133
7.452733
7.729100
7.801600
8.045733
8.340333
8.391100
8.530800
8.800900
9.216567
9.386633
9.444867
9.663000
9.680067
9.731533
9.748167
9.769067
9.822667
10.121400
10.185267
10.490800
10.721833
10.879133
10.944800
10.962433
10.999767
11.106800
11.276600
11.383600
11.466733
11.486067
11.490733
11.571533
11.575867
11.677167
11.704167
11.751767
11.834033
11.958500
12.346533
12.472467
12.541800
12.582200
13.208833
13.486033
13.535467
13.545500
13.807867
13.820233
13.831000
13.882100
13.918433
14.177800
14.312133
14.415300
14.578033
15.511867
15.827033
16.149767
16.450833
16.650000
16.761767
16.973400
17.072267
17.077767
17.146800
17.157367
17.220033
17.394500
18.166233
18.185000
18.271233
18.274167
18.349833
18.485533
18.523167
18.543833
18.733533
18.888267
18.971133
19.012167
19.040733
19.085400
19.189600
19.220133
19.251700
19.283733
19.559067
19.577600
19.984100
19.988000
20.134367
20.255267
20.320567
20.390567
20.457067
20.831067
20.946500
20.974433
21.057500
21.078967
21.281700
21.297333
21.458267
21.646533
21.768733
22.036800
22.048333
22.053367
22.100767
22.462000
22.736033
22.788800
23.257967
23.680300
23.783900
23.879800
23.899767
23.971133
24.016967
24.052367
24.143000
24.392000
24.446500
24.499100
24.513100
24.635367
24.669933
24.873933
24.889100
25.078867
26.786933
26.815633
26.966833
27.324367
27.520833
27.835833
28.152500
28.490967
28.588967
28.944600
28.948067
29.038467
29.107900
29.863800
30.321767
30.482000
31.191167
31.386067
31.417567
31.657867
31.663033
32.268067
32.378167
32.515033
32.528167
32.537733
32.547800
32.598033
32.714400
32.753900
32.771033
32.812933
33.040667
33.376033
33.506767
33.515433
33.899067
34.023933
34.161167
34.272700
34.350033
34.369967
34.386000
34.415300
34.425333
34.428967
34.509400
34.569200
34.603833
34.721367
34.855267
34.933633
34.952167
35.074367
35.118200
35.131467
35.144700
35.174767
35.216667
35.282633
35.309100
35.382667
35.401400
35.428200
35.441567
35.460933
35.470567
35.519667
35.550200
35.704267
35.798633
35.805433
35.820000
36.090367
36.141400
36.292000
36.477033
36.507167
36.636133
36.658233
36.756733
36.803867
36.831833
36.874233
37.534233
38.565233
38.726633
39.068133
39.252833
39.270033
39.400333
39.412133
39.425900
39.446200
39.582633
39.614067
39.632167
39.653667
39.658033
39.739767
39.773500
39.882133
40.890867
41.014767
41.020533
41.178900
41.446167
41.848333
41.982533
42.001367
42.304300
42.486867
42.800933
43.036167
43.263700
43.366567
44.826733
44.875933
44.888333
44.927067
45.010500
45.059400
45.069167
45.090200
45.248767
45.814333
46.129767
46.199067
46.261800
46.730667
47.346500
47.372533
47.391567
47.519033
47.607300
47.722433
48.053733
48.110867
48.119133
48.128633
48.162333
48.233933
48.245567
48.263933
48.267733
48.330067
48.407933
48.467067
48.627333
48.808900
48.855467
48.861567
48.863700
48.907733
49.018100
49.042533
49.106400
49.124667
49.138800
49.145867
49.241100
49.249200
49.681533
49.760200
49.880467
49.916967
50.001833
50.016167
50.065033
50.107333
50.155300
50.218700
50.255833
50.315633
50.341933
50.399933
50.419833
50.486967
50.594700
50.764033
51.162200
51.192000
51.328733
51.340433
51.398733
51.461967
51.465067
51.632500
51.652000
51.674933
51.686033
51.719300
51.728367
51.771867
52.191967
52.401333
52.894367
52.900833
52.961767
53.197000
53.203300
53.322467
53.463100
53.888500
54.122300
54.153033
54.337267
54.339067
54.402267
54.426833
54.454333
54.601000
54.891333
54.912900
54.914900
54.970700
55.001533
55.026467
55.122367
55.163000
55.240667
55.287333
55.300233
55.309000
55.377700
55.405633
55.417100
55.530733
55.569067
55.695933
56.152133
56.259467
56.261233
56.291833
56.403300
56.462500
56.561367
56.592867
56.674533
56.725967
56.759100
56.789367
56.842733
56.923133
57.098300
57.110167
57.124067
57.344367
57.401400
57.421267
57.621667
57.750167
57.790433
57.835233
57.881900
57.946300
57.954067
57.977900
58.080367
58.205200
58.264100
58.269767
58.301167
58.319833
58.343333
58.481767
58.530267
58.708800
58.785200
59.188667
59.299833
59.436667
59.461500
59.758967
59.765233
59.988867
60.177267
60.198033
60.223133
60.243500
60.268600
60.317967
60.327167
60.361367
60.392833
60.445700
60.475467
60.480200
60.487800
60.536900
60.563833
60.620233
60.836700
60.870733
60.884633
61.026267
61.090467
61.304267
61.331800
61.399733
61.436767
61.448000
61.457667
61.574367
61.618233
61.626267
61.635000
61.645067
61.649800
61.703667
61.748267
61.902500
61.917400
61.953767
61.983700
62.136333
62.166800
62.319633
62.394467
62.447167
62.482100
62.574267
62.600200
62.628800
62.656933
62.748267
62.833767
62.853467
63.049233
63.499933
63.589900
63.639567
63.747967
63.763933
63.960067
64.617500
64.664767
64.881100
65.078867
65.100533
65.215433
65.265867
65.270700
65.350500
65.433133
66.062200
66.093067
66.186500
66.280100
66.373667
66.389000
66.474667
66.547100
67.234200
67.279300
67.662667
67.677433
67.832700
67.842467
67.998467
68.061667
68.208367
68.789367
68.900767
68.934733
68.966100
69.046067
69.252433
69.375633
69.393133
69.433700
69.451500
69.471300
69.498433
69.502367
69.623000
69.707100
69.784833
69.803433
69.946567
69.974767
70.023867
70.372433
70.703467
70.844367
70.850867
70.909667
71.057533
71.113033
71.982633
71.990500
72.107433
72.332667
72.662000
72.969300
73.124800
73.154333
73.266433
73.347900
73.368333
73.393700
73.430567
73.446867
73.489500
73.496433
73.542867
73.561900
73.613167
73.618667
73.675367
73.739667
73.748533
73.830167
73.855267
74.086767
74.132933
74.230967
74.236533
74.295000
74.316167
74.328067
74.351400
74.393433
74.452133
74.464633
74.577700
74.600800
74.653100
74.661133
74.693067
74.705567
74.744667
74.771467
74.779367
75.051933
75.058533
75.064433
75.556300
75.596067
75.859133
77.113267
77.121000
77.165133
77.344567
77.417667
77.423900
77.462000
77.476167
77.788167
77.859733
78.024467
78.053100
78.090400
78.119233
78.178100
78.844467
78.988700
79.156967
79.233033
80.513467
80.768567
81.175567
81.183033
81.209200
81.410967
81.457233
81.462267
81.529933
81.893567
81.936033
81.980000
82.061367
82.108667
82.148167
82.251200
82.412833
82.560433
82.612300
82.877300
82.890267
83.039100
83.196000
83.221733
83.349333
83.358033
83.407367
83.510333
83.554933
83.783433
84.114767
84.182833
84.297667
84.318500
84.500467
84.700933
84.865767
85.076333
85.154900
85.197267
85.201200
85.251867
85.276033
85.586933
86.010933
86.065567
86.113033
86.125233
86.189133
86.912900
87.118300
87.219800
87.831167
87.914233
88.091133
88.382600
88.395667
88.841900
88.992433
89.020367
89.186900
89.227500
89.276300
89.682400
89.686567
89.804033
89.849067
89.861800
89.915933
89.938967
90.215267
90.262867
90.361600
90.702867
90.731067
90.759133
91.393633
91.425033
91.653100
91.667000
92.059467
92.191200
92.596000
92.817267
92.837467
92.908600
93.264400
94.042933
94.311133
94.325367
94.354800
94.473700
94.624367
94.690967
94.810533
94.910967
95.373700
96.013633
96.178900
96.540900
96.705267
96.746433
96.754400
96.813900
96.821533
96.826500
96.980700
97.003333
97.025767
97.358500
97.480767
97.801433
98.092433
98.121733
98.127333
98.217533
98.261767
98.331600
98.399933
98.409833
98.609533
99.230667
99.271667
99.351733
99.386733
99.401933
99.484433
100.673600
100.759867
100.773067
100.780467
100.859867
100.954000
101.418500
101.509367
101.540600
101.796600
101.846767
101.940333
101.974267
102.636967
102.711733
102.939333
103.181400
103.196167
103.222900
103.234967
103.323333
103.357867
103.385133
103.544533
103.763133
103.788933
104.228267
104.330733
104.368400
104.386633
104.604467
104.644367
104.795167
104.874667
105.005567
105.157233
105.226200
105.257167
105.316800
105.354600
105.458433
105.683267
105.696967
105.722200
105.733633
105.874500
106.167600
106.325167
106.336500
106.839700
107.346233
107.485967
107.500667
107.680867
107.708133
107.728233
107.751300
107.754867
107.803667
107.995433
108.116833
108.237133
108.276733
108.281767
108.348000
108.407900
108.409833
108.430467
108.464367
108.470633
108.543000
108.610233
108.709300
108.716200
108.754867
108.765767
108.865867
109.026167
109.098133
109.156367
109.188767
109.222133
109.226700
109.241933
109.251867
109.288500
109.293200
109.330300
109.405933
109.422267
109.849433
109.862933
109.956533
110.205767
110.304800
110.612167
110.699733
111.111133
111.327233
111.401700
111.493400
111.654133
111.793300
111.814567
111.858467
111.872500
111.949800
111.984900
112.313500
112.653833
113.187900
113.407233
113.582300
113.623533
113.640800
113.650000
113.666633
113.711700
113.785367
113.861200
113.888733
113.982100
114.007900
114.031200
114.074400
114.094067
114.143833
114.171933
114.233600
114.267067
114.328700
114.345567
114.399533
114.403900
114.596967
114.733033
114.773933
114.932767
115.005700
115.444167
115.459000
115.500200
115.553300
115.571633
115.654200
115.703500
115.721667
115.758833
115.958467
116.071933
116.078767
116.120067
116.211867
116.272367
116.290167
116.664833
116.746767
116.777867
116.808467
117.052267
117.119333
117.235267
117.760233
118.180600
118.798833
118.861333
118.883000
118.923633
119.054367
119.075900
119.112633
119.117400
119.173833
119.374633
119.532300
119.568733
119.688767
119.731200
119.803033
120.069100
120.090833
120.559400
121.089333
121.562633
121.613500
121.858600
122.997567
123.128300
123.171900
123.186133
123.614100
124.088933
124.397833
124.404500
124.494033
124.524600
124.944033
125.499267
125.545233
125.801300
125.989067
126.671433
126.836800
127.077467
127.758533
127.825000
128.007967
128.047900
128.098500
128.121667
128.192467
128.454100
128.473300
128.523133
128.546667
128.566267
128.591567
128.595700
128.613067
128.626667
128.633667
128.658500
128.730733
128.769067
128.888400
128.974967
129.187933
129.294533
129.576533
130.138400
130.203833
130.248667
130.950200
131.164667
131.279233
131.312833
131.378700
131.453500
131.466133
131.526333
131.785000
131.873833
131.876567
132.138300
132.228667
132.239733
132.257333
132.275500
132.277933
132.293067
132.336167
132.344500
132.492067
132.563900
132.614567
132.660700
132.719567
132.736500
133.254267
133.917700
134.099900
134.112267
134.163867
134.182433
134.262533
134.465500
134.573600
135.285633
135.418833
135.453000
135.475633
135.967733
136.384867
137.034067
137.540933
137.547367
137.753333
138.261567
138.339667
138.383600
138.553433
138.994367
139.070133
139.223367
139.678400
139.699333
139.884867
139.900333
140.303200
140.355600
141.220500
141.574067
141.616567
141.887833
142.402833
142.419733
142.510167
142.788767
142.926133
143.007500
143.346833
143.623000
144.006367
144.328567
145.018800
145.211200
145.242133
145.356267
145.378700
145.389133
145.422467
145.431400
145.449533
145.464333
145.484400
145.489933
145.526900
145.553033
145.711667
145.733733
145.736600
145.755433
145.797200
145.841233
145.865200
145.884467
145.892933
146.005333
146.162867
146.524167
146.664067
146.672100
146.681933
146.765833
146.774700
146.787900
146.799267
146.816233
146.825267
146.856900
146.937200
146.939633
146.997433
147.023133
147.029333
147.062000
147.079500
147.153000
147.160300
147.177300
147.209933
147.285333
147.308967
147.395233
147.407867
147.436733
147.573000
147.575467
148.005600
148.351300
148.496933
148.508100
148.512233
148.979200
149.113867
149.261833
149.280367
149.448467
149.694100
149.736167
149.751000
149.773333
149.812967
149.846767
149.961633
149.973233
150.315500
150.414600
150.446767
150.474600
150.488300
150.797667
150.838200
150.872600
151.033500
151.111267
151.184867
151.394400
151.618133
152.086033
152.205133
152.255633
152.274533
152.382833
152.442800
152.451233
152.531500
152.545100
152.666067
152.728000
152.763267
153.034833
153.087700
153.117567
153.140933
153.168000
153.173467
153.202067
153.248167
153.431667
153.441500
153.473933
153.538700
153.552867
153.626500
153.720967
153.765133
153.770900
153.868600
153.878600
153.908767
153.918067
154.219033
154.279967
154.643033
155.055333
155.212467
155.364400
155.575300
155.605500
155.611867
155.618000
155.625333
155.637700
155.662233
155.740567
155.746733
155.803133
155.856600
155.910767
155.971167
156.024333
156.035833
156.085333
156.098333
156.159600
156.176600
156.235367
156.263033
156.266133
156.341500
156.420067
156.452767
156.550433
156.646100
156.819600
156.822833
156.872000
156.978000
156.992067
157.194167
157.243333
157.287100
157.348233
157.398433
157.536333
157.546233
157.619867
157.644433
157.860900
157.893833
157.898400
157.913733
158.017033
158.080700
158.172733
158.227067
158.324733
158.801333
158.827967
158.832167
159.211500
159.312300
159.416700
159.527100
159.633500
159.664667
159.780800
159.840567
160.176833
160.218667
160.275400
160.292800
160.296467
160.346433
160.349400
160.457233
160.733367
160.875633
160.922267
161.229667
161.624133
161.708133
162.008733
162.205567
162.347167
162.634233
164.091900
164.675800
164.767233
165.532900
165.910700
165.939400
165.969567
165.987333
166.398267
167.579700
167.748933
167.780600
168.080867
168.170633
168.226867
168.271733
168.622833
168.635667
168.800667
168.842900
169.108767
169.142433
169.983200
170.072033
170.281367
170.302133
170.525833
170.692133
171.423167
171.557300
171.721000
172.144767
172.213733
173.509267
173.519433
173.595667
173.617967
173.939533
173.992400
174.080233
174.133600
174.269400
174.725233
174.907167
175.358633
175.394200
175.572300
175.687967
175.781900
175.790500
175.866400
175.931567
175.961967
176.193733
176.209833
176.252933
176.316533
176.321800
176.343600
176.416467
176.447133
176.488567
176.670433
176.720100
176.759467
176.913400
177.247833
177.695100
177.877100
177.976000
177.988367
178.021000
178.125700
178.226833
178.349800
178.383533
178.436867
178.457433
179.003700
179.388300
179.610167
179.718867
180.020333
180.151900
180.206500
180.437000
180.482900
180.541500
180.894667
180.901200
180.913000
180.934700
181.084700
181.104533
181.151767
182.556367
182.578100
182.619867
182.657467
182.726500
182.952467
182.964667
183.114300
183.135567
183.370267
183.618767
184.115600
184.161767
184.216733
184.290467
184.376800
184.850800
185.882633
186.025000
186.574233
186.677367
186.810933
186.846067
186.928500
186.948167
187.690133
187.761567
188.476033
188.552767
188.555967
188.983067
189.113733
189.151567
189.259033
189.432867
189.764000
189.783133
190.044267
190.099867
190.273467
190.665933
191.330367
191.803033
191.866800
191.944333
191.961100
192.060833
192.116533
192.136400
192.140367
192.171400
192.396567
192.409333
192.613733
192.715567
193.976467
194.144733
194.602633
194.655733
194.677133
195.044833
195.113967
195.470800
196.092333
196.108333
196.136933
196.218000
196.446267
196.597767
196.639367
197.074600
197.621800
198.574433
199.045900
199.097333
199.110200
199.182867
199.350600
199.665933
199.870833
199.971067
200.061900
200.093267
200.119633
200.178233
200.236400
200.760033
201.134300
201.146000
201.417033
201.553767
201.569767
201.601300
201.617400
201.657067
201.889300
201.993000
202.209100
202.264800
202.397633
202.484933
202.550000
202.560567
202.564367
202.589033
202.605867
202.824533
202.919833
203.215733
203.280967
203.479033
203.677933
203.934600
204.365433
204.420533
204.489767
204.545133
204.589633
204.603033
204.710633
205.361767
205.410600
205.522500
205.743233
206.042833
206.138367
206.351333
206.600533
206.642633
206.699200
206.759100
206.783233
206.807133
206.918200
206.975600
206.979000
207.350433
207.630633
207.725633
207.732200
207.841933
207.849100
207.875933
207.906267
207.951500
207.996400
208.022000
208.041800
208.297633
208.418033
208.606033
208.715267
208.745400
208.793033
208.874833
208.984767
209.037133
209.047900
209.069067
209.091967
209.144000
209.462700
209.494567
209.537367
209.971433
210.008067
210.502267
210.742900
211.503567
211.593867
212.040633
212.174367
212.413033
212.455333
212.504733
212.542733
212.879567
213.443333
213.484933
213.505500
214.126100
214.265233
214.337133
214.518067
214.611967
214.708100
214.730633
215.545000
215.606067
215.727300
215.733900
215.782167
215.919267
216.025600
216.056333
216.083133
216.205533
216.311833
216.492533
216.525100
216.634167
216.647600
216.732467
216.797633
216.838467
216.883667
216.920100
216.922100
216.945933
216.953933
217.049233
217.082700
217.108833
217.117833
217.304967
217.316333
217.458033
217.549467
217.647300
217.700067
218.057467
218.196933
218.220367
218.226233
218.287467
218.348467
218.573733
218.683267
218.690033
218.771000
218.921467
218.958533
219.537267
219.999100
220.328800
220.370500
220.388400
220.450867
220.503333
220.582567
220.709633
220.845633
221.117700
221.218433
221.332500
221.337700
221.364767
221.372467
221.529233
221.784167
221.811367
221.958100
222.032533
222.108267
222.260400
222.325700
222.333100
222.399800
222.438833
222.441867
222.537700
222.587600
222.601200
222.618500
222.632433
222.694467
222.860767
222.880633
222.927267
222.957267
223.245533
223.281200
223.400700
223.473500
223.507133
223.515000
223.663200
224.098400
224.462467
224.589900
225.205200
225.214400
225.229300
225.255200
225.262567
225.466633
225.970033
226.139500
226.238133
226.516900
226.578033
226.929733
226.962067
226.988600
227.026167
227.037533
227.083700
227.117467
227.134233
227.256000
227.342167
227.368667
227.415467
227.462967
227.491800
227.585833
227.729533
227.862733
228.053267
228.083533
228.135033
228.142567
228.176400
228.214500
228.239200
228.243333
228.251100
228.298867
228.561033
228.576267
228.636800
228.668500
228.852967
228.963833
229.019600
229.069533
229.163367
229.184567
229.240933
229.267300
229.440200
229.445733
229.493700
229.542100
229.623767
229.631033
229.835600
230.008867
230.035133
230.071800
230.159467
230.396967
230.504433
230.683467
230.784000
230.829367
230.861200
232.131267
232.881267
233.031367
233.185867
233.257000
233.401267
234.714267
234.734167
234.775233
235.064833
235.452433
235.962467
236.092467
236.432000
236.874533
236.988367
237.330800
237.457400
237.821667
237.843800
238.149200
238.234800
239.306867
239.500100
239.511533
239.564933
239.594400
239.648967
239.652367
240.059367
240.333733
240.349200
240.369533
240.415233
240.550567
241.353367
241.384500
241.762767
241.882200
242.286967
242.512400
242.789967
243.189500
243.408733
243.444300
243.628433
244.114800
244.296333
244.379400
244.516167
244.687167
244.720767
244.744000
244.836867
244.855167
244.878233
244.912433
244.998833
245.177567
245.266900
245.312133
245.436267
245.580833
245.683167
245.782433
245.800100
245.825800
245.837200
245.925267
245.991400
246.043400
246.045033
246.173533
246.234100
246.239700
246.272733
246.294400
246.370533
246.396967
246.421867
246.474800
246.516833
246.775433
246.779133
246.801633
246.836433
246.938867
246.982367
247.107667
247.125333
247.298133
247.370100
247.416767
247.562233
247.572133
247.602567
247.633900
247.650900
247.723867
247.772667
247.871633
247.897333
248.053667
248.168367
248.256500
248.429100
248.610767
248.627200
248.663767
248.703800
248.710400
248.802333
248.848700
248.854600
249.002400
249.058867
249.136167
249.145800
249.156200
249.547533
249.705867
249.949200
250.004467
250.124900
250.126833
250.419500
250.782367
250.792067
250.908467
251.004367
251.368433
251.518700
251.685033
251.907800
251.952733
251.957833
252.031467
252.273900
252.515633
253.853533
253.860167
253.896433
253.946667
254.249433
254.309500
254.332867
254.354333
254.487767
254.754233
255.048933
255.507933
255.642700
255.808800
255.910967
255.919600
256.337767
256.360333
256.370467
256.466967
257.262133
257.845467
258.682700
258.730500
258.808500
258.888900
258.911500
258.931200
259.062067
259.070000
259.153333
259.206000
259.233467
259.280600
259.347533
259.446167
259.715667
259.759700
260.017667
260.062500
260.170333
260.360133
260.541400
260.577933
260.603100
260.677100
260.697800
260.736433
260.783367
260.840167
260.930067
260.936433
260.939933
261.042933
261.047267
261.113733
261.152433
261.280967
261.444300
261.553733
261.817633
261.994833
262.071867
262.097867
262.200867
262.392033
262.430100
262.812900
263.687633
263.691833
264.130300
264.158767
264.274800
264.283800
264.313067
265.190633
265.365267
265.476367
265.584967
265.614467
265.792800
266.673067
266.878867
267.319933
267.545100
268.348533
268.713767
269.358700
269.373700
269.396567
269.444933
269.500133
269.526233
269.661833
270.134567
270.172133
270.213600
270.229600
270.902500
270.946267
271.047700
271.494133
271.779900
271.935067
271.975267
271.987067
272.033400
272.183267
272.188867
273.393300
273.591533
274.008967
274.024333
274.103400
274.198400
274.518533
274.844600
274.910300
274.938433
275.118600
275.156033
275.356567
275.395833
275.398367
275.464300
275.478967
275.529233
275.537733
275.581300
275.614300
275.694633
275.699300
275.704867
275.729200
275.756433
275.768467
275.778633
275.801067
275.861433
275.942800
276.021233
276.081333
276.273533
276.597167
276.684600
276.795433
277.001133
277.023000
277.241667
277.256533
277.407333
277.431867
277.645767
277.672667
277.791833
277.917133
277.951700
278.152700
278.166900
278.192133
278.227367
278.235267
278.241500
278.276267
278.281667
278.419633
278.686967
278.718433
278.802300
278.866867
278.874000
278.908667
278.923267
279.034367
279.143000
279.354500
279.441933
279.640233
279.726533
279.858500
280.197867
280.389767
280.413467
280.634000
280.679500
280.938333
281.057800
281.195000
281.227400
281.363867
281.428300
281.449300
281.515300
281.558267
281.602367
281.651800
281.690167
281.840267
281.929800
281.975733
282.003400
282.011200
282.090567
282.108433
282.339167
282.408333
282.517467
282.520167
282.677633
282.722267
282.763200
282.765467
283.001733
283.035933
283.679467
285.831533
286.006000
286.651633
286.716300
287.112467
287.155700
287.315933
287.415167
288.202367
288.235333
289.166433
289.816133
290.328700
290.563533
290.752267
290.823000
290.984333
291.124600
291.505500
292.132200
293.619667
293.844167
293.887600
293.901233
293.937567
294.655567
295.030000
295.117067
295.357000
295.389233
295.438833
295.453433
295.470600
296.015467
296.038867
296.047367
296.062033
296.297100
296.339067
296.870500
297.040833
297.099533
297.153933
297.339767
297.371933
297.585533
297.989967
298.071433
298.203967
298.210933
298.315167
298.410800
298.461433
298.463767
298.498100
298.514533
298.521300
298.556300
298.587600
298.597533
298.611800
298.655833
298.679400
298.698267
298.757533
299.122067
299.139967
299.196500
299.203600
299.303800
299.403533
299.419633
299.441167
299.484767
299.691400
299.785033
299.911033
299.933700
299.977867
299.993067
300.002067
300.010333
300.051000
300.086367
300.104067
300.130233
300.246400
300.327467
300.353333
300.360533
300.373533
300.548500
300.559000
300.633133
300.711200
300.858867
300.868067
300.950067
301.030033
301.292800
301.731533
301.774100
301.890700
301.910633
302.001467
302.444100
302.470900
302.497767
302.508833
302.780433
302.789033
302.851133
303.123233
303.146100
303.168833
303.188033
303.300633
303.374667
303.493333
303.974833
303.987467
303.998600
304.070033
304.898267
304.948000
305.060500
305.094200
305.168000
305.179167
305.217767
305.361800
305.534967
305.545800
305.677700
305.795833
305.803267
305.833933
306.056067
306.065400
306.130567
306.143567
306.242333
306.298800
306.411900
306.478200
307.103167
307.172300
307.254067
307.540233
307.547633
307.665400
307.952800
308.408967
308.506500
308.522867
308.653867
309.003333
309.038000
309.163900
309.237800
309.254933
309.433800
309.488633
309.555567
309.588500
309.688100
309.714767
309.719533
309.813400
309.826800
310.174700
310.224867
310.241000
310.451500
310.453467
310.598733
310.680700
310.880667
310.918000
311.005233
311.047367
311.050933
311.263633
311.267867
311.296500
311.440033
311.709233
311.746933
311.819400
311.834667
311.889767
312.131667
312.305467
312.780633
312.855567
313.505900
313.615500
314.320100
315.219833
315.263433
316.259167
316.347033
316.491500
316.548533
317.133133
317.815867
318.106833
318.398300
318.494733
318.498433
318.712033
318.883200
319.075733
319.127467
319.271667
319.313400
319.334233
319.405833
319.450667
319.454067
319.516367
319.530400
319.628933
319.664500
319.688667
319.787967
319.792733
320.017767
320.523867
320.541733
320.580100
320.708567
320.721400
320.808667
320.993300
321.754867
321.765333
321.944500
321.962800
322.342733
322.428267
322.480367
322.560633
322.570267
322.722467
322.828300
322.863900
323.067633
323.147300
323.160600
323.172333
323.176167
323.205000
323.208933
323.446433
323.501567
323.530633
323.537200
323.619800
323.667267
324.095833
324.117467
324.322200
324.336567
324.366367
324.376267
324.404133
324.488833
324.529133
324.542067
324.572333
324.599167
324.634467
324.642733
324.655400
324.741467
324.774600
324.787700
324.813167
324.826700
324.837433
324.891133
324.901200
324.944033
324.971067
324.978033
325.046433
325.135133
325.185833
325.274733
325.894133
325.930400
325.953467
326.119133
326.152100
326.176167
326.429167
326.680033
326.787900
326.849333
326.866867
326.997933
327.110867
327.174533
327.225000
327.294167
327.379833
327.406933
327.441300
327.478267
327.588500
327.656267
327.673933
327.699500
327.767000
327.801500
327.831733
327.929500
327.976600
328.126400
328.304300
328.451633
328.575033
328.654300
328.736133
328.761033
328.923667
329.278800
329.282667
329.663733
329.719233
329.806800
329.814200
329.874500
329.927733
330.445833
330.993100
331.564667
332.284733
332.383800
332.391933
332.465800
332.649000
332.681867
332.711500
332.740200
332.876100
333.070800
333.139633
333.164500
333.178267
333.197933
333.203900
333.236800
333.500700
333.504333
333.719300
333.866100
333.888233
334.179433
334.294033
334.496733
335.021833
335.572067
336.133567
336.681700
337.175100
337.268400
337.291700
337.481267
338.062667
338.146667
338.235733
338.324600
338.384833
338.419667
338.468700
338.511767
338.531767
338.735600
339.795133
340.000533
340.004633
340.045367
340.061967
340.121167
340.152100
340.294633
340.352467
340.364467
340.406300
340.470533
340.578700
340.772100
340.820867
340.864133
340.905500
341.028000
341.077867
341.181933
341.236633
341.585900
341.825100
341.956067
341.957900
342.009000
342.036600
342.071000
342.262100
342.349800
342.514600
342.526200
342.621533
342.698433
342.809400
342.834167
342.875067
343.020600
343.057767
343.817767
343.829700
344.386067
344.671400
344.782500
344.896900
345.062900
345.439400
345.607667
345.764800
345.914967
345.952533
346.445000
346.933067
347.145300
347.176933
347.497133
348.323100
348.378333
348.419633
348.432333
348.671600
348.781467
348.825000
349.606333
349.774333
349.884867
349.898400
349.907000
350.075000
350.275767
350.306100
350.315200
350.323767
350.507767
350.642167
350.663133
350.861167
350.884067
350.941000
351.056567
351.181700
351.308033
351.379233
351.385033
351.400633
351.559400
351.654333
352.521667
352.573100
352.575700
352.588800
352.654900
352.854267
353.118167
353.805733
354.241333
354.411400
354.424900
354.440867
355.945233
356.017933
356.025967
356.076433
356.240667
356.366233
356.406133
356.471600
357.392867
357.554400
357.627133
357.693533
358.239767
358.752133
358.994600
359.069267
359.363667
359.533600
359.609367
359.921200
360.091233
360.330833
360.384400
360.388967
360.547767
361.111167
361.965933
362.367067
362.502567
362.555600
362.622000
362.629767
362.649500
362.711700
362.717600
362.736433
362.827700
363.421800
363.680000
363.923867
364.293933
364.382900
364.408933
365.885733
366.124400
366.390767
366.401233
366.487267
366.978767
366.994600
367.348533
367.444000
367.469833
367.483433
367.555400
367.583067
367.592733
367.602967
367.608933
367.683233
367.734467
367.807467
367.850567
367.871000
368.163333
368.248000
368.299933
368.417867
368.456067
368.507800
368.517800
368.617367
368.675467
368.688333
368.699467
368.860900
368.940767
369.728133
369.972033
370.072600
370.234800
371.137300
371.187867
371.214567
371.419033
371.535233
371.544433
371.568500
371.622233
371.630333
371.917000
371.960267
372.044600
372.124400
372.186167
372.313833
372.346267
372.403067
372.434400
372.446733
372.454933
372.463867
372.480833
372.493233
372.526233
372.576700
372.583533
372.625867
372.875233
373.361100
373.401167
373.451633
373.551867
373.614433
373.731767
374.364633
375.332367
375.346033
375.364567
375.578567
375.653367
376.042600
376.494800
377.308867
377.480700
377.924933
378.367800
378.396900
378.408800
379.111200
379.115300
379.683933
379.773300
379.985233
380.029700
380.830067
380.860233
381.012067
382.973833
383.046300
383.060600
383.112100
383.134100
383.452133
383.621200
383.647000
383.717300
383.872433
383.914633
384.114933
384.224300
384.350867
384.577700
384.672600
384.770633
384.950400
385.075933
385.170167
385.191833
385.242567
385.261733
385.290167
385.315867
385.360700
385.393833
385.433567
385.589267
385.695667
385.784567
385.847333
385.973500
385.977433
386.284033
386.333133
386.377433
386.446067
386.467167
386.476800
386.492467
386.495900
386.740600
387.497033
387.994567
388.162233
388.556300
388.607667
388.654167
388.814267
389.324800
389.406733
389.660967
389.891333
390.022800
390.551800
390.798700
390.994800
391.107233
391.544200
391.549733
392.408100
392.459033
392.685267
392.878167
393.017367
393.353200
393.364000
393.645700
393.661433
394.674200
394.808833
394.874700
394.933533
394.952033
394.997533
395.030467
395.051267
395.114500
395.122433
395.156033
395.329033
395.333867
395.364100
395.380800
395.523067
395.526367
395.541300
395.549167
395.553800
395.588300
395.710467
395.721400
395.737933
395.788833
395.867633
395.869867
396.588500
397.375600
397.476333
397.861733
398.311733
398.397333
398.691667
398.739100
398.782033
398.792133
399.117767
399.179133
399.261633
399.285067
399.303067
399.316567
399.333133
399.362233
399.377467
399.392167
399.394167
399.427600
399.454133
399.481767
399.508300
399.517767
399.566333
399.582300
399.645500
399.658567
399.704700
399.845767
399.916700
399.950300
400.079767
400.184367
400.211100
400.372467
400.378333
400.519733
400.651400
400.799300
400.837700
400.862333
400.880933
401.052833
401.106900
401.121767
401.178533
401.197600
401.232367
401.303167
401.326133
401.460500
401.504467
401.558800
401.600700
401.951567
402.026600
402.035967
402.237333
402.243167
402.437800
402.500300
402.702300
402.943333
403.044533
403.069967
403.111733
403.228533
403.341667
403.746067
404.158133
404.336900
404.367200
404.378567
404.468267
404.538000
404.567500
404.589067
404.631033
404.713800
404.738733
404.784400
404.885200
404.909167
404.939667
404.956500
405.020500
405.033367
405.054033
405.060933
405.064700
405.096900
405.098967
405.199100
406.379367
406.408967
406.497367
406.551867
406.610067
406.626367
406.653500
406.736600
406.766900
406.792867
406.798767
406.861267
407.211300
407.237033
407.303533
407.480133
407.662533
407.794633
407.890333
408.005733
408.145967
408.716967
408.778900
408.888000
409.052133
409.099467
409.236067
409.302433
409.425133
409.490133
409.562267
409.598800
409.695400
409.709567
409.845833
410.050700
410.172300
410.268233
410.363333
410.462100
410.468600
410.503733
410.523700
410.539567
410.716200
410.726800
410.868267
410.886100
411.656333
411.847700
411.866233
411.873367
411.916000
412.267333
412.314900
413.026133
413.170167
413.231633
413.242767
413.276967
413.431433
413.456767
414.308800
414.690000
414.993533
416.889367
417.387100
417.764600
417.829533
417.936800
417.951367
417.975367
418.009100
418.031367
418.054567
418.078933
418.110400
418.118067
418.157300
418.164500
418.237167
418.277267
418.380067
418.392200
418.404300
418.415400
418.417933
418.447667
418.498633
418.589367
418.661400
418.687967
418.771300
419.019500
419.023300
419.381367
419.479300
419.498667
419.592300
419.613400
419.814033
420.163933
420.229067
420.237567
420.343267
420.628833
420.687567
420.837233
421.215000
421.322767
421.756333
422.247533
423.073500
423.649367
423.783800
423.815467
423.864500
423.899800
424.495967
424.781400
424.870733
425.073133
425.229933
425.282167
425.323667
425.416900
425.427300
425.469067
425.828167
425.887533
425.925800
427.216867
427.292733
427.345467
427.502500
427.739900
427.780200
428.516600
428.529533
428.675767
428.706367
428.728933
428.816133
428.862500
429.429167
429.489800
430.131800
430.194267
430.333000
430.403467
430.427800
430.585467
430.657600
430.706467
430.951600
431.026500
431.219867
431.283567
431.417000
431.478033
431.678333
431.764800
431.791300
431.847167
431.875433
431.884033
431.919767
431.973667
432.015400
432.115933
432.140567
432.240767
432.472833
432.500300
432.537833
432.698167
432.975300
432.988267
433.106533
433.128467
433.696167
433.708167
433.794267
433.816833
433.990767
434.038067
434.240800
434.282100
434.496467
434.810767
435.466567
435.560700
435.564600
435.676967
435.853367
435.884167
436.103167
436.345967
436.716600
436.846767
436.935567
437.007633
437.059000
437.073900
437.310100
437.328067
437.386567
437.437833
437.470367
437.507400
437.525900
437.557200
437.566300
437.625067
437.663033
437.694000
437.832133
437.858733
437.953600
437.998100
438.322767
438.328500
438.644533
438.894900
439.004900
439.398033
439.446633
439.457767
439.661000
439.846867
439.956933
439.963833
439.975400
440.009433
440.033600
440.163867
440.174933
440.266067
440.285533
440.310367
440.337100
440.340600
440.436400
440.621367
440.995667
441.345767
441.478367
441.616867
441.830667
441.864000
441.895533
441.925967
441.981433
442.469500
442.542900
442.585200
442.746000
442.762100
442.800767
443.065367
443.103633
443.195033
443.313733
443.348600
443.351933
443.382100
443.415333
443.457600
443.506667
443.571900
443.669000
443.776567
443.804133
443.858533
443.918533
444.050733
444.061500
444.137833
444.523267
444.577567
444.594667
444.740300
444.784900
444.917867
445.237667
445.248067
445.359000
445.395900
445.411433
445.692700
445.745733
445.988633
446.102600
446.444200
446.659333
446.719500
447.287967
447.317200
447.461100
447.512900
447.699600
447.707133
447.778267
448.014700
448.077000
448.089833
448.107267
448.129533
448.137067
448.192100
448.248567
448.338933
448.463000
448.748033
448.768733
448.791267
448.814533
448.899867
449.028100
449.057000
449.232900
449.316067
449.329767
449.922600
451.239900
451.418333
451.725500
451.734100
451.779200
452.079700
452.169167
452.179567
452.217700
452.231900
452.367867
452.463267
452.512167
452.683733
452.834067
452.870267
452.889800
452.902900
452.955767
452.967967
453.216933
453.308467
453.462133
453.554733
454.700933
455.157333
455.265333
455.334833
455.341933
455.503967
455.782500
455.860933
455.881600
455.939700
455.980633
455.995333
456.095300
456.119833
456.275833
456.337767
456.366300
456.422833
456.476167
456.515100
456.529633
456.553067
456.619667
456.641700
456.813333
456.852267
456.865900
457.058767
457.107033
457.203733
457.227533
457.332767
457.460933
457.725100
457.780933
457.961733
457.991100
458.104533
458.196867
458.416833
458.529300
458.572000
458.799900
459.140000
459.231400
459.629067
459.672267
459.683500
459.951567
460.074033
460.587133
461.117533
461.626067
461.684067
461.974200
463.376033
463.460100
463.463267
463.539633
463.543033
463.637133
463.720300
463.785867
463.788467
463.829267
463.855267
463.874933
463.971633
464.039433
464.320733
464.324700
464.390500
464.480733
464.511933
464.534367
464.583400
464.821267
464.903233
465.394867
465.515367
465.709000
465.731233
465.816733
465.920067
465.943000
466.472100
466.492000
466.497067
466.553500
466.635333
466.845667
466.864933
467.297400
467.604967
467.748867
467.857467
467.893700
468.193133
468.412233
468.445433
468.518000
468.566933
468.756400
468.800133
468.808767
468.818467
468.945367
468.966900
469.023533
469.106100
469.139167
469.485867
469.692400
469.864700
469.912433
470.460100
470.527333
471.164800
471.533067
472.559233
472.645200
473.179667
473.312600
473.504600
473.563067
473.699267
473.768300
473.785833
473.994533
474.039467
474.051333
474.154233
474.847367
475.386233
475.581867
475.604000
475.623500
475.641333
475.651267
475.778267
475.935033
475.966800
475.975433
476.032967
476.076333
476.120667
476.130733
476.250067
476.336000
476.404867
476.466900
476.483200
476.526700
476.581333
476.594867
476.600200
476.621433
477.430600
477.445500
477.696233
478.065100
478.787267
478.963333
478.981700
479.032167
479.044367
479.145400
479.285267
479.460800
479.467633
479.469867
479.621400
479.709433
479.785700
479.803100
479.854633
479.929667
480.003233
480.010033
480.075867
480.084033
480.159433
480.166733
480.180833
480.266867
480.272933
480.279833
480.380100
480.391300
480.403233
480.728433
480.857667
482.397267
482.533567
482.658300
483.021867
483.243600
484.712233
484.843667
484.970000
484.975967
485.284767
485.724333
485.823767
486.034800
486.296033
486.311600
486.361500
486.471633
486.539300
486.621667
486.632767
486.699100
486.984500
487.163800
488.564833
488.665400
488.712700
489.256533
489.328567
489.344433
489.755133
490.031233
490.083067
490.692333
490.733933
490.811967
490.839400
490.845433
490.984967
491.003467
491.079867
491.118633
491.134267
491.155233
491.166867
491.635900
491.945000
492.238000
492.387667
492.878633
492.993333
493.192667
493.251567
493.314867
493.364767
493.422167
493.542667
493.684567
493.733133
493.756167
494.031467
494.042000
494.065267
494.134700
494.163000
494.398100
494.507633
494.522200
494.635867
494.731033
495.091133
495.256967
495.401367
495.418100
495.574033
495.607700
495.612467
495.813567
495.858933
496.030367
496.829500
497.154500
497.276933
497.315567
497.327100
497.337400
497.363533
497.747167
497.754867
497.772767
497.801933
498.136200
498.482200
498.661567
498.724267
498.882600
499.030233
499.098800
499.155000
499.252633
499.291133
499.382367
499.428100
499.594833
499.605167
499.640933
499.698100
499.779433
499.844933
500.684633
501.584700
501.709667
501.931267
501.933067
502.082600
502.769567
503.813933
503.968100
504.082333
504.632233
504.851833
505.064067
505.346800
505.562233
505.676300
505.792900
506.214467
506.337800
506.507467
506.912233
507.380567
507.397133
507.610133
508.330767
508.653267
509.873167
511.007267
511.225167
511.237900
511.341633
511.344900
511.472500
511.666300
511.751700
511.873700
511.895733
511.908633
512.297000
512.404067
512.636300
512.693667
514.420667
514.490733
514.647200
514.665000
514.872133
514.957533
515.069900
515.287833
515.664000
516.429700
516.451533
516.544233
516.556567
516.654467
516.710433
516.921333
516.952633
517.108300
517.140367
517.234167
517.270833
517.299367
517.401133
517.753300
517.769533
517.784033
518.457067
518.585967
518.603900
518.717633
518.762500
518.992700
519.193133
519.339233
519.483400
519.490500
519.518300
519.582600
519.606233
519.635200
519.643733
520.592600
520.944133
520.981433
521.228133
521.295133
521.384067
521.661867
521.825433
522.601133
522.636333
522.641267
522.650333
522.665900
522.788600
522.823900
522.937067
522.952233
523.207133
523.253067
523.289833
523.300533
523.315967
523.345967
523.394033
523.464533
523.477733
523.498933
523.535700
523.607133
523.643233
523.729933
523.788500
523.840633
524.139400
524.142400
524.183400
524.195067
524.248867
524.329100
524.337667
524.387000
524.440167
524.563767
524.646533
524.721067
524.740933
524.771367
524.774500
524.815567
524.875933
524.889233
525.042333
525.070500
525.128800
525.143400
525.306000
525.363433
525.413800
525.419300
525.436000
525.734367
525.799200
525.843067
525.879900
526.028833
526.078900
526.135033
526.205733
526.253000
526.373200
526.409433
526.481900
526.887833
527.002767
527.121033
527.180533
527.214967
527.240667
527.258633
527.303867
528.698400
528.816033
529.335733
529.371200
529.413900
529.449667
529.653033
529.682900
529.698100
529.720200
529.729367
529.905400
530.026067
530.183267
530.216067
530.224367
530.243500
530.261200
530.284600
530.467933
530.630133
530.712633
530.820467
531.214333
531.245200
531.260933
531.310733
531.431600
531.435700
531.562933
531.695533
531.702600
531.775067
531.843633
531.863500
531.927800
532.144167
532.200500
532.375367
532.607667
532.681133
532.723867
532.799100
532.859467
533.279900
533.297933
533.388467
533.421567
534.009633
534.297333
534.394467
535.331900
535.661567
535.690233
535.712767
536.044400
536.055133
536.094000
536.217433
536.556700
536.628400
537.127600
538.681067
538.878667
538.914667
539.045900
539.076267
539.105533
539.135067
539.141333
539.158467
539.175133
539.307167
539.462300
539.498000
539.629667
539.650867
539.687667
539.724133
539.734767
539.838500
539.840733
539.937367
539.988100
540.169800
540.277767
540.585900
540.592667
540.666467
540.710867
540.726933
540.906333
541.448467
541.620567
542.149833
542.166633
542.219267
542.304600
542.506167
542.551267
543.966967
543.971233
544.020800
545.392233
545.464667
545.691867
545.958067
546.065767
546.328900
546.389433
546.771300
546.846200
546.945667
547.074333
547.113967
547.320633
547.627867
548.412333
548.449233
548.710100
549.089867
549.130633
549.340633
549.353367
549.400933
549.404300
549.558533
549.601967
549.605067
549.937600
549.961833
551.103833
551.200100
552.387467
552.402733
552.472467
552.482433
552.535167
552.570933
552.656267
553.605300
553.814033
553.843767
554.028633
554.140000
554.215100
554.296633
554.491933
555.515367
555.577800
555.633100
555.677433
555.752700
556.021200
556.149767
556.251100
556.839400
556.876967
556.938533
557.233833
557.366033
557.697633
557.785433
558.122667
558.187233
558.396867
558.487300
558.828067
558.916700
559.517233
559.590767
559.709967
559.737633
559.781367
559.785233
559.841433
559.875367
559.963367
560.003667
560.006500
560.059267
560.062533
560.159033
560.391633
560.410800
560.464400
560.492200
560.520567
561.815367
562.327867
562.389833
562.426167
562.443233
562.449733
562.517200
562.601633
562.845367
562.867967
563.061667
563.157533
563.807267
564.020267
564.840233
565.465833
565.644700
565.684200
565.770833
566.294100
566.432567
566.525333
567.204400
568.468700
568.487700
568.517700
568.567833
568.719100
568.833433
569.074033
569.152533
569.267200
569.845333
569.963800
569.994033
570.030133
570.772300
571.032233
571.173267
571.306533
571.522567
571.547767
571.573767
571.601300
571.969767
572.098933
572.620833
572.836100
572.962500
573.067733
573.302000
573.444133
573.565833
573.792900
574.023200
574.529567
575.115067
575.159467
575.367967
575.570767
575.595333
575.651767
575.742767
575.868333
575.875867
576.482567
576.807900
577.083900
577.141300
577.428433
577.503667
577.658500
577.944667
578.303533
578.504800
578.536067
578.586767
578.662233
578.733900
578.880200
578.934367
579.011233
579.033067
579.320867
579.404667
579.458200
579.741900
579.776233
579.793567
580.044633
580.244967
580.471933
580.487800
580.569733
581.212533
581.604133
582.052100
582.181633
582.417467
582.427067
582.449067
582.523200
583.828567
584.093100
584.416333
584.429000
584.523800
584.815433
585.129267
585.683133
586.005167
586.120400
586.173967
586.214667
586.218333
586.405600
586.816400
586.862667
586.925567
586.996900
587.014033
587.043000
587.373767
587.472767
587.540700
587.634467
587.779067
587.872833
587.952867
588.293300
588.356800
588.360433
588.367100
588.811800
588.883833
589.042067
589.046533
589.213567
589.312167
589.811533
589.813400
589.867100
589.964133
590.051500
590.229100
590.231067
590.238867
590.627167
590.685933
590.753133
590.779667
590.792367
590.849100
590.854733
591.885600
592.012967
592.870600
593.145567
594.213600
594.228967
594.420667
594.470000
594.697067
594.924767
594.931367
594.954333
594.982267
595.221167
595.260900
595.269200
595.294967
595.302100
595.342067
595.349933
595.555433
595.559233
595.566233
595.600567
595.650567
595.728867
595.783133
595.815433
595.909733
596.000167
596.695867
596.810733
598.007000
598.133333
598.336400
598.394300
598.443200
598.589967
598.681167
598.685367
598.712433
598.758767
598.769967
598.783500
598.823533
598.835200
598.846000
598.906800
598.928400
599.119200
599.201000
599.264867
599.303500
599.371700
599.406500
599.698833
599.712733
599.864233
599.958333
599.962600
600.782767
600.888167
601.081667
601.257733
601.333800
601.837067
602.031467
602.311533
602.321200
602.473967
603.140900
603.238933
603.373000
603.404667
603.594167
604.010367
604.052933
604.086400
604.098333
604.136767
604.191733
604.250700
604.635300
604.914600
604.970367
604.976700
605.173900
605.191733
605.206667
605.224300
605.484167
605.882500
606.132633
606.149700
607.000500
607.170567
607.216800
607.239900
607.487867
607.838167
607.982700
608.028933
608.732267
608.760933
608.776867
608.782967
609.056433
609.078467
609.327433
609.347833
609.494433
609.522900
609.616967
609.946433
610.245867
610.361167
610.551167
610.639100
610.780100
610.926433
610.980100
611.526733
611.629867
611.948667
611.990733
612.075800
612.126767
612.135600
612.141200
612.225667
612.348333
612.362367
612.412800
612.448633
612.536000
612.681600
613.170767
613.254067
613.334200
613.571967
613.621467
613.775067
613.866033
614.053600
614.088433
614.113200
614.186467
614.210067
614.243033
614.259167
614.327100
614.656967
614.676500
614.683233
614.687700
614.720167
614.853400
614.863033
614.883433
614.954200
614.961900
615.008533
615.048867
615.206233
615.536700
616.326533
616.722900
616.766000
616.769533
616.812800
617.037600
617.538333
617.595433
617.603367
617.633033
617.665433
617.907400
617.914367
617.920733
617.964767
618.003967
618.119100
618.461100
618.532100
618.546867
618.584300
618.594867
618.841533
618.874833
618.878100
618.935167
618.981633
619.063667
619.078533
619.132267
619.204300
619.212600
619.277500
619.401967
619.433067
619.464667
619.506767
619.528900
619.680533
619.898500
619.972900
620.113733
620.144100
620.147833
620.239667
620.253300
620.354567
620.369600
620.415367
620.499567
620.646067
620.751633
621.082533
621.084267
621.101600
621.128867
621.634467
621.797933
621.885067
622.267300
622.331433
622.333867
622.367967
622.411767
622.443433
622.452200
622.486033
622.814433
622.838067
622.999100
623.095167
623.123100
623.148033
623.177133
623.271333
623.363167
623.399267
623.454433
623.666000
623.673167
623.756800
623.780100
623.789867
624.165567
624.289567
624.493867
624.538633
624.545767
624.563333
624.623700
624.644167
624.657700
624.732700
624.999367
625.046433
625.192000
625.753667
625.835533
625.972067
626.081200
626.105300
626.137767
626.191767
626.239433
626.287333
626.344467
626.457100
626.511300
626.632900
626.680167
626.695100
626.701833
626.716667
626.737567
626.820700
626.898767
626.925000
627.019933
627.051933
627.056800
627.070500
627.247733
627.371667
627.383700
627.601600
627.623533
627.712767
627.718633
627.831000
628.153267
628.168500
628.202867
628.346500
628.456900
628.470200
628.550033
628.581133
628.654200
628.886667
628.902033
629.156133
629.169600
629.352067
629.472867
629.711533
630.554867
630.778300
630.847667
630.891467
630.957300
631.135433
632.353033
632.438500
632.613600
632.716067
632.749300
632.875933
632.940867
632.986333
633.009033
633.059233
633.411933
633.533300
633.560233
633.634900
634.157333
634.237100
634.263933
634.328367
634.686767
636.338000
636.400367
636.685600
636.744400
636.809033
637.146000
637.288833
637.310767
637.610467
637.661733
637.705967
638.129767
638.336900
638.457000
638.468667
638.499700
638.785467
638.883833
639.459200
639.560933
639.738733
639.756600
639.834600
639.850067
640.352100
640.361467
640.413300
640.899733
640.970800
641.013233
641.144700
641.170967
641.252633
641.373133
642.553467
642.651700
642.692567
642.812233
642.904000
643.194733
643.391033
643.457000
643.511333
643.701000
643.754533
643.781667
643.912067
644.116800
644.157633
644.207933
644.222433
645.273033
645.461733
645.980167
646.009500
646.085000
646.265267
646.299367
646.369233
646.419333
646.629833
646.646267
646.678667
646.738833
646.759967
646.780000
647.525400
647.608200
647.806633
647.922233
647.963600
648.132100
648.156267
648.158767
648.308700
648.335900
648.383933
648.417967
648.532000
648.572733
648.584200
648.655867
648.697600
648.924867
649.279100
650.243233
650.460167
650.635833
650.663467
650.676267
650.709200
650.752433
650.858933
650.920767
651.146567
651.175967
651.191000
651.203733
651.267633
651.276633
651.312600
651.330367
651.383400
651.421767
651.467000
651.537633
651.543533
651.574533
651.615967
651.695967
651.886833
651.921867
651.954033
651.958700
651.976300
652.010567
652.031133
652.062733
652.187300
652.408967
652.508633
652.856167
652.864433
652.918000
652.942333
653.159500
653.393333
653.406800
653.449133
653.492533
653.571233
653.612800
653.756900
653.826433
654.098967
654.201633
654.258867
654.541267
654.712200
654.737400
654.830633
654.921133
654.928367
654.989500
655.077967
655.627600
655.645133
655.756000
656.788567
657.066867
657.258167
657.305167
658.359000
658.414667
658.591033
658.988200
659.053700
659.586300
659.844867
660.309900
661.011167
661.210267
661.221067
661.319300
661.663933
662.481367
662.707567
662.841133
662.884400
662.889900
663.314800
663.321633
663.414333
663.657933
663.662767
663.910867
664.543967
665.319767
665.575300
666.976367
667.009433
667.154400
667.237533
667.873800
667.946133
668.082967
668.115067
668.270500
668.331533
668.729867
668.791233
668.920000
669.600400
669.811967
670.173400
670.443167
670.497200
670.510633
670.795767
671.006300
671.103233
671.196400
671.579267
671.786333
671.825333
672.297300
673.004967
673.384967
673.439300
673.665167
673.688300
673.761933
674.160667
674.402133
674.477733
675.408833
675.423367
675.489967
675.748900
675.804967
675.837000
675.858500
675.927700
676.083033
676.360000
676.399467
676.760233
676.801133
676.963800
677.165367
677.212467
677.287567
677.441400
677.535733
677.563367
677.633033
677.727700
677.771100
677.790900
677.820800
677.885000
677.920533
677.949800
678.122200
678.317833
678.792467
678.926333
678.976233
679.037533
679.066000
679.185733
679.209167
679.224800
679.402067
679.455033
679.621033
679.866433
680.773133
680.808200
681.119000
681.136600
681.552933
681.655033
681.890067
681.998033
682.023667
682.502067
682.625967
682.630200
682.657100
682.683300
682.717600
682.741233
682.816600
682.821667
682.919000
683.078533
683.087833
683.104600
683.534100
683.835600
683.858067
683.905033
683.936133
683.977400
684.024633
684.191900
684.229033
684.294933
684.302933
684.495500
684.674033
684.800700
684.896933
684.962033
685.157100
685.331733
685.559400
685.768100
685.837100
685.920133
686.090100
686.165433
686.487600
686.575400
686.585667
686.638633
686.727467
686.773733
686.795333
687.317733
687.457033
687.583133
687.650800
688.023933
688.282733
688.361100
688.621700
688.642367
689.199633
689.215667
689.373700
689.379833
689.471867
689.525900
689.528800
689.638700
689.679300
689.691867
689.763500
689.849733
690.028233
690.128600
690.219833
690.231567
690.243567
690.268467
690.280967
690.538533
690.689300
690.786467
690.788133
690.809800
690.821567
691.085500
691.938233
692.658867
692.770600
692.966667
693.128667
693.181967
693.205167
693.270633
693.390367
693.417767
693.602467
693.663867
694.215333
694.332667
694.356133
694.413033
694.499333
694.517600
694.554600
694.594133
694.601267
694.620533
694.646567
694.692867
694.770700
694.911800
694.995367
695.634500
695.845567
696.240367
696.307067
696.420400
697.006200
697.010933
697.055967
697.428967
697.750867
697.836433
698.004333
698.011067
698.014700
698.042967
698.062567
698.077800
698.099467
698.256767
698.496700
698.521833
698.543367
698.595367
698.606200
698.640433
698.665233
698.714267
698.785933
698.848200
698.927200
699.296533
699.349267
699.354867
699.374867
699.957567
700.018733
700.026633
700.422367
700.451067
700.464467
700.475233
700.836267
701.171200
701.223633
701.242300
701.293700
701.867667
702.063833
702.492400
703.309133
703.596867
703.620033
703.691033
704.174933
704.403700
705.397533
705.990167
706.594500
707.229233
707.674400
708.068533
708.092333
708.641433
708.651467
708.672733
708.753533
708.901300
709.043967
709.227767
709.252067
709.369433
709.404367
709.424567
709.909733
709.945967
710.001800
710.045333
710.053567
710.143333
710.420933
710.803333
711.069067
711.137767
711.153967
711.351800
711.400500
711.426500
711.465600
711.486800
711.634500
711.736900
711.855800
711.872767
712.042233
712.133567
712.217467
712.245100
712.294367
712.601400
712.635433
712.713967
713.139333
713.593067
713.605667
713.745900
713.981267
714.088200
714.716900
714.840467
714.844067
715.848600
716.247967
717.072833
717.089967
717.789833
718.488033
718.628900
719.056533
720.077867
720.602467
720.686900
720.777100
721.112167
721.619700
721.772000
722.096167
722.256533
722.319133
722.547000
722.709033
722.813200
722.819967
722.835767
722.964000
723.175500
723.350100
723.363567
723.433633
723.509133
723.668767
723.755700
723.959233
724.063833
724.081733
724.141333
724.255567
724.743667
724.759533
724.802433
724.807067
724.896000
725.428833
725.730733
726.232733
726.371800
726.432867
726.476067
726.541000
726.595800
726.621133
726.713033
727.194400
727.347033
727.375833
728.717300
728.745867
729.241767
729.299633
729.309867
729.591833
729.819767
729.858800
729.982433
730.007667
730.032067
730.186033
730.237767
730.360800
730.486367
730.641767
730.701700
730.766267
730.771733
730.895900
731.088767
731.205267
731.422833
731.514333
731.789467
732.036900
732.155733
732.193067
732.500467
732.611400
732.884567
732.950767
733.047167
733.933467
734.009133
734.114467
734.153067
734.178567
734.392733
734.430467
734.491167
734.522333
734.563633
734.631233
734.666967
734.676767
734.724333
734.737033
734.759300
734.830567
734.835267
735.056633
735.584033
736.381200
736.450700
736.854167
736.906067
737.135967
737.645533
738.022133
738.261700
738.494100
738.699433
738.860567
739.067133
739.099500
739.443100
740.311200
740.345233
740.415133
740.781700
741.802667
742.972400
743.009033
743.051167
743.240367
743.307267
743.313800
743.418767
743.455467
743.500900
743.667200
743.798500
743.875200
743.906467
743.946167
743.980933
744.079400
744.111233
744.132967
744.225367
744.301567
744.470433
744.596667
744.625300
744.682133
744.931200
745.108733
745.725200
746.099000
746.125800
746.507233
746.534100
746.887900
746.941567
747.006167
747.146167
747.204633
747.213200
747.522100
747.591700
748.262533
748.323400
748.423900
748.474567
748.506733
748.646333
748.798033
748.832833
748.947367
748.994167
749.078000
749.183867
749.377000
749.469800
749.482100
749.597000
749.676867
749.736233
750.055167
750.175400
750.378933
751.052267
751.093167
751.231767
751.319933
751.361067
751.416033
751.434633
751.625367
751.648967
751.739433
751.823800
751.860900
752.084533
752.511633
752.603833
752.607900
752.691133
752.792000
752.806233
752.987867
753.002967
753.032700
753.081367
753.093333
753.152533
753.208833
753.332100
753.369067
753.399800
754.114033
754.257933
754.816167
754.865400
754.929833
756.689700
757.311633
757.327633
757.419333
757.492533
757.732033
758.177033
759.205167
759.224167
759.372400
759.763467
759.789067
759.839867
760.035567
760.239600
760.350967
760.638400
760.915567
761.207500
761.221800
761.239967
761.335033
761.339900
761.374833
761.413667
761.536333
761.567267
761.737133
761.743000
761.850433
761.869867
761.894833
762.055633
762.083967
762.147400
762.214933
762.293567
762.444167
762.457833
763.142767
763.156033
763.161533
763.425033
763.461767
763.475367
763.638833
763.868933
764.332667
764.374567
764.432433
764.459800
764.569333
764.842667
764.967433
764.973767
765.434633
765.463233
765.528233
765.702867
765.715033
765.903933
766.350533
767.400200
768.185567
768.296833
768.553800
768.745667
768.747400
768.767000
768.893033
769.225567
769.253267
769.422867
769.509367
769.952933
770.346800
770.790767
770.846633
771.565333
771.716333
771.735233
771.782300
771.787333
771.892833
772.817400
772.826033
772.835967
772.989900
773.047300
773.212433
773.293633
773.425533
774.266067
774.555200
775.102767
775.637367
775.815667
775.841233
776.218000
776.261333
776.436800
776.528400
776.538300
777.231567
777.320700
777.419800
777.448900
777.497567
777.548967
777.625867
777.634700
777.852767
777.897333
778.366800
779.017667
779.144533
779.175367
779.243433
779.284867
779.353800
779.386433
779.449100
779.483033
779.516533
779.526700
779.538600
779.634267
779.722500
779.804767
779.834800
779.864400
779.880467
779.927900
779.987200
780.028467
780.112467
780.297333
780.299533
780.343600
780.500400
780.559300
780.962967
781.304633
781.400567
781.433200
781.436800
782.139100
782.437333
782.659267
782.891533
783.176200
783.623267
784.663033
785.062100
785.196467
785.780000
786.039267
787.628167
787.679133
787.821500
787.878733
787.890433
787.976133
788.006700
788.158100
788.311233
788.315200
789.083267
789.655500
790.441600
790.607000
790.618400
790.874700
791.056667
791.254533
791.259333
791.364733
791.749000
791.750967
791.912033
792.017467
792.073300
792.164133
792.181967
792.187867
792.217467
792.361167
792.411200
792.436733
792.461567
792.489467
792.683067
792.715400
792.778800
792.824000
792.827100
792.977700
792.981600
792.984800
793.097700
793.433133
793.449733
793.545200
793.700567
793.962533
794.070667
794.086000
794.177167
794.193900
794.219433
794.293267
794.305600
794.531700
794.768967
794.818400
795.818467
796.235033
796.878033
796.945767
796.991500
797.006767
797.433400
797.818033
797.964233
798.108700
798.164233
798.191233
798.232433
798.292900
798.697200
798.717933
798.806867
798.844100
798.884600
798.911067
798.955000
799.034233
799.066867
799.108267
799.194733
799.197900
799.290900
799.311533
799.325433
799.339033
799.349867
799.360067
799.370233
799.377033
799.492800
799.500700
799.541600
799.611500
799.727833
799.741467
799.838400
799.885600
799.929333
800.028967
800.044500
800.502467
800.617233
800.637167
800.704867
800.708367
800.721333
800.824600
800.877100
800.922267
800.955267
801.057867
801.153600
801.176700
801.238800
801.310700
801.339667
801.572600
801.608300
801.921633
802.015133
802.054267
802.374833
802.722867
803.038767
803.190967
803.518933
803.709300
803.713200
803.750567
803.822867
804.153367
804.483167
804.874200
804.924867
805.140067
805.310400
805.328867
805.351200
805.393233
805.403567
805.414700
805.475500
805.667667
805.794100
805.855100
806.028433
806.567633
806.804600
806.946033
806.950267
806.961700
807.003367
807.171533
807.945500
808.011400
808.183833
808.446233
808.693567
809.744233
810.862233
810.867133
810.924767
811.056533
811.100867
811.242967
811.321267
811.390067
811.708267
812.288567
812.565933
812.570200
812.692900
812.699867
812.744800
812.790633
813.069967
813.782533
813.831367
813.860067
813.920167
814.040867
814.360767
814.544867
814.605267
814.828867
815.253167
815.484333
815.827500
816.055233
817.343433
817.434367
817.540033
817.852600
818.295533
818.401400
818.602433
818.747367
819.151533
819.439700
820.042633
820.205167
820.585000
820.695333
820.780900
821.038967
821.055533
821.280567
821.411133
821.431067
821.557867
821.739933
821.840667
821.935400
821.979667
821.987267
822.080733
822.090600
822.110700
822.537300
822.597533
822.684233
822.797633
822.827067
822.995667
823.071533
823.232867
823.283700
823.353433
823.381900
823.397300
823.410933
823.428100
823.479233
823.673000
823.928000
823.966200
824.015667
824.067433
824.084733
824.173867
824.255000
824.441167
824.481633
824.516567
824.575200
824.587600
824.593333
824.624167
824.680233
824.737633
824.742333
824.825800
824.832000
824.874633
825.261633
825.271100
825.525333
826.181700
826.458700
826.923433
827.003567
827.200033
828.328500
828.767567
829.312467
829.360033
829.584900
829.771600
829.814500
829.828733
829.884667
829.906833
829.983467
830.002867
830.119300
830.428433
830.747333
830.974600
831.011800
831.171033
831.329467
831.353300
831.400400
832.649333
832.746600
833.020633
833.596000
834.016800
834.075333
834.669233
834.752667
834.785000
834.978900
835.021500
835.025367
835.156533
835.570367
835.730700
836.041633
836.270467
836.320667
836.377800
836.417200
836.936667
836.959767
836.982167
837.009000
837.049000
837.074367
837.322800
837.345067
837.377833
837.430467
837.507267
837.519667
837.588567
837.765167
837.892300
838.037767
838.298500
838.763333
838.816900
838.827067
838.892333
839.404500
839.509667
839.788900
839.806033
839.824133
839.841000
839.848233
839.903467
839.910067
840.150733
840.498900
840.545033
840.617300
840.626367
840.936733
840.985900
841.088900
841.094433
841.291733
841.402767
841.404600
841.455000
841.471100
841.474567
841.514333
841.517133
841.537300
841.539300
841.612700
841.701433
841.754033
841.884500
841.914200
842.053033
842.088667
842.152833
842.192500
842.198900
842.316133
842.323433
842.368567
842.416767
842.428167
842.500467
842.506100
842.546833
842.569733
842.578000
842.596133
842.989700
842.998933
843.059833
843.434900
843.841333
844.014000
844.061100
844.170000
844.180733
844.914967
845.323333
845.540300
846.167300
846.288900
846.563900
846.680300
846.686467
846.721600
846.767233
846.928633
847.350100
847.390000
847.583533
847.864233
848.033800
848.147267
848.169533
848.205900
848.963200
849.088067
849.921600
850.390633
851.384800
851.453900
851.546100
851.629233
851.770567
851.915167
852.080600
852.185033
852.449133
852.695600
852.768333
852.853400
852.862500
853.035833
853.242400
853.364500
853.700833
853.883833
853.905100
853.966067
854.001867
854.158467
854.184267
854.245633
854.547900
854.622633
854.647200
854.693900
854.734067
854.755733
854.828467
854.843467
854.885467
855.044700
855.140133
855.581500
855.721067
855.889567
856.043533
856.074267
856.165233
856.220433
856.398900
856.511100
856.573967
856.690200
856.698467
856.737033
856.770433
857.137167
857.410800
857.450300
857.512000
857.587733
857.619767
857.709200
857.734767
857.822333
857.860100
857.871967
857.979833
857.981667
858.017733
858.037733
858.560333
858.731967
858.804833
859.556567
860.436700
860.684567
860.917633
860.939400
861.098433
861.578500
862.396300
862.491167
862.519000
862.524900
862.578167
863.188633
864.273333
864.416600
864.743133
865.428567
865.492167
865.553567
865.890533
866.013767
866.327667
866.744633
867.130933
867.141000
867.387700
867.433733
867.505533
867.601033
867.935600
868.192267
868.216067
868.290167
868.333967
868.685833
868.729067
868.767900
868.826733
869.123700
869.182100
869.222367
869.656600
869.771933
869.881233
870.041267
870.085633
870.231600
870.268500
870.275867
870.345433
870.442467
870.503800
870.626667
870.653467
870.688100
870.706833
870.739767
870.764733
870.829167
870.843433
870.869633
870.968267
871.373433
871.548500
871.592467
871.676867
871.695000
871.698167
871.737567
871.804033
872.086567
872.160467
872.451733
872.829900
873.040967
873.711900
873.987167
874.369000
874.640000
874.690700
874.718533
875.375233
875.815500
876.444333
876.553700
876.559933
876.735533
877.025667
877.111333
877.277733
877.339233
877.383700
877.422633
878.055400
878.282667
878.381533
878.396867
878.451367
878.498433
878.651333
878.660167
879.209533
879.348733
879.535433
879.587200
879.823800
879.906733
879.933533
879.954700
880.011200
881.016267
881.037000
881.116033
881.243967
881.319167
881.399333
881.768433
881.871667
881.991700
882.094667
882.138200
882.519867
882.591533
882.593500
882.685733
882.756000
882.764167
882.978967
883.059967
883.126533
883.400200
883.418900
883.570067
883.722467
883.747933
883.803333
884.174067
884.270633
884.369300
884.389200
884.517733
884.663100
884.896633
885.013033
885.105167
885.130133
885.163733
885.229300
885.374767
885.381900
885.690800
886.113200
886.191800
886.220133
886.390467
886.501500
886.511500
886.521100
886.535400
886.554200
886.601133
886.759133
886.883767
886.892300
886.925267
886.978933
887.195233
887.343667
887.403033
887.443900
887.483333
887.606500
887.610000
888.151333
888.242800
888.664033
889.029567
889.107633
889.301100
889.327233
889.329700
889.464067
889.857200
889.904000
890.082400
890.146033
890.243333
890.257700
890.415500
890.608167
890.667300
890.890233
891.799067
892.220267
892.321700
892.668467
892.755933
892.822800
892.827067
892.860667
892.904933
892.929433
893.134767
893.302433
893.311700
893.424600
893.464467
893.532133
893.620933
893.730300
893.775533
893.778500
894.027000
894.087800
894.138633
894.144633
894.212867
894.310167
894.529233
894.617300
894.709000
895.229000
895.294900
895.365233
895.577100
895.693067
895.808367
895.886367
895.920933
895.942900
895.982867
896.004833
896.032433
896.117667
896.120567
896.281067
896.325433
896.536800
896.666500
896.678567
896.775933
896.818100
896.848500
896.861000
896.888767
896.961667
897.243400
897.295967
897.387733
897.395633
897.410767
897.433700
897.474967
897.495533
897.505067
897.560133
897.848667
898.662367
899.154967
899.236167
899.258667
899.679033
899.999667
900.091267
900.525567
900.579733
900.944900
901.035633
901.049367
901.108500
901.225067
901.249300
901.257567
901.370667
901.410167
901.432633
901.494100
901.520567
901.583800
901.675233
901.695200
901.709500
901.763767
901.772833
901.792500
901.836700
902.083300
902.086300
902.253133
902.375867
902.469433
903.382267
903.475567
903.654767
903.728267
904.848567
904.857600
904.911767
905.387200
905.484700
905.809233
905.834467
905.976067
906.012767
906.039700
906.354933
906.430033
906.484600
906.494867
906.501733
906.761867
907.093600
907.110833
907.129667
907.137600
907.152400
907.190133
907.475700
907.499533
908.012833
908.211933
908.232367
908.386733
908.508533
908.866500
908.897800
908.935533
909.099967
909.178800
909.261367
909.505633
909.614667
909.858767
909.949367
910.018400
910.266667
910.314233
910.321100
910.347367
910.359600
910.365167
910.462433
910.478500
910.563967
910.663567
910.710667
911.135467
912.084967
912.205267
912.703267
912.893400
913.278067
913.631000
913.822200
913.845033
913.949800
913.953133
914.015900
914.020767
914.301600
914.323300
914.328233
914.536233
914.796667
914.815233
914.826067
914.830267
914.855033
914.894300
914.946333
914.960533
914.965167
914.972400
915.033600
915.042667
915.125000
915.138100
915.163667
915.231133
915.308833
915.404233
915.694033
915.712133
915.747933
915.804433
915.875800
915.992600
915.995433
915.998533
916.010067
916.072300
916.192667
916.492300
916.534067
916.756100
916.802567
916.850067
916.871100
916.931667
917.040900
917.518100
918.336200
918.359767
918.626067
919.177367
919.295833
919.790900
919.967200
920.099267
920.209633
920.319867
920.476800
920.496967
920.520767
920.533467
920.806100
921.395933
921.629000
921.792400
921.803500
921.857433
921.881833
921.909533
921.965100
923.938200
924.007933
924.025967
924.092767
924.140200
924.168767
924.388200
924.505100
924.894167
925.050100
925.068833
925.132500
925.261700
925.314833
925.438400
925.448200
926.154933
926.277967
926.280567
926.353467
926.611167
926.632367
926.673067
927.118733
928.482433
928.705300
928.749500
928.896333
929.005000
929.346500
929.464233
929.574700
929.653600
929.761433
929.891300
930.524167
930.735267
930.835867
931.739400
932.235500
933.113600
933.131200
933.273433
933.295767
933.766733
933.907700
934.210400
934.226500
934.246733
934.393800
934.555233
935.073700
935.117600
935.284067
935.513133
935.522433
935.553100
935.709067
935.725133
935.749367
935.804867
935.842467
935.853467
935.888700
935.927333
936.110867
936.188933
936.315533
936.369100
936.472533
936.489167
936.492367
936.528167
936.546733
936.602767
936.706367
936.740367
936.751700
936.788633
936.939633
937.023900
937.080267
937.159567
937.255867
937.274833
937.290367
937.404000
937.560933
937.608300
938.257567
938.487767
939.102900
939.158067
939.753033
939.821133
940.021600
940.291833
940.383500
940.501833
940.548667
940.653733
940.714567
940.728733
940.775333
940.805600
940.821800
940.914433
941.624833
942.968333
943.023167
943.500333
943.523800
943.553067
943.723533
943.937067
943.971500
944.308433
944.434000
944.452567
944.480733
944.512000
944.650767
944.684767
944.698800
944.782967
944.796733
944.997833
945.034233
945.041633
945.044667
945.061067
945.091800
945.172867
945.264567
945.290667
945.361200
945.370400
945.413767
945.449667
945.776033
945.785200
945.841233
945.951200
945.957967
946.740300
946.899767
946.944067
946.963433
948.028167
948.088133
948.676533
948.687067
948.699933
949.062567
949.071833
949.073800
949.296267
949.982400
950.199367
950.447400
950.537167
950.697367
950.752567
950.757267
950.940133
950.945667
950.965233
951.053233
951.071400
951.074100
951.266967
951.312933
951.401900
951.457967
951.571533
951.574500
951.600033
952.042100
952.170600
952.200567
952.786067
952.797733
952.799367
953.032800
953.150167
953.201000
953.242567
953.314867
953.346133
953.427733
953.447333
953.541467
953.632533
953.769067
953.842500
953.868933
953.992867
954.061200
954.102633
954.135867
954.239100
954.364833
954.411500
954.442767
954.505367
954.543133
954.686300
954.764500
954.797500
954.820867
954.856200
954.909900
954.925433
954.946733
954.976933
954.982933
955.072633
955.074733
955.256300
955.317567
955.379367
955.390000
955.402233
955.438367
955.451800
955.483033
955.500567
955.627867
955.770333
955.781367
956.004733
956.128200
956.277533
956.542733
957.539533
958.245933
958.328067
959.001867
959.495967
959.571533
959.614033
959.715867
959.771133
959.806400
959.811233
959.922900
959.965233
960.004167
960.023633
960.061133
960.109233
960.439533
960.502700
961.271833
962.467667
962.858133
962.903167
962.982533
963.033700
963.059233
963.176067
963.259933
963.376333
963.518967
963.763133
963.816567
964.077567
964.154033
964.427100
966.049233
966.148733
966.229833
966.233900
966.274300
966.355000
966.394667
966.497733
966.629167
966.776500
966.821367
966.827900
966.866767
966.937833
967.040167
967.081367
967.144567
967.664833
967.799333
967.809100
967.938633
968.121500
968.290133
968.384700
968.512500
968.828833
969.306867
969.458100
969.539467
969.607867
969.829200
970.266333
970.424500
970.456467
970.517267
970.528067
970.555133
970.566367
970.583800
970.661033
970.757367
970.831333
970.874633
970.934800
970.977533
971.026633
971.040233
971.065267
971.086433
971.091167
971.189800
971.204633
971.209000
971.252600
971.280200
971.387733
971.394067
971.462200
971.478967
971.508167
971.549333
971.568967
971.635733
971.668400
971.883033
972.007533
972.121900
972.155800
972.176900
972.184900
972.320500
972.344567
972.631567
972.823000
972.923133
973.354200
973.691967
973.708300
973.767500
973.923400
974.077833
975.006567
975.238600
975.271500
975.285800
975.667167
975.844133
975.890700
976.093000
976.126533
976.271967
976.321733
976.568967
977.259667
977.405933
977.441800
977.477533
977.493267
977.743533
977.837800
977.850833
978.087167
978.108400
978.244033
978.339000
978.353167
978.438933
978.501600
978.587600
979.046367
980.070300
980.152133
980.430233
980.465333
981.004800
981.755733
981.778867
981.943200
982.027133
982.124767
982.243533
982.471233
982.525367
982.568000
982.611667
982.805867
983.333467
983.337533
983.983300
984.164000
984.283200
984.507800
984.604033
985.756933
985.802200
985.817533
985.991767
986.314833
986.426400
986.428067
986.500733
986.596467
986.854200
986.983700
987.113000
987.383767
987.603333
987.653767
987.723400
987.795967
988.039533
988.053533
988.221533
988.401267
988.417833
988.539400
988.547633
988.588400
988.603267
988.615700
988.628367
988.630167
989.000000
989.174533
989.202267
989.386833
989.810433
989.865567
989.875167
989.890967
989.902100
989.932800
990.382300
990.401133
990.512333
990.701167
990.759033
991.003733
991.171200
991.223133
991.362067
991.408033
991.508033
991.531700
991.572633
991.623033
991.853333
991.875167
991.890700
991.966400
991.983167
991.993333
992.011233
992.024600
992.029767
992.052333
992.079600
992.209767
992.267500
992.269700
992.360733
992.483967
992.650867
992.920700
993.007700
993.054533
993.138400
993.266200
993.307100
993.398667
993.421267
993.603767
993.653467
993.760800
993.995467
994.294333
994.573033
994.801100
994.915567
995.080500
995.328000
995.379500
995.618867
995.648233
995.724800
995.739433
996.024800
996.474567
996.619467
996.725200
997.022467
997.043467
997.515033
997.561367
998.164100
998.251200
998.379300
998.936100
998.975200
999.188333
999.242633
999.313500
999.393367
999.754633
999.918800
999.922533
999.986933
1000.007933
1000.011167
1000.097333
1000.147800
1000.182167
1000.317267
1000.357467
1000.492667
1001.227600
1001.308233
1001.361933
1001.727600
1001.754900
1001.810200
1001.869900
1001.917967
1001.923767
1002.037700
1002.045567
1002.055300
1002.081933
1002.121567
1002.229067
1002.245100
1002.361067
1002.538367
1002.541233
1002.606767
1003.093900
1003.120867
1003.361600
1003.370600
1003.379433
1003.949000
1004.127567
1004.169100
1004.218333
1004.260900
1004.275033
1004.304733
1004.567033
1004.578967
1004.586533
1004.618133
1004.692833
1004.789867
1004.832467
1004.922500
1005.325567
1005.448500
1005.467300
1005.493933
1005.627767
1005.759433
1005.783933
1006.312067
1006.732367
1007.181833
1007.229433
1007.315933
1007.395767
1007.400200
1007.473567
1007.660633
1008.469200
1008.515167
1008.561500
1008.695300
1008.865200
1009.427300
1009.465933
1009.569367
1009.610467
1009.952667
1010.011067
1010.041000
1010.046100
1010.069833
1010.219733
1010.275733
1010.367033
1010.371267
1010.390167
1010.478233
1010.506433
1010.546667
1010.550067
1010.575233
1010.607100
1010.634633
1010.717233
1010.813367
1010.849600
1010.892733
1011.197167
1011.226700
1011.278900
1011.580900
1011.741267
1011.876067
1011.906167
1011.927633
1011.968000
1011.977000
1012.059600
1012.066833
1012.075833
1012.114333
1012.148267
1012.297833
1012.357800
1012.644067
1012.755200
1012.845100
1012.876433
1012.936700
1013.077667
1013.243000
1013.404833
1013.763700
1014.192300
1015.094267
1015.100333
1015.196600
1015.234500
1015.341033
1015.351333
1015.399100
1015.504067
1015.507700
1015.528067
1015.606967
1015.618500
1015.820833
1015.915200
1016.147400
1016.189267
1016.325133
1016.356633
1016.457667
1016.463767
1016.879800
1017.225667
1017.229933
1018.125700
1018.487933
1018.565733
1019.655233
1019.794733
1019.807900
1019.859167
1019.862300
1019.895233
1020.005667
1020.111200
1020.199000
1020.300800
1020.536100
1020.638400
1020.643133
1020.676833
1020.795967
1020.905133
1021.151233
1021.422567
1021.584800
1021.960567
1022.006933
1022.016800
1022.045233
1022.274533
1022.342800
1022.350333
1022.844633
1023.074000
1023.123067
1023.298067
1023.705467
1024.026733
1024.178400
1024.280467
1024.458367
1024.464467
1024.533067
1024.751833
1024.791633
1024.938867
1025.205600
1025.348667
1025.412533
1025.623267
1025.907167
1026.079833
1026.187300
1026.419867
1026.733533
1026.757567
1026.773600
1026.845167
1026.881733
1026.916733
1026.975667
1026.978833
1027.302300
1027.359600
1027.477733
1027.553833
1028.136700
1028.692133
1028.761267
1029.716667
1029.745133
1029.801800
1030.225767
1030.585400
1031.119967
1031.203767
1031.269600
1031.352700
1031.476633
1031.674133
1032.229567
1032.327433
1032.389500
1032.419100
1032.625500
1032.886300
1032.973100
1032.983500
1033.061800
1033.093733
1033.112167
1033.401033
1033.464300
1033.466133
1033.560733
1033.683567
1033.901200
1034.168733
1034.337367
1034.528400
1034.532100
1034.595700
1034.620033
1034.664467
1034.745000
1034.781167
1034.827733
1034.835867
1034.908467
1034.910433
1034.926833
1035.208733
1035.215167
1035.221667
1035.231733
1035.247700
1035.313200
1035.396567
1035.490933
1036.113200
1036.872867
1036.875733
1036.901767
1037.635033
1037.672433
1037.789567
1037.839833
1037.843267
1037.873133
1037.886400
1037.949900
1038.057667
1038.063633
1038.084533
1038.744700
1038.816733
1038.946600
1038.974000
1039.004633
1039.022933
1039.103933
1039.168100
1039.182700
1039.187700
1039.220500
1039.250767
1039.281667
1039.343167
1039.439900
1040.268833
1040.493733
1040.694000
1040.760433
1040.880033
1041.280767
1041.840600
1041.943567
1042.154233
1042.370000
1042.400667
1042.521800
1042.584300
1042.719400
1043.147200
1043.202633
1043.224133
1043.293900
1043.667433
1043.825067
1044.001200
1044.133733
1044.164500
1044.262367
1044.880533
1045.077133
1045.145067
1045.152867
1045.174467
1045.196000
1045.204967
1045.280967
1045.996467
1046.094600
1046.230467
1046.256233
1046.627733
1047.119033
1047.429867
1047.696667
1047.735033
1047.781800
1047.828967
1047.846767
1048.169600
1048.207900
1048.381533
1048.386933
1048.462233
1048.484333
1048.712267
1048.803033
1048.867100
1048.997733
1049.076467
1049.105233
1049.120467
1049.293633
1050.265800
1051.591300
1051.766300
1051.771633
1051.789767
1051.809100
1051.825533
1051.887800
1051.907200
1051.916033
1052.146567
1052.841800
1053.130167
1053.322133
1053.456100
1053.483167
1053.754967
1053.760767
1053.795267
1054.260767
1054.781900
1054.857433
1054.940700
1054.981900
1055.782933
1056.688767
1056.709667
1057.055900
1057.273533
1057.287167
1057.370733
1057.378900
1057.914533
1058.462067
1058.549867
1058.643100
1058.709700
1059.162167
1059.828933
1059.914867
1059.918967
1059.928333
1060.019033
1060.322333
1060.330167
1060.470200
1060.518967
1060.699100
1060.802467
1060.890867
1061.015333
1061.069000
1061.173900
1061.200800
1061.287333
1061.320867
1061.450467
1061.513700
1061.590433
1061.734100
1061.772900
1061.795433
1061.823533
1061.830567
1061.876500
1061.923500
1061.973067
1062.029300
1062.825900
1062.884967
1063.077233
1063.143867
1063.170767
1063.195933
1063.210167
1063.372033
1063.407500
1063.542967
1063.615433
1063.998267
1064.268900
1064.501533
1064.535833
1064.569933
1064.586900
1064.678533
1065.090633
1065.180300
1065.230733
1065.439400
1065.486333
1065.535233
1065.842200
1066.193933
1066.253567
1066.317933
1066.422300
1066.893133
1066.926000
1067.021867
1067.086267
1067.162067
1067.163867
1067.281867
1067.302800
1067.429133
1067.675800
1067.690967
1067.736967
1068.036067
1068.200633
1068.263000
1068.326667
1068.555933
1068.656867
1068.760500
1068.823300
1068.933633
1069.744233
1070.307067
1070.312900
1070.347100
1070.449833
1070.626967
1070.674500
1071.824333
1071.865767
1071.868367
1071.882333
1071.887700
1071.945800
1071.995333
1072.260700
1072.343633
1072.519100
1072.535667
1072.660100
1072.746733
1072.758800
1072.803067
1072.828267
1072.867433
1072.945333
1072.964300
1073.057967
1073.231433
1073.305400
1073.349300
1073.407933
1073.423567
1073.699500
1074.032433
1074.052333
1074.159567
1074.695133
1074.950100
1075.241233
1075.536767
1076.242333
1076.269033
1076.272467
1076.329667
1076.353800
1076.390400
1076.480500
1076.497667
1076.509700
1076.608700
1076.778133
1076.787333
1076.821600
1076.832867
1076.836633
1076.884100
1076.921000
1077.177100
1077.253267
1077.425600
1077.473000
1077.530400
1078.336800
1078.364433
1078.735467
1078.803100
1078.974300
1079.321167
1079.379500
1079.456800
1079.533500
1079.590633
1079.707100
1079.714667
1079.816500
1081.235367
1081.626600
1082.219867
1082.568000
1082.757967
1082.861933
1082.986567
1083.035867
1083.081700
1083.131867
1083.225633
1083.274467
1083.360533
1083.393567
1083.409433
1083.560900
1083.624833
1083.700333
1083.701967
1083.717200
1083.785300
1083.842700
1083.876433
1083.895733
1083.962800
1084.194467
1084.202400
1084.209267
1084.277867
1084.384100
1084.412000
1084.428000
1084.441867
1084.531067
1085.181100
1085.378733
1085.506900
1085.834200
1085.998467
1086.330000
1086.496333
1086.605767
1086.621700
1086.839433
1086.894133
1086.920533
1086.923233
1086.971700
1087.009467
1087.024867
1087.508100
1087.638700
1087.641300
1087.761667
1087.897133
1088.404767
1088.900133
1089.009667
1089.167467
1089.291667
1089.542633
1089.588733
1089.592433
1089.725900
1089.926133
1089.971133
1090.081600
1090.147567
1090.156767
1090.230267
1090.292800
1090.364800
1090.498567
1090.576400
1090.621733
1090.736133
1090.821967
1090.849233
1090.882700
1091.011033
1091.024733
1091.762033
1091.838833
1091.855400
1092.129733
1092.403300
1092.424333
1092.775500
1093.093033
1093.175700
1093.302367
1093.486233
1093.562667
1093.723633
1094.248300
1094.310967
1094.324633
1095.274000
1095.392167
1095.434033
1095.486733
1095.558667
1095.588100
1095.604900
1095.655100
1095.735500
1095.795867
1095.805367
1095.910633
1095.943867
1096.288100
1096.340200
1096.651400
1096.798267
1097.073500
1097.199367
1097.290500
1097.488800
1097.506300
1097.625833
1097.665700
1098.114200
1098.298967
1098.456067
1098.568633
1098.685233
1098.925433
1099.089067
1099.165867
1099.195467
1099.272767
1099.285800
1099.325767
1099.345667
1099.355600
1099.938533
1100.305200
1100.447600
1100.488933
1100.518733
1100.549700
1100.570833
1100.603433
1100.747367
1101.306133
1101.326933
1101.458700
1101.668400
1102.123600
1102.246800
1102.493167
1102.512233
1102.580500
1102.674500
1102.828800
1103.020367
1103.056533
1103.096100
1103.354700
1103.455467
1103.590333
1103.601967
1103.759033
1103.877067
1103.883233
1103.887267
1103.927967
1103.950733
1103.962467
1103.992200
1104.020167
1104.546300
1104.562900
1104.777133
1105.010367
1105.041667
1105.126900
1105.198867
1105.214600
1105.263367
1105.323500
1105.443067
1105.618267
1106.026833
1106.071233
1106.082000
1106.091633
1106.108200
1106.149533
1106.217900
1106.232033
1106.240233
1106.308833
1106.369767
1106.532967
1106.575600
1106.600933
1106.992767
1106.995567
1107.331133
1107.456400
1107.492733
1107.573367
1107.784567
1107.807467
1107.919067
1108.037633
1108.383633
1108.529867
1108.761400
1108.765867
1108.805233
1108.819533
1108.999533
1109.484500
1109.497000
1110.076533
1110.985300
1111.623700
1111.677233
1111.772100
1112.012167
1112.212033
1112.391433
1112.512633
1112.516833
1112.625800
1112.802500
1112.884267
1113.089000
1113.241267
1113.394033
1113.431300
1113.579233
1113.703233
1114.014833
1114.164000
1114.283567
1114.832033
1114.940767
1114.962133
1115.135367
1115.163167
1115.200067
1115.352533
1115.393967
1115.433967
1115.481767
1115.592700
1115.710767
1116.119600
1116.247933
1117.350300
1117.359733
1117.389533
1117.506467
1117.601733
1117.612300
1118.642000
1119.560667
1120.431000
1120.438400
1120.987033
1121.245700
1121.268667
1121.621367
1121.709100
1121.821267
1121.862000
1121.987500
1122.174200
1122.285600
1122.291367
1122.343400
1122.352733
1123.441200
1123.490900
1123.542833
1123.572867
1123.583400
1123.626967
1123.648300
1123.719267
1123.850100
1123.895800
1123.982100
1124.063500
1124.131900
1124.725700
1125.612600
1126.212333
1126.239867
1126.244267
1126.509667
1126.666900
1126.674400
1126.855033
1126.947367
1127.320367
1127.371533
1127.864100
1127.932367
1127.970400
1128.054900
1128.377733
1128.591667
1128.641867
1128.658733
1128.707700
1128.798433
1128.878533
1128.952233
1129.103400
1129.137800
1129.160767
1129.166700
1129.545433
1130.742133
1130.778833
1130.786867
1130.967400
1131.065400
1131.207767
1131.229700
1131.548967
1131.635000
1131.644667
1131.658867
1131.695267
1131.747533
1131.750433
1131.798833
1131.855200
1132.076900
1132.282100
1132.297400
1132.344400
1132.346633
1132.411300
1132.482567
1132.567867
1132.815867
1132.843967
1133.027367
1133.140200
1133.174833
1133.190500
1133.193567
1133.275900
1133.304900
1133.331233
1133.343667
1133.361367
1133.396700
1133.427533
1133.464267
1133.552633
1133.615367
1133.651867
1133.702667
1133.726200
1133.760567
1133.762867
1133.807700
1133.872367
1133.900300
1133.908800
1133.944733
1133.956267
1134.036533
1134.049100
1134.055700
1134.080733
1134.115267
1134.128500
1134.189400
1134.193733
1134.229167
1134.238767
1134.345767
1134.359200
1134.418667
1134.448700
1134.511133
1134.523500
1134.619467
1134.928300
1134.948500
1135.006133
1135.089167
1135.120567
1135.153733
1135.170467
1135.200233
1135.219433
1135.296033
1135.619700
1135.689100
1135.916967
1135.990233
1136.050133
1136.069733
1136.081133
1136.084700
1136.163800
1136.340600
1136.801767
1136.824367
1137.278133
1137.455833
1137.543100
1138.022900
1138.047167
1138.181200
1138.226400
1138.265100
1138.348867
1138.399267
1138.601833
1138.621767
1138.669067
1138.809067
1138.942167
1138.964367
1139.026867
1139.350900
1139.390467
1139.406033
1139.415600
1139.441100
1139.512600
1139.621567
1139.713633
1139.720200
1139.728700
1139.787867
1139.826700
1140.024533
1140.053067
1140.117767
1140.217200
1140.232633
1140.247700
1140.283233
1140.324633
1140.330867
1140.353567
1140.405767
1140.480533
1140.503967
1140.769033
1140.858767
1140.868067
1140.941600
1141.013100
1141.178400
1141.186533
1141.279133
1141.372233
1141.487333
1141.607967
1141.689900
1142.161900
1142.245900
1142.275767
1142.341367
1142.617033
1142.822967
1143.071800
1144.099800
1145.274200
1145.537900
1145.637400
1145.968267
1146.006800
1146.377033
1146.389767
1147.497633
1147.714033
1147.728633
1147.876000
1147.981133
1149.736633
1149.822767
1150.010000
1150.872133
1150.975167
1151.217400
1151.459367
1151.466400
1151.662300
1152.145600
1152.428800
1152.452667
1152.542000
1152.678633
1152.727833
1152.987867
1153.401667
1153.680767
1153.819933
1153.830200
1154.154633
1154.170100
1154.194867
1154.870733
1154.985500
1155.082467
1155.210867
1155.255033
1155.290100
1155.341600
1155.373367
1155.490867
1155.531900
1155.567033
1155.578067
1155.643733
1155.709067
1155.745700
1155.759133
1155.834133
1156.032833
1156.204633
1157.104500
1157.444433
1157.572633
1157.589633
1157.961133
1157.971000
1157.973067
1158.011733
1158.092433
1158.132767
1158.220900
1158.404500
1158.444200
1158.670667
1159.561800
1159.581500
1159.801867
1159.823100
1159.879267
1159.894200
1160.137100
1160.236333
1160.658900
1161.829300
1162.025133
1162.129800
1162.555600
1162.671733
1162.680933
1162.869467
1163.981933
1164.476100
1164.518933
1164.566867
1164.654067
1164.829400
1164.891833
1164.916733
1164.974733
1165.070367
1165.352867
1165.420467
1165.727600
1165.867233
1166.047967
1166.053667
1166.078667
1166.269633
1166.403700
1166.470900
1166.679367
1166.975133
1167.313333
1167.338833
1167.378100
1167.555133
1167.587733
1167.733633
1167.779000
1168.047267
1168.072933
1168.203267
1168.231367
1168.246533
1168.297300
1168.308700
1168.336633
1168.453733
1168.577233
1168.625733
1168.693733
1168.702067
1168.750433
1168.851333
1169.669567
1169.846467
1170.278567
1171.373500
1171.545400
1172.992100
1173.020000
1173.188167
1173.339600
1173.343567
1173.659567
1173.685900
1173.722100
1174.177000
1174.224200
1174.841233
1175.196700
1175.229133
1175.396700
1175.686600
1175.710200
1176.325000
1176.508667
1176.679333
1176.850567
1177.521400
1177.571767
1177.604267
1177.780933
1177.786067
1177.886400
1178.153933
1178.219633
1178.490900
1178.793967
1179.181333
1179.461067
1179.724600
1179.751833
1180.447900
1180.685867
1181.584533
1181.681200
1181.795833
1181.918833
1182.396533
1182.449533
1183.668600
1183.675967
1183.871167
1184.472400
1184.691533
1184.742300
1184.878900
1184.905633
1184.912600
1185.046600
1185.063900
1185.122467
1185.149467
1185.522900
1185.831067
1185.947467
1185.996500
1186.104500
1186.278267
1187.154533
1187.371400
1187.380367
1187.423333
1187.535767
1187.540300
1187.689167
1187.809000
1187.904133
1187.958200
1188.034433
1188.088033
1188.300267
1188.341200
1189.042033
1189.504533
1189.594633
1189.621267
1189.646833
1189.723867
1189.751367
1189.758933
1189.815633
1189.844367
1189.905833
1190.010000
1190.033633
1190.137633
1190.265400
1190.306200
1190.309367
1190.331500
1190.367433
1190.372800
1190.448067
1190.460033
1190.599333
1190.652933
1190.688333
1190.761467
1190.769467
1190.807533
1191.080500
1191.114433
1191.134167
1191.136800
1191.165133
1191.174200
1191.177967
1191.182567
1191.185067
1191.214133
1191.218700
1191.270033
1191.446100
1191.471567
1191.609200
1191.881133
1191.961067
1192.037233
1192.053300
1192.269700
1192.457133
1192.555033
1192.600733
1192.644533
1192.680533
1192.684900
1192.704533
1192.738567
1192.975633
1193.043500
1193.047100
1193.158467
1193.497733
1193.829800
1193.864133
1193.980033
1194.033600
1194.082633
1194.091300
1194.123933
1194.232700
1194.323100
1194.450800
1194.485767
1194.556533
1194.568567
1194.591000
1194.766667
1194.800733
1194.979533
1194.983833
1195.017833
1195.156300
1195.254700
1195.257900
1195.340267
1195.493633
1195.707200
1196.075067
1196.769333
1198.542267
1198.806867
1198.951433
1199.069100
1199.118333
1199.326233
1199.358933
1199.486633
1200.046667
1200.565400
1200.670233
1200.742800
1200.861400
1201.073767
1201.143167
1201.645900
1202.147867
1202.334233
1202.846400
1203.515667
1203.856333
1204.302967
1204.877433
1204.914300
1205.391500
1205.428300
1205.466933
1205.715233
1206.671333
1206.862300
1206.951800
1207.185333
1207.198500
1207.217300
1207.354433
1207.438300
1207.954833
1208.091700
1208.208933
1208.362167
1209.167533
1209.544867
1210.292867
1211.305467
1211.329367
1211.525200
1211.598100
1211.608667
1211.694167
1211.795367
1212.000900
1212.078567
1212.180100
1212.303167
1212.356667
1212.768267
1212.795533
1212.946000
1212.996567
1213.568033
1213.572700
1213.718733
1213.761200
1213.824567
1213.840167
1213.910367
1213.915300
1213.924500
1213.981067
1214.070533
1214.304900
1214.309100
1214.344667
1214.350000
1214.424933
1214.440400
1214.445867
1214.492867
1214.514533
1214.627100
1214.655933
1214.668267
1214.692433
1214.725100
1214.898000
1214.957533
1214.964867
1215.131467
1215.498600
1215.551367
1215.586400
1215.722867
1215.997233
1216.110967
1216.162467
1216.172367
1216.184100
1216.221267
1216.383100
1216.397600
1216.462100
1216.722067
1216.767400
1216.810433
1217.009633
1217.046033
1217.310133
1217.540667
1217.685200
1218.040533
1218.080367
1218.088967
1218.113067
1218.145667
1218.250400
1218.586233
1219.158300
1219.352900
1219.575467
1219.637767
1219.823433
1220.446300
1221.231900
1221.282700
1221.311633
1221.363767
1221.400167
1222.074033
1222.490200
1222.549867
1222.589300
1222.608267
1222.917967
1223.368900
1223.437233
1224.141733
1224.644433
1224.667633
1225.025467
1225.438267
1226.134667
1226.549500
1226.801100
1226.939767
1227.246000
1227.388867
1227.636000
1227.801100
1228.229933
1228.269433
1228.293167
1228.587567
1228.861900
1228.879267
1228.934967
1228.944300
1229.118900
1229.252700
1230.117433
1230.736267
1230.764133
1230.809867
1230.908733
1230.996933
1231.281867
1231.459000
1231.522500
1231.646167
1231.705833
1232.051233
1232.133600
1232.701167
1232.754633
1232.862767
1232.896233
1232.919800
1232.927067
1234.412967
1235.032333
1235.225600
1235.236733
1235.286900
1235.378900
1235.593900
1235.625333
1235.643733
1235.645867
1235.691433
1235.739400
1235.790667
1235.794300
1235.801033
1235.805133
1235.922833
1236.007233
1236.133800
1236.230400
1236.283367
1236.300767
1236.340733
1236.396800
1236.906067
1236.952867
1236.987700
1237.012467
1237.132000
1237.154933
1237.234133
1237.279933
1237.335733
1237.342100
1238.295000
1238.346367
1239.652833
1239.706667
1239.811233
1240.030567
1240.109267
1240.190833
1240.193933
1240.631600
1240.837400
1241.596733
1242.390467
1242.557100
1242.755267
1242.774867
1242.797867
1242.888267
1242.917300
1243.171533
1243.196000
1243.215733
1243.251100
1243.679867
1244.401133
1244.429067
1244.497500
1244.792067
1244.795600
1245.449033
1245.997400
1246.113633
1246.610567
1246.629567
1246.693300
1246.715500
1246.725033
1246.762167
1247.254300
1247.468400
1247.681167
1247.955433
1248.011467
1248.052367
1249.065600
1249.149267
1249.179967
1249.295067
1249.339933
1249.798467
1249.991767
1250.520667
1250.767833
1250.795267
1250.798867
1250.861500
1250.932633
1251.033467
1251.056867
1251.082533
1251.178300
1251.230267
1251.277767
1251.456167
1251.482700
1251.653933
1251.682767
1251.952167
1253.024367
1253.053133
1253.062200
1253.090900
1253.333533
1253.579133
1253.910400
1254.230100
1254.967567
1255.193367
1255.239333
1255.265833
1255.358333
1255.889833
1256.983000
1258.121900
1258.177700
1258.242500
1258.370067
1258.511600
1258.710333
1259.491800
1259.579900
1259.798900
1260.151567
1260.391300
1260.847233
1261.022133
1261.476233
1261.741467
1262.282900
1262.524600
1262.590033
1262.644767
1262.722533
1263.009667
1263.170167
1263.181967
1263.344333
1263.514067
1263.660367
1263.703800
1263.712933
1263.760867
1263.842433
1263.870233
1263.908033
1264.134500
1264.153667
1264.333633
1264.467333
1264.741900
1264.906000
1264.985900
1264.988500
1265.299000
1265.814200
1265.883267
1266.475267
1266.659500
1266.699233
1267.954900
1268.112233
1268.195933
1268.322133
1268.335200
1268.514967
1268.541367
1268.690633
1268.746600
1268.756800
1268.779633
1268.789900
1268.933867
1268.939800
1269.031167
1269.622733
1269.732633
1269.778833
1269.785067
1270.038933
1270.041367
1270.055067
1270.094567
1270.135300
1270.176700
1270.311400
1270.417133
1270.665200
1270.706300
1271.638333
1271.702500
1271.894033
1271.900433
1271.981667
1272.085067
1272.094633
1272.117500
1272.304800
1272.343700
1272.383867
1272.472767
1272.476200
1272.619567
1272.629967
1272.781400
1272.884767
1272.928233
1272.985833
1273.007467
1273.324033
1273.724633
1274.279733
1274.343733
1274.402800
1275.002433
1275.466300
1276.845100
1277.081267
1277.158467
1277.479033
1277.491933
1277.511433
1277.918367
1277.992900
1278.071033
1278.124100
1278.140533
1278.176200
1278.558200
1278.575700
1278.608267
1279.110433
1279.358567
1279.419600
1279.435600
1279.473600
1279.549900
1279.554233
1279.756633
1279.970100
1280.879667
1281.362500
1281.367200
1281.610967
1281.689133
1281.723300
1282.061800
1282.166000
1282.385033
1282.615100
1282.669100
1282.679467
1282.752000
1283.217700
1283.358233
1283.458467
1283.639800
1283.699167
1283.913033
1283.976067
1283.987900
1284.015767
1284.075033
1284.080333
1284.107033
1284.135133
1284.175933
1284.180033
1284.796967
1285.069500
1285.135667
1285.464800
1286.054633
1286.616700
1286.869567
1287.481600
1287.883300
1288.148033
1289.503600
1289.848333
1289.858433
1289.873467
1289.901100
1289.971100
1290.000100
1290.016867
1290.052467
1290.245733
1290.327267
1290.602433
1290.788667
1290.924767
1290.930600
1291.017167
1291.192667
1291.303700
1291.407967
1291.661233
1291.852333
1291.930467
1291.947433
1292.278867
1292.343333
1292.408900
1292.899633
1293.238500
1293.240400
1293.408433
1293.829800
1294.101400
1294.279700
1295.524767
1295.617933
1296.585300
1296.759933
1296.894467
1297.150267
1297.758933
1297.776500
1297.842800
1298.107067
1298.612900
1298.818933
1299.132933
1299.268433
1300.099367
1300.491133
1300.499033
1300.504967
1300.595200
1300.645700
1300.715267
1300.725867
1300.745667
1300.842533
1300.867967
1301.076933
1301.182633
1301.299667
1301.307033
1301.317567
1301.335867
1301.345467
1301.405567
1301.442500
1301.457000
1301.914900
1302.153433
1302.432833
1302.509700
1302.526500
1302.544633
1302.973233
1303.411233
1303.565433
1303.607100
1303.864967
1303.886633
1304.233133
1304.314267
1304.382500
1304.406300
1304.424800
1304.435133
1304.439167
1304.458367
1304.503800
1304.529800
1304.611267
1304.865600
1304.930167
1304.964433
1305.077967
1305.337500
1305.654867
1305.759200
1305.771600
1305.899100
1305.994533
1306.052967
1306.099067
1306.104000
1306.206800
1306.211600
1306.310133
1306.412633
1306.588133
1306.876367
1306.907933
1307.261733
1307.317033
1307.459500
1307.549567
1307.591233
1308.475033
1308.658233
1308.670900
1308.739400
1308.769800
1308.826000
1309.032833
1309.111967
1309.249533
1309.420467
1309.759833
1309.788700
1309.870367
1310.146800
1310.263700
1310.285667
1310.333567
1310.439500
1311.014233
1311.045100
1311.050367
1311.072300
1311.138933
1311.264667
1311.644300
1311.773233
1311.800333
1311.887767
1312.041700
1312.148300
1312.154967
1312.287067
1312.337600
1312.362500
1312.382200
1312.485667
1312.530500
1312.560233
1313.480467
