0.627600
0.778633
1.292833
2.583633
3.126000
3.183700
3.228867
3.327300
3.501500
3.651067
3.747767
3.889867
3.969467
4.214533
4.487667
5.381267
5.470900
5.627200
6.096800
6.396133
6.469600
7.305033
7.562500
7.626833
7.839133
8.230567
8.350600
8.868333
9.914733
9.976500
10.047333
10.103400
10.195167
10.257867
10.300967
10.346000
10.416533
10.505700
10.615133
10.694800
12.460367
12.623667
12.683467
12.728733
12.879533
13.651500
13.787867
13.864933
13.915000
13.986767
14.384700
14.517167
15.077700
15.165300
15.241533
15.309033
15.373300
15.463800
15.522133
15.593700
15.674000
15.752233
15.809800
15.848600
15.956533
16.050400
16.157567
16.337333
16.475133
16.757700
17.362867
20.605133
20.779067
20.928233
22.175300
22.375833
22.563900
22.616367
22.748667
22.819900
22.925000
23.504633
23.638833
24.238467
24.748900
24.849733
25.215967
25.268167
25.361733
25.449833
25.760200
25.849800
25.926967
26.339500
26.417033
26.549600
26.618833
26.862433
26.950433
27.100933
27.790967
27.951367
28.034067
28.355500
28.437833
28.875667
29.195533
29.402867
29.458167
29.610533
29.809200
29.863833
30.057233
30.160433
30.213300
30.269600
30.323833
30.444300
30.516133
30.602233
31.591633
31.661400
32.415467
32.650600
33.301300
33.579967
33.666467
33.747900
33.945233
34.124633
34.367667
34.792233
35.718800
35.824267
36.364567
36.961833
37.285567
39.643967
40.015633
40.070400
40.280867
40.434333
40.637533
40.757933
41.421900
41.582000
41.739933
41.839033
41.938467
42.086500
42.139667
42.330833
43.025933
43.181533
43.559567
43.755133
43.829633
44.012233
44.093033
44.167733
44.216500
44.275600
44.312933
44.369467
44.480800
44.554967
44.639600
44.699667
44.791800
44.881100
44.962967
45.040467
45.315767
46.096167
46.187433
46.484533
46.611700
46.717333
47.355600
47.474733
47.615767
47.659733
49.863500
51.058900
51.212967
51.430800
51.626667
51.740067
51.834767
51.881133
51.919133
52.025633
52.099700
52.154433
52.275500
52.387600
52.956267
53.143900
53.148300
53.370733
53.508600
53.655400
53.678067
53.848600
55.002367
55.150300
55.280400
55.391533
55.487300
56.663833
56.900467
57.809700
57.888467
58.102500
59.262333
59.491700
62.159433
62.643733
62.758267
62.990867
63.912200
63.983500
64.058833
64.119900
64.150533
64.201533
64.245733
64.297000
64.354667
64.475867
64.514933
64.652700
64.731667
64.945233
65.496867
65.573100
65.653167
65.701200
66.031400
66.303167
67.132400
67.317567
67.576900
67.644867
67.815100
67.875333
67.934267
68.020700
68.188000
68.278500
68.371900
68.459233
68.535967
68.579800
68.672633
69.105267
69.148233
69.226733
69.408333
69.782267
69.863733
70.050033
70.381167
70.487233
70.555200
70.687233
70.727067
70.768200
70.844700
70.956200
71.004367
71.059767
71.103000
71.161867
71.263133
71.308767
71.356067
71.478267
71.542800
71.630767
71.721267
71.829933
71.934600
72.024200
72.209833
72.313500
72.356333
72.431333
72.529633
74.356167
74.875600
76.091400
76.160000
76.220967
76.330667
76.397700
76.461500
76.654600
77.556000
78.527767
79.597600
79.652133
80.096633
80.225233
80.303333
80.460433
80.719433
80.772067
80.886033
80.961600
81.008967
81.122400
81.414200
82.727067
83.379100
84.100233
84.183833
85.397700
85.477900
85.531967
85.593367
85.657200
85.756933
86.099300
86.169867
86.388300
86.513867
86.682667
86.792733
86.897767
87.168533
87.455533
87.540433
87.601967
88.247533
88.320567
88.495467
88.710567
88.881300
89.080433
89.168533
89.501600
89.884233
90.229867
91.290267
91.352433
91.511067
91.566567
91.672433
91.928100
91.975000
93.876267
96.134900
96.809733
97.048800
97.278700
97.402167
97.489300
97.578500
97.661800
97.828700
98.029433
98.286233
98.735233
98.802867
98.888333
99.024333
99.158600
99.223333
99.279867
99.388133
99.464467
99.560700
99.616333
99.695100
99.737600
99.793700
99.867500
99.907033
99.963933
100.015400
100.079033
100.135967
100.249267
100.287900
100.290000
100.346733
100.410133
100.483767
100.600200
100.654000
100.701267
100.825300
101.074900
101.316167
101.494467
101.646200
101.943800
102.394200
103.180933
103.350833
103.432333
103.647667
103.765467
103.842200
103.934500
104.045067
104.056433
104.161833
104.256600
105.110933
105.170567
105.351800
105.477400
105.523067
105.690033
105.906067
105.916967
105.970267
106.070233
106.155533
106.307767
106.379200
109.464433
109.563733
109.700533
109.906267
110.014333
110.106300
110.167700
110.216267
110.273700
110.304100
110.356700
110.402600
110.414967
110.528267
110.671033
110.774633
110.840200
110.896500
110.996567
111.196033
111.293967
111.352933
111.451033
111.573500
111.644333
111.711733
111.785133
111.827867
112.506533
112.713900
112.827067
112.964433
113.141933
113.204467
114.203900
115.893633
116.981800
117.133667
117.367567
117.409833
117.509567
117.596033
117.669067
117.811100
117.880533
117.964433
118.262433
118.425800
118.538867
118.635767
119.054633
119.133433
119.234767
119.289000
119.434767
119.619733
119.728967
119.828933
119.884733
119.897900
119.969400
120.139067
120.324500
120.393233
120.561133
120.627967
120.691300
120.749900
120.816500
120.908633
120.957833
121.038200
121.279533
121.472000
121.573467
121.680633
121.747900
122.024200
122.202533
122.283867
122.356600
122.479300
122.540433
122.651100
122.720400
122.822367
122.972100
123.123333
123.180133
123.296867
123.371767
123.453933
123.546733
123.642633
123.714933
123.767933
123.877167
124.021167
124.115333
124.253700
124.335033
124.462233
124.523333
124.588733
124.657667
124.749567
124.803167
124.973633
125.031000
125.093133
125.163467
125.230400
125.294467
125.340167
125.621600
125.858200
126.766500
127.446000
127.527900
127.625467
128.037800
128.517467
128.581133
128.684333
128.691700
128.798567
128.863267
128.995600
129.090967
129.233133
129.342567
129.441000
129.522200
129.636333
129.692433
129.800100
129.862033
129.916867
130.030833
130.118233
130.204500
130.238633
130.563400
130.718500
130.792367
131.214300
131.271900
131.340100
131.506233
132.723067
132.806633
133.031233
133.080600
133.866333
135.044900
135.362833
135.484267
137.204100
137.516700
137.607100
137.662733
137.762567
137.821867
137.892533
138.011700
138.098767
138.320400
138.399300
138.793833
139.000800
139.114133
139.121033
139.193700
139.271667
139.507600
139.643500
139.740067
140.171800
140.291700
141.105667
141.488967
141.580133
141.735800
141.971200
142.164867
142.238867
142.405467
142.833233
142.906633
143.057833
143.979767
144.192900
144.233167
144.296433
144.371067
144.497200
144.613400
144.817100
144.832633
144.881200
144.950233
145.147467
145.204500
145.655200
147.107833
147.305767
147.718767
147.979133
148.052733
148.180267
148.397533
148.749933
149.225133
149.323667
149.443833
149.535800
149.614467
149.652767
149.693033
150.198267
151.206867
154.189233
154.273900
154.459200
154.969500
155.107967
155.177600
155.232700
155.270667
155.327767
155.483667
157.098733
157.370967
157.444300
157.500600
158.056167
158.192400
158.241300
158.320967
158.496133
158.572467
158.650600
158.970567
159.265400
159.376367
159.425167
159.646233
159.775567
159.876800
159.922233
160.179300
160.274333
160.831800
161.055967
161.113800
161.236667
161.340400
161.415567
161.587267
161.744600
161.853133
161.892833
161.938267
161.956900
162.030267
162.266000
162.389100
162.766267
163.201367
163.308267
163.481033
163.585500
163.645067
163.687233
163.790800
164.017933
164.261867
164.324967
164.421833
164.491667
164.538733
164.590867
165.463700
165.816767
165.970967
166.028667
166.093033
166.218000
166.446300
166.516233
166.712667
166.881667
167.010933
167.143433
167.289100
168.332633
168.809367
169.235033
169.560700
169.777800
169.841000
170.879967
171.221667
171.306933
171.629900
172.676233
172.880833
172.970100
173.077200
173.285500
173.366833
173.471467
173.543567
173.594967
173.875433
173.941567
173.998700
174.167133
174.263567
174.340100
174.404067
174.499833
174.589667
174.948600
175.469400
175.567300
175.672833
175.794700
175.918467
176.497733
177.585033
177.647767
178.834167
181.061133
181.444733
181.518100
181.706933
181.862667
181.957933
182.229100
182.406333
182.471467
182.550900
182.679600
182.830067
183.280833
183.617900
183.668467
183.765500
183.824800
184.007833
184.173100
184.310333
184.723700
184.779700
184.949900
185.035433
185.097967
185.146833
185.189167
185.273867
185.320700
185.386667
185.510633
185.570633
185.671700
185.721633
185.859233
185.915067
185.956667
186.036867
186.075100
186.159700
186.276900
186.431033
186.538533
186.723633
187.120667
187.191567
187.303833
187.320800
187.459500
187.530567
187.736467
187.796500
187.824700
188.033500
188.191000
188.564133
188.639600
189.117933
189.196467
189.253100
189.431833
189.663100
189.893167
190.030900
190.306033
190.488233
190.616733
191.186100
191.324833
191.522067
191.607867
191.719933
191.809667
191.873033
191.946633
192.005900
192.070167
192.309867
193.271600
193.364900
193.441600
193.904433
194.078767
194.138400
194.224800
195.229500
195.359867
195.407700
195.496200
195.665167
195.840900
195.878200
195.963400
196.148033
196.307367
196.622800
196.776833
196.840967
197.194900
197.941033
198.029900
198.113467
198.606233
198.836333
198.998833
200.389667
200.447233
200.587067
200.644367
200.688633
200.754633
201.044167
201.078300
201.132500
201.477367
201.737533
201.813100
201.933067
202.739233
203.724700
206.657233
207.385633
208.572367
208.698467
209.018800
209.638000
209.714667
209.837333
210.036067
210.099533
210.616467
210.863767
211.027067
211.141033
211.258733
212.287433
212.482100
212.723033
212.828267
213.470267
213.515667
214.292967
214.488367
214.866767
214.961467
215.094333
215.144400
215.215233
215.280533
215.313100
215.349900
215.427900
215.501733
215.550167
215.583300
215.640733
215.699033
215.755300
215.845600
216.928600
217.062933
217.171467
217.238333
217.293333
217.510067
217.643800
219.087233
219.168367
219.224700
219.292267
219.595267
219.726533
219.808433
219.859267
219.957567
220.053700
220.123300
220.192033
220.237700
220.311667
220.372267
220.477300
220.673200
220.766933
220.814367
220.872233
220.996767
221.047133
221.100433
221.190400
221.307800
221.385333
221.653433
221.715467
221.806133
221.845267
221.912300
221.990600
222.113367
222.446233
222.748700
223.114333
223.236967
223.250033
223.512067
223.937500
224.208800
224.363733
224.524833
224.627433
225.021133
226.086533
226.509400
226.819967
226.887200
227.093500
229.542800
229.575667
230.613300
230.740933
230.793433
231.006033
231.166067
231.330967
231.396600
231.465233
231.545400
231.607633
231.723933
231.766800
231.837000
231.968600
232.229933
232.326433
232.368933
232.419567
232.645533
232.709100
233.011300
233.090100
233.178533
233.281233
233.430700
233.870033
234.053133
234.140433
234.370633
234.509133
234.697033
234.763133
234.797700
234.853800
234.921367
235.012367
235.079067
235.156167
235.237867
235.320133
235.374300
235.504433
235.507267
235.714233
235.765100
235.804933
236.044333
236.204867
236.386400
236.472400
236.596800
236.718733
236.800400
236.847633
236.932867
237.057400
237.082700
237.129133
237.170033
237.195067
237.247967
237.261333
237.329200
237.402600
237.468800
237.529933
237.571900
237.816633
238.091933
238.289633
238.551633
238.640667
238.649067
239.107767
239.218900
239.289000
240.427467
240.528967
240.637300
240.698967
240.764400
240.860167
240.946067
241.000800
241.094700
241.153867
241.200400
241.924933
242.078867
242.347500
242.581700
242.743733
243.138533
243.664700
243.907967
244.492200
244.505233
244.520100
244.564167
244.657400
244.721433
245.144067
247.511767
247.759600
248.151967
249.221967
249.228267
252.815467
252.864200
253.119267
253.195033
253.296567
253.377500
254.151067
254.413500
255.261433
255.396200
255.472733
256.021767
256.376500
256.502700
256.559400
256.617900
256.683533
256.886967
256.969633
257.030867
257.127867
257.356300
257.434000
257.499167
257.540367
257.612400
257.651367
257.721967
257.861833
258.149133
258.345500
259.166967
259.814633
260.235100
260.860067
260.972833
261.238867
261.533800
262.659200
263.077800
263.348567
263.495533
263.735367
263.792300
264.062967
264.377567
264.744467
264.836000
265.138067
265.816867
266.452467
266.516967
266.596200
266.860267
266.908400
266.979067
267.139333
267.308633
267.401467
267.473967
267.538133
267.636700
267.701400
267.900033
268.016367
268.200733
268.343867
268.462300
268.541267
268.583067
268.780000
268.866000
268.919233
268.990833
269.066967
269.155467
269.234900
270.122600
270.186567
270.341400
270.463733
270.634133
270.784600
270.931767
271.383567
271.513533
271.735633
271.830633
271.967633
272.013600
272.149467
272.196433
272.238967
272.284200
272.368500
272.614300
272.758867
273.299200
273.595400
273.720167
273.819967
273.880433
273.975200
274.061867
274.139067
274.262567
274.430133
274.623600
274.665767
274.793233
274.891767
278.232133
278.353200
279.245700
279.455467
279.681133
279.889367
279.988967
280.167967
280.239600
280.290833
280.358000
280.456467
280.649100
280.810567
281.189733
282.267133
283.307567
283.461333
283.520900
283.664100
283.968500
284.081533
284.114500
284.197833
284.799200
284.905467
285.030333
285.134633
285.262233
285.391200
285.458167
285.515000
285.580533
285.685933
285.857600
286.063600
286.440867
286.492767
287.514467
288.452700
289.051067
289.278400
289.402267
289.547867
289.613900
289.667233
289.738233
289.855433
290.034367
290.092133
290.142700
290.175900
290.277233
290.336667
290.367600
290.424067
290.432600
290.801200
291.539067
294.298900
294.427667
294.503767
294.564767
294.788900
294.870900
295.036833
295.125467
295.235500
296.311933
297.483300
297.768733
301.385433
302.256333
302.852100
303.280300
303.378400
303.552100
304.467333
304.689600
304.802700
304.927267
305.011067
306.521633
306.784967
307.887967
307.960600
308.123167
310.157500
310.331333
312.184200
312.341800
312.512600
312.608567
312.793500
312.886567
313.037067
313.049567
313.145100
313.232233
313.261033
313.349700
313.568333
313.818733
314.000567
314.142000
314.644100
314.778600
315.049367
315.238900
315.297733
315.763867
315.930467
316.024267
316.114300
316.185800
316.278233
316.372567
316.433833
316.474600
316.545100
316.659600
316.720600
316.770767
316.829267
316.971700
317.462033
317.602500
317.657867
318.198400
318.270633
318.323067
318.367800
318.430433
318.543500
318.580333
318.631533
318.685467
318.733167
319.061767
319.112233
319.150600
319.196033
319.235300
320.035100
320.683700
320.936567
321.081700
321.282500
321.343100
321.415233
321.463833
321.731500
321.748600
322.499333
323.772333
323.875733
324.749500
325.035200
325.116500
325.523500
325.842867
326.133100
326.372267
326.490000
326.659000
326.738800
326.818533
328.817433
328.883967
328.948433
329.012300
329.212433
329.297000
329.367167
329.439933
329.527133
329.572400
329.746867
329.834567
329.899033
330.002600
330.082733
330.145467
330.237400
330.473767
330.562133
330.629333
330.934633
331.155733
331.249300
331.461767
331.548233
331.671433
334.442333
334.519800
334.840000
334.974900
335.160500
335.222567
335.471967
336.763933
336.829633
337.149033
337.193400
337.359967
337.611833
337.770700
337.850733
337.930200
338.016000
338.092700
338.274400
341.572500
344.940733
345.795900
345.918100
346.023467
346.478433
346.812967
346.840267
346.940500
347.144467
347.837267
347.937200
347.947133
348.006000
348.053767
348.140367
348.455433
348.556133
348.649400
349.306400
349.703033
349.898600
350.527533
350.607800
350.652167
350.738200
351.545000
351.742800
353.338833
353.504767
353.688300
353.765133
353.823867
353.891500
354.007767
354.087300
354.147767
354.201933
354.263200
354.474267
354.535500
354.689033
354.774167
354.892967
354.992800
355.168167
355.396000
355.664167
355.750600
356.525300
356.605933
356.642033
356.707533
356.737033
356.771067
356.809400
356.860533
356.903233
356.968267
357.035400
357.093767
357.253367
357.305833
357.455867
357.534767
357.605033
358.365633
358.580033
359.145667
359.211433
359.312967
359.619700
360.210333
362.836300
362.941933
363.167733
363.569500
364.144967
367.668700
369.305033
369.444967
369.516867
369.547000
369.964833
370.455133
370.558900
370.630833
370.675500
370.746900
370.813500
370.880567
370.931567
371.005567
371.161000
371.213967
371.303700
371.372033
371.564067
371.599233
372.073933
372.123300
372.172200
372.413533
372.544000
372.609533
372.678533
372.770300
372.851300
373.177900
373.554833
373.706100
373.835433
373.903200
374.204767
374.299933
374.583233
374.708333
374.773700
375.131500
375.187667
375.311067
375.362600
375.424000
375.503567
375.581433
375.659200
375.739533
375.823633
375.885700
375.938733
376.104667
376.161000
376.318467
376.433033
376.617200
376.700600
376.782067
376.869733
376.909200
376.981967
377.034600
377.089300
377.139867
377.211800
377.272033
377.332100
377.347467
377.418533
378.229167
378.389900
378.710733
378.802000
379.094167
379.267167
379.391600
379.497533
379.554933
380.100867
380.207800
380.495333
380.707700
380.944833
381.070233
381.131233
381.180900
381.263100
381.536733
381.674000
382.519533
382.572900
382.642167
382.816233
383.035167
383.150567
383.547933
383.779400
383.844700
384.092833
384.245167
384.400433
384.505233
384.613533
384.712367
384.909567
385.197733
385.275200
385.328900
385.776600
385.896267
387.939800
388.465800
388.581433
389.142467
389.220033
389.364933
389.445267
389.540933
389.835600
389.955233
390.053667
390.093900
390.180167
390.238433
390.324133
390.396833
390.669733
393.157433
393.298500
393.578800
393.644767
393.722000
393.835867
393.909000
393.962033
394.017200
394.083567
394.119567
394.248233
394.445567
394.561300
395.833267
395.932833
396.818733
397.434400
397.554467
398.232700
401.235800
402.186400
402.750700
402.839267
402.939033
403.053833
403.255933
403.381800
403.535200
403.624867
403.704633
403.765467
403.952333
404.186133
404.259933
404.349333
404.413233
404.450967
404.925533
406.027433
406.766233
407.511533
407.631567
407.955867
408.228833
408.382900
408.487467
408.566300
408.623300
408.768067
409.679900
409.750967
409.791067
409.875633
409.937267
410.775167
410.940867
411.330967
411.396933
411.638700
412.088867
412.091000
412.393700
412.459900
412.762400
412.929367
413.221867
413.292200
413.343500
413.402133
413.502700
413.548900
413.599700
413.640467
413.685267
413.739933
413.782133
413.866400
413.945433
414.178633
414.522433
414.587633
414.789067
414.973433
415.056900
415.146900
415.358633
415.431667
415.516133
415.651933
415.700500
415.785867
415.914233
415.979400
416.167533
416.654167
417.178667
419.548333
420.076733
420.151767
420.426133
420.611967
420.818867
420.882033
421.275433
421.428467
421.565867
421.671767
421.912467
421.964367
422.023433
422.076767
422.330733
422.416100
422.478733
422.522900
422.585433
422.634333
422.702200
422.780467
422.885833
422.932433
423.216767
423.421133
423.487233
423.540533
423.841333
424.027833
424.161867
424.282700
424.393633
424.508633
424.546133
424.786133
424.866967
425.050000
425.092400
425.138000
425.255933
425.411533
425.494967
425.553533
425.617000
425.668733
425.741333
425.797900
425.914667
425.989233
426.159133
426.285033
426.390000
426.494800
426.655800
427.140900
427.325233
427.413367
427.532200
427.641633
427.746467
427.857033
427.882433
427.938300
428.006900
428.046900
428.082700
428.147933
428.278900
428.370133
428.462233
428.508633
429.042267
429.718100
430.028633
430.030633
430.127433
430.244433
430.660833
430.769767
430.828267
430.890800
430.975233
431.780533
431.862733
431.942867
431.984200
432.049133
432.106700
432.156933
432.197700
432.231367
432.281500
432.314333
432.361900
432.501167
432.616100
432.681067
432.721900
432.821200
432.872333
432.901700
432.985033
433.048300
433.101733
433.178933
433.626800
433.851967
433.945400
434.053933
434.124167
434.394067
434.446733
434.631533
434.761567
434.891867
434.946367
435.059333
435.198000
435.364767
435.437567
435.530067
435.707967
435.765867
436.306567
436.358600
436.581767
436.912500
437.031133
437.473900
437.647567
437.809767
438.755833
438.831067
439.084733
439.444600
439.843333
439.929367
440.822300
442.127300
442.608033
443.054133
443.113500
443.169600
443.366333
444.532267
445.405767
445.474933
445.602900
445.697933
445.831267
446.417567
449.346167
449.494000
449.619567
449.751833
449.869967
449.927733
449.955533
450.023333
450.055900
450.137600
450.241067
450.282367
450.391467
450.435000
450.487700
450.523300
450.548300
450.615000
450.669167
450.708500
450.796600
450.843433
450.921333
451.053900
451.099367
451.170000
451.318600
451.409233
451.477133
451.570800
451.683967
451.757233
451.944967
452.092867
452.520733
452.556533
452.665500
453.122500
453.221700
453.417767
453.507533
453.570600
453.688533
453.843200
453.967200
454.162133
454.250400
454.292667
454.339267
454.394000
454.525533
454.602700
454.660833
454.721300
454.773000
454.837033
454.951967
455.029267
455.209933
455.270733
455.723067
457.036633
457.112200
457.653500
457.669833
457.721567
457.827900
457.916067
458.026467
458.283167
458.395100
458.482233
458.628733
459.055633
459.363233
459.412100
459.457533
459.515933
459.578100
459.684367
459.727467
459.837367
461.041967
461.470000
461.583233
461.635100
462.005033
462.252633
462.429567
462.495500
462.638800
463.489333
463.735700
463.826500
463.892600
463.939333
463.967000
465.916233
466.056467
466.610267
468.838000
470.133533
471.406700
471.557500
472.015300
473.258633
476.044600
476.108033
476.159667
476.604233
476.743367
476.790300
477.503933
477.755267
477.951033
478.078100
479.076133
479.429567
479.507067
480.161267
480.262600
480.333567
480.399433
480.811700
480.868267
481.132533
481.292233
481.512500
481.597167
481.711367
481.797167
481.969933
482.104700
482.178933
482.253667
482.298800
483.242167
483.635267
484.010467
484.068667
484.326167
484.404033
484.552133
484.853333
485.076733
485.201467
485.300833
485.420533
485.574800
485.804633
486.106033
486.164900
486.186933
486.532967
487.232067
487.347667
487.473467
487.515900
487.581267
487.679767
487.732200
487.782567
487.924500
487.996733
488.052467
488.118733
488.165967
488.206400
488.239300
488.288900
488.341833
488.393833
488.488100
488.495633
488.625100
488.659900
488.786867
488.814133
488.853133
488.926067
489.133200
489.740167
489.876767
489.924733
490.020667
490.166100
490.289867
490.461400
490.573000
490.624600
490.672233
490.787433
490.948200
491.076733
491.227533
491.341533
491.422133
491.681633
491.759700
491.836100
491.882700
491.940333
491.971500
492.141500
492.231500
492.333333
492.381033
492.477533
492.534033
492.595667
492.638300
492.678500
492.737133
492.780167
492.838433
492.891900
493.136667
493.193900
493.519967
493.595333
493.689167
493.743767
493.828667
493.924867
494.011733
494.825900
494.967900
495.629367
495.736467
495.781733
495.870767
495.923267
496.010333
496.543533
496.714467
496.879000
496.954167
497.012033
497.110433
497.181267
497.275800
497.596900
497.806267
497.890767
497.959733
498.092733
498.251367
498.314300
498.396600
498.525667
498.601467
498.935100
499.143067
499.633900
499.896900
501.062833
501.580167
501.654467
501.822400
502.052100
502.150000
502.218900
502.256133
502.341400
502.383767
502.508533
502.589900
502.627200
502.699567
502.742667
502.843700
502.907433
502.962600
503.029833
503.082267
503.139767
503.238167
503.326167
503.396700
503.441167
503.528133
503.580367
503.670333
503.811267
503.953800
504.827333
504.907033
505.159467
506.184100
506.414333
506.547367
507.208433
507.329533
507.455500
507.570433
508.049033
508.886733
508.970033
511.275900
511.363900
511.422600
511.548167
511.903767
513.230767
513.410500
513.634533
513.690133
513.749833
513.839567
514.841267
515.254833
515.533733
515.588900
515.721867
517.240500
517.294433
517.398600
517.455567
517.696933
517.792733
517.827700
517.877433
517.948033
518.001433
518.194400
518.271733
518.375500
518.526533
518.629800
518.688733
518.760467
518.852567
519.047833
519.202700
519.285533
519.382667
519.442967
519.494433
519.630367
519.681033
519.690900
519.778233
519.824567
519.871267
519.928967
520.252633
520.309800
520.409100
520.493867
520.568500
520.639567
520.695300
520.839800
520.944900
521.048833
521.156400
521.236533
521.464033
521.605800
521.856700
522.016900
522.243500
522.532867
523.679433
523.738167
523.888500
524.434167
524.472100
524.555933
525.159300
525.462067
525.593200
526.791367
526.973333
527.101667
527.199567
527.375000
527.438500
527.631100
527.712067
527.871333
528.076800
528.209933
528.365667
528.603867
528.764767
528.857200
528.943267
529.209633
529.370867
529.452733
529.518900
529.547033
529.717300
529.804633
529.887033
529.951267
532.847000
533.569933
533.637233
533.890300
533.925867
533.990000
534.095400
534.596533
534.735200
535.006167
535.112133
535.156633
535.207567
535.255533
535.366267
535.406367
535.465633
535.515833
535.595133
535.645733
535.705800
535.809133
535.903367
536.132433
536.283000
536.493733
536.938900
537.001300
537.117733
537.238600
537.349867
537.539067
537.728267
537.805933
537.861533
537.934333
538.041900
538.096233
538.164067
538.227467
538.315567
538.352633
538.432967
538.505000
538.554333
538.599033
538.757867
538.932367
539.003800
539.382300
539.512300
539.695067
540.048700
540.230400
540.409500
540.415500
540.536033
541.134367
541.228233
541.382433
541.496600
541.606900
541.692700
541.895733
541.941333
542.069767
542.141533
542.265333
542.415600
542.462467
542.615233
542.755667
542.873967
543.024733
543.158033
543.223700
543.375500
543.426767
543.488867
543.543467
543.676067
543.746933
543.812233
543.917967
544.615133
544.654133
545.041733
545.100800
545.178900
546.019733
546.372633
546.466000
546.545467
546.587567
546.645367
546.681367
546.723267
546.784500
546.901233
546.980367
547.039833
547.342600
547.434767
547.549733
547.622233
547.693567
547.751233
547.793400
547.911133
547.962900
547.995567
548.056833
548.112500
548.230167
548.323633
548.505100
548.672200
548.847400
551.231733
551.627000
551.683533
551.804067
551.871300
551.967700
552.110333
552.242500
552.303867
552.341400
552.414200
552.492133
552.607600
552.823267
553.007767
553.504567
553.644333
553.799367
553.876567
555.515733
555.601300
555.976133
556.215900
556.743033
556.900267
557.044333
557.120300
557.250867
557.314567
557.385100
557.409233
557.474867
557.534900
557.610067
559.240867
561.056867
561.171767
561.244133
563.487933
563.595533
564.197433
564.737567
564.875600
565.138033
565.202900
565.319300
565.401067
565.490400
565.610133
565.696467
565.805167
565.935133
566.023300
566.085467
566.159833
566.256267
566.492800
567.568400
568.349800
569.178933
569.315533
569.407467
569.450933
569.895967
570.064500
570.140067
570.267567
570.322067
570.669267
570.906533
571.474067
572.129167
572.470967
572.660800
573.816967
573.865633
573.966500
574.097200
574.180633
574.203333
574.237200
574.287000
574.336967
574.389900
574.438700
574.497700
574.561500
574.623533
574.711800
574.808567
574.900467
574.959667
575.033400
575.104267
575.458633
576.012200
576.290833
576.726967
577.586333
577.860067
578.007700
578.451667
578.869567
579.563700
579.714367
579.755167
579.799800
579.833567
579.858667
579.886267
579.926100
580.060167
580.214733
581.235867
581.666667
581.776667
581.884300
581.964367
582.270533
582.328100
582.414067
583.420933
587.457233
587.674067
587.992533
588.465733
589.842600
589.894433
589.952367
590.011467
590.047100
590.111033
590.145700
590.233233
590.482967
590.925933
591.116500
591.177367
591.272700
591.344833
591.425100
591.484067
591.572133
591.617067
591.702300
591.799133
591.935200
592.007467
592.120633
592.223433
592.435800
592.700133
592.821600
593.042633
593.128033
593.196600
593.241333
593.325733
593.427100
593.490833
593.637400
593.691633
593.732567
593.853400
594.017367
595.250200
595.420033
595.474867
595.899667
595.970467
596.316733
596.561800
596.611700
596.657533
596.718567
596.815500
596.929367
596.996833
597.084133
597.144767
597.239767
597.299967
597.353067
597.401333
597.435667
597.532433
597.648500
597.731600
597.777733
597.822333
597.885233
597.952267
598.138267
598.204067
598.295833
598.510933
598.592733
598.670500
599.216967
599.535500
599.789833
600.185667
600.332400
600.387000
600.589233
600.666967
600.738867
601.091300
601.217833
601.436567
601.504633
601.730000
601.787000
601.843100
601.897200
601.977133
602.071000
602.207033
602.308633
602.408267
602.528433
602.592167
602.656233
602.771667
602.995533
603.093767
603.758633
604.274867
604.492100
604.572767
604.738000
604.815467
605.079800
605.158067
605.525700
605.605167
605.753567
606.001800
606.289567
607.346633
607.415533
607.451167
607.493867
607.543100
607.677667
607.856333
607.964100
608.011033
608.039367
608.117533
608.738800
609.348767
609.638133
610.209833
610.349600
610.442400
610.496033
610.612500
610.740933
610.872700
611.268267
611.335767
611.424233
611.507433
611.568167
611.755100
611.881367
611.992900
612.962767
613.095567
613.702600
615.656700
616.373900
616.654300
616.749100
617.031933
618.727267
618.797000
618.837300
619.445367
619.668967
619.737133
620.054433
620.091533
620.510633
620.563400
620.729200
624.431567
624.772700
624.915967
625.015600
625.173567
625.302333
625.343900
625.417467
625.467633
625.636767
625.710033
626.032900
626.404233
626.499667
626.541633
626.601067
627.013000
627.172533
628.087033
629.882367
630.418200
630.570967
631.083433
631.244600
631.343900
631.456933
631.563333
631.659967
631.736133
631.817333
631.905467
632.023267
632.246967
632.540333
632.650567
632.864367
632.940833
633.009733
633.364900
633.612667
633.763000
634.415167
634.474300
635.849400
635.990833
636.083700
636.160333
636.246000
636.497900
636.644767
636.716833
636.778733
636.937267
638.528600
638.592533
638.713267
638.924100
639.006933
639.080133
639.175533
639.240633
639.329467
639.406200
639.900833
640.004933
640.151967
640.235833
640.324700
640.396633
640.804233
641.446033
641.635867
641.876867
642.214767
642.599967
642.932500
643.201733
643.609100
643.769500
644.280133
644.371267
644.515567
644.611867
644.661900
644.730067
644.911133
644.958533
644.992167
645.018400
645.155867
645.329367
645.408267
645.495767
645.567433
645.644267
645.703000
645.768700
645.830033
645.858333
645.895600
645.971167
646.008433
646.046867
646.505867
646.684667
646.999233
647.076433
647.138167
647.259200
648.949500
649.342000
649.645400
649.697300
649.746333
649.809833
649.845200
650.072633
650.232567
650.328500
650.450633
650.529500
650.975633
651.015267
651.205467
651.265967
653.977400
655.276933
655.384033
655.935167
656.140333
656.342733
656.916667
657.025367
657.080033
657.114533
657.139267
657.186500
657.237500
657.303267
657.365733
657.412400
657.461200
657.533500
657.607533
657.686433
657.738300
657.915233
658.005867
658.079967
658.258367
658.376233
658.603600
659.730867
659.803333
659.902200
660.456300
660.786367
661.106900
661.330933
661.395633
661.456067
661.522233
661.543400
661.640233
661.716633
661.771133
661.945800
662.000433
662.067767
662.120767
662.174833
662.228467
662.332133
662.405467
662.439367
662.474000
662.544100
662.615933
662.702133
662.759000
663.003433
663.467367
664.042533
664.215467
664.386267
664.700967
664.984600
665.081967
665.215100
665.383567
665.443767
665.518167
665.619533
665.755133
665.844067
665.940433
666.221800
666.277967
666.345300
666.413767
666.497867
666.542000
666.604633
666.654200
666.751667
666.809833
666.910167
666.970133
667.023067
667.032600
667.056000
667.084000
667.793267
668.467333
668.482733
668.613367
668.689900
668.814467
669.109433
669.756467
669.813933
669.916400
669.973867
670.202800
670.261167
670.311233
670.388200
672.094367
672.775467
672.919433
672.931633
673.175300
673.843733
674.253600
674.469567
674.718600
674.798167
675.104267
675.284100
675.762900
675.842600
675.942333
676.022333
676.105267
676.229600
676.269600
676.357133
676.433400
676.558200
676.612167
676.671400
676.726833
676.781833
677.777967
678.017600
678.121833
678.462567
679.057833
679.133133
679.219533
679.312567
679.355533
679.495800
679.571500
679.713067
679.841400
679.929100
680.083500
680.163967
680.259900
680.323167
680.434300
680.578433
680.792900
681.282500
682.796567
683.541400
686.183833
686.905767
687.017800
687.068333
687.129367
687.214500
687.282100
687.448400
687.516600
687.710467
687.771067
687.837500
688.066967
688.183933
688.251533
688.300633
688.356400
688.432100
688.481833
688.605700
688.658000
688.737333
688.898133
688.955733
689.000167
689.030467
689.094600
689.181267
689.412433
689.459733
689.526500
689.687267
689.766667
689.824133
690.204833
690.313833
690.526833
690.610033
690.809267
690.919500
690.938967
691.020533
691.067567
691.184800
691.321600
691.459467
691.570367
691.642867
691.702167
691.734467
691.771467
691.883967
691.944567
692.004800
692.067833
692.127667
692.216500
692.261467
692.364600
692.424133
692.462533
692.519533
692.569933
692.616967
692.713367
692.833700
692.973400
693.075067
693.207100
693.882667
693.978367
694.055033
694.962100
695.039700
695.163967
695.252100
695.778067
696.186300
696.545300
696.636200
696.760367
696.878967
696.975000
697.332667
699.208233
699.475733
699.806933
699.937633
700.095867
700.176567
700.469200
700.593800
700.718267
700.808433
700.845467
700.944467
700.995167
701.072367
701.158100
701.235600
701.332300
701.374167
701.463267
701.533733
701.620000
701.698767
701.820000
702.027167
702.208333
702.336167
702.486933
702.532067
703.093500
703.230467
703.306867
703.380033
703.431067
703.466500
703.580900
703.637167
703.765700
703.823400
703.941600
703.983733
704.144500
704.325033
704.377433
705.049233
705.318767
705.430767
705.490633
706.044033
706.393967
707.028800
707.153133
707.232567
707.363200
707.456067
707.489067
707.599400
707.821667
707.945833
708.266967
708.358767
708.452067
709.443633
709.727900
710.186800
710.812633
711.350333
711.520200
711.601767
711.866033
712.946267
713.145200
713.211267
713.579167
713.697533
713.807333
714.106233
714.176833
714.350633
714.416133
714.564233
714.599100
716.064500
716.369267
716.494967
716.637867
716.773133
716.841033
717.177333
717.263500
717.510033
717.631033
717.971733
718.400400
718.473800
719.536967
720.606400
721.492933
724.594467
724.714867
724.866767
725.084900
726.218067
726.316633
726.809800
727.161300
727.547800
727.599167
727.771167
727.779067
727.842067
727.909700
727.970267
728.179900
728.280700
728.317700
728.352433
728.388467
728.468267
728.485600
728.532133
728.569933
728.609633
728.656433
728.708400
728.816900
728.846700
728.890167
728.921800
728.993733
729.014867
729.036767
729.082167
729.181600
729.225933
729.334367
729.635100
729.717467
729.798633
730.105467
730.167433
730.358933
730.670367
730.699000
731.376900
731.447367
731.539700
731.685900
731.741967
732.008733
732.112933
732.389600
732.609233
732.708333
732.769367
732.849967
732.965800
733.016433
733.092833
733.128700
733.219867
733.290033
733.372500
733.467100
733.549400
733.586633
733.655967
733.718133
733.772867
733.813767
733.886867
733.976600
734.095433
734.241100
735.117367
735.238433
735.307267
735.374567
735.830300
736.008100
736.184333
736.261400
736.341800
736.420633
736.728800
736.821333
737.149100
737.228700
737.270200
737.362133
737.470400
737.516200
737.615000
737.720233
737.818433
737.891800
737.982333
738.258500
738.340467
738.623200
739.684533
740.595733
741.703767
741.887533
742.069833
742.597867
742.632767
742.762267
742.927367
744.326367
744.606233
744.825200
745.021500
745.330833
745.888533
746.163967
747.175833
747.432733
747.673267
747.751133
747.865233
748.081833
748.155100
748.431433
749.050367
749.137233
749.413033
749.530833
749.624200
749.789133
750.376000
750.652800
750.718500
750.762500
750.813500
750.845600
750.897933
750.931533
750.992533
751.113300
751.185267
751.250300
752.313967
753.162800
753.299767
753.560000
754.044967
754.157067
754.390933
754.500700
754.936167
755.000600
755.068033
755.131967
755.293233
755.390633
755.443633
755.502767
755.749200
755.899467
755.975367
756.052267
756.116300
756.206833
756.329567
756.425600
756.487800
757.119233
757.184133
757.237300
758.191033
758.766533
759.239967
759.405933
759.727367
759.802800
759.941000
760.019133
760.106433
760.168700
760.305867
760.361467
760.487133
760.555867
760.608033
760.689733
760.787100
761.040633
761.122267
761.200333
761.293633
761.423900
761.783767
761.885767
763.511900
763.709567
763.900933
764.021867
764.483433
764.600767
764.841000
765.536200
765.669133
765.818233
765.893967
766.057367
766.372900
766.475133
766.549833
766.783433
766.862233
766.954567
767.005667
767.086833
767.146767
767.251867
767.465800
767.586533
767.710467
767.743967
767.796200
767.852367
767.905200
768.001767
768.067633
770.115667
770.186600
770.593767
770.827433
770.976333
771.134033
771.205133
771.286400
771.328567
771.348400
771.408933
771.526933
771.618433
771.922667
772.012333
772.268733
774.319433
774.421933
775.334367
775.403100
775.592800
775.692900
776.277367
776.868900
777.211533
777.491567
777.592700
777.911600
778.035467
778.141000
778.299167
778.547067
778.656233
778.844233
779.611467
779.945467
780.704333
780.846433
780.936133
781.205267
781.378367
782.050300
782.588800
782.714667
782.781333
782.833833
782.895433
783.202167
783.252833
783.324800
783.379967
783.423100
783.496200
783.578633
783.692067
783.774867
784.016633
784.121667
784.396900
785.314767
785.407867
785.460033
785.510500
786.339533
786.382233
786.427867
786.706033
786.803067
786.905067
787.283633
788.097600
788.187067
788.347767
788.387167
788.767667
788.917167
789.047933
789.381267
789.482267
789.573233
789.672833
789.740833
789.789967
789.849767
789.917800
789.972000
790.025367
790.065567
790.127333
790.272767
790.370933
790.447767
790.534333
792.576567
792.754300
793.290100
793.724667
794.117600
794.244767
794.356033
794.484100
794.531033
794.596800
794.682333
794.734500
794.820333
794.881833
794.953967
795.005300
795.051633
795.119400
795.202467
795.241400
795.407867
795.483367
795.552600
795.611433
795.707367
795.764933
795.829967
796.066967
797.018700
801.154067
801.253100
801.589600
801.995000
802.157600
802.240400
802.339233
802.558867
802.646333
802.815533
803.000767
803.078000
803.192900
803.259733
803.489067
803.535500
803.575333
803.661367
803.766067
803.816167
804.012567
804.060400
804.325967
804.495533
804.532467
804.667233
804.739900
804.793933
804.862600
804.910800
805.039533
805.118933
805.533267
805.652433
805.705600
805.786400
805.863800
806.091567
806.163467
806.394733
806.552967
806.607333
806.733333
806.783967
806.798833
806.871700
806.942767
807.030533
807.173700
807.276100
807.328067
807.381767
807.426167
807.544600
807.629833
807.875833
807.974667
808.157033
808.254333
808.413933
808.516067
808.596833
808.687000
808.782133
808.846133
808.927433
808.975033
809.092667
809.146900
809.184900
809.263300
809.385933
809.413000
809.509933
809.703367
809.846967
810.156067
810.353100
810.726533
811.212033
811.562267
811.703400
812.518433
812.581100
812.788633
812.905100
813.032233
813.103167
813.281633
813.623467
813.733033
813.917567
814.040500
814.208433
814.419600
814.501300
814.660033
815.004167
815.078033
815.146000
815.264100
815.888200
816.017767
816.327567
816.444400
816.524867
816.757567
816.810467
817.442967
817.521800
818.634433
818.721567
818.857133
819.025333
819.126633
819.439533
819.561400
819.610000
819.746000
819.904033
820.076433
820.336100
821.259967
821.770967
821.967367
822.549733
822.616433
822.814000
823.310633
823.689267
823.769167
823.877033
823.978433
824.237433
824.317133
825.173367
825.626300
825.983100
827.082667
827.179600
827.236733
827.328267
827.419067
827.494233
827.599033
827.693667
827.779367
827.957667
828.154900
828.249800
828.381900
828.494333
828.560167
828.601633
828.635567
828.674700
828.726433
829.018500
829.409767
829.850267
830.360433
830.950900
831.078100
831.137967
831.267967
831.351500
831.580833
831.660333
831.763633
831.962167
832.040967
832.321267
832.451167
832.620967
832.701933
832.739267
832.803267
832.857467
832.944233
833.047167
833.191167
833.802967
833.913967
833.951200
834.040400
834.410967
834.631733
835.243400
835.638233
835.696433
835.775233
836.023200
836.650400
836.731933
836.817767
836.846367
836.885267
836.963000
837.330500
838.961800
839.208833
840.094800
840.496067
840.946567
841.844133
843.919433
846.014233
846.675600
846.867133
846.997167
847.251400
847.366667
847.459867
847.569633
848.140700
848.300867
848.368033
848.564433
848.797733
849.001767
849.284833
849.399433
849.462900
849.539633
849.597100
849.673500
849.727267
849.772467
849.825833
849.855300
849.913467
849.954300
850.006400
850.064467
850.129433
850.183400
850.229167
850.551367
850.620633
850.746400
850.945767
851.432533
851.658167
851.706200
852.163367
852.309767
852.929667
853.041600
853.168667
853.318767
853.405933
853.452700
853.529500
853.641867
853.982567
854.040767
854.239567
854.494233
855.263500
856.139767
856.901700
857.903933
858.126267
859.635533
859.731033
859.946400
860.040700
860.622833
860.745400
861.053333
861.602533
861.721100
861.779433
861.854567
861.974700
862.341767
862.475467
862.645733
862.772533
862.837567
862.889700
862.976600
863.011333
863.043767
863.117300
863.194467
863.244933
863.349967
863.412400
863.486067
863.563633
863.629400
863.674033
863.726900
863.771333
863.816733
863.853000
863.904600
863.945133
864.615900
867.297200
871.137567
871.569300
871.763633
871.862900
871.991800
872.069333
872.108867
872.167533
872.225200
872.295300
872.359633
872.484567
872.727867
872.810200
872.868900
872.931800
873.017600
873.060067
873.154567
873.346500
873.423000
873.503000
873.575600
873.777867
874.170067
874.241100
874.414133
878.079433
879.316067
879.524400
879.593367
879.665467
879.702700
879.953267
880.373367
880.448467
880.526033
880.593167
880.656733
880.715367
880.846800
881.053233
881.211500
882.342567
882.519367
882.898467
883.758667
883.836733
883.879633
883.999967
884.090967
884.191533
884.246467
884.404967
885.119733
885.260700
886.933667
887.220767
887.761900
888.000033
888.087367
888.126000
888.277633
888.405067
888.759667
888.835800
888.920433
889.058233
889.184567
889.420133
889.911433
890.098800
890.173167
890.303467
890.319500
890.361700
890.420433
890.512867
890.618300
890.707667
890.804067
890.936000
890.994767
891.088767
891.197900
891.266400
891.337700
891.381200
891.432733
891.491067
891.550500
891.609233
891.725933
891.813867
891.906467
891.908600
891.971100
891.983200
892.074033
892.203767
892.422933
892.823133
892.931967
894.149100
894.186067
894.291167
894.430767
894.434333
894.533267
894.623567
894.685033
894.893467
894.993667
895.203533
895.330433
895.505967
895.587400
895.652300
895.913533
896.173300
896.429200
896.549267
896.607067
896.715633
896.788000
896.911567
897.696600
897.913733
899.423033
899.534433
899.592133
900.494033
900.628200
900.681567
900.716433
900.810433
902.344567
902.410767
902.487667
902.765800
903.001400
903.003700
903.188533
903.255900
903.312367
903.367567
903.446733
903.564700
903.712833
903.909867
903.959033
904.120700
904.254800
904.339433
904.452433
904.537600
904.747200
904.993467
905.060567
905.286867
905.329300
905.379000
905.431467
905.514367
905.777200
905.855933
906.169033
906.267867
906.563367
907.335667
907.438133
907.524100
907.737200
907.818100
907.972033
908.184933
908.237133
908.363533
908.453233
908.648100
913.207100
913.306267
914.033167
914.180833
914.249633
914.348400
915.409600
916.539133
916.546433
917.448367
917.588933
917.669800
917.719167
917.767833
917.840267
917.895900
917.993267
918.057167
918.133333
918.268900
918.400567
918.464200
918.512800
918.565000
918.623533
918.738200
918.767133
918.820300
919.004233
919.017933
919.178000
919.220000
919.399167
919.478867
919.510467
919.567267
919.615000
919.674233
919.741200
919.801767
919.867733
919.944900
920.003967
920.143067
920.225367
920.274533
920.317333
920.455900
920.540367
920.593700
920.644733
920.789267
920.859933
920.893300
920.961167
921.144467
921.211867
921.413267
921.485700
921.538600
921.596100
921.818300
921.872867
921.928600
922.010700
922.073433
922.147333
922.209200
922.445067
922.543367
922.605667
922.660767
922.811833
923.057333
923.153167
923.185867
923.271533
923.333200
923.376600
923.442600
923.499567
923.534433
923.586267
923.670800
923.710733
923.764733
923.822400
923.903733
923.974133
924.115300
924.181067
924.293700
924.662500
924.877233
925.064200
925.402433
925.518233
925.596667
925.679800
925.903033
926.124500
926.358800
926.466000
926.523433
926.617333
926.746333
926.804567
926.839733
926.896600
926.975400
927.122467
927.178467
927.244267
927.346367
927.427067
927.472200
927.555433
927.693667
927.807933
927.904200
927.958867
928.116900
928.253633
928.393533
928.837033
928.924900
929.207733
929.401433
929.497367
929.559167
929.626667
929.676100
929.749633
929.906967
930.053133
930.534667
930.906133
931.090133
931.140667
931.254933
931.311333
931.410433
931.663300
931.782267
931.858200
931.917933
931.996567
932.090000
932.174567
932.302333
932.997667
933.375733
934.486967
934.702933
934.954500
935.037767
935.398033
935.468333
935.569967
935.636467
935.759633
935.848500
936.101233
936.159067
936.274400
936.359733
937.096200
937.551100
937.801833
937.846967
937.917300
938.195267
938.508000
938.948733
939.330567
939.369967
939.438300
939.541433
939.580433
939.701067
939.763633
939.866833
940.106733
940.190233
940.289833
940.344300
940.408633
940.481500
940.676267
940.752633
940.901533
941.150133
941.539500
941.701767
941.756400
941.880433
942.062700
942.222600
942.304833
942.456367
942.552900
942.592167
942.657300
942.708667
942.827933
942.868000
942.933033
942.964700
943.020633
943.074633
943.103233
943.162533
943.217867
943.282833
943.330767
943.371667
943.439167
943.576133
943.625667
943.719667
943.783933
943.884733
944.117267
944.511167
944.924833
945.204800
945.315533
945.421533
945.944567
946.069333
946.397133
946.799733
947.261767
947.320000
947.825767
947.875133
948.161667
948.240067
948.292333
948.372800
948.469400
948.546700
948.830333
949.069333
949.148267
949.288933
949.431100
950.061467
950.603067
950.692833
950.859167
950.976900
951.055267
951.128033
951.199900
951.350867
951.515500
951.565700
951.686000
951.799133
952.041733
952.172500
952.268867
952.425000
952.549300
952.751933
955.817000
955.876267
956.051433
956.100800
956.168000
956.219567
956.383767
956.519000
956.665433
956.923733
956.999433
957.137633
957.316333
957.396300
957.538933
958.513067
959.942367
960.014300
960.079933
960.188800
960.298567
960.390800
960.614567
960.661200
961.066633
961.531533
961.615933
961.709667
961.732967
961.973900
962.040467
962.135767
962.276133
963.772333
964.159267
964.276667
964.438800
964.512267
964.627933
964.703467
965.034367
965.103500
965.155967
965.212200
965.287667
965.354233
965.453567
965.522267
965.575900
965.739400
965.851567
965.941567
966.089633
966.619967
966.863800
967.035533
967.204700
967.592767
970.798933
970.925533
971.635633
971.793033
971.814467
972.150567
972.214000
972.566000
973.050133
973.148333
973.196533
973.321500
973.391100
973.994767
974.155967
974.280833
974.444367
974.503133
974.573667
974.621500
974.674767
974.759833
974.801533
974.851067
974.896933
974.964400
975.005067
975.132567
975.474633
975.585833
975.805067
977.037567
977.197700
977.827867
978.051800
978.147167
978.246800
978.332567
978.467167
978.618033
978.737800
978.823667
978.926833
978.994800
979.089700
979.353767
979.439900
979.574333
979.669033
979.742067
979.826700
979.878900
979.956200
980.020467
980.435200
980.652667
980.865233
980.953600
981.042900
981.143700
981.270000
981.452167
981.711667
981.825400
982.477400
982.833667
983.068167
983.226233
983.322567
983.493000
983.717633
985.000933
985.096333
985.210900
985.609433
985.733733
986.700967
986.929733
987.004967
987.073033
987.099400
987.285800
987.351600
987.419800
987.476333
987.522400
987.579533
987.695200
988.864333
989.198367
990.606233
992.810767
992.976967
993.130800
993.260400
993.374900
993.449333
993.511067
993.577633
993.927933
994.472533
994.590467
994.593000
994.725667
995.017367
996.037467
996.299533
997.283100
997.388800
997.788967
997.893133
998.075067
998.198967
998.274867
998.594833
998.883033
999.985533
1000.502967
1000.559233
1002.121100
1002.205567
1002.289767
1002.414133
1002.479000
1002.561467
1002.658800
1002.734100
1002.799867
1003.070000
1003.202767
1003.573067
1003.663700
1003.747867
1003.803233
1003.922633
1003.980800
1004.042200
1004.079367
1004.141567
1004.469967
1004.681000
1006.500567
1009.149367
1010.772867
1011.360167
1011.545633
1012.465367
1012.564633
1012.659600
1012.711633
1012.825033
1013.043433
1013.167567
1013.317500
1013.444733
1013.544300
1013.661033
1013.709600
1013.784867
1013.853033
1013.979833
1014.051867
1014.108800
1014.154267
1014.402800
1014.478167
1014.538400
1014.614700
1014.682500
1014.778000
1014.822200
1014.883000
1014.933000
1014.970533
1015.031400
1015.087467
1015.122267
1015.200200
1015.275433
1015.394533
1015.673233
1015.748300
1016.234567
1016.555633
1016.785867
1017.674900
1017.890433
1018.366733
1018.517433
1018.578667
1018.661600
1018.764967
1018.838167
1019.001700
1019.095767
1019.260467
1019.335700
1019.406967
1019.453900
1019.504267
1019.568200
1019.596200
1019.646633
1019.696600
1019.743133
1019.794133
1020.227867
1021.036933
1021.192800
1023.442700
1023.499533
1023.652867
1023.763967
1024.605400
1024.723800
1024.871900
1024.929467
1025.405500
1025.705867
1025.827600
1026.244600
1026.293367
1026.361967
1026.439100
1026.511900
1026.611433
1027.368967
1027.725100
1027.810867
1028.049833
1028.702567
1029.300133
1029.480633
1029.552233
1029.681333
1030.165367
1030.298100
1032.922400
1033.393433
1033.449233
1033.486300
1033.557500
1033.666867
1033.693067
1033.733033
1033.765500
1033.798367
1033.891067
1033.908000
1033.928600
1034.113200
1034.286100
1034.452100
1034.562400
1034.881200
1034.983067
1035.040900
1035.105000
1035.365900
1035.929567
1037.589633
1037.661900
1038.116300
1038.224667
1039.382167
1040.005700
1040.105233
1040.120933
1040.601200
1040.717433
1040.798867
1040.987200
1041.118133
1041.187300
1041.264600
1041.331667
1041.434633
1041.749067
1041.931767
1042.068433
1042.168533
1042.373367
1042.621533
1042.677733
1042.755700
1043.148500
1044.299533
1044.569967
1045.725967
1046.173533
1046.222167
1046.269100
1046.320733
1046.322800
1046.457867
1046.580867
1046.699900
1046.772033
1046.966100
1047.354267
1047.446300
1047.506833
1047.600333
1047.665667
1047.729900
1047.779300
1047.830033
1047.892367
1047.981500
1048.042700
1048.098000
1048.140667
1048.194033
1049.402733
1050.438000
1050.600533
1050.684833
1050.845000
1050.972767
1051.345400
1051.624600
1051.754333
1051.901133
1052.130533
1052.256133
1052.303033
1052.365800
1052.469200
1052.511500
1052.579967
1052.657867
1052.712567
1052.810067
1052.904533
1052.980700
1053.021933
1053.155233
1053.260367
1054.338767
1054.854100
1054.941867
1055.019500
1055.175500
1055.459433
1055.553067
1055.678133
1055.736500
1055.846500
1055.928233
1055.972467
1056.013033
1056.102200
1056.152167
1056.234833
1056.299633
1056.361500
1056.480300
1056.551300
1056.604533
1056.715233
1057.183667
1057.733467
1057.869433
1059.557000
1059.674200
1059.743700
1059.870400
1059.922500
1060.043833
1060.151467
1060.246633
1060.374500
1060.540867
1060.580867
1060.708833
1060.792067
1060.883033
1061.011267
1061.095000
1061.861467
1062.095767
1062.110067
1062.220400
1063.243733
1063.733433
1064.120600
1064.281200
1064.376800
1064.509767
1064.710167
1064.804533
1065.229767
1065.340700
1065.460767
1065.532967
1065.604467
1065.681967
1065.773033
1065.859833
1065.923033
1065.980667
1066.038433
1066.090500
1066.381533
1066.469167
1066.615567
1066.687000
1066.750267
1066.762500
1066.789067
1067.805733
1067.945967
1068.360867
1068.989100
1069.078300
1069.181033
1069.310200
1069.784300
1069.880500
1069.937767
1070.304300
1070.385200
1070.680467
1070.865100
1070.921433
1070.964100
1071.031700
1071.098967
1071.149567
1071.196367
1071.253633
1071.462533
1071.638700
1072.152833
1072.218900
1072.334500
1073.335500
1073.420433
1073.499367
1073.599133
1073.661867
1074.308733
1074.474100
1074.595233
1074.662567
1074.722133
1074.842167
1074.956367
1075.030200
1075.113800
1075.196867
1075.246500
1075.336467
1075.397333
1075.454700
1075.523200
1075.547500
1075.586767
1075.627700
1075.666667
1075.707167
1075.737733
1075.769333
1075.791900
1075.814700
1075.843533
1075.886600
1075.914400
1075.939933
1075.985933
1076.011367
1076.029600
1076.072167
1076.099900
1076.152533
1076.182200
1076.258633
1076.490067
1076.835033
1077.671467
1077.738567
1077.915633
1078.036900
1078.333067
1078.589433
1078.649167
1078.704867
1078.761267
1079.345833
1079.419367
1079.459100
1079.524833
1079.623667
1079.686500
1079.783700
1079.843967
1079.894000
1079.954633
1079.987933
1080.026733
1080.044067
1080.142200
1080.319667
1080.941967
1081.020767
1081.222700
1081.344267
1081.458800
1081.602967
1081.653333
1081.723567
1081.757833
1081.851000
1081.893433
1081.934500
1082.017267
1082.085400
1084.527200
1084.743833
1084.928500
1085.026767
1085.112033
1085.186067
1085.259067
1085.346033
1085.411433
1085.460600
1085.527100
1085.631367
1085.683067
1085.744333
1085.920400
1085.963133
1086.023733
1086.087400
1086.391300
1086.741800
1086.944367
1087.010600
1087.508200
1087.680267
1087.877700
1088.109767
1088.186333
1088.257933
1088.356567
1088.419933
1088.556533
1088.672067
1088.916500
1088.977300
1089.054100
1089.225633
1089.337733
1089.457367
1089.544567
1089.588233
1089.643133
1089.693567
1089.736867
1089.799767
1089.847900
1089.900700
1089.978633
1090.026467
1090.078500
1090.136433
1090.181033
1090.260067
1090.472967
1090.503567
1090.636367
1090.743500
1090.879300
1090.947667
1091.065200
1091.254367
1091.419300
1091.466267
1091.731167
1092.256067
1092.275833
1092.559500
1092.846867
1092.894833
1092.958867
1093.065033
1093.362600
1093.494000
1093.812167
1093.919667
1094.005467
1094.059933
1094.118533
1094.171433
1094.247700
1094.257267
1094.323467
1094.419167
1094.448567
1094.525433
1094.585133
1094.615867
1094.690733
1094.777633
1094.869733
1094.947667
1095.023033
1095.065167
1095.126133
1095.154933
1095.212367
1095.248033
1095.288367
1095.339933
1095.409400
1095.706833
1095.877633
1096.191867
1096.317567
1096.428967
1096.887933
1097.221933
1097.465367
1097.626267
1097.774800
1097.860667
1097.982033
1098.061533
1098.199700
1098.307300
1098.437033
1098.500167
1098.604200
1098.780633
1098.850200
1098.940233
1098.985200
1099.028900
1099.135300
1100.151333
1100.263000
1100.430233
1100.699167
1100.774000
1101.270133
1101.563600
1101.802167
1102.117133
1102.310133
1102.578633
1103.077000
1103.187533
1103.303767
1103.419400
1103.503300
1103.657167
1103.722967
1103.793600
1104.973967
1107.895033
1108.952800
1109.383967
1110.338367
1110.398400
1110.488100
1110.694567
1110.807067
1110.935667
1111.021433
1111.088100
1111.137200
1111.191167
1111.260100
1111.345600
1111.402767
1111.523700
1111.598967
1111.702367
1111.789967
1111.884133
1113.276367
1113.366633
1114.323000
1114.412667
1114.556500
1114.664567
1114.804567
1114.875467
1114.961800
1115.033167
1115.142033
1115.200567
1115.283167
1115.363567
1115.715400
1115.824000
1116.485533
1116.600267
1116.767233
1116.996433
1117.129667
1117.214400
1117.501600
1117.605800
1118.085800
1118.534733
1118.680333
1118.748567
1118.810167
1118.870933
1118.982200
1119.155533
1119.978167
1120.271367
1120.466067
1120.792933
1121.060700
1121.208733
1121.313500
1121.379033
1121.416500
1121.482333
1121.509233
1121.605933
1121.669767
1121.735033
1121.775000
1121.847400
1121.890767
1121.956267
1121.997033
1122.042167
1122.130800
1122.262533
1122.326700
1122.367533
1122.428467
1122.533633
1122.605567
1122.665500
1122.811000
1122.887067
1122.956467
1122.995500
1123.155133
1123.241167
1123.317567
1123.376667
1123.886800
1124.070733
1124.909300
1125.544000
1125.743133
1125.779867
1125.869933
1125.946833
1126.017200
1126.087000
1126.176567
1126.232800
1126.306700
1126.337100
1126.417200
1126.543267
1127.592867
1129.165000
1129.494467
1129.706567
1129.912367
1130.018033
1130.094433
1130.159700
1130.236567
1130.364200
1130.433367
1130.535367
1130.584967
1130.635800
1130.694933
1131.624900
1132.224433
1132.518467
1132.706900
1132.909867
1132.993600
1133.954000
1135.199967
1135.397900
1135.684933
1135.981833
1136.087300
1136.191400
1136.390267
1136.472933
1136.545333
1136.683333
1136.818867
1136.956867
1137.097267
1137.185233
1137.265000
1137.356233
1137.420633
1137.499833
1137.535500
1137.589400
1137.639900
1137.743367
1137.880533
1137.939933
1138.336533
1138.505667
1138.760600
1139.029533
1139.073567
1139.096267
1139.164233
1139.210367
1139.792433
1139.876733
1140.092233
1140.364533
1140.531800
1140.617867
1140.675433
1140.783733
1141.422600
1141.627400
1141.794967
1141.969000
1142.067800
1142.095300
1142.257500
1142.354067
1142.466567
1142.825767
1142.902400
1142.972833
1143.156000
1143.244333
1143.374733
1143.433667
1143.484533
1143.780033
1143.858333
1143.906300
1143.969133
1144.012300
1144.061833
1144.128833
1144.196533
1144.254967
1144.328500
1144.459400
1144.514233
1144.555133
1144.648133
1144.726600
1144.824433
1144.913867
1145.024000
1145.130167
1145.204000
1145.415467
1145.516233
1147.605033
1148.014733
1148.086533
1148.257867
1148.351000
1148.415267
1148.462100
1148.529733
1148.629667
1148.697833
1148.766233
1148.816000
1148.863767
1149.103433
1149.178400
1149.258733
1149.374033
1149.422433
1149.473000
1149.556733
1149.641900
1150.700367
1150.746200
1151.133900
1151.658700
1151.754433
1151.852100
1151.921167
1151.977600
1152.077200
1152.191967
1152.282533
1152.362233
1152.429167
1152.502433
1152.809267
1152.909167
1153.103233
1153.350167
1153.503200
1153.645000
1153.934467
1154.009800
1154.154633
1154.259400
1154.357367
1154.423367
1154.493100
1154.560367
1154.617333
1154.731500
1154.873533
1155.135533
1155.671000
1156.727367
1157.037267
1157.140567
1157.356700
1157.358367
1157.585233
1157.690633
1157.707633
1157.805300
1158.134700
1158.292833
1158.365067
1158.464600
1158.614367
1158.683367
1158.774567
1158.845200
1158.937367
1158.994433
1159.055367
1159.169533
1159.237700
1159.379267
1159.559933
1162.377300
1162.640333
1163.008333
1163.123333
1163.211200
1163.306267
1163.397900
1163.441367
1163.444333
1163.471000
1163.522133
1163.579933
1163.775000
1163.935967
1164.015833
1164.101867
1165.001933
1165.271700
1165.335900
1166.547800
1166.627733
1166.756900
1166.954900
1167.121967
1167.814933
1167.900300
1167.988500
1168.141900
1168.322367
1168.383300
1168.557133
1168.667367
1169.534967
1169.639233
1169.714667
1169.873333
1170.043300
1170.239933
1170.376333
1170.678000
1170.983033
1171.053200
1171.058267
1171.267067
1171.345700
1171.997767
1172.080900
1172.155867
1172.331933
1172.467900
1172.555933
1173.421633
1173.543900
1173.855900
1173.977567
1174.058933
1174.128767
1174.261800
1174.389200
1174.475200
1174.565333
1174.634933
1174.742000
1174.808267
1174.869633
1174.938000
1175.077600
1175.145600
1175.219267
1175.279200
1175.345933
1175.405600
1175.458167
1175.512433
1175.555100
1175.594367
1175.637567
1175.683633
1175.719500
1175.763300
1175.804200
1175.846867
1175.885200
1175.933600
1175.972733
1176.058900
1176.100867
1176.158500
1176.250500
1176.317233
1176.360933
1176.410067
1176.520300
1176.639900
1176.824933
1176.860667
1176.962467
1177.013033
1177.855833
1177.965233
1178.168000
1178.294733
1178.981000
1179.036700
1179.470733
1179.533100
1179.596433
1179.683700
1179.722733
1179.811833
1179.876600
1179.923900
1179.990667
1180.125733
1180.211333
1180.266867
1180.335733
1180.374233
1180.598100
1180.716633
1180.768200
1180.835167
1180.887667
1180.963500
1181.120533
1181.199867
1181.328133
1181.387433
1181.388967
1181.452467
1181.477833
1181.681300
1183.425433
1183.586100
1183.648300
1183.738867
1184.337333
1184.535333
1184.622800
1184.721467
1184.857900
1185.071100
1185.193733
1185.267700
1185.333467
1185.438500
1186.134800
1186.218433
1186.310900
1186.487700
1186.587233
1186.717000
1186.900633
1187.004600
1187.052533
1187.151567
1187.346100
1187.947933
1188.207067
1189.033200
1189.372200
1191.702133
1191.891133
1192.006700
1192.615533
1192.743600
1192.938667
1193.013567
1193.071200
1193.161833
1193.228333
1193.380333
1193.433167
1193.479667
1193.542333
1193.580333
1193.626767
1193.677900
1193.713700
1193.761300
1193.807533
1193.866733
1193.989367
1194.136600
1194.915467
1195.125267
1195.356000
1195.430300
1195.517533
1195.726900
1195.810133
1195.861133
1196.011433
1196.177233
1196.736700
1196.818633
1197.019600
1197.064167
1197.120633
1197.188667
1197.309067
1197.361700
1197.452567
1197.504033
1197.604067
1197.934067
1198.038333
1198.096500
1198.156533
1198.264000
1198.361833
1198.406767
1198.469167
1198.511600
1198.558000
1198.708233
1200.068800
1200.627333
1201.067833
1201.268533
1201.335267
1201.480800
1201.531900
1201.636900
1201.699867
1201.760233
1201.834567
1201.869767
1201.909033
1201.962433
1202.068333
1202.199800
1202.248567
1202.297700
1202.385533
1202.460667
1202.543767
1202.589067
1202.669733
1202.836067
1202.896067
1203.022333
1203.106533
1203.246700
1203.276033
1203.319767
1203.400200
1203.448200
1203.536633
1203.603467
1203.704667
1204.466833
1204.699867
1205.809533
1205.935200
1206.048933
1206.193167
1206.835033
1206.907100
1207.107500
1207.312700
1207.375433
1207.468967
1207.577633
1207.646667
1207.793967
1208.025100
1208.131400
1208.237733
1208.365733
1208.410167
1208.855967
1209.045600
1209.324167
1209.414433
1209.570033
1210.410600
1210.588000
1210.659333
1210.893500
1211.114400
1211.256267
1211.341733
1211.797567
1211.911833
1212.035000
1212.395933
1212.534767
1212.659033
1212.711133
1212.820300
1212.879133
1212.943200
1213.088367
1213.240400
1213.324300
1213.372000
1213.429467
1213.485067
1213.526667
1213.580800
1213.654233
1213.699167
1213.777000
1213.851033
1213.925033
1214.015767
1214.112900
1214.223733
1214.280033
1214.319933
1214.496100
1214.602467
1214.707533
1215.351133
1217.052433
1217.280433
1217.567867
1221.346567
1222.620933
1223.075867
1223.162833
1223.174500
1223.381733
1223.444333
1223.714467
1223.788200
1223.965400
1224.041967
1224.113100
1224.181600
1224.236167
1224.308367
1224.388700
1224.481067
1224.585333
1224.658133
1224.733433
1224.781100
1224.874333
1224.940333
1225.001067
1225.065900
1225.124633
1225.126900
1225.147933
1225.202567
1225.245967
1225.358667
1225.404767
1225.448567
1225.486867
1225.520933
1225.608733
1225.657133
1225.722433
1225.823200
1225.854500
1226.087733
1226.329867
1226.521233
1226.619567
1226.704500
1226.997067
1228.107233
1228.273967
1228.346633
1228.818300
1228.927133
1229.015533
1229.140633
1229.342700
1229.417233
1229.504900
1229.702933
1229.782167
1229.981833
1231.036867
1231.205267
1231.282833
1231.519567
1231.689267
1231.770500
1231.865733
1232.008400
1232.073733
1232.127100
1232.253000
1232.336133
1232.431767
1232.940033
1233.015633
1233.076733
1233.107100
1233.269500
1233.397533
1233.540300
1233.626467
1233.711200
1233.790067
1233.842300
1233.890933
1233.930900
1234.017800
1234.059600
1234.106067
1234.139867
1234.187500
1234.247633
1234.296867
1234.405967
1234.462967
1234.554600
1234.612667
1234.655267
1234.709467
1234.779733
1234.844033
1234.877400
1234.940133
1235.026333
1235.082200
1235.345033
1236.199500
1236.275433
1236.397300
1237.603267
1237.903433
1238.212467
1238.575300
1238.646767
1238.728233
1238.792567
1238.860567
1238.926333
1239.011133
1239.063800
1239.187300
1239.249267
1239.340900
1239.556733
1239.634000
1239.983600
1240.052733
1240.128567
1240.137933
1240.608533
1240.958600
1241.024600
1241.049733
1241.105100
1241.135400
1241.185600
1241.228433
1241.263267
1241.291200
1241.318633
1241.353800
1241.383833
1241.419133
1241.448033
1241.480433
1241.511033
1241.563933
1241.624833
1241.732600
1241.773667
1241.820367
1241.900067
1241.940667
1241.975667
1242.026367
1242.071433
1242.118100
1242.157433
1242.217233
1242.262367
1242.334267
1242.440067
1242.589567
1242.598433
1242.826633
1243.360633
1243.986100
1244.702367
1244.994567
1245.076567
1245.287233
1245.418367
1245.497700
1245.582567
1245.685900
1245.755333
1245.809967
1245.852833
1245.908667
1245.993000
1246.037567
1246.087333
1246.126367
1246.165967
1246.227033
1246.265800
1246.311533
1246.372567
1246.449200
1246.557333
1246.623700
1246.702067
1247.259133
1247.419133
1247.701067
1248.461267
1248.531633
1248.793900
1248.931467
1249.066700
1249.181967
1249.244900
1249.299100
1249.344900
1249.383200
1249.433067
1249.484700
1249.509500
1249.556667
1249.593367
1249.650833
1249.762400
1249.801600
1249.833433
1249.871200
1249.908133
1249.985367
1250.036333
1250.142833
1250.225133
1250.269900
1250.320100
1250.385267
1250.464867
1250.499867
1250.544800
1250.607233
1250.656067
1250.713933
1250.788267
1250.940067
1251.064233
1251.123667
1251.237933
1251.295933
1251.350200
1252.492833
1252.925633
1253.622500
1253.676600
1255.618567
1257.464300
1257.544033
1257.759167
1258.000133
1258.112900
1258.189700
1258.433733
1258.889167
1260.996267
1263.295500
1264.375533
1264.534867
1264.653667
1264.822400
1265.053067
1265.293200
1265.314100
1265.418167
1265.725300
1265.840300
1265.898133
1266.006600
1266.031300
1266.043967
1266.095700
1266.113100
1266.124633
1266.171900
1266.200533
1266.246833
1266.293933
1266.333467
1266.384467
1266.411000
1266.524533
1266.605700
1267.004300
1267.084233
1267.146133
1267.242100
1267.290933
1267.380300
1267.469667
1267.573200
1267.785167
1269.638167
1269.706933
1269.760400
1269.804267
1269.869567
1269.901867
1269.946400
1269.976367
1270.008400
1270.045367
1270.080100
1270.146400
1270.187567
1270.224833
1270.254167
1270.296533
1270.339400
1270.367267
1270.429300
1270.475633
1270.533233
1271.298000
1271.446667
1271.513933
1271.555667
1271.604033
1271.639700
1271.708633
1271.753900
1271.804967
1271.935133
1273.465000
1274.357733
1274.593667
1274.722100
1274.795667
1274.828000
1274.946533
1275.110933
1275.215367
1275.289700
1275.381233
1275.435500
1275.488967
1275.549967
1275.621300
1275.681300
1275.768433
1275.826600
1275.912733
1275.986500
1276.066433
1276.188467
1276.367233
1276.489600
1276.570600
1276.651667
1276.793333
1277.850933
1278.790433
1278.933567
1279.783867
1279.879700
1279.902067
1279.937233
1280.012300
1280.335467
1280.448733
1280.696533
1280.839533
1280.921267
1280.971867
1281.117233
1281.242300
1281.325800
1281.459733
1281.570167
1281.699100
1281.743400
1281.813467
1281.865867
1281.936600
1281.991900
1282.040900
1282.087733
1282.133133
1282.174433
1282.236367
1282.273033
1282.420500
1282.458400
1282.509167
1282.607633
1282.679533
1282.725800
1282.826867
1282.882433
1283.030467
1283.156000
1283.325933
1283.432333
1283.539067
1283.617867
1283.619733
1283.697300
1283.776200
1283.812300
1283.975100
1284.106800
1284.251033
1284.410633
1284.508200
1284.634533
1284.734533
1284.818733
1285.268633
1285.334733
1285.482367
1285.703933
1285.744967
1285.813700
1285.916367
1285.977033
1286.012000
1286.082400
1286.145400
1286.204567
1286.241333
1286.293033
1286.380733
1286.443567
1286.511133
1286.546900
1286.579800
1286.586867
1286.621867
1286.670433
1286.717400
1286.776600
1286.819233
1286.908067
1287.037700
1287.116200
1287.169600
1287.279900
1287.508633
1287.653067
1287.770500
1287.831267
1288.104567
1288.778133
1288.924667
1289.034933
1289.150500
1289.232600
1289.320333
1289.322400
1289.753933
1289.831300
1290.005467
1290.126867
1290.231633
1290.336800
1290.385033
1290.431567
1290.518667
1290.675267
1290.720433
1290.878833
1290.936500
1290.997400
1291.046533
1291.105333
1291.194567
1291.257033
1291.332733
1291.405267
1291.467600
1291.518133
1291.601767
1291.646333
1291.699300
1291.757600
1291.799267
1291.856433
1291.934367
1292.027567
1292.100367
1292.171533
1292.228933
1292.340433
1293.814300
1294.293667
1295.004367
1295.620600
1295.705133
1295.781233
1295.837200
1295.943933
1296.007900
1296.122100
1296.234100
1296.325900
1296.420800
1296.581967
1296.698967
1296.796333
1297.186700
1298.289300
1298.420133
1298.498967
1298.644467
1298.736200
1298.822367
1298.895500
1299.018600
1299.055633
1299.119367
1299.162300
1299.253867
1299.321567
1299.485833
1299.539167
1299.590200
1299.675600
1299.731067
1299.797500
1299.856100
1299.926833
1300.053100
1300.256433
1300.354367
1300.399267
1300.485033
1300.659333
1300.677500
1300.743333
1300.821767
1300.868633
1301.027700
1301.277767
1301.401667
1301.817733
1301.985367
1302.443667
1302.557133
1302.715400
1302.807367
1302.978067
1303.381033
1303.457600
1303.508833
1303.567333
1303.646533
1303.690533
1303.741933
1303.857200
1303.920867
1303.968700
1304.038633
1304.106533
1304.162967
1304.205933
1304.271867
1304.420867
1305.086500
1305.408000
1305.480400
1305.947533
1305.954700
1306.328067
1306.388000
1306.521867
1307.802900
1308.564100
1308.845867
1309.035767
1309.747467
1310.057100
1310.218900
1310.317667
1310.579300
1310.848867
1310.920967
1311.411567
1311.473600
1311.560333
1311.619500
1311.655633
1311.709233
1311.745867
1311.776800
1311.827200
1311.929700
1312.649567
1312.710400
1313.177500
1313.504867
