0.291467
0.377600
0.528133
0.532400
0.646900
0.783567
0.832967
1.138167
1.166733
1.221500
1.242867
1.526833
1.722533
1.731900
1.799033
1.830633
2.122033
2.344600
2.515267
2.799533
2.864700
2.921600
3.002500
3.057533
3.155900
3.196000
3.285467
3.360000
3.444433
3.478500
3.981500
4.029000
4.072000
4.221133
4.750933
4.755267
5.034367
5.299067
5.521200
5.699900
5.816400
5.980200
6.124567
6.213467
6.247333
6.372067
6.454333
7.120700
7.279233
7.674300
7.916533
8.085167
8.194000
8.369500
8.535500
8.582033
9.080267
9.285500
9.323167
9.325667
9.382967
10.096900
10.355267
10.477100
10.723133
11.212367
11.574667
11.816100
12.137367
12.200267
12.212600
12.222067
12.236600
12.542833
12.920700
13.328067
13.480333
13.601533
13.603900
13.843367
13.961333
14.493967
14.509333
14.779033
15.223600
15.232833
15.272467
15.339067
15.564267
15.892733
15.908767
15.935633
15.963133
16.394200
16.426700
16.577700
16.745533
16.775933
16.991000
17.034000
17.088467
17.207000
17.590133
17.666767
17.677100
17.766700
18.111733
18.386667
18.484500
18.645867
18.769633
19.090633
19.310433
19.354367
19.406367
19.477933
19.908967
20.418233
20.804233
21.249367
21.557000
22.318733
22.448267
22.496833
22.668633
22.671800
22.724967
22.758133
22.935600
22.974600
24.413333
24.435467
24.611100
24.628867
24.908300
25.003467
25.849467
26.119800
26.468100
27.181700
27.246700
27.257167
27.567433
28.032867
28.980033
29.177067
29.668433
29.751400
29.788133
30.603600
30.819533
30.842100
31.092367
31.326867
31.364233
31.381233
31.475533
31.947333
32.316467
32.349500
32.582200
32.633233
33.478500
33.576100
33.708233
33.775467
34.288467
34.375567
34.393600
34.511500
34.593167
34.621933
34.845833
35.212700
35.379767
35.486067
35.544567
35.648167
36.177200
36.460367
36.523700
36.666833
37.091067
37.149233
37.161133
37.459233
38.238833
38.529767
39.052967
39.505567
39.539167
39.583067
39.849467
39.972900
40.099033
41.056233
41.067367
41.395700
41.517100
41.562833
41.832300
42.007567
42.018800
42.329100
42.522733
42.778267
42.989100
43.010900
43.241567
43.390067
43.682233
43.938200
44.089167
44.204933
44.359600
44.387433
44.445067
44.855567
44.932300
45.181700
45.292200
45.544533
45.555533
45.735833
45.800233
45.810333
45.812467
45.839533
46.172667
46.224967
46.467100
46.750367
47.109467
47.341533
47.681567
47.707200
47.957033
48.015700
48.691667
48.810533
48.841967
48.896667
49.362933
49.398233
49.677667
50.363567
50.386600
50.503133
50.550567
50.568733
50.598433
50.783800
50.880533
50.956633
51.241800
52.049167
52.079933
52.468300
52.654067
52.812433
53.040200
53.109833
53.499667
54.082367
54.304067
54.593467
54.990833
55.001500
55.005533
55.299933
55.405733
55.872633
56.182267
56.239833
56.416833
56.613867
56.707733
56.728033
56.838067
57.122533
57.368633
57.446933
57.735933
57.742500
57.942833
57.956933
58.027333
58.074767
58.099500
58.147467
58.156533
58.431967
58.448867
58.781800
58.855267
58.940433
59.024167
59.175700
59.455700
59.712633
59.750900
59.885400
59.968733
60.000500
60.552100
60.817867
61.084933
61.104900
61.526600
61.557033
61.585333
61.857867
62.346633
62.440233
62.507933
62.565167
62.839733
63.039433
63.358267
63.424467
63.984767
64.323533
65.355533
65.820000
66.172933
66.241667
66.407033
66.531833
66.578200
66.605100
66.654800
66.685667
66.878567
66.893733
67.376900
67.382200
67.569567
68.417500
68.657333
69.049633
69.274067
69.278933
69.353800
69.490067
69.913000
70.465867
71.051700
71.180367
71.216967
71.272500
71.410467
71.743100
71.807267
72.027300
72.103700
72.261133
72.594533
72.630667
72.661800
72.787700
72.904167
72.952800
72.982767
73.151300
73.157200
73.581833
73.603033
73.686900
74.014700
74.106933
74.455767
74.661867
74.737433
74.749833
75.038267
75.116567
75.157800
75.211933
75.275700
75.501400
75.539900
75.932233
75.944567
76.348533
76.603800
76.802933
76.845600
76.919400
77.568767
77.682167
77.783167
77.912267
77.973233
77.978533
78.076733
78.286767
78.981633
79.090600
79.198267
79.506467
79.934300
80.311667
80.344933
80.527267
80.653167
81.236367
81.602000
81.791833
81.891700
82.581267
82.639900
82.769600
83.177167
83.305433
83.868067
84.116433
84.197033
84.323167
84.343067
84.793933
84.884100
85.083167
85.472833
85.873100
85.885767
85.919533
86.206000
86.403067
86.748267
87.346067
87.448500
87.567200
87.570967
87.711900
87.752367
88.034733
88.349433
89.596433
89.762200
89.799800
89.921167
90.225833
90.265400
90.348033
90.742500
91.430933
92.013133
92.093933
93.176900
94.150100
94.261100
95.022767
95.062833
95.129333
95.455100
96.040500
96.613000
96.860833
97.039900
97.055933
97.074500
97.175267
97.223367
97.235733
97.333667
97.396733
97.419467
97.474467
97.479733
97.693433
97.942733
98.009367
98.153533
98.262200
98.453333
98.463267
98.594733
98.629700
98.805533
98.928900
98.960533
99.096433
99.461633
100.101333
100.110033
100.522367
100.807200
101.016800
101.173700
101.429467
101.814167
102.088633
102.240900
102.412033
102.448467
102.583867
102.775767
103.050900
103.089367
103.334867
103.644933
103.668667
103.763033
104.483400
104.495267
104.656700
104.792267
104.954833
105.055767
105.265833
105.644400
106.288600
106.458267
106.517133
106.595633
106.618000
106.638700
106.803333
106.843167
106.871967
106.965433
107.225433
107.271100
107.281167
107.354233
107.452500
107.522467
107.875267
107.882900
107.932067
107.982567
108.002567
108.044933
108.060400
108.135133
108.142700
108.459000
108.574700
108.620367
109.063633
109.070433
109.185800
109.533700
109.596700
109.911733
110.015400
110.122533
110.172600
110.792467
110.919033
110.978833
111.221867
111.287000
111.760700
111.865200
111.937400
111.984167
112.045033
112.152300
112.398033
112.928567
112.982400
113.296100
113.845633
113.865167
115.476933
115.555300
115.718333
115.810433
115.859467
116.131800
116.269867
116.415700
117.143267
117.278400
117.330067
117.556867
117.713000
117.762367
118.313833
118.380433
118.679600
118.804433
118.872200
119.082167
119.458900
119.514567
119.525800
119.627133
120.390267
120.566600
120.659700
121.574733
121.771300
121.816633
121.986233
122.167867
122.465867
122.740267
123.034200
123.190433
123.542067
123.606333
124.230467
124.450567
124.783467
124.931700
125.332400
125.378667
125.639433
126.016167
126.310400
126.427567
126.630000
126.655233
126.763900
126.820067
127.295867
127.834167
127.847200
127.948600
128.031467
128.265733
128.405033
128.426867
128.885533
128.984800
129.190367
129.436367
129.440967
129.584200
129.673500
129.723600
130.073000
130.541867
130.678233
131.031600
131.231067
131.260467
131.619233
131.739000
131.793133
132.162533
132.287433
132.335267
132.357767
132.587267
132.740533
132.810567
132.918500
132.940267
133.239233
133.286633
133.544267
133.584433
133.955100
133.999133
134.198033
134.205833
134.515433
134.691467
134.696367
135.130433
135.227533
135.313433
135.773233
135.789600
135.959933
136.185533
136.256100
136.327167
136.421767
136.524500
136.587933
137.122867
137.433933
137.598467
137.772233
138.240467
138.533767
138.657000
138.827067
138.856267
138.930700
139.246400
139.845633
139.920100
140.430267
140.866600
140.887733
140.920300
140.927433
141.391900
141.547867
142.057700
142.067400
142.400900
142.902433
143.434133
143.538000
144.035833
144.380233
144.422700
144.678900
144.772100
145.027067
145.071733
145.477033
145.838000
146.021200
146.472833
146.636900
146.798200
146.896867
146.908067
147.025800
147.038867
147.099800
147.113633
147.275133
147.432700
147.735867
147.909900
147.982367
148.094400
148.117267
148.221900
148.227267
148.304200
148.419267
148.797133
149.885267
150.276833
150.302567
150.369167
150.455667
150.481033
150.620967
150.686200
150.784533
150.788300
151.003333
151.837100
151.937533
152.008133
152.186600
152.229133
152.339267
152.368967
152.525900
152.594233
153.051700
153.068333
153.118600
153.264333
153.430833
153.536000
154.163600
154.246167
154.518733
154.567900
154.792100
154.971100
155.029200
155.131200
155.373167
155.454300
156.396600
156.886333
157.072033
157.286167
157.324000
157.374733
157.875833
157.942933
157.982500
158.048367
158.076500
158.664767
159.517533
159.696200
159.699800
159.766933
159.978700
159.982067
160.241100
160.275767
160.389367
160.490033
160.554633
160.766133
160.942700
161.273733
161.286867
161.297667
161.365933
161.787133
161.945433
162.346500
162.510933
162.679633
162.808100
162.901000
162.965400
164.225100
164.370700
164.848333
165.093633
165.109933
165.184767
165.314233
165.390900
165.418300
165.537767
165.575400
166.159033
166.601467
167.319167
167.356100
167.438833
167.921233
168.104867
168.817867
169.018967
169.075000
169.244500
169.290733
169.313033
169.553500
170.422167
170.766433
170.841433
171.054800
171.130567
171.247433
171.496900
171.692167
171.836133
172.704667
172.732333
172.804267
173.065900
173.114567
173.806733
174.005167
174.023167
174.053000
174.111600
174.184467
175.241667
175.355733
176.287300
176.307533
177.407233
177.581333
177.657300
177.840867
177.990900
178.027333
178.058600
178.410933
178.430700
178.478333
178.522400
178.617733
178.922733
179.065333
179.384967
179.513833
179.668033
179.748633
179.781667
179.791300
179.880233
180.117933
180.524567
181.040833
181.635200
182.139100
182.529433
182.895667
182.955100
182.959567
183.604467
183.709567
183.722033
183.957533
184.218033
184.293867
184.296300
184.839800
185.345900
185.538200
185.682933
186.243967
186.475567
186.831300
187.002400
187.710400
187.753400
188.175133
188.193600
188.306667
188.325867
188.349800
188.567267
188.615400
188.747267
188.816767
189.528233
189.735500
189.811100
189.996167
190.136700
190.345067
190.444400
190.612467
190.786067
190.834433
190.994600
191.009633
191.391400
191.409533
191.905633
192.029533
192.075067
192.290033
192.535733
192.901967
192.942200
193.002433
193.036533
193.095433
193.221067
193.302667
193.378167
193.823100
194.021533
194.331533
194.453333
194.513400
194.808767
195.300100
195.440400
195.599667
196.533167
196.595967
196.771767
196.797867
196.811567
196.940967
196.992500
197.102867
197.300433
197.845767
197.860567
198.103700
198.201100
198.296867
198.639533
199.020467
199.054900
199.294200
199.627367
199.694600
200.108033
200.288100
200.392333
200.437267
200.687500
200.816967
201.079700
201.204100
201.261200
201.455600
202.167600
202.356433
202.412933
202.785267
203.177467
203.598367
204.038033
204.363433
204.367333
204.382967
204.738233
204.986867
205.005467
205.008100
205.084333
205.154533
205.252900
205.299700
205.575367
205.643433
205.733567
205.750833
205.783233
205.994867
206.075533
206.381833
206.519633
206.566767
206.611600
206.679233
206.772367
206.855167
206.975200
207.011200
207.134033
207.368400
207.437000
207.453967
207.521100
207.528800
207.677767
207.779700
207.881267
208.012800
208.116567
208.132500
208.287833
208.435767
208.827900
209.090667
209.122033
209.237433
209.398400
209.908133
210.252767
210.351467
210.508633
210.650433
210.661767
210.691100
210.740633
211.542967
211.694133
211.695800
211.820433
212.543567
212.549300
212.799700
212.815367
213.341900
213.375933
213.741033
213.905300
214.022000
214.307233
214.369933
215.706433
216.198767
216.245700
216.503300
216.520533
216.584400
216.758633
216.890200
217.175467
217.203900
217.206567
217.250967
217.798133
217.811400
218.241233
218.325267
218.337000
218.375167
218.691167
218.800267
219.000000
219.365167
219.471367
220.095967
220.178967
220.456000
220.458133
220.479933
220.661633
220.809667
221.153567
221.200167
221.472367
222.291667
222.347267
222.351433
222.416467
222.614600
222.747433
223.596433
223.833800
223.839867
223.842833
223.912667
223.971400
224.126100
224.148600
224.204633
224.246300
224.328933
224.397233
224.466567
224.489867
224.517167
224.733800
225.154933
225.489167
225.499400
225.560600
225.613200
225.741767
225.791967
226.223000
226.358500
226.535000
226.869367
226.890600
226.951533
227.196867
227.235267
227.277633
227.339267
227.773033
227.846667
227.852600
227.854233
227.858900
227.869000
227.874100
228.131133
228.232800
228.265533
228.575067
228.666667
228.715700
228.766167
228.789267
228.960200
228.974200
228.985633
229.200133
229.480933
229.781800
229.930967
229.944000
230.043733
230.196500
230.286267
230.519933
230.793900
231.062433
231.220267
231.295133
231.360633
232.198200
232.503167
232.642067
232.881567
233.831700
234.111267
234.281600
234.385667
234.511433
234.771700
235.045133
235.098367
235.294967
235.367300
235.663967
235.680433
235.747067
235.862767
236.034200
236.052067
236.211067
236.863867
236.940700
237.074167
237.440500
237.479733
237.730933
238.024733
238.236000
239.326967
239.349467
239.661233
240.075400
240.712033
240.997733
241.036567
241.038533
241.644567
241.655533
241.808000
241.815500
242.443433
242.623967
242.783433
243.135767
243.357033
243.467533
243.581867
243.651067
244.049433
244.169533
244.197233
244.880167
245.248067
245.516167
245.548600
245.659067
245.751233
245.763933
245.887900
246.197100
246.443533
246.523433
246.716267
246.774367
246.847600
247.041833
247.272967
247.298200
247.356800
247.371700
247.374733
247.476900
247.790833
248.028767
248.039533
248.045167
248.046867
248.115600
248.254067
248.335833
248.448400
249.011633
249.105167
249.196400
249.307867
249.511667
249.565867
249.805200
249.867967
250.074100
250.481400
250.501133
250.661633
250.750100
250.773067
250.908833
250.937467
251.287400
251.359000
251.478200
251.752567
251.849133
252.450933
252.933667
253.149633
253.195433
253.257633
253.271367
253.276867
253.464567
253.565000
253.710533
253.841700
254.126133
254.284267
254.560633
254.737100
254.757000
255.207867
255.503633
255.800300
256.510000
256.633233
257.524233
257.641100
257.822533
258.939500
259.165400
259.179500
259.206533
259.290833
259.397267
259.432600
259.637433
259.779500
260.060500
260.361267
260.413733
260.598000
260.663833
260.711067
261.123600
261.219700
261.302700
261.506700
261.820233
262.132767
262.168067
262.849633
263.285333
263.475600
263.661600
264.516200
264.742000
264.813567
265.226100
265.943233
266.347800
266.654367
267.183567
267.909367
269.359100
269.658433
270.114733
270.204167
270.359000
271.005067
271.339567
271.488500
271.553867
271.778767
271.795300
272.465167
272.719533
272.949600
274.204200
274.261600
274.543267
274.554267
274.653367
274.802100
274.806200
275.209933
275.347433
275.426333
275.543567
275.576733
276.169533
276.199500
276.294567
276.419100
276.635233
276.815967
277.264467
277.536933
277.867467
277.870633
277.897933
278.004167
278.025700
278.226567
278.267500
278.416700
278.612033
278.722333
279.181367
279.188367
279.332100
279.369500
279.478167
279.733133
279.920767
279.945133
280.189367
280.371700
281.224767
281.567867
282.104267
282.990500
283.020867
283.409500
283.841633
283.989133
284.065767
285.174967
285.363933
285.415367
285.471300
285.654667
285.962900
286.044867
286.272600
286.337933
286.571833
286.584933
286.653700
286.671867
286.683367
287.001233
287.321400
287.594833
287.648733
287.943267
288.028000
288.081133
288.476000
288.620333
288.684067
288.958367
289.232233
289.331600
289.720767
289.730733
289.741400
290.213200
290.256200
290.342867
290.448567
290.531967
290.835100
290.929967
291.298633
291.307400
291.431733
291.484400
291.664833
292.674233
292.740567
292.745800
292.952600
293.091467
293.897900
294.812667
295.074900
295.480000
295.838900
295.889200
295.950700
295.971267
297.339000
297.461333
297.907400
298.045033
298.229967
298.577867
298.716100
298.772967
298.885200
299.061600
299.179167
299.244600
299.380500
299.390067
299.426033
299.535967
299.540933
299.602667
299.976000
299.989700
300.090500
300.139700
300.968533
301.351033
302.139467
302.252500
302.554867
302.594133
303.255900
303.298667
303.352467
303.876367
304.036200
304.099133
304.352367
304.965067
305.010767
305.353300
305.399000
305.628500
305.755533
305.923233
306.015700
306.096367
306.169633
306.345600
307.000667
307.211967
307.501000
307.503733
307.675700
307.682133
308.010633
308.396133
308.409667
308.808533
308.939600
309.201400
309.255067
309.287333
309.308333
309.328733
309.400533
309.407433
309.619967
309.705700
309.721233
309.891667
310.162200
310.173167
310.373800
310.413367
310.691400
311.264700
311.312300
311.539833
311.690133
311.927333
311.970533
312.128933
312.388367
312.830133
313.090267
313.209433
313.330933
314.170233
314.343300
314.776767
314.832867
314.870700
314.931433
314.955067
314.969967
315.482000
315.645067
315.682033
315.950133
316.026533
316.367700
316.849300
317.596567
317.617133
317.694867
317.932200
318.047233
318.356900
319.025733
319.446867
319.821767
319.856800
319.983067
320.250100
320.452800
320.537400
320.697367
320.990100
320.993267
321.029833
321.062467
321.167400
321.759200
321.904633
322.084400
322.482633
322.504533
322.613433
322.780667
322.788267
322.890100
322.963367
322.967167
323.070067
323.148367
323.214700
323.432367
323.607833
323.632133
323.807800
323.810400
323.865633
324.140133
324.286133
324.353500
324.562933
324.629700
324.847633
324.885600
324.994467
325.045867
325.191700
325.625833
325.921800
326.239533
326.371133
326.537967
326.546000
327.162833
327.178133
327.260500
327.402400
327.476200
327.683433
327.713600
327.717333
327.732167
327.768933
327.854167
327.893100
328.139900
328.151267
328.227167
328.342600
328.350767
328.434167
328.439467
328.902467
329.201200
329.276433
329.350733
329.577867
329.867667
330.664367
330.752667
330.966900
331.057100
331.173367
331.260167
331.321867
331.378167
331.595100
331.829833
332.245267
332.322267
332.486233
332.586267
332.688333
332.748633
333.006733
333.170833
333.189967
333.308400
333.375567
333.377733
333.742233
333.803400
333.859333
334.174867
334.183267
334.186333
334.272733
334.304300
334.311633
334.313867
334.316267
334.367967
334.405467
334.432900
334.436067
334.515700
334.768633
335.096900
335.132967
335.282667
335.375733
335.689167
335.711000
335.850000
335.951633
336.105167
336.368033
336.955633
337.364433
337.420367
337.434233
337.436533
337.516667
337.883667
338.100467
338.587700
338.714367
339.172333
339.606533
340.197400
340.418800
340.447200
340.474967
340.644467
340.756967
341.205433
341.461467
341.692133
341.868200
342.492067
342.530067
342.644700
342.672133
342.850867
343.159833
343.410933
343.712400
343.770367
343.831800
343.927700
344.196567
344.276867
344.279867
344.826000
345.001967
345.738067
345.902133
346.006300
346.048333
346.076800
346.342233
346.772767
346.846300
346.864033
346.880367
346.931900
347.588233
347.841667
348.391367
349.136100
349.146833
349.177367
349.342700
349.438167
349.446433
349.457267
349.534733
349.554667
349.561700
349.859867
350.149067
350.235400
350.317200
350.412333
350.605567
350.717567
350.775967
350.938167
350.943300
351.050167
351.185367
351.307000
351.399433
351.633867
351.647167
352.222733
352.257567
352.403167
352.440133
352.708767
352.946800
353.313200
353.333833
353.612200
353.632767
354.724733
355.555667
356.398433
356.471500
356.474167
356.476067
356.513000
356.590567
356.766433
356.932100
357.289300
357.499033
357.544033
357.635033
358.062900
358.125100
359.579800
360.886333
361.170000
361.181833
361.266667
361.577600
362.629200
362.674733
362.936233
363.014700
363.083167
363.976567
364.201533
364.306867
364.333767
364.340767
364.528233
364.668067
365.145467
365.253167
365.542300
366.284400
366.569967
366.635867
367.668033
368.102433
368.289567
368.305467
368.620333
368.700200
368.733667
368.772167
369.099800
369.602700
370.246567
370.332000
370.373767
370.391967
370.768500
370.919033
371.230800
371.841800
371.907333
371.935467
372.215467
372.344300
372.493233
372.501133
372.504133
372.560267
372.587700
372.739733
373.049133
373.058833
373.128767
373.141400
373.182500
373.223100
373.230233
373.562800
373.693567
373.798233
373.980133
374.075100
374.280500
374.305800
374.456433
375.643467
375.744267
375.966567
376.030667
376.647100
376.738267
376.828833
376.943067
377.404467
377.667467
377.765800
377.770967
377.860867
377.959267
378.077000
378.329300
378.431500
378.805067
379.343500
379.659500
379.780500
380.015867
380.160033
380.345200
380.368967
380.482200
380.588867
380.799933
380.964833
381.238833
381.287500
381.311233
381.725967
382.159933
383.029467
383.204967
383.262367
383.442600
383.466267
383.552833
384.010233
384.538567
384.807300
385.481400
385.590900
385.806500
386.042500
386.067133
387.185367
387.480133
387.548500
387.558533
387.629500
387.770467
387.813733
387.816867
388.128167
388.145033
389.908300
389.950300
390.661500
391.069100
391.175400
391.236867
391.308200
391.396867
391.409933
392.018100
392.025033
392.239700
392.469633
392.666200
393.257733
393.360600
393.542033
393.552433
393.609467
393.760667
393.887000
394.092367
394.336667
394.529900
394.873233
394.960900
395.074133
395.118067
395.149667
395.218400
395.282800
395.306800
395.460533
395.497033
395.530333
395.533733
395.568300
395.591333
395.632300
395.776300
395.826267
395.840100
396.277433
396.344800
396.514167
396.800600
397.014500
397.084200
397.188967
397.588467
397.652333
398.163833
398.174533
398.290633
398.384367
398.483967
398.489700
398.502200
398.528867
398.611367
398.640067
398.794933
399.059367
399.091967
399.099667
399.443633
399.480267
399.897033
400.130033
400.147700
400.249467
400.406600
400.444333
400.537000
400.660467
400.964433
400.982433
401.188767
401.460200
401.765300
402.166367
402.223367
403.253867
403.276500
404.048833
404.832600
405.020933
405.051967
405.080433
405.208500
405.398900
405.499767
405.966600
405.974900
406.049567
406.052400
406.103667
406.185500
406.248433
406.700733
406.784667
406.800100
406.886000
407.297767
407.710067
408.318467
408.544367
408.991100
409.118367
409.260633
409.271100
409.440567
409.456633
409.469500
409.499533
409.913167
409.921533
409.931433
409.988333
410.126900
410.237533
410.318233
410.685600
410.727433
410.750500
410.816567
410.820467
411.108700
411.261267
411.331333
411.377600
411.939200
412.093067
412.285600
412.320900
412.330667
412.623433
413.279833
413.678867
413.711633
413.754800
413.777900
413.929900
414.058800
414.133300
414.307767
414.559167
414.620067
414.660733
415.412833
415.691033
415.921600
416.252867
416.395733
416.788667
416.959267
416.986600
416.994800
417.225567
417.773200
418.122767
418.225767
418.348800
418.382633
418.491333
418.872600
419.222033
419.432833
419.619600
419.685700
419.785233
420.073367
420.741533
420.745500
420.789767
420.869467
421.527000
421.863267
422.105533
422.243533
422.447300
422.655500
422.677900
422.893933
423.745033
423.916233
424.203000
424.352167
425.462033
425.617633
426.006333
426.141467
426.490033
426.658067
426.671300
426.719133
427.815333
427.870300
428.009067
428.444167
428.539833
428.561633
428.915233
429.330433
429.406400
429.512700
429.716133
430.121533
430.201300
430.441267
430.457233
430.542900
431.012967
431.049767
431.094133
431.259000
431.425967
431.663933
431.711433
432.147000
432.873567
433.097600
433.386600
433.805733
434.313867
434.802300
434.875767
434.993367
435.039900
435.047733
435.083133
435.309333
435.324933
435.338867
435.351900
435.670867
436.273633
436.625533
436.677000
436.895100
437.098100
437.549433
437.941500
438.099633
438.103300
438.177867
438.532200
438.699733
438.740500
438.895133
438.939633
439.808367
439.817300
439.818900
439.832667
439.898133
440.123600
440.148433
440.244700
440.450833
440.480400
440.614700
440.754133
440.850667
440.885000
440.890967
440.987167
441.052967
441.098567
441.181100
441.418233
441.482733
441.559967
441.938667
441.974133
442.013867
442.089033
442.108867
442.225733
442.476833
442.504933
442.762100
442.861667
442.928567
443.077367
443.233667
443.274500
443.837833
443.859433
443.901767
444.229367
444.371733
445.416367
445.632400
445.906033
446.056100
446.219233
446.302300
446.579733
446.594200
446.739533
446.967033
447.809433
448.077800
448.206633
448.230000
448.242633
448.252567
448.676633
448.722133
448.887933
450.256267
450.589167
450.823667
450.962567
451.016667
451.469933
451.471733
451.516833
451.612400
451.692933
451.843200
451.901200
451.954700
452.319633
452.361433
452.382067
452.589200
452.732167
452.782233
453.325700
453.656100
453.891400
454.420433
454.718333
455.569500
455.615633
455.842767
455.930533
456.024200
456.110200
456.121600
456.203933
456.283900
456.359633
456.421900
456.507400
456.681100
456.814900
456.951000
457.077800
457.487067
458.026833
458.034867
458.120667
458.214067
458.329967
458.362333
459.668033
459.818500
459.845333
460.086300
460.156667
460.277967
460.407767
460.482600
460.541133
460.565900
460.625600
460.636067
460.778700
461.056500
461.685000
461.791533
461.908667
462.201633
462.273667
462.354400
462.900967
463.130333
463.152867
463.290900
463.316000
463.650733
464.014700
464.303833
464.446467
464.506800
464.525800
464.748300
465.363600
466.133000
466.463500
466.477200
467.400633
467.435233
467.583267
467.855233
467.937067
468.055600
468.213933
468.248800
468.289467
468.310567
468.335200
468.483567
468.554833
468.604233
468.621133
469.154967
469.330200
469.344100
469.385333
469.592600
470.494433
471.123433
471.199033
471.668467
471.808967
472.317133
472.586833
472.634600
474.465733
474.679700
474.712767
474.749933
474.850667
475.131833
475.229467
475.268733
475.333167
475.623867
475.636433
475.862367
476.064500
476.098833
476.246967
476.778000
476.841500
476.868600
476.993033
477.080033
477.191767
477.446800
477.591867
477.715133
477.909300
477.972133
478.022400
478.098233
478.141567
478.481300
478.775033
478.871200
478.934900
479.000200
479.075267
479.090967
479.318000
479.518900
479.522033
479.870033
479.872367
480.008200
480.023533
480.079867
481.045667
481.425133
481.551600
482.079933
482.128367
483.244700
483.716567
484.278933
484.352700
484.422000
485.258033
486.222633
487.662967
487.925833
488.395267
489.500933
489.596967
489.623167
489.854933
489.903700
490.356233
491.940533
492.712433
492.886100
493.002167
493.046700
493.150867
493.244333
493.349467
493.425733
493.458667
493.575133
493.711033
493.840300
493.966967
494.129733
494.462167
494.645633
494.950900
495.055400
495.143900
495.414667
495.505067
495.521500
495.764233
495.776067
496.030567
496.426100
496.613933
497.179267
497.255700
497.296133
497.403800
497.566300
497.573833
497.951500
498.084133
498.245567
498.340967
498.744133
498.964000
498.974800
499.081933
499.106433
499.357233
499.457200
499.676533
499.690233
499.713600
499.769967
499.807700
500.364567
500.378700
500.630133
500.792600
500.808067
501.010833
501.333267
501.412767
501.500000
501.839833
501.884267
502.150833
502.304800
502.714267
502.776233
502.832900
503.048800
503.095167
503.217000
503.400733
503.697300
503.726333
504.279100
504.453167
505.009633
505.237800
505.394800
505.768367
505.818067
506.203367
506.347167
506.588133
506.846000
507.595967
507.731700
507.990933
509.482400
509.681333
510.421433
510.589033
511.119900
511.583100
511.656167
511.799167
512.590967
512.776267
513.248200
513.594533
514.106867
514.343300
514.553967
514.589067
514.594000
514.645167
514.811133
515.366200
515.531733
515.746933
516.118400
516.167467
516.239633
516.272900
516.454600
516.515867
516.608500
516.695100
516.734833
516.772500
516.815267
516.817033
516.859133
516.865967
516.940600
516.972467
517.010367
517.194933
517.365700
517.466300
517.508000
517.562900
518.047233
518.467267
519.072300
519.173467
519.223767
519.500233
519.539533
519.717667
519.821033
519.834400
520.038200
520.254700
520.489700
520.921133
521.175200
521.273767
521.291667
521.313433
521.342167
521.589033
521.921567
521.978933
522.376633
522.407233
522.832467
523.364333
523.387700
523.458133
523.562400
523.646033
523.708400
523.843133
523.956267
524.014033
524.064033
524.215633
524.494200
524.659900
524.799533
524.860067
524.900667
524.909300
525.202133
525.428867
525.536167
525.554633
525.901733
526.198100
526.412867
526.459100
527.134067
527.384667
527.581167
527.741567
527.771267
527.860267
527.911500
527.917267
528.405133
528.727000
529.264600
529.673533
530.061867
530.099200
530.202100
530.360467
530.713767
530.719700
530.876933
530.883400
530.885333
530.904500
531.072300
531.203500
531.631733
531.689967
531.745233
531.797133
532.243233
532.613700
532.818533
532.876733
533.306467
533.414933
533.493900
533.726833
533.750900
534.012367
534.032367
534.375700
534.519767
534.589833
534.591467
534.759567
534.762900
535.058367
535.116033
535.139800
535.202400
535.385567
535.563867
535.603467
535.629567
535.779033
536.245900
536.382800
536.386100
536.671167
536.737400
536.815433
536.987767
537.139967
537.310133
537.791100
537.807600
537.933600
538.177633
538.330667
538.574933
538.627667
538.807933
539.093200
539.192133
539.212267
539.469300
539.485933
539.807700
540.227000
540.324933
540.729033
541.081467
541.221500
541.507567
541.772733
541.925067
542.717867
543.218400
543.959033
544.270933
544.308733
544.322900
544.360433
544.413067
545.385500
545.510733
545.663700
546.877200
547.008967
547.240533
547.324767
547.363567
547.474600
547.560733
547.599733
547.654300
547.739933
547.787633
547.850067
548.525733
548.821467
548.948200
549.514233
549.542967
549.597833
549.647533
549.656000
549.660733
549.729867
549.793600
549.896467
550.433100
550.492400
550.745700
551.705500
551.718400
551.986567
552.084433
552.656633
553.114867
553.200000
553.234067
553.284567
553.453933
553.512167
553.681633
553.762400
553.845700
554.092467
554.310633
555.233200
555.240167
556.137033
556.911300
556.957967
556.960100
557.373933
557.504500
557.664567
558.023733
558.160000
558.217700
558.327200
558.544733
559.499800
559.573633
559.845967
560.303067
560.566300
560.599067
560.770567
560.815333
561.183667
561.579800
561.592300
561.900500
562.074233
562.164167
562.196567
562.403333
562.492600
562.557400
562.751600
562.774367
562.779000
562.893467
562.921933
563.508900
564.191433
564.583967
564.832867
565.201367
565.243167
565.355233
565.459767
565.585067
565.666167
565.724767
565.988900
566.040267
566.299033
566.382033
566.459300
566.525400
566.835533
566.955400
566.974233
567.440067
567.463700
567.565167
567.835133
567.884300
568.342333
568.366167
568.507433
568.516133
568.558733
569.022000
569.529167
569.585933
569.931133
569.964700
569.971933
570.009500
570.173867
570.182000
570.401600
570.955100
571.064433
571.361533
571.522800
571.579000
571.723133
572.223233
572.613567
572.918700
573.131100
573.181733
573.382267
573.807733
573.912500
574.141500
574.201667
574.487567
574.759200
574.805867
575.090567
575.260633
575.265533
575.354600
575.397567
575.427167
575.482600
575.549167
575.782767
575.789900
576.186267
576.340333
576.419767
576.715067
576.812533
577.551167
578.083233
578.294633
578.326700
578.394033
578.584267
578.985267
579.157667
579.234400
579.413733
579.508467
579.572900
579.578300
579.582800
579.818633
579.928633
580.128133
580.641933
581.027067
581.190600
581.308967
581.425700
581.601467
581.634967
581.812300
581.848367
582.091167
582.145333
582.375467
582.389033
582.851800
583.016400
583.284100
583.824633
584.523800
584.800733
585.012433
585.127033
586.516133
586.608567
586.755533
587.264533
587.872867
587.881333
588.844100
589.375433
590.494667
590.690867
590.956633
591.001733
591.825733
592.480033
592.681000
592.774067
592.940433
593.481300
593.637433
593.715100
594.106700
594.633167
594.790633
594.797233
594.947967
594.968567
595.071267
595.097333
595.168733
595.185433
595.261900
595.683133
595.724767
595.996033
596.003633
596.173133
596.215367
596.289533
596.582400
596.598800
596.784733
596.786733
596.802833
596.896233
597.264267
597.533400
597.550233
597.612700
597.619800
597.766200
597.784700
597.959233
597.977300
598.130400
598.336233
598.359200
598.776733
598.958233
599.283100
599.461300
599.502300
599.504567
599.591500
599.696767
599.788167
599.798567
600.189033
600.211367
600.259800
600.262400
600.293400
600.572500
600.613200
600.721300
600.841767
601.173600
601.209933
601.213667
601.327400
601.341867
601.459567
601.713600
601.828567
601.909600
602.106400
602.164467
602.492033
602.586400
602.626567
602.673633
602.684167
602.707200
602.871500
602.985500
603.028033
603.383767
603.391600
604.085733
604.235067
604.244333
604.741933
604.858067
605.395100
605.522967
606.318767
606.525267
606.819833
606.827367
606.959800
606.992667
607.104500
607.189800
607.309933
607.362767
607.671867
607.908533
607.937467
608.153400
608.728700
608.762667
608.995367
609.536167
609.682133
609.765067
609.784467
610.335033
610.479967
610.842267
610.984467
611.084933
611.182300
612.154033
612.612067
612.645667
612.652767
612.790400
612.795700
613.204800
613.726967
613.769800
614.175000
614.182300
614.375233
614.412467
614.421733
614.439500
614.614567
614.647367
615.024400
615.068567
615.354900
615.455767
615.462800
615.761400
615.787433
615.806067
615.838500
615.841700
615.854200
616.057333
616.071233
616.895233
617.755467
618.033800
618.064900
618.112467
618.215933
618.356267
618.460933
618.468633
618.903900
618.920467
619.230800
619.303700
619.312467
619.327533
619.408400
619.519667
619.583433
619.628233
619.740033
619.767900
619.864200
620.134833
620.224200
620.353533
620.565933
620.616733
620.746033
621.005733
621.155300
621.178900
621.425800
621.472233
621.496300
621.683900
621.735500
622.080400
622.316800
622.375733
622.436000
622.594667
623.391600
623.410633
623.541167
623.557867
623.597667
623.606500
623.868267
623.889900
623.979400
624.006533
624.836700
624.844533
624.860400
625.505167
625.522233
625.873633
625.884433
626.160600
626.228867
626.445300
626.703567
626.965967
626.969633
627.008667
627.153667
627.206033
627.218933
627.804167
627.840467
627.842933
627.846300
628.245000
628.285900
628.349167
628.624500
628.633533
628.907800
629.181667
629.551333
629.955633
630.323600
630.419833
630.583600
630.680133
631.066500
631.256200
631.491167
631.733333
632.213400
632.541233
632.549867
632.722267
633.363567
633.591833
633.768467
633.813533
634.080733
634.151400
634.325767
634.342667
634.816167
635.044333
635.641533
636.071167
636.105633
636.230900
636.238200
636.629800
636.890300
636.997500
637.977200
638.074700
638.247367
638.349400
638.402067
638.924167
639.115100
639.221200
639.429433
639.726133
640.006967
640.063400
640.298900
640.440400
640.647000
640.723467
640.839267
641.005300
641.017267
641.076533
641.225767
641.631200
641.857533
642.228367
642.780867
642.799267
643.076700
643.225933
643.266800
643.619867
643.890300
644.000867
644.074600
644.203667
644.219467
644.632600
645.463433
645.488367
645.588367
645.592700
645.629367
645.884900
646.006300
646.148000
646.450100
646.540800
646.740067
646.792300
646.967767
647.326800
647.354167
647.768433
647.816733
648.147533
648.149733
648.374700
648.417767
648.508267
648.635833
648.721633
648.795300
649.183300
649.200533
649.402167
649.507600
649.541367
649.657000
649.837067
649.885733
650.325033
650.664500
650.825033
651.038200
651.043900
651.083533
651.153033
651.378267
651.809467
651.868733
652.002233
652.162933
652.183400
652.198167
652.205900
652.272300
652.331800
652.548233
652.841800
653.067367
653.095567
653.348167
653.406500
654.000033
654.199333
654.562900
654.789433
654.927400
655.110200
655.191900
655.298000
655.596267
655.735233
655.788567
656.185867
656.458600
656.475067
656.496300
656.541400
656.729967
657.017367
657.780033
657.859900
658.084300
658.486433
658.490300
658.637567
658.903867
658.907633
659.060500
659.073167
659.195733
659.510500
659.559100
660.410233
660.841433
661.668467
661.758300
661.760033
662.070100
662.105600
662.260233
662.354967
662.365000
662.419400
662.576633
662.775267
662.993933
663.257600
663.435500
663.693167
663.745567
663.940500
663.969200
664.234600
664.646800
664.772233
665.015467
665.131933
665.191467
665.195167
665.243233
665.989900
666.014267
666.110933
666.206700
666.421967
666.424867
666.488300
666.609333
666.638333
666.796433
666.873767
666.890933
666.988433
667.517800
667.808467
667.832567
667.858200
668.047400
668.068833
668.355067
668.635933
668.836767
669.544467
669.963467
670.001533
670.779500
670.844367
671.440433
671.648333
671.905000
671.929733
672.686367
672.691067
673.042767
673.176167
673.182433
673.207667
673.233100
673.241633
673.579400
673.731467
673.773533
674.391733
674.416700
674.423567
674.544367
674.637700
675.118133
675.153000
675.176433
675.759667
675.980400
676.090333
676.170533
676.285200
676.635933
676.662233
676.667833
676.874100
677.662167
677.980600
678.046933
678.237067
678.541033
678.553500
678.907700
679.149667
679.290633
679.622633
679.627067
679.717033
679.828367
680.098433
680.157867
680.184667
680.260567
680.301700
680.450667
680.719100
680.828900
681.303367
681.960767
682.129400
682.456667
682.509000
682.548000
682.624400
682.698900
682.827233
682.994333
683.008467
683.462333
683.729167
684.158267
684.326067
684.575433
684.850900
685.244767
685.322700
685.444700
685.556833
685.698033
685.773500
685.807033
685.972500
686.125733
686.176600
686.318500
686.335267
686.607233
686.613400
686.847500
686.934033
686.980867
687.150233
687.416067
688.266700
688.408333
688.600133
688.890567
688.899433
688.916000
688.940833
689.107100
689.109233
689.799800
690.044300
690.050733
690.210900
690.226833
690.245867
690.253633
690.337667
690.417767
690.444667
690.475700
690.547333
690.602733
690.605767
690.945533
692.006433
692.209567
692.266400
692.731200
693.015967
693.045300
693.314867
693.465933
693.590233
693.920900
693.924633
694.043767
694.052900
694.054967
694.113967
694.127133
694.937000
695.038500
695.054600
695.082000
695.217933
695.227867
695.286867
695.404467
695.428733
695.433567
695.534000
695.669600
695.800933
695.943933
696.222433
696.405800
696.706500
696.814367
697.057600
697.223367
697.388567
697.425700
697.518567
697.555467
697.629467
697.631333
697.648167
697.998100
698.259133
698.340467
698.374333
698.574267
698.691500
698.771567
698.854867
699.174000
699.280133
699.301000
700.006233
700.465400
700.515800
700.557933
700.739133
701.266867
701.458733
701.494367
701.632400
701.794367
701.889833
702.307733
702.387367
702.423167
702.437000
702.875567
703.004067
703.625567
703.807567
703.855567
704.361400
704.416600
704.453700
704.532900
704.911300
705.047967
705.455200
705.499133
705.650100
705.679100
705.732333
705.919067
705.965800
706.012567
706.408067
706.416233
706.424433
706.663667
706.710433
706.986400
706.991733
707.070567
707.207600
707.474867
708.174533
708.225333
708.227300
708.372667
709.118800
709.140033
709.401133
709.835200
709.872500
709.912867
709.935433
710.054567
710.161367
710.258767
710.422933
710.445233
710.670733
711.035100
711.041500
711.202733
711.221367
711.316867
711.723333
711.790133
711.934667
712.414367
713.171367
713.230033
713.500300
714.104700
714.291433
714.437767
714.566433
714.686133
714.872733
715.379967
715.517567
715.611600
716.311400
716.318300
716.355067
716.625200
716.770467
716.808800
716.975333
717.323433
717.494167
717.697333
718.427467
718.582167
718.593833
719.090567
720.084867
722.684800
722.873667
723.580833
724.414433
724.416400
724.874767
725.214867
725.512000
725.706767
726.432933
727.067733
727.332400
727.446800
727.456900
727.611300
727.653233
727.894067
728.270767
728.672733
729.102567
729.751000
729.949867
730.070533
730.095100
730.186767
730.508433
730.591700
730.652267
730.743467
730.791567
731.059233
731.153433
731.239300
731.367833
731.390700
731.416900
731.513033
731.680933
732.261133
732.318433
732.465433
733.038667
733.118000
733.176933
733.257700
733.614467
733.616300
733.896767
733.910533
733.940533
733.951533
733.956967
733.981700
733.992800
734.022267
734.883733
735.130100
735.285133
735.396300
735.760667
736.387800
736.448333
736.528500
736.701800
737.062033
737.321700
737.394433
737.758433
737.833433
737.953100
738.014933
738.188800
738.203200
738.294300
738.492133
738.541733
738.550800
738.968600
739.008133
739.107267
739.147267
739.416633
739.892067
740.211433
740.311200
740.796100
740.972900
740.980967
741.577433
741.660433
741.748267
742.023167
742.078333
742.083033
742.265067
742.483600
742.532000
742.615533
743.446767
743.573000
743.876600
744.181233
744.423767
744.702300
744.860167
745.152100
745.207133
745.216867
745.284133
745.430967
745.668100
745.721867
746.181967
746.808633
747.109700
747.114900
747.130767
747.147300
747.151267
747.782233
747.831933
748.149667
748.355900
748.600033
749.154700
749.214233
749.218600
749.341167
749.536433
749.711867
749.793600
749.821900
749.824467
749.826633
749.984333
750.027733
750.080500
750.484000
750.624200
751.163367
751.184500
751.210167
751.313100
751.371767
751.619133
751.759567
751.954100
752.113400
752.274300
752.288400
752.320800
752.665900
752.862400
753.392067
753.394300
753.402033
753.567200
753.637367
753.751567
753.875267
754.047933
754.286233
754.362333
754.408733
754.708333
754.863467
755.186033
755.394933
755.478833
755.734333
755.885533
755.943933
755.954067
756.053267
756.088733
756.489567
756.530333
756.721600
756.734667
757.093067
757.378100
757.653300
757.772833
757.792767
757.914633
758.184333
758.392833
758.595600
758.601633
759.108300
759.526333
759.548533
759.587367
760.050767
760.578067
760.600233
760.726600
760.864900
761.335633
761.883067
762.027000
762.226267
762.251600
762.379533
763.182467
763.239433
763.415067
763.557700
763.672000
763.750433
763.931167
763.955100
764.165067
764.259800
764.317800
764.354533
764.401900
764.404333
764.891333
764.985833
765.025600
765.144833
765.208167
765.301933
765.354300
766.025333
766.256567
766.266867
766.271633
766.508733
767.032233
767.253767
767.458500
767.643467
767.780933
767.823500
767.836033
767.859467
768.070700
768.206333
768.351667
768.617367
768.745833
769.068333
769.380000
769.432200
769.447400
769.861533
769.877700
770.107000
770.467500
770.596567
770.998400
771.672933
772.088633
772.111133
772.162200
772.209700
772.367000
772.497867
772.785433
773.070133
773.329800
773.375433
773.478600
773.770533
774.933667
775.010933
775.038600
775.798433
776.051600
776.163167
776.315233
776.318200
776.522000
776.549367
777.370200
777.483233
777.489000
777.783733
778.137733
778.683400
778.717000
778.747600
778.820267
779.150400
779.223533
779.363667
779.366533
779.509400
779.566767
779.672300
779.806167
779.858533
780.160433
780.387267
781.076067
781.264067
781.546000
781.765800
782.105200
782.370867
782.446467
782.524400
782.722533
782.748367
782.760100
782.811267
782.844633
783.345067
783.451800
783.617000
783.672567
784.492067
785.047433
785.183800
785.531600
785.890667
785.973300
786.193600
786.724567
786.767633
786.844533
786.866533
786.957100
786.979567
787.031933
787.450100
787.477367
787.632033
788.116533
788.454167
788.646633
788.928767
789.559800
789.742200
789.785100
791.746633
792.048833
792.186667
792.229967
792.326000
792.331400
792.334967
792.421867
792.543867
792.555200
792.823333
792.891833
792.940900
792.946467
793.400400
793.506367
793.777200
794.075700
794.598900
794.795200
794.864533
794.944167
795.071867
795.820767
796.207133
796.277533
796.402567
796.582300
796.628300
796.670500
796.870867
797.108900
797.127767
797.214933
797.220233
797.227533
797.319833
797.781800
797.851667
798.098900
798.195233
798.345667
798.621933
798.763700
798.866167
798.964500
799.118667
799.275633
799.457333
799.570267
799.574233
799.600300
799.781633
800.109733
800.219067
800.378400
800.389333
800.732767
800.853533
801.419067
801.591167
801.726667
801.766367
801.848700
802.297700
802.400267
802.976233
803.009967
803.243367
803.751100
804.164567
804.447167
804.455167
804.940533
805.466467
805.825000
805.858167
805.923767
805.995267
806.468767
806.501967
806.946267
807.285500
807.472933
807.505733
808.298900
808.545833
808.579867
808.690267
808.704267
808.774033
808.860467
809.152900
809.238267
809.339167
810.106200
810.507533
810.592333
810.655367
811.076900
811.126867
811.233233
811.351433
811.943900
812.134267
813.174833
813.219367
813.375867
813.644733
813.657433
813.701500
813.722100
813.763867
813.826933
813.911733
814.233800
814.350500
814.571567
814.588300
814.689900
815.113467
815.345167
815.417933
815.850600
816.030867
816.118200
816.178100
816.184167
816.413433
816.827900
817.064700
817.070667
817.404267
817.596400
817.637067
817.725433
817.740167
817.886100
817.903433
818.022667
818.184633
818.292333
819.188000
819.789933
820.321067
820.514933
820.547700
820.825033
820.894733
821.109933
821.264767
821.494300
821.517167
821.543800
821.953767
822.251333
822.427600
822.612167
823.120933
823.294400
823.451467
823.731500
823.804833
823.869400
823.927133
824.436600
824.477733
824.557367
824.575500
824.610100
824.878367
824.897433
825.034033
825.153600
825.296633
825.373567
825.464000
825.573933
825.868800
825.934733
826.202067
826.307700
826.331867
826.531433
826.625267
826.721633
826.762833
826.886600
827.037867
827.163167
827.616467
827.653333
827.677933
828.174433
828.218800
828.362267
828.381200
828.422267
828.497767
828.674767
828.806633
828.838000
828.966400
829.001667
829.018467
829.051100
829.315300
829.573267
829.589333
829.602067
829.694433
830.034467
830.170267
830.287300
830.564433
831.122233
831.550733
832.255700
832.510667
832.524367
832.617367
832.843700
832.931000
833.026000
833.173933
833.263200
833.334200
833.449100
833.525800
833.648500
834.823267
834.918067
834.936133
835.030300
835.117267
835.217533
835.323767
835.679767
835.730233
836.318733
836.389933
836.694933
836.878400
836.962000
837.109467
837.534500
837.563333
837.658033
837.841467
837.873667
837.999800
838.112700
838.292900
838.319700
838.324033
838.355733
838.733533
838.955933
839.076133
839.143833
839.261133
839.336033
839.363700
839.885300
839.926167
840.061400
840.112633
840.398067
841.000367
841.100367
841.454967
841.701600
841.891767
842.058700
842.369367
842.432300
842.669567
842.678967
842.869833
842.873333
843.721167
843.764833
843.800133
844.516133
844.569433
844.603933
844.626967
844.701533
844.743100
844.863300
845.131367
845.269200
845.311833
845.491467
846.971367
847.016500
847.241800
847.448200
847.475867
847.582300
847.672000
847.904867
848.113700
848.866533
849.265033
849.452100
849.480000
849.632600
849.732067
849.801133
850.823433
850.832967
851.051067
851.053933
851.400167
851.574733
851.831833
852.455267
852.642300
853.063833
853.130533
853.342833
853.620567
854.150600
854.360600
854.559267
854.628067
854.678200
854.906233
854.912400
855.062167
855.101000
855.103867
855.418867
855.534067
855.606867
855.931533
856.165400
856.369733
856.468800
856.592000
856.644500
856.771767
856.983967
857.162233
857.186333
857.387367
857.751833
857.766800
857.944267
858.186567
858.842900
858.891233
859.059600
859.348300
860.156567
860.312967
860.719667
860.898300
861.065167
861.084700
861.379500
861.594133
861.639267
862.225933
862.496500
862.719400
862.748000
862.947033
863.164300
863.294667
863.320233
863.328400
863.351833
863.800633
864.078633
864.258100
865.483700
865.492267
865.623200
865.650367
865.896167
865.904733
866.011600
866.232300
866.329000
866.667900
866.710433
866.834400
867.076133
867.126233
867.147867
867.199600
867.509333
867.842867
867.857133
867.935600
868.133867
868.379367
868.416333
868.449567
868.526233
868.554733
868.834333
868.920067
869.347433
869.488600
869.743900
870.049033
870.436167
870.570767
870.594867
870.646200
871.097933
871.301633
871.879500
871.928600
872.147000
872.326367
872.610967
873.041400
873.282567
873.310333
873.448733
874.205500
874.258767
874.341467
874.592800
874.698300
874.839233
874.970833
875.036500
875.228167
875.291033
875.293233
875.335267
875.544533
876.103567
876.355367
876.826133
877.525300
877.882667
877.919633
878.409767
878.458700
878.727133
878.798700
879.092200
879.278100
879.760367
879.803900
880.260467
880.641400
880.904133
881.491200
881.515833
881.601267
881.677367
881.684267
882.025267
882.137300
882.283967
882.623133
882.714700
882.847367
882.912667
883.175933
883.207767
883.374800
883.784833
883.859233
883.896800
884.115567
884.179700
884.437033
884.759400
884.854267
885.421367
885.482167
885.799033
886.028867
886.224167
886.235067
886.322667
886.341767
886.539533
886.851467
886.895967
886.944767
887.000667
887.184367
887.303367
887.499533
887.708167
887.850267
888.107433
888.117267
888.169367
888.501600
888.677467
888.809200
889.001700
889.159500
889.207700
889.359833
889.670500
890.040167
890.053033
890.062267
890.153567
890.184200
890.663933
890.980867
891.258833
891.304900
891.519467
891.860067
891.914567
892.264867
892.360100
892.502867
892.582633
892.691967
892.869933
893.169600
893.506733
893.746333
893.840967
893.904033
894.058600
894.304467
894.474200
894.560967
894.718067
894.799333
894.879433
895.081967
895.278033
895.506333
895.587400
895.722133
895.754700
895.788700
895.818167
896.162667
896.424000
896.767367
896.952600
897.210900
897.638633
897.654767
897.658167
897.824200
898.092967
898.230933
898.365000
898.994467
899.148067
899.173233
899.263100
899.323933
900.115633
900.242200
900.940400
901.072867
901.139033
901.247633
901.294667
901.321000
901.431167
901.465767
901.476300
901.499233
901.517267
901.530633
901.544000
901.686667
901.799400
902.192500
903.017567
903.135800
903.286033
903.950967
904.020267
904.150567
904.441433
904.503933
905.129733
905.243400
905.473433
905.506233
905.597733
905.619100
906.121800
906.354433
907.006400
907.026700
907.129367
908.721633
908.925233
909.150067
909.412267
911.137367
914.358267
914.361167
914.433300
914.436867
914.440600
914.443000
914.453900
915.110333
916.793000
916.867800
916.932067
917.168733
917.170533
917.229967
917.284533
917.498133
917.606400
917.806733
917.819967
917.878267
917.978167
918.170633
918.647533
918.744600
918.775967
918.874867
919.302900
919.389133
919.662567
919.693967
919.766533
919.826300
919.997633
920.009600
920.021567
920.312767
920.484767
920.561033
920.566933
920.980267
920.990233
921.725567
921.752867
921.834300
921.984033
922.047200
922.076167
922.081767
922.177733
922.206567
922.439333
922.650933
922.654233
922.782833
923.008233
923.218100
923.411000
923.500700
923.610367
923.751933
923.755000
923.979300
924.005767
924.035767
924.211367
924.250833
924.278400
924.283533
924.396933
924.878467
925.242433
925.366833
925.385400
925.577867
925.637400
925.715633
925.914233
926.207633
927.231933
927.248767
927.506967
927.752033
927.846600
928.005067
928.225900
928.424733
928.489467
928.554867
928.718600
928.807833
929.037400
929.529733
929.592833
929.595767
929.605300
929.687800
929.919267
930.274700
930.548800
930.897800
930.925333
931.394867
931.413300
931.583533
931.676967
931.882767
932.401067
932.621300
932.942667
932.958167
932.979633
933.008000
933.266067
933.397267
933.720833
933.868900
933.916467
934.470200
934.558133
934.771200
935.105800
935.257433
935.431500
935.491167
935.815300
936.440267
936.494933
936.497300
936.562567
936.645300
936.754533
936.920733
936.984133
937.020200
937.104300
937.139100
937.319200
937.324833
937.450867
937.490900
937.681867
937.818433
937.894233
937.926167
938.182967
938.403467
938.551767
939.457133
939.804733
939.813867
939.857300
939.922033
940.121967
940.222567
940.225867
940.271833
940.282933
940.319600
940.700367
940.802033
940.810033
940.858400
940.894567
941.293867
941.448267
941.458367
941.734067
941.740400
942.060600
942.193300
942.373867
942.437567
942.452133
942.629767
942.829933
943.055633
943.110433
943.187700
943.262233
943.312933
943.508467
943.952600
944.160900
944.304467
944.316633
944.447833
944.490467
944.589433
944.594200
944.653967
945.112600
945.156633
945.288600
945.400667
945.542467
945.599600
945.677133
945.710733
945.937767
945.956600
945.982467
946.268200
946.411800
947.140267
947.352767
947.364200
947.571567
947.601467
947.685500
948.119633
948.144300
948.288100
948.650267
948.738600
948.901633
949.102567
949.233600
949.350367
950.213200
950.271400
950.317333
950.449733
950.760600
950.773267
950.977567
951.694800
951.705233
951.953100
952.163367
952.293867
952.358100
952.540800
952.638567
952.768000
952.898933
952.934933
953.045833
953.224033
953.650900
953.861867
953.888833
953.921967
953.952933
954.066567
954.181767
954.216667
954.279667
954.298033
954.676567
954.872767
955.159800
955.345400
955.597033
955.654167
955.965933
956.037333
956.081433
956.172167
956.572600
956.838067
957.138867
957.266400
957.362933
957.802500
957.856167
957.969800
958.634167
959.054667
959.158500
959.305000
959.641633
959.751700
959.940333
959.976133
960.079400
960.328533
960.465767
960.529767
960.787067
960.926800
961.280400
961.368833
961.408833
961.412300
961.564133
962.061800
962.112100
962.328400
962.471967
962.474667
962.589200
962.697867
962.824133
962.843167
962.965333
962.981667
963.919500
964.526300
964.759967
965.035400
965.085700
965.114033
965.122533
965.323700
965.430533
965.437967
965.615933
965.747967
965.818100
965.949633
966.092900
966.124600
966.128500
966.492867
966.502433
966.528733
966.531200
966.554033
966.715467
966.818533
967.712467
967.959267
968.017900
968.517267
968.610267
968.873267
968.979433
969.006733
969.023767
969.505600
969.579800
969.852133
969.902500
969.912567
970.222700
970.260867
970.427833
970.576033
970.910333
971.334700
971.566500
971.840600
971.935400
972.612633
972.797767
972.844033
972.953167
972.977567
973.048667
973.186767
973.756733
974.153600
974.194367
974.252767
974.418200
974.484700
974.528700
974.530633
975.496233
975.734267
975.755433
975.861167
975.873933
975.992833
976.096067
976.098667
976.216067
976.460667
976.805700
976.955167
976.973233
977.274333
977.480700
977.635067
978.355000
978.460233
978.506167
978.529233
978.561167
978.626733
979.480367
979.768400
979.906567
979.961233
980.176400
980.319167
980.794467
981.007333
981.687633
981.843633
981.849567
982.170600
982.661667
982.848733
982.862000
983.046667
983.057900
983.196800
983.221633
983.509733
983.628567
983.652400
984.262800
984.331267
984.391933
984.728167
984.750900
984.945267
985.082200
985.099267
985.126767
985.219833
985.257833
986.126233
986.148033
986.635000
986.650900
986.666100
986.717000
986.745067
986.893033
986.923333
987.111967
987.145633
987.238700
987.362100
987.379967
987.563667
987.672033
987.996600
988.093000
988.094733
988.364100
988.442233
988.700333
988.808067
988.958500
989.240900
989.454967
989.491300
989.606367
989.863567
989.999367
990.394967
990.405933
990.480533
990.744067
990.758133
991.191500
991.716700
992.599600
992.685700
992.698733
992.846800
992.988200
993.181767
993.204733
993.602467
993.779467
993.860067
993.987700
994.092700
994.276500
994.324233
994.375367
994.488400
994.551800
994.720467
994.842200
994.853633
995.591267
995.897367
996.039300
996.450900
996.518500
996.665067
996.932900
996.973467
997.055967
997.256367
997.732567
997.735000
997.852633
997.920633
998.066267
998.175667
998.214967
998.217500
998.319300
998.545600
999.174233
999.262367
999.628333
999.649133
999.762367
999.785800
999.966067
1000.018233
1000.022033
1000.166267
1000.168467
1000.573500
1000.647767
1000.715267
1000.810900
1000.911833
1001.127200
1001.408433
1001.659233
1001.786033
1001.934433
1002.326433
1002.679333
1003.065567
1003.210400
1003.282167
1003.365367
1003.467000
1003.547900
1003.549733
1003.781167
1003.895067
1004.443033
1004.893267
1004.952733
1005.047200
1005.387200
1005.767467
1005.856633
1005.864467
1006.172067
1006.184733
1006.491000
1006.562833
1006.608567
1006.695467
1006.742400
1006.778267
1006.932833
1006.962533
1007.131067
1007.161967
1007.564867
1007.566500
1007.715700
1007.778267
1007.864100
1007.928900
1008.530600
1008.639600
1009.088533
1009.121167
1009.131300
1009.181233
1009.518000
1009.739833
1009.961133
1009.972833
1010.050900
1010.121067
1010.322800
1010.389333
1010.418500
1010.579333
1010.596800
1010.726033
1010.842433
1010.946200
1011.057500
1011.265367
1011.307000
1011.344767
1011.447200
1011.483267
1011.721700
1011.793267
1011.907633
1012.335967
1012.573367
1012.646400
1012.831300
1013.065200
1013.170367
1013.663833
1013.966667
1014.405600
1014.644200
1015.202533
1015.482433
1015.784067
1015.915400
1016.113067
1016.139867
1016.282000
1016.654100
1016.666067
1016.796200
1017.038300
1017.128567
1017.730467
1017.792500
1017.906233
1018.081167
1018.169200
1019.064700
1019.497533
1019.690700
1019.755800
1020.133000
1020.208400
1020.272867
1020.285967
1020.353800
1020.395033
1020.487067
1020.660800
1021.241000
1021.246233
1021.293067
1021.350700
1021.979400
1021.984567
1022.017167
1022.106067
1022.219900
1022.224633
1022.529300
1022.540600
1022.593867
1022.623200
1022.689567
1022.862533
1023.135567
1023.188000
1023.496767
1023.571333
1023.774333
1023.795067
1023.916433
1023.957267
1024.015333
1024.171333
1024.417000
1024.625600
1024.641500
1024.746900
1024.950033
1025.236100
1025.274500
1026.076000
1026.196933
1026.211700
1026.344200
1027.500733
1027.846833
1028.784533
1028.850567
1029.196833
1029.721233
1030.179067
1031.024167
1031.500700
1033.069533
1033.239867
1033.254467
1033.348433
1035.339567
1035.783167
1035.842867
1036.190267
1036.271067
1036.388800
1036.850067
1037.567867
1037.581200
1038.061100
1038.323733
1038.482367
1038.546033
1038.616867
1038.996400
1039.178300
1039.324533
1039.447833
1039.476867
1039.493733
1039.510500
1039.515367
1039.525667
1039.569167
1039.669833
1039.859900
1040.153767
1040.213233
1040.418833
1040.526033
1040.534233
1040.741500
1041.027967
1041.113567
1041.150967
1041.525067
1041.545433
1041.736233
1041.881233
1041.996533
1042.105300
1042.115600
1042.181167
1042.210767
1042.817033
1042.885333
1043.208133
1043.286667
1043.834600
1043.849933
1043.962733
1043.967467
1043.978267
1044.187767
1044.273433
1044.288900
1044.329167
1044.577967
1044.623000
1044.636267
1044.820267
1045.020467
1045.194933
1045.239167
1045.515467
1045.749767
1045.780267
1046.115900
1046.148300
1046.413200
1047.043167
1047.150933
1047.276367
1047.306500
1047.467000
1047.520267
1047.787367
1047.942800
1048.070367
1048.158867
1048.235233
1048.528267
1048.716400
1049.163000
1049.211500
1049.439933
1049.489667
1049.708667
1049.729100
1050.259833
1050.431167
1050.557933
1050.729233
1050.813333
1050.876233
1050.940967
1051.090333
1051.865100
1051.889533
1051.934700
1051.939467
1051.993700
1052.002033
1052.078633
1052.395500
1052.552233
1053.068367
1053.209733
1053.260600
1053.346167
1053.664200
1053.800033
1053.838733
1053.969767
1054.265100
1054.421100
1054.805867
1054.928900
1055.405900
1055.415467
1055.467500
1055.586467
1055.589600
1055.602900
1055.737967
1055.992433
1056.492433
1056.650500
1056.663067
1056.699200
1056.809100
1056.845967
1057.374000
1057.474900
1057.551333
1057.729767
1057.868033
1057.957033
1057.996933
1058.732267
1059.258000
1059.489967
1059.576100
1059.831767
1060.019433
1060.483900
1060.532200
1060.631333
1060.837533
1061.231467
1061.388000
1061.447233
1061.733100
1062.214133
1062.239767
1062.683833
1062.751633
1062.777067
1062.920033
1063.008833
1063.184000
1063.500133
1063.706967
1063.740767
1063.878633
1063.960233
1063.987767
1064.175033
1064.808933
1065.414467
1065.493000
1065.585267
1065.588000
1065.615400
1065.921200
1066.058100
1066.116400
1066.127800
1066.180600
1066.294133
1066.532467
1066.604533
1066.652433
1067.171700
1067.199467
1067.332800
1067.353333
1067.614867
1067.633400
1067.682467
1067.707700
1067.713433
1067.804600
1067.871767
1067.902033
1067.986267
1068.171067
1068.221667
1068.288367
1068.833633
1068.935567
1068.949267
1069.030100
1069.168400
1069.714000
1070.014633
1070.077267
1070.085600
1070.259033
1070.293533
1070.453900
1070.467867
1070.514900
1070.531233
1070.912367
1070.967733
1071.038600
1071.345300
1071.502733
1071.590533
1071.770467
1071.867900
1072.125367
1072.393867
1072.780100
1072.971433
1073.282133
1073.319067
1073.859900
1074.271700
1074.419567
1074.953067
1075.389933
1076.431133
1076.476833
1076.543833
1076.579333
1076.601333
1076.898067
1077.081567
1077.087767
1077.095800
1077.125300
1077.352333
1077.610767
1077.773067
1077.822700
1077.845900
1078.419000
1078.717933
1078.918200
1079.498067
1079.887833
1080.203867
1080.478200
1080.865833
1081.392100
1081.499667
1081.656567
1081.902000
1081.986000
1082.085133
1082.735800
1082.820767
1082.898600
1083.036500
1083.195633
1083.361533
1083.451600
1083.465300
1083.510233
1083.586233
1083.676733
1083.733700
1083.783967
1083.992533
1084.178700
1084.306367
1084.694000
1084.852767
1085.013533
1085.754300
1085.813567
1086.376533
1086.567400
1086.760933
1086.854000
1087.046600
1087.139267
1087.221067
1087.630067
1087.665467
1087.690733
1087.729933
1088.187667
1088.233633
1088.739267
1088.750333
1089.004633
1089.123300
1089.360167
1089.598067
1089.629600
1089.730667
1090.053267
1090.531700
1090.559233
1090.652467
1090.794000
1090.814600
1090.929333
1090.961433
1091.239300
1091.916367
1092.400533
1092.537033
1092.858933
1093.104367
1093.122267
1093.307633
1093.607333
1093.822800
1094.078100
1094.213800
1094.233300
1094.456667
1094.465933
1094.531300
1094.784133
1095.003500
1095.146667
1095.151333
1095.219600
1095.251200
1095.311933
1095.373067
1095.458733
1095.664467
1095.730500
1095.908933
1095.914367
1095.937733
1096.301300
1096.881567
1097.006267
1097.124233
1097.392633
1097.437500
1097.861100
1097.906967
1097.922867
1097.948100
1098.073900
1098.363833
1098.435400
1098.488233
1098.596567
1098.743333
1098.917333
1099.146667
1099.182433
1099.252067
1099.354733
1099.619233
1099.877133
1100.014933
1100.049900
1100.133767
1100.219367
1100.308933
1100.436767
1100.681933
1100.691133
1100.726467
1101.348833
1101.446567
1101.543067
1101.679700
1101.962867
1102.446900
1102.632567
1103.280433
1103.538300
1103.723833
1103.759533
1103.776300
1103.867833
1104.289533
1104.436633
1104.838067
1105.089867
1105.185967
1105.285000
1105.289567
1105.308500
1105.358267
1105.455367
1105.499867
1105.552233
1105.589800
1105.636900
1105.930000
1106.117300
1106.818800
1107.183500
1107.326933
1107.487267
1107.688833
1107.694600
1107.871567
1107.968433
1108.199700
1108.504167
1108.943600
1109.232233
1109.236033
1109.673733
1109.737033
1109.788033
1110.048867
1110.163933
1110.600233
1110.720667
1110.735033
1111.047267
1111.085867
1111.162633
1112.700133
1113.194667
1113.992567
1114.602333
1114.707533
1114.814567
1114.873833
1115.573700
1115.592767
1115.667533
1115.731667
1115.772967
1115.803400
1115.810600
1115.908100
1115.919400
1115.998333
1116.093133
1116.183000
1116.349167
1116.840833
1116.882533
1117.175133
1117.305767
1117.720200
1117.725500
1117.892633
1117.958033
1118.271633
1118.278533
1118.776400
1118.905533
1119.089667
1119.198867
1119.422900
1120.269500
1121.152800
1121.624067
1121.847367
1121.920167
1121.929867
1122.283400
1122.555967
1122.866600
1122.878967
1122.908833
1123.186133
1123.871733
1124.199533
1124.676900
1125.350333
1125.573100
1125.881767
1126.066900
1126.800333
1127.024967
1127.506100
1127.547900
1127.559467
1127.750133
1127.881533
1128.101367
1128.608500
1128.681100
1128.856133
1128.873367
1128.904667
1128.914767
1128.933867
1128.989933
1129.098467
1129.349333
1130.011267
1130.372800
1130.879800
1131.034100
1131.313067
1131.480433
1131.489800
1131.650267
1131.654600
1131.687600
1132.127233
1132.941267
1133.023633
1133.373833
1133.702133
1133.843833
1134.174067
1134.233733
1134.501267
1134.507600
1134.517133
1134.539667
1134.587000
1134.877867
1134.985633
1135.012867
1135.625833
1135.717067
1136.101933
1136.326767
1137.024033
1137.144500
1137.284833
1137.660167
1137.986933
1137.992633
1138.006400
1138.191967
1138.262633
1138.267267
1138.423867
1138.525800
1138.763767
1138.797633
1139.100233
1139.290733
1139.836700
1140.022067
1140.085333
1140.133700
1140.145067
1140.169800
1140.291200
1140.387067
1140.392933
1140.615033
1140.792233
1140.912300
1142.353533
1142.677100
1142.862833
1142.901633
1142.939900
1143.156233
1143.412267
1143.464467
1143.639900
1143.906000
1143.975867
1144.028433
1144.298500
1144.830900
1145.667933
1145.743067
1145.769000
1145.770667
1146.732000
1146.836033
1147.503167
1147.834500
1147.892133
1148.375033
1148.394600
1148.593467
1148.613633
1148.715433
1148.986900
1149.094433
1149.139733
1149.202000
1149.306433
1149.474133
1149.793033
1149.871300
1149.922767
1150.024867
1150.414833
1150.610000
1150.623000
1152.266133
1152.339667
1152.610433
1152.714533
1152.829267
1153.069433
1153.246333
1153.479533
1153.565333
1153.767867
1154.386533
1154.389767
1154.497600
1154.906067
1155.343167
1155.669833
1155.679633
1155.732200
1155.788633
1156.029833
1156.297967
1156.793533
1157.001767
1157.719167
1158.016300
1158.052567
1158.579167
1158.659900
1158.905400
1158.948467
1158.961933
1159.272667
1159.285167
1160.191533
1160.589933
1160.701300
1160.738367
1160.916400
1160.939567
1160.984100
1160.989133
1161.694133
1162.496900
1162.581233
1163.042233
1163.168733
1163.184800
1163.336700
1163.369333
1163.376833
1163.492600
1163.644200
1164.172667
1164.307100
1164.397733
1164.535733
1164.608067
1164.621267
1164.806433
1164.858833
1165.004667
1165.066467
1165.101533
1165.187533
1165.276200
1165.415700
1165.481500
1165.818467
1165.839467
1165.925533
1166.235467
1166.251267
1167.240533
1167.339933
1167.615733
1167.949400
1168.009000
1168.096867
1168.197300
1168.303433
1168.369133
1168.524767
1168.531167
1168.661533
1168.682067
1168.844767
1169.017500
1169.153633
1169.171000
1169.300900
1169.348467
1169.439567
1169.465133
1169.982633
1170.040700
1170.073600
1170.187967
1170.232533
1171.118933
1171.226967
1171.306400
1171.350367
1171.572500
1172.291100
1172.488400
1172.768600
1172.886267
1173.374100
1173.453567
1173.461133
1173.625567
1173.646033
1173.805800
1173.872867
1174.176900
1174.348900
1174.640867
1174.747467
1175.078233
1175.165467
1175.367533
1175.790000
1175.834033
1175.878867
1175.884167
1175.977267
1176.156833
1176.622133
1176.736800
1176.820433
1176.824333
1176.957867
1177.067333
1177.162067
1177.341600
1177.523900
1177.718300
1177.722067
1177.775967
1177.804233
1177.809933
1177.862567
1178.269100
1178.453533
1178.715867
1178.821700
1179.105233
1179.230900
1179.373133
1180.404067
1180.456433
1180.461500
1180.851133
1180.912633
1180.916633
1181.318500
1181.690033
1182.267733
1182.661633
1182.702933
1183.067667
1183.094267
1183.167567
1183.839933
1183.886933
1184.028767
1184.263267
1184.296000
1184.426667
1184.582000
1184.918267
1185.102033
1185.660533
1185.749867
1186.128433
1186.302033
1186.373333
1186.513800
1186.602000
1186.637800
1186.988267
1187.078567
1187.766433
1187.982967
1188.017300
1188.086533
1188.387133
1188.530200
1188.621433
1189.243900
1189.376433
1189.412600
1189.449933
1189.481000
1189.602967
1189.659033
1189.886367
1189.941000
1190.298700
1190.395600
1190.568833
1190.639000
1190.785900
1190.787533
1190.801233
1190.807467
1190.849667
1190.940733
1190.991667
1191.058833
1191.233000
1191.615633
1191.674367
1191.769167
1191.844967
1191.934067
1192.012133
1192.140100
1192.272833
1192.312267
1192.515733
1192.590733
1192.744367
1192.784933
1192.820533
1192.953300
1193.100333
1193.207633
1193.465000
1194.287133
1194.321167
1194.348067
1194.421233
1194.425933
1194.428433
1194.433267
1194.466500
1194.510467
1194.512867
1194.578467
1194.583767
1194.629100
1194.822633
1194.881233
1194.945333
1195.054667
1195.757600
1195.828767
1196.496000
1197.074667
1197.120267
1197.594600
1197.924433
1197.973400
1197.983467
1198.268733
1198.474633
1198.600333
1198.615033
1198.702300
1199.343733
1199.544100
1199.802000
1199.912767
1200.160100
1201.464833
1201.762233
1201.929733
1202.017933
1202.319633
1203.006400
1203.022433
1203.037533
1203.099367
1203.103133
1203.325867
1203.370433
1203.441000
1203.527500
1203.543633
1203.690867
1204.383533
1204.406000
1204.589700
1205.931333
1206.169967
1206.265800
1206.399333
1206.441300
1206.650000
1206.844667
1207.494167
1208.362333
1208.661833
1209.210900
1209.244000
1209.343067
1210.111567
1210.499500
1210.557967
1210.668433
1210.948833
1211.244867
1211.778200
1212.034567
1212.191800
1212.702333
1213.051867
1213.118633
1213.174000
1213.685333
1213.809267
1214.143567
1214.658133
1214.776833
1215.070733
1215.155433
1215.267600
1215.295333
1215.299567
1215.312333
1215.340333
1215.389767
1215.420067
1215.517100
1215.588700
1215.995633
1216.213533
1216.662867
1216.862633
1216.889233
1216.921600
1217.128133
1217.372600
1217.558500
1217.716733
1217.737567
1217.854233
1217.866200
1218.044267
1218.083167
1218.731033
1219.258567
1219.896400
1220.195600
1220.437567
1220.748600
1221.691900
1221.846200
1222.093667
1222.377033
1222.649800
1222.709167
1222.712067
1222.805133
1223.023267
1223.306533
1223.398800
1223.513133
1223.953600
1224.005467
1224.862233
1225.180333
1225.584333
1225.728067
1225.954767
1226.139100
1226.260400
1226.351600
1226.518867
1226.552600
1227.497500
1227.708933
1227.857433
1227.920000
1228.171200
1228.282133
1228.509633
1228.537567
1229.232067
1229.327733
1229.564900
1229.631700
1230.334600
1230.445100
1230.499900
1230.710267
1232.711900
1232.821467
1232.956833
1232.962633
1233.244000
1233.679433
1233.746367
1234.233767
1234.303033
1234.559867
1234.751667
1235.085967
1235.384133
1235.478667
1235.605900
1235.831233
1235.950267
1236.141967
1236.153400
1236.175867
1236.178533
1236.209300
1236.223400
1236.258333
1236.655533
1236.723333
1236.732633
1236.783433
1236.848933
1237.149300
1237.151033
1237.214867
1237.331667
1237.574300
1237.829700
1237.924433
1238.095800
1238.285167
1238.318933
1238.424467
1238.435533
1238.642967
1238.804967
1238.879033
1239.215100
1240.259300
1240.282467
1240.300000
1240.930267
1241.828667
1241.970000
1242.472600
1242.737733
1242.898667
1243.476000
1243.638800
1243.735600
1243.748433
1244.926867
1245.023900
1245.221300
1245.260133
1246.029533
1246.582133
1247.097000
1247.296767
1247.517000
1247.784667
1247.963200
1248.503500
1249.238300
1250.177967
1250.184067
1250.219633
1251.282400
1251.494400
1251.601633
1252.738133
1253.090867
1253.523867
1253.769867
1253.919500
1254.256033
1254.623067
1254.673967
1254.852933
1254.923633
1254.967533
1255.179333
1255.201333
1255.243567
1255.359167
1255.565667
1255.593300
1255.781133
1255.795867
1255.911567
1256.974233
1257.067433
1257.088733
1257.139200
1257.292233
1257.345000
1258.101167
1258.320667
1258.634233
1258.724600
1258.933600
1259.250300
1259.387733
1259.649000
1261.490033
1261.587333
1261.988967
1262.297633
1262.412467
1263.832133
1264.110533
1264.443000
1264.520633
1264.738100
1264.986767
1264.989267
1266.464700
1266.637133
1266.935167
1268.245733
1269.239267
1269.717100
1269.874867
1270.048967
1270.668000
1270.680133
1271.303433
1271.724633
1271.870567
1271.895567
1271.990933
1272.092200
1272.270567
1272.417333
1273.952800
1274.309500
1274.624033
1274.821067
1274.923967
1274.981800
1275.052233
1275.600567
1275.922000
1276.153267
1276.493400
1276.735433
1277.017300
1277.334833
1277.878167
1277.883900
1277.908600
1277.981367
1278.214800
1278.231533
1278.617767
1278.735900
1279.081133
1279.161500
1279.405533
1279.424333
1279.535000
1279.542567
1279.635333
1280.209067
1280.889067
1280.930867
1281.174333
1281.408133
1281.651733
1281.707967
1281.985100
1282.407167
1282.740067
1283.389533
1283.458133
1283.482833
1283.742533
1284.124967
1284.134500
1284.453233
1284.791100
1284.901933
1285.127667
1285.160667
1285.430667
1285.690900
1285.783933
1285.786500
1285.836333
1286.570867
1287.135500
1287.395400
1287.400833
1287.687267
1287.766000
1287.894933
1287.920767
1288.060867
1288.332067
1288.386233
1288.389467
1288.607967
1288.646967
1288.711933
1288.971500
1289.074433
1289.087133
1289.167100
1289.220733
1289.735433
1290.774200
1290.860833
1291.071967
1291.266867
1291.324433
1291.516733
1291.558600
1291.573100
1291.783633
1292.157967
1292.297500
1292.478333
1292.503333
1292.797600
1292.816800
1292.924500
1292.959033
1293.156800
1293.555733
1293.641200
1294.174533
1294.228300
1294.248033
1294.290933
1294.304933
1294.333400
1294.508133
1294.890400
1294.923333
1295.062800
1295.288633
1295.414867
1295.731767
1295.846133
1295.988267
1296.244967
1296.284467
1296.352267
1296.402533
1296.442500
1296.488933
1296.691567
1296.731500
1296.889033
1297.245833
1297.300067
1297.473533
1297.658800
1297.709867
1298.488600
1298.709200
1299.363967
1299.460133
1299.970100
1300.415533
1300.974333
1301.049733
1301.149133
1301.262733
1301.341333
1301.817967
1302.488967
1302.618700
1302.780733
1302.878033
1303.064533
1303.116633
1303.140633
1303.778767
1303.804333
1303.864067
1303.870333
1303.991900
1304.578167
1304.671900
1304.690467
1304.881967
1305.165567
1305.408333
1305.869967
1306.109667
1306.116767
1306.120433
1306.528100
1306.655800
1306.727433
1306.801033
1307.614133
1307.688333
1307.823967
1308.050167
1308.271667
1308.493900
1308.515000
1309.058567
1309.541400
1309.552267
1310.164933
1310.377067
1310.380467
1310.441633
1310.542567
1310.621567
1311.194933
1311.584300
1311.706733
1312.341267
1312.395400
1312.446133
1312.646200
1312.709767
1312.819100
1312.831133
1313.074800
1313.561867
1313.738933
