0.287033
3.214733
3.353767
4.287167
4.469567
4.870233
5.817300
7.333100
7.475600
7.538767
7.660700
7.701133
7.891367
8.641067
9.107767
9.191367
9.667600
10.356400
11.868067
13.015900
13.147200
13.221467
13.369500
13.460133
13.787900
13.841033
14.380900
14.579600
14.724367
14.871467
15.076933
16.265767
16.510633
16.989833
17.100700
17.233567
17.340600
17.603733
17.928433
17.961267
18.256600
20.110933
20.997467
21.460333
22.892700
23.068333
23.156200
23.213267
25.192167
25.616167
26.038767
26.364633
27.050267
27.217300
27.286867
27.493667
27.696633
27.893167
29.027433
29.699167
29.912300
30.076500
30.221933
31.271433
31.883400
31.995667
32.558033
32.622467
33.535567
34.442400
34.589533
34.894133
35.577067
35.997767
36.474267
36.571100
37.166567
37.515000
38.231533
38.398100
38.836767
39.203900
39.219633
39.553367
39.658700
39.944133
40.675067
40.692000
41.003733
41.165633
41.845800
42.344767
43.113333
43.320233
43.520400
44.030833
44.227667
45.310733
45.553600
45.762400
46.190567
47.311867
48.395633
48.606267
49.697367
49.770433
51.285700
51.595300
52.633667
52.930733
53.099167
54.538667
54.631967
54.833400
55.715767
56.066567
56.464033
56.939533
57.290867
57.472333
57.497133
57.576200
57.651567
57.957667
58.186933
58.696567
59.009967
59.173967
59.318733
59.325700
59.381167
59.546167
59.630667
59.843033
60.133633
62.047100
62.154233
62.219233
62.574967
63.100100
63.161567
64.032867
64.634700
65.308133
67.348100
67.733400
67.857200
68.006000
68.036833
68.343233
68.662767
69.737533
70.133367
70.172500
70.195933
70.592600
70.617833
70.680233
70.816200
70.898867
71.269633
71.298200
71.643867
71.922067
72.104467
72.176767
72.456667
72.668700
73.081433
73.210667
73.389767
73.568667
73.637500
73.695033
73.780200
75.447933
75.610200
76.005867
76.756433
76.763667
77.314900
77.373400
78.020767
78.203867
78.484600
79.011800
80.066600
80.791467
80.982800
84.417700
85.550700
88.041233
88.112533
88.562267
89.165200
90.864300
91.010833
91.140167
91.179233
91.435000
91.973067
92.373667
92.473633
92.559800
92.896867
93.255700
93.309000
94.321833
95.598667
95.831700
97.570667
97.759400
97.923633
100.137500
100.901933
101.607700
101.724033
103.770867
105.583133
106.262300
106.755233
106.790700
107.000933
108.165133
108.922333
109.160233
109.415433
109.522900
109.835733
109.905733
110.089967
110.180800
110.873600
111.407233
112.564867
112.918633
112.974467
113.232400
113.476567
113.683900
113.780367
114.248833
114.743600
115.728800
116.919300
116.974967
117.394900
118.586933
119.477433
119.693233
120.031867
120.389833
120.574767
120.761633
121.121400
121.358433
121.393800
121.636300
121.800800
121.862533
122.153200
122.216133
122.418333
122.485633
124.120967
125.997267
126.543133
126.678700
126.737833
126.803500
127.761733
128.470667
128.837233
129.473600
130.039767
130.329800
130.904833
131.120600
131.272133
131.614767
131.807733
131.870300
132.352167
132.451600
132.991433
133.127267
133.782333
134.426433
134.941300
135.296700
136.049667
137.367267
137.780567
138.774000
138.881867
139.272467
139.411133
141.269267
143.532933
144.473133
144.846267
144.888367
145.707100
145.951167
146.042833
146.209733
146.504567
146.969100
147.012000
147.226167
147.465867
147.718967
147.878200
148.138133
148.237567
148.777933
148.862433
149.040733
149.208867
149.316167
149.523733
149.736900
150.008433
150.267600
150.615633
150.643267
151.181333
151.197600
151.310067
151.351100
151.423167
151.560400
151.776467
153.454533
153.591933
153.799167
154.080333
154.150800
154.842067
155.290167
155.928633
157.791000
157.820267
157.983200
158.379367
158.412067
158.944600
159.153900
159.381600
159.465400
159.735733
159.766867
159.983033
160.229867
160.410600
160.468700
160.542667
160.830767
160.990900
161.214933
161.669567
161.973167
162.315600
162.622867
165.052067
165.395400
165.479633
165.836833
166.139967
166.801600
167.170833
167.362267
170.215633
170.686567
170.867200
171.201900
172.445267
173.478400
173.793100
174.400933
177.046367
177.123467
177.328300
177.685833
180.602733
181.032367
182.222667
182.548567
182.744600
182.871300
183.085233
184.368067
185.396033
185.717600
185.919600
186.010167
187.095600
187.150900
187.541267
187.824433
189.361567
191.833600
192.643367
192.788233
192.836833
193.238300
193.494133
193.543033
194.498233
195.636500
196.436500
197.071633
197.098133
197.605600
197.722067
197.902567
198.047600
198.158033
198.488900
200.127233
200.626500
200.780767
202.841100
203.215033
203.331633
203.671733
203.717900
203.938633
204.222733
204.964233
205.524867
207.318100
207.732867
208.694167
209.787867
209.821967
209.980533
210.082567
210.781367
211.355633
211.599600
211.633400
211.706767
211.787300
211.815967
212.052333
212.518833
212.819700
213.724933
213.969400
215.517167
216.410933
216.534367
216.584533
216.740367
217.314767
217.475400
217.520300
217.854533
218.380633
218.468800
218.989033
219.030133
219.122567
220.008400
220.131833
221.359967
221.797300
221.818267
222.225767
222.343167
222.796967
223.766433
223.885500
225.058433
225.471867
225.556300
226.829433
226.861967
226.967767
227.005300
227.146100
227.195567
227.246633
227.271000
227.920900
228.090033
228.308467
228.644433
228.710967
228.828667
228.868567
229.177833
229.462767
229.697367
231.203133
231.357133
232.059200
232.292533
232.670467
232.726067
232.913467
233.358733
233.921467
233.961433
234.890933
235.159833
235.809333
236.841867
236.880700
236.922067
237.575767
237.737567
238.199467
239.156233
240.777600
242.016900
242.249100
242.650100
242.770067
243.319800
243.727267
243.781467
245.090100
245.284167
245.376100
245.481833
245.514100
249.373933
249.413200
249.469167
249.502200
249.557733
250.357600
250.400300
250.774833
251.276833
251.895533
252.085400
252.428533
252.620467
252.978367
253.879933
254.232200
255.200533
255.981900
256.049433
257.012000
258.127967
258.204000
258.274267
259.531667
259.862500
259.998033
260.077200
260.130167
260.636500
260.659333
260.865733
261.004133
261.154267
261.406967
261.492200
261.619600
261.747833
262.521233
263.350867
265.062333
266.006900
266.179867
268.419433
268.761333
269.050400
273.131467
273.329767
273.858467
274.715533
274.825600
274.966300
275.060700
275.560800
275.643933
275.778200
275.819833
276.672100
276.889900
278.861700
279.885267
280.644433
281.304467
281.980700
282.500667
282.568800
282.772667
282.999333
283.314067
283.355533
283.842300
283.942367
285.422967
285.532467
285.862033
285.922433
286.259400
286.376900
286.418167
286.437133
286.516667
286.552733
287.033533
287.090700
287.241967
287.620967
287.949133
288.765733
289.902167
290.003100
290.377300
290.753000
290.894767
291.868533
292.738800
293.256633
293.339200
293.424867
294.657700
294.936033
295.031533
295.537333
295.853567
296.298533
296.551733
296.765267
297.120800
297.936000
298.165733
298.815167
300.650867
301.530500
301.683533
302.475467
302.668767
303.058200
303.193033
303.965867
304.496200
305.706900
305.737700
306.044667
306.177900
306.381967
306.443167
306.852700
307.846167
307.947933
308.061667
308.338467
310.006200
310.169433
310.200433
311.089633
311.866833
311.928467
312.001300
313.039333
313.089767
313.389233
313.692667
314.249833
314.352000
314.643633
314.800600
315.212600
315.323267
315.711333
315.892533
316.022300
316.182533
316.219900
316.436767
316.538667
319.182800
319.353867
319.500200
319.800967
319.955100
320.680200
321.067600
321.487867
321.517467
321.725933
323.330233
324.093200
324.644500
324.733533
324.871833
324.928000
325.614267
325.664767
326.101367
326.841000
326.991167
327.062133
327.117167
327.430767
327.703500
327.930000
328.071533
328.487100
328.639067
328.699500
328.937100
329.258333
329.374000
329.492767
329.980633
330.351467
330.437133
330.887333
330.989867
331.155500
331.256167
331.514433
331.656800
332.242667
332.342133
332.422400
332.668100
332.910100
333.273133
333.371267
333.851200
334.227833
334.604033
335.196033
335.732200
335.880967
335.941267
336.125100
336.504433
336.923167
337.840367
338.057400
338.106433
338.147500
338.253800
338.561200
339.073400
339.305933
339.621633
339.675200
339.835467
339.858467
339.928267
340.031467
342.770400
343.135833
343.354767
343.655067
345.470633
345.506200
345.568567
346.036633
347.276000
347.603800
348.231300
348.560633
349.261200
349.365400
349.600400
349.671133
349.730600
349.847900
350.532500
350.798900
350.880300
353.779967
354.870633
355.467867
355.687100
356.142800
356.769300
356.906633
357.124500
357.326933
358.141367
359.909267
360.187133
360.293267
360.735167
360.979233
363.255767
363.559267
365.570167
366.095833
368.141033
368.224367
369.805267
370.384900
370.931033
371.105000
371.417267
372.266133
372.376633
372.390100
372.531267
372.721033
373.141033
373.520800
373.783633
374.580033
375.459467
375.707067
376.026900
376.675267
376.774700
376.824933
376.906300
377.478833
377.537333
378.192700
379.161067
379.517500
379.725600
380.609067
380.890000
381.639767
381.767867
381.984400
382.089033
382.117833
382.426867
382.460067
382.648233
382.886500
383.184467
384.703167
384.781833
385.059533
385.789833
386.366900
386.696867
386.890000
387.013467
388.702600
388.893700
388.989367
389.707700
390.193133
390.636533
392.082500
392.511033
392.661300
392.788200
393.990567
394.027600
395.470767
396.294100
396.520167
396.643033
397.120633
398.578733
400.139933
400.803267
402.398700
402.462300
402.664200
402.837333
402.873200
403.260600
404.006233
404.749700
405.416200
405.473367
405.692333
405.877700
406.675700
406.746000
407.341733
407.675933
407.727433
407.909200
408.207467
408.374367
408.684067
409.316333
409.505867
409.582600
409.888067
409.922033
410.880833
411.645367
411.698767
412.107133
412.398067
412.809600
412.973933
413.241433
413.368467
413.719933
413.911367
414.038933
414.374433
414.519000
416.004033
416.787633
416.872233
416.904133
416.942767
417.027767
417.130300
417.196333
420.669900
421.191633
421.292700
421.347000
421.400600
421.768700
421.904100
421.949467
421.981200
422.672833
423.068100
423.251467
423.443567
424.126967
424.544600
424.868133
426.006833
427.295900
427.367367
427.434000
427.768367
427.942267
428.298533
429.142600
429.688700
429.776533
429.819900
430.055700
430.132300
430.424933
431.867067
432.286267
433.622367
433.892533
434.012233
434.692100
435.036467
435.496000
436.973633
437.024933
437.307967
437.654500
438.123300
438.431133
439.185167
439.242433
439.365667
439.411367
439.575800
439.771767
439.884033
440.381867
440.529333
440.760667
440.780733
441.030833
441.123200
441.241467
441.928800
442.206700
442.250733
442.329067
442.364033
443.270700
443.578100
443.671067
444.043133
444.096833
444.128300
444.396533
444.428333
444.774533
444.996467
445.007933
445.279433
445.372367
445.592733
445.636833
445.879600
446.048900
446.575967
446.637567
447.465933
448.536367
448.826833
449.089600
449.248700
449.271200
449.329733
449.622200
450.380733
450.914100
451.005667
451.236067
451.508867
452.182733
452.325533
452.432633
452.476667
452.820400
452.852367
453.126633
453.374867
453.814400
453.881000
454.457633
454.720933
455.331533
455.980567
457.428800
457.790000
458.418100
458.670000
458.824600
459.281767
459.335400
459.900633
459.928000
460.497200
460.751300
460.793900
461.007433
461.954467
465.461967
465.488633
465.676900
466.478533
466.745167
466.986600
467.305767
469.818133
471.242500
471.539900
472.057833
472.386800
473.832667
474.642100
474.826600
476.516467
476.859067
476.956600
477.139800
479.664433
480.292233
481.825767
482.437367
482.553900
482.772733
482.887567
483.668233
484.055867
484.150267
485.014733
485.626767
487.289300
488.367467
488.538533
488.937467
489.446833
489.489433
489.560133
491.827967
491.884667
493.495667
493.743633
493.786400
494.251033
494.415200
494.708267
494.812467
495.390733
495.782500
495.980800
497.005300
497.440300
498.231933
498.500100
498.583667
499.254267
499.621967
500.494733
500.701967
503.257300
503.632800
503.838567
504.492833
504.958067
505.058100
505.188900
505.298933
505.546833
505.616400
506.028233
506.112533
507.330800
508.644300
508.902067
510.435333
510.515700
510.607833
510.707933
511.022133
511.605600
513.855900
513.917100
514.631267
514.818700
514.856433
514.968600
515.095667
515.192900
515.642100
516.550500
517.338367
518.262667
519.016367
519.328600
520.626000
521.101467
521.963900
522.136833
522.701800
523.188367
523.330700
523.564400
524.382167
524.670800
524.753700
525.141933
525.414367
525.555100
526.282600
526.303167
526.616500
526.676200
526.783367
526.975000
527.072467
527.610533
528.051533
528.402567
528.454700
529.026433
530.518633
530.560500
530.775567
530.996567
531.745433
531.952433
532.016167
532.812700
533.964433
534.330233
534.541900
535.000567
535.119267
535.186233
535.468267
535.833933
536.322200
536.996733
537.834000
538.432233
538.474400
538.520533
539.336367
540.182033
540.832567
540.931933
541.951800
542.207800
542.395400
542.712733
542.888267
542.942200
542.998733
543.535200
543.584333
543.646100
543.937167
544.238367
544.478300
544.511700
545.054467
545.584433
547.131533
547.465367
547.840200
548.091833
548.312067
548.427600
548.856767
549.030933
550.119767
550.687500
551.576300
551.708800
552.124500
552.387267
552.771200
553.167933
553.687033
553.763400
553.904333
553.941667
553.996900
554.119400
555.103200
555.707667
556.203233
557.176267
557.226500
558.142000
558.322800
558.934000
559.150867
559.221067
561.683267
562.718967
563.139667
563.530033
563.818967
564.058000
564.316167
565.461633
565.693233
565.866333
566.204067
566.925167
567.044833
567.177700
567.779333
567.847900
568.080133
570.563433
570.993300
571.888267
572.090100
572.153867
572.208700
572.466833
572.848233
573.042533
575.089433
575.132233
576.092067
576.364800
576.410067
576.654967
576.746333
577.234400
578.025933
578.159300
580.079400
580.565400
583.596067
585.650800
585.809433
586.916167
586.988167
588.044700
588.147167
590.162733
590.488167
591.676500
592.138833
592.193433
592.414333
593.131300
593.174700
593.307300
593.488600
593.861400
594.596867
595.004300
595.340467
595.454133
595.529167
595.864867
596.042900
596.257967
596.383300
597.370267
597.583267
597.654767
597.965000
598.297567
598.369700
599.198733
599.745000
600.516167
600.649300
600.948833
601.149200
601.221367
601.331267
601.960900
602.375500
602.622700
602.918033
603.328533
603.423900
603.520333
603.598000
603.853667
604.044267
604.301267
604.694100
604.774733
607.103033
607.195733
607.349433
607.398967
607.616100
607.819067
609.367300
609.775667
611.390200
611.880733
612.099933
612.245467
612.718833
612.765400
612.827233
612.886400
613.350767
613.848000
613.859700
614.313033
615.322900
615.501300
615.529633
615.678200
616.207733
616.547267
618.582600
618.688567
618.880667
619.242667
619.332000
619.670000
619.897033
620.261233
620.339600
620.608733
620.618667
620.652500
620.760133
621.047900
621.308600
621.311767
621.889667
622.078433
623.068300
624.534733
624.683233
625.353667
625.413933
625.489567
625.715833
625.903833
626.183000
626.616100
627.016600
627.337367
627.454433
627.572633
627.897667
628.021900
628.231167
628.314300
628.492700
628.528367
628.768200
629.256167
629.323533
629.788300
629.893367
630.089900
630.136467
630.202933
631.842133
632.043433
632.251867
632.640500
633.303167
633.424167
633.676533
634.583333
635.140600
636.780967
636.843567
636.882067
637.260800
637.496733
637.533867
637.571533
637.707233
638.026800
638.205467
638.448567
638.510033
638.519233
638.626133
638.694633
639.762600
640.093067
640.468233
640.798633
641.235467
642.129300
642.822367
642.946367
643.232467
645.578300
646.488867
646.623000
647.081767
647.862933
648.868400
649.181000
649.402700
649.838600
649.883267
649.980133
650.367367
650.466333
651.684400
651.839200
652.275233
652.921733
653.017300
653.137433
653.673267
653.931000
654.333067
654.366767
655.146633
655.195167
655.730433
655.927600
656.041333
657.636667
657.758233
657.949033
658.001700
658.102133
658.179600
658.261233
658.626100
658.736733
659.710567
660.197933
661.985767
663.656967
663.921900
664.778067
665.239633
665.291867
665.335867
665.441133
666.476400
666.735200
666.946000
667.337000
667.487067
668.008267
668.120200
668.213800
668.322267
668.393867
668.469933
668.791800
669.008133
670.044467
670.647400
671.336833
671.495733
671.690667
671.735500
671.956300
672.006433
672.656033
674.219100
675.318300
677.333900
677.892700
678.044267
678.203300
678.536267
678.568533
678.612133
679.048500
679.985967
681.970267
682.010867
682.312833
682.353267
682.523767
682.770200
682.908000
683.086267
683.394033
683.461733
683.832400
686.064967
686.936000
687.375133
687.444167
687.501667
687.604467
687.776267
688.164700
688.451233
691.029567
691.133567
691.779933
691.888567
692.160167
692.300600
692.385467
692.957200
693.093133
693.560833
693.974167
694.046233
694.550600
695.382667
695.544067
695.587567
695.818500
697.066967
697.486067
697.545167
697.932267
697.975333
698.337067
698.425200
698.674133
698.932733
699.012600
699.769667
699.889700
700.646933
701.043567
701.121567
701.340133
701.393467
701.443267
701.774567
701.910833
702.169267
702.301400
703.271833
703.398267
703.539267
704.016667
704.259433
704.405033
704.836567
704.856367
704.890733
705.214100
705.396000
705.481900
705.624233
705.714167
705.806167
705.846867
706.073500
706.482533
707.065933
707.433567
709.084767
709.537833
709.727100
710.145300
710.182567
710.223567
710.450967
710.506067
710.596000
710.743267
710.810467
710.853567
711.064167
711.455533
711.511900
711.685167
711.855400
711.885967
711.974567
712.061667
712.200567
712.855633
713.515133
713.643533
715.413200
716.418300
716.519233
717.736633
717.798100
718.075500
719.576600
720.039633
720.457333
720.646700
720.774833
720.913633
721.355767
721.447300
722.416600
722.688600
723.612700
724.004600
724.147267
724.242500
724.409500
724.539833
724.640900
724.766967
725.035533
725.272867
725.688967
726.920100
727.170267
727.932433
728.456000
728.739100
730.017133
730.077800
730.533633
730.631267
731.114333
731.326767
732.826767
733.173267
733.237367
733.441400
734.651567
734.670000
734.726633
734.761600
734.793200
734.875167
735.327100
735.804733
735.942367
736.137733
736.221300
736.277033
736.358700
736.574933
736.728867
737.024633
737.142100
737.244967
737.330367
737.412467
737.506667
737.874333
738.005833
738.400467
738.917367
738.959100
739.829033
739.910533
740.098967
740.205100
740.273433
740.476233
740.545000
740.589833
740.682333
740.909533
741.087933
741.134133
741.298400
741.425800
742.353800
742.626300
745.248567
745.599767
745.620633
746.681200
747.029333
747.632767
747.664867
747.746733
749.276833
750.654933
751.170400
751.696233
751.974000
752.088000
752.121833
752.331033
752.494033
752.672900
752.789867
752.904933
753.132533
753.357867
753.541433
753.759833
754.107400
754.295200
755.029900
755.203867
756.652567
756.888300
757.173033
757.852733
758.112667
758.339167
758.368800
758.446733
758.882133
761.271833
761.424333
762.044467
762.297133
762.422300
762.487500
762.721133
763.037767
763.338133
763.711467
763.763600
764.158900
764.396700
764.453967
764.555300
765.418533
766.106133
766.325267
766.905800
767.109900
767.225033
767.309567
768.820767
768.890700
769.217767
769.386233
769.524300
769.789767
770.201933
770.284900
770.689067
771.250900
771.845967
773.085733
774.015333
774.775433
776.334133
776.387600
777.055800
777.255400
777.298833
777.652333
777.835333
777.950867
778.369033
778.510600
778.851667
779.316000
779.654900
779.699333
779.749733
780.122833
780.335667
780.649100
781.013400
781.097300
781.146667
781.193200
781.766467
782.072067
782.604133
782.709167
782.863567
783.182133
783.587200
783.831133
783.887333
784.037200
784.148167
784.695633
784.858367
784.899500
785.280033
785.397200
785.455167
787.070100
788.175267
789.640533
789.789067
790.211133
790.378267
790.476600
791.430067
792.544333
792.982233
793.045967
793.901000
793.940200
794.472400
795.128400
795.427833
795.921000
796.426000
796.513700
796.887833
796.945500
797.144733
797.215800
797.589767
797.691567
797.844967
797.891833
798.202267
798.718067
799.030100
799.172833
799.200233
799.204333
799.687867
802.239867
803.658067
803.717300
803.942733
804.629300
804.773167
806.066533
806.395567
806.451433
806.844267
806.966333
807.331967
807.426800
808.010300
808.242900
808.990500
809.047733
809.236333
809.276000
809.335567
809.518700
810.395400
810.472533
810.650933
810.953133
811.140833
811.221033
811.271567
811.585800
811.809233
812.046867
812.127967
812.156500
812.476100
812.523233
812.770700
813.369333
813.870700
814.191133
814.352533
814.419300
814.454033
814.495933
815.288033
815.638033
815.691567
815.803933
816.326567
816.397333
816.854400
817.317633
817.633667
819.106733
819.443100
819.950733
820.739700
821.325267
821.431233
821.608867
821.711900
822.123333
823.019567
823.129433
825.079667
825.134700
825.243800
825.771267
826.934167
828.340867
828.579600
828.906633
828.934300
829.196800
829.235100
829.724200
829.766000
829.875433
829.877500
829.927567
830.155833
830.383033
830.693133
830.722600
830.811233
830.864533
832.142233
832.484467
832.724400
833.161700
833.713033
833.783333
833.918200
833.990767
834.012933
834.166533
834.616333
836.842667
838.000400
838.079100
838.120233
838.244600
838.562533
838.775733
838.881600
840.579967
840.588267
840.790767
841.411700
841.461000
841.814233
842.622867
842.756267
842.892767
843.761867
844.124400
844.230233
844.392333
844.630100
844.916700
845.063700
845.125967
845.341167
846.043833
846.286600
846.345800
846.776300
846.882500
847.004700
847.309967
847.500867
847.614267
848.068700
848.120933
848.410433
848.578600
848.633567
848.678967
848.821233
848.909833
849.133633
849.640467
849.774867
850.033400
850.076567
850.587133
850.688833
850.859600
851.378967
851.545633
851.603533
852.099633
852.142467
852.372633
852.436833
852.586300
852.770800
853.183400
853.274000
853.393467
853.547200
854.465667
855.131967
855.166000
855.337967
855.543433
855.710333
855.915133
856.363300
856.497800
856.852067
857.730133
857.832000
858.968233
859.012633
859.579733
859.626800
859.708933
859.971333
860.114800
860.351300
860.917733
860.982867
861.134667
861.164900
861.567500
862.167767
862.809633
864.238600
865.272767
865.940900
865.979833
866.075667
866.583833
866.929700
868.212600
868.286533
868.554200
868.692367
869.324233
871.515533
872.162167
873.114533
873.413133
873.611667
874.393233
874.508100
874.575300
874.616367
874.805900
875.069500
875.264133
875.322533
875.512633
875.619933
877.452267
878.225600
878.372733
878.822267
879.629833
879.987933
880.196867
880.429300
880.884733
881.362667
881.908767
882.131933
882.299133
882.343867
882.419900
882.588133
882.793133
883.663800
884.007900
884.619700
884.871333
885.174133
885.310067
885.644933
885.764333
886.309733
886.357233
886.459100
886.554567
887.937800
888.236667
888.277333
888.409200
888.559300
890.086667
890.903767
891.119233
891.253333
891.417667
891.758800
892.617400
892.693033
892.739167
892.763300
892.942467
893.068267
893.277733
894.450467
894.689633
895.250933
895.599733
895.655167
895.963000
896.051533
896.605500
897.187833
897.279133
897.510933
897.614900
898.690033
898.825267
901.351733
903.818600
903.888333
904.018267
904.451100
904.708200
905.304567
905.366733
905.456333
905.716667
906.588433
906.958600
907.418200
907.666533
907.832300
907.894167
908.125500
908.549700
909.875200
909.984867
910.855167
911.636600
911.802967
912.054567
912.614467
913.047433
913.987133
914.625833
915.389033
915.467200
915.560200
916.530600
917.192700
918.096933
918.175867
918.233633
918.430167
918.756900
918.822433
918.874300
918.931600
919.355467
919.618500
919.772900
920.323267
920.467033
920.754067
920.798433
921.024933
921.094833
921.379867
921.819433
921.975567
922.181800
922.216667
922.750100
923.852700
926.474800
926.666533
927.480633
927.620800
927.664733
927.935633
928.343267
928.765400
929.239200
929.301967
929.326200
929.587167
929.744767
929.815067
929.877200
929.962633
930.161067
930.337000
930.513333
931.503700
931.639967
931.821333
932.514433
932.817700
932.999467
933.036767
933.101900
933.385567
933.599500
934.501033
934.834233
934.905067
935.045700
935.176800
935.351933
935.553433
935.598167
935.741100
936.999333
937.363500
937.494133
937.535267
937.814600
937.902500
938.032667
938.240167
938.571200
939.634167
939.951200
940.809233
941.250800
941.288033
941.499467
942.324000
942.369333
942.653967
942.706733
943.319067
943.365533
943.802500
943.840700
944.348900
944.682500
944.800733
945.313200
945.366467
945.655200
946.275433
946.941767
947.124567
948.907433
949.360833
949.975133
950.119767
950.231067
950.262433
950.328467
950.354467
950.539967
950.581733
951.042100
951.209500
951.834700
952.443933
952.571000
952.632400
952.681133
953.115267
955.686033
956.282400
956.405500
956.467600
956.522733
956.634733
956.943600
957.035633
957.310900
957.843500
958.095000
958.449500
958.481667
958.605800
959.099133
959.714767
959.815667
960.888167
960.976467
961.476267
961.538433
962.845800
963.019300
963.321367
964.147667
964.536600
964.959467
965.048900
965.181600
965.636133
965.765767
966.047033
966.883967
966.902567
967.030800
967.646467
969.438500
969.995367
971.654633
972.099367
972.641667
972.743933
972.916233
973.440967
973.596467
973.645600
973.745600
974.382333
974.559633
975.065733
975.434767
975.739600
976.098567
976.206633
976.283900
976.561800
976.882200
977.711533
977.746300
978.838233
979.728000
980.443467
980.589500
980.621867
980.660433
980.699167
982.611233
983.071067
983.242467
984.082767
984.538733
984.631033
984.823967
985.223933
987.280233
988.177533
988.509700
988.582367
988.792100
989.228933
989.604000
990.166533
990.730733
990.782133
990.906767
993.136600
993.307033
993.505800
993.672533
994.036500
994.122067
994.371767
994.445100
994.773267
994.894200
995.204633
995.323033
995.386100
996.026033
996.761000
997.136100
998.048133
998.865967
999.084600
1000.286900
1000.569233
1000.952367
1001.429833
1001.535067
1002.033133
1002.074067
1002.130400
1002.179700
1003.066267
1003.749333
1005.458400
1005.544367
1005.608067
1006.024933
1006.391633
1006.422700
1006.964400
1007.082433
1007.600433
1007.797000
1007.837967
1008.034767
1008.381800
1008.513400
1008.859200
1009.023933
1009.114733
1009.170200
1009.322400
1009.381000
1010.093533
1011.934300
1012.575333
1013.128200
1013.542233
1014.205967
1014.775133
1015.683867
1016.175933
1016.473733
1016.642867
1016.960533
1017.006433
1017.340567
1017.660433
1017.744333
1017.908367
1019.013567
1019.721833
1020.130533
1020.819467
1020.845733
1020.880967
1020.914600
1021.508333
1021.591833
1021.674633
1022.038400
1022.707400
1024.957567
1025.849833
1029.353700
1029.413600
1029.469633
1029.665000
1029.752600
1030.366967
1031.798167
1033.138600
1033.209667
1033.474833
1033.570067
1033.692400
1033.738300
1034.119400
1034.686300
1035.469400
1035.499433
1035.630233
1035.692233
1035.932500
1036.004467
1036.251433
1036.420267
1036.678133
1038.152300
1038.315300
1039.950600
1040.024067
1040.233300
1040.454667
1040.525000
1041.139400
1041.614600
1041.754367
1041.966567
1043.006433
1043.326233
1043.491700
1043.534567
1043.612133
1043.669700
1043.878567
1044.008467
1044.407933
1044.647400
1044.856733
1044.930533
1045.049033
1045.076300
1045.286967
1045.365233
1045.486767
1045.737100
1045.908067
1045.954267
1046.080500
1046.161433
1046.252700
1046.398733
1046.861300
1046.959233
1048.040167
1048.233567
1048.523700
1048.720600
1048.847067
1048.884267
1048.918333
1049.422267
1049.472267
1049.651667
1049.810867
1049.892933
1050.220900
1050.597600
1050.651667
1051.216000
1051.330567
1051.708567
1052.341400
1052.605933
1052.733167
1053.325333
1053.365433
1053.916100
1054.327967
1054.822967
1054.892933
1055.126500
1055.681733
1055.909133
1056.079900
1057.103800
1057.978800
1058.114033
1059.327167
1060.145633
1060.605000
1060.985267
1062.295000
1062.990900
1063.286200
1063.615233
1064.011833
1064.781400
1065.569900
1065.916033
1065.952867
1066.316300
1066.618533
1067.593733
1067.710033
1067.871167
1067.917067
1067.948033
1068.052333
1068.095167
1068.241667
1068.567467
1068.885633
1069.109233
1069.810800
1070.132700
1070.197000
1070.300367
1070.374633
1070.546267
1071.485100
1071.734467
1071.788867
1071.846100
1072.079167
1073.636900
1073.866567
1074.301000
1074.395367
1074.459000
1075.465200
1075.841567
1076.041833
1077.815633
1077.934767
1078.248233
1078.976400
1079.988800
1081.381800
1081.941800
1082.080533
1082.446200
1082.479467
1082.526233
1082.763800
1082.929500
1083.141733
1083.627533
1084.145367
1084.623833
1084.629233
1084.677167
1084.830900
1084.921833
1085.548333
1085.868900
1085.940533
1086.628300
1086.694133
1086.891833
1087.313867
1087.344667
1087.379433
1087.670900
1087.862600
1088.010433
1088.307100
1088.549033
1089.011633
1089.054700
1089.388633
1089.621600
1089.810333
1090.000733
1090.817033
1090.864500
1090.924867
1090.961700
1091.004400
1091.088833
1091.474467
1091.755667
1091.879933
1091.929333
1091.974333
1092.879967
1093.394967
1093.825400
1094.266333
1094.341333
1094.445600
1094.501400
1094.969200
1095.028500
1095.303367
1095.935900
1096.002867
1096.154267
1096.219367
1096.247233
1096.411433
1096.859767
1096.880033
1097.207200
1098.190333
1099.055567
1099.434933
1099.718233
1099.963633
1100.030233
1100.550800
1100.851233
1101.909033
1102.122133
1102.581067
1102.761967
1103.017067
1103.211100
1103.758200
1103.837767
1104.207633
1104.252700
1105.338867
1105.457967
1105.597633
1106.056833
1106.309900
1106.427900
1106.815600
1107.029133
1107.843933
1107.961200
1108.789367
1108.917933
1109.220467
1109.448033
1110.225067
1111.184633
1111.289800
1111.418400
1111.460267
1111.653500
1112.550900
1112.923833
1112.946533
1112.994867
1113.782933
1114.286800
1114.645900
1114.864433
1115.304667
1115.989633
1116.088200
1116.534667
1116.580200
1116.590967
1116.850200
1117.369567
1117.970267
1119.228933
1119.284933
1119.536267
1119.596800
1120.265500
1120.367733
1120.461433
1120.883700
1125.558667
1125.912867
1126.013000
1126.194267
1126.317600
1126.368333
1126.902267
1127.159367
1127.326333
1127.355033
1127.438333
1127.780867
1128.650967
1128.896200
1129.759000
1129.873967
1129.946033
1130.259600
1131.054467
1132.553767
1132.814433
1133.092933
1133.169867
1133.639900
1133.706200
1133.815867
1133.880167
1133.917300
1133.956333
1134.139433
1135.913033
1136.397967
1136.461100
1136.535200
1137.883067
1138.712533
1139.101300
1139.170167
1139.544067
1139.594867
1139.700633
1139.822200
1140.671933
1140.717300
1140.756700
1140.782833
1140.818167
1140.932500
1141.275600
1141.311533
1141.358200
1141.490300
1142.034667
1142.112600
1142.214467
1142.299633
1142.357900
1142.431800
1142.482067
1142.555933
1142.583000
1142.732067
1143.643367
1144.233067
1144.411900
1144.990400
1145.149200
1146.169700
1146.287533
1146.465633
1147.134167
1147.267500
1147.552633
1148.619300
1148.767200
1148.964900
1149.018767
1149.081333
1149.270867
1149.526133
1149.583833
1150.211033
1150.360867
1150.470200
1150.502000
1150.528467
1150.710133
1153.715533
1155.235300
1156.006733
1156.170300
1156.567600
1157.899900
1158.539700
1158.899500
1159.111233
1159.512467
1159.696167
1160.433167
1161.290900
1161.442133
1164.080367
1164.530100
1164.671433
1165.037333
1165.125667
1165.796733
1166.144667
1166.683233
1166.722533
1166.952433
1167.058767
1167.485100
1168.196100
1168.355433
1168.750000
1169.154333
1169.345633
1169.471467
1169.964467
1170.324600
1170.336067
1170.484067
1170.874800
1171.045300
1171.798133
1172.199067
1172.306667
1172.427133
1172.725300
1173.609500
1174.226533
1175.670200
1175.830400
1175.872067
1175.900233
1176.034767
1176.127433
1176.342233
1176.540600
1176.716600
1177.287133
1177.397133
1177.447267
1177.519433
1177.560000
1177.775300
1178.405700
1178.992067
1179.341500
1179.827267
1180.008433
1181.131000
1181.343100
1182.277200
1182.552133
1182.687633
1182.753867
1183.205433
1183.279600
1183.450000
1183.766767
1184.879233
1185.895900
1187.154333
1187.887300
1187.998767
1188.077767
1188.168500
1188.836800
1189.906400
1191.306833
1192.105433
1193.944067
1194.046667
1194.395500
1194.499000
1194.706033
1194.730600
1194.814400
1194.854600
1195.618233
1195.681467
1195.720500
1195.725267
1196.181267
1196.362833
1196.650933
1196.838300
1197.510667
1197.595267
1198.286200
1198.631433
1199.038267
1199.450200
1199.520433
1199.682000
1200.250867
1202.426967
1203.111433
1203.555533
1204.270533
1205.014600
1205.900167
1206.246700
1207.643300
1208.930167
1209.066433
1209.155033
1210.065900
1210.423733
1213.573500
1215.689633
1215.910867
1216.066500
1216.136233
1216.518000
1216.970733
1217.089833
1217.177200
1217.540033
1217.660233
1218.191600
1218.249133
1218.408167
1218.846067
1218.933333
1219.410667
1219.452033
1219.596367
1220.073533
1220.195700
1220.386800
1221.133600
1221.757567
1221.933233
1222.024500
1222.412767
1223.312767
1223.433667
1224.695167
1224.914433
1224.985500
1225.035133
1225.105200
1225.221800
1225.837600
1226.106000
1226.148967
1226.505333
1226.568267
1226.587633
1226.650767
1226.879533
1227.029500
1227.116800
1227.189667
1227.429733
1227.786600
1228.458867
1228.769567
1228.930433
1229.567267
1229.698467
1229.773433
1230.415967
1230.620233
1230.694167
1230.936733
1231.038700
1231.200000
1231.355200
1231.494333
1231.710600
1232.340167
1232.382200
1232.546300
1234.117033
1234.686233
1234.993867
1235.146967
1235.895567
1235.946500
1236.151467
1236.179233
1236.420467
1236.496600
1236.638133
1236.716800
1236.850833
1236.916433
1236.948933
1237.166833
1237.298500
1237.406500
1237.483767
1237.948233
1238.048233
1238.095733
1238.157700
1238.351600
1238.905300
1238.960500
1238.997833
1239.195700
1241.651467
1241.753867
1241.941433
1242.254667
1242.967667
1243.297767
1243.520767
1243.557900
1243.591600
1243.716933
1244.021433
1244.328467
1244.621733
1245.090067
1245.198433
1245.792633
1246.056633
1246.515567
1247.202667
1247.479367
1247.538233
1247.960700
1248.127467
1248.272600
1248.308033
1249.353867
1249.446067
1249.542300
1249.746567
1249.886167
1250.329233
1250.414267
1250.706433
1251.971433
1252.050200
1252.231867
1252.299200
1252.346233
1252.450533
1253.128333
1253.299200
1253.565533
1253.825000
1253.861900
1253.908700
1254.338767
1254.582967
1254.829433
1255.031267
1255.316633
1255.555067
1255.715400
1255.844267
1256.006633
1257.180233
1257.239200
1257.906500
1258.094700
1260.625300
1260.730767
1261.187633
1261.868600
1262.160267
1262.356100
1263.068167
1263.462133
1264.227633
1264.358867
1264.433000
1264.639500
1264.860067
1265.285067
1265.417533
1266.111500
1266.160733
1266.253100
1266.275700
1269.963667
1271.785333
1272.052500
1274.407867
1274.575700
1275.048700
1275.426333
1275.716767
1276.167000
1276.214533
1276.262833
1276.416467
1276.958767
1277.059367
1277.162667
1277.275367
1277.308333
1277.381367
1277.534967
1277.577333
1277.955533
1278.278267
1278.323767
1278.469600
1278.685933
1280.311333
1280.479567
1280.771067
1280.842000
1281.664300
1281.725667
1282.620533
1282.810533
1283.338700
1283.494400
1283.589567
1283.699333
1283.801133
1283.970100
1284.174867
1284.766033
1285.371267
1286.006233
1286.222233
1286.434267
1287.046700
1287.210733
1287.460833
1287.516267
1287.588300
1287.758400
1288.313167
1288.491333
1288.736567
1289.104400
1289.158833
1289.196133
1289.378733
1291.071033
1292.841067
1293.094333
1293.210233
1293.220533
1294.009033
1294.081767
1294.160300
1294.318967
1294.376900
1294.641567
1294.901767
1295.054367
1295.273433
1296.120833
1297.407933
1297.556167
1297.609600
1297.667867
1297.726233
1297.842600
1297.886633
1298.297700
1298.412467
1298.643700
1299.057400
1299.547233
1301.251133
1301.608267
1301.672733
1301.869267
1302.278033
1302.318767
1302.456200
1303.090967
1304.020467
1304.790967
1305.175567
1305.223600
1305.290467
1305.403500
1306.249400
1306.417967
1306.582433
1306.669033
1306.724133
1306.847667
1307.007067
1307.165000
1307.275567
1307.336067
1307.410400
1307.677867
1308.034100
1308.077000
1308.252400
1308.902567
1309.570667
1310.814867
1311.838867
1312.256767
1312.677000
1313.077000
1313.484700
