1.109267
1.111800
2.311000
2.764800
4.010133
5.333200
5.604733
5.723067
5.905000
6.908700
7.320967
7.760233
8.384867
9.761700
10.952233
11.169867
11.227167
11.788533
13.819133
16.805600
17.970667
18.033167
18.040633
18.045233
18.063833
18.109567
18.144033
18.164300
18.186133
18.194167
18.257700
18.260633
18.311367
18.343167
18.352233
18.376633
18.403333
18.406400
18.424367
18.439900
18.474533
18.522567
18.534100
18.558767
18.575233
18.605067
18.637100
18.659000
18.731100
18.742500
18.802633
18.837833
18.882767
18.967233
19.019467
19.035133
19.093967
19.098267
19.134567
19.203467
19.211333
19.294333
19.296200
19.316233
19.363967
19.444300
19.470233
19.508200
19.560967
19.562800
19.613500
19.669200
19.684933
19.910200
20.049500
20.098500
20.116367
20.585333
20.830433
20.883933
21.010333
21.139800
21.168100
21.262067
21.609967
22.450700
23.348833
23.916133
23.951333
24.016700
24.336833
24.386700
24.402667
24.406733
24.469533
24.486533
24.614333
24.622400
25.090500
27.135367
29.641333
30.027033
30.826000
30.876333
30.898700
30.980733
32.010800
33.366100
35.782733
35.830000
38.669733
39.123467
39.203833
39.220767
39.687167
39.716067
39.734533
39.779833
40.823500
41.707300
41.808900
43.361633
44.835233
44.948367
44.964233
45.000033
45.059367
45.306800
45.319467
45.913867
46.041533
46.514233
46.530833
46.543967
46.572467
47.366067
47.780867
47.842633
47.846000
47.869067
47.914633
47.922300
47.968400
48.000067
48.062800
48.156533
48.163133
48.169900
48.270967
48.328733
48.355000
48.415067
48.473033
48.494200
48.514100
48.563067
48.626900
48.811500
48.962200
49.137267
49.157700
49.195767
49.246100
49.259933
49.338167
49.561367
49.565133
50.375233
50.644500
50.720567
50.926067
51.523433
51.997233
52.189800
53.664933
54.680467
55.182567
55.199867
55.450767
55.452800
55.601033
55.820600
56.825567
57.080700
57.306800
58.136233
59.335033
59.569667
59.769833
59.776833
59.846333
59.854233
60.154600
60.198033
60.271300
60.314867
60.566900
60.702800
60.727133
60.769500
60.810967
60.834033
60.860500
60.876900
60.887433
60.948533
60.993867
61.033800
61.088067
61.191333
61.282833
61.420600
61.552567
61.646700
62.476033
65.159467
67.238833
69.343133
69.513433
69.563833
69.597700
69.617267
69.768533
69.779133
69.811467
69.897867
69.899700
69.940667
70.000233
70.046433
70.115867
70.153333
70.405733
70.411467
70.454133
70.541800
71.020733
71.798633
72.734333
72.782167
72.840767
72.947167
72.983167
73.246567
73.304867
73.419833
73.439967
73.480567
73.525200
73.623267
73.656000
73.701533
74.005367
74.274333
74.306167
74.310533
74.320933
74.359533
74.447133
74.509700
74.784400
74.848967
74.923033
74.986033
75.965433
77.263833
77.329633
77.914833
78.311733
78.822167
78.896400
79.109600
80.795733
80.852800
81.499733
81.708567
81.782300
81.802167
81.805000
81.816633
81.864267
81.867333
81.880667
81.891733
81.901700
82.020100
82.070733
82.077767
82.102600
82.122333
82.154667
82.190133
82.230900
82.311500
82.521333
82.534933
82.542333
82.561200
82.593367
82.703833
82.902467
83.631833
85.062000
85.212267
85.865167
86.043367
86.242267
86.498067
86.787267
88.270667
89.290633
89.424033
89.463133
94.544533
94.691933
94.709700
96.070267
96.310100
96.620300
96.744967
96.792933
96.877600
97.179233
97.213267
97.568233
97.812667
98.210433
98.410700
98.486533
98.529267
98.538633
98.571667
98.884700
100.801467
100.943467
101.017900
101.101100
101.147700
101.179900
101.554867
101.566567
101.889567
102.426500
102.962800
102.987400
103.002567
103.016533
104.392633
104.560567
104.655000
104.699367
104.719233
104.731733
104.742667
104.750200
104.792300
104.854133
105.096467
105.291733
105.407233
105.589433
106.009900
106.242033
106.387400
106.390033
106.404700
106.530467
106.537033
106.557533
106.737033
106.820367
106.828367
106.835967
106.977133
107.001800
107.056667
107.082633
107.117733
107.183267
107.223400
107.273900
107.275833
107.418100
107.461433
107.505200
107.563667
107.583733
107.595900
107.682267
107.759100
107.887500
107.897133
108.022300
108.271733
108.286067
108.294033
108.445033
108.901467
108.943733
111.604067
113.298733
113.624733
113.641467
113.717567
113.854367
113.874900
113.894133
114.014267
114.024967
114.038933
114.133867
114.215200
114.377400
114.391467
114.396333
114.516000
114.519767
114.777567
114.812200
115.080700
115.121233
115.166700
115.191967
115.214067
115.356300
115.474400
115.477033
115.659300
115.775167
115.976667
116.769633
116.774800
118.779133
118.960067
119.005800
119.007833
119.054033
119.086733
119.186467
119.232900
119.348667
121.424367
121.559267
122.262567
122.264500
122.686633
122.971500
122.974733
124.049033
124.483167
124.552567
125.359833
125.522200
125.555400
125.631933
125.740100
125.987067
126.243433
126.291033
127.011333
128.156300
129.314433
130.105700
131.328800
131.581367
131.635667
131.666767
132.884633
132.957700
132.972967
134.145633
134.546633
134.611333
134.978500
134.992500
136.505933
136.841800
138.458000
138.482767
138.487000
138.741533
140.121967
141.913233
143.275567
143.327000
143.345333
145.030200
145.076033
145.205933
145.418133
145.454300
145.556700
146.023333
146.744867
146.950233
147.409600
147.717233
148.774433
149.764933
149.816600
149.832900
149.845033
149.869000
149.875633
150.039033
150.075900
150.109633
150.179533
150.235167
150.289467
150.409133
150.426667
150.432767
150.590733
150.593767
150.617100
150.647300
150.868933
150.890167
151.083300
151.152167
151.170933
151.387967
151.392900
151.868467
152.048433
152.104233
152.332767
152.345000
152.356700
152.378200
152.453033
152.458700
152.532133
152.550500
152.575100
152.588967
152.609933
152.639300
152.755300
152.815200
152.823000
152.857400
152.885733
152.898900
152.958033
152.980667
152.983067
153.002433
153.075533
153.274933
153.420933
153.458800
154.136000
154.455100
154.574700
154.697300
155.369933
155.630367
155.672600
155.680967
155.713767
155.735367
155.835967
155.916767
156.053800
156.251133
156.276600
156.393633
156.658167
156.808167
160.088667
160.127000
160.174533
160.311600
160.533267
160.562200
160.594367
160.604333
160.666367
160.837600
160.856967
160.899367
161.439700
162.126833
163.763367
164.134700
164.207433
164.703667
164.713067
164.726067
164.785033
164.909000
165.005200
169.703200
169.852433
169.865833
169.964233
170.070367
170.082767
170.611433
171.837933
173.933833
176.284000
176.297833
176.348933
176.357267
176.679467
176.797467
176.904733
177.098000
177.182333
177.680600
177.691867
177.777800
178.223067
178.239233
178.254200
178.288600
178.342100
178.371667
178.386400
178.467333
178.590267
178.610733
178.617033
178.643200
178.656900
178.674900
178.677500
178.704267
178.710267
178.750433
178.754233
178.836767
178.920133
178.959533
179.016000
179.099000
179.121967
179.167233
179.176633
179.182533
179.211400
179.553567
179.564833
179.574033
179.734767
179.747200
179.753867
179.866367
180.076067
180.492733
180.703200
181.630900
181.708500
181.957400
181.981900
183.126533
183.769633
183.848100
184.034900
184.846567
185.085833
186.297400
186.829267
186.960967
187.008300
188.578333
190.063900
191.627567
192.066600
192.076333
192.259933
192.264033
192.270700
192.425933
192.437900
192.467367
192.577800
193.717200
193.749600
194.591733
194.697433
196.734000
197.264500
200.773433
201.107367
201.356833
201.588733
201.641167
201.695167
201.802533
202.539067
202.567400
202.598600
203.675867
203.681433
204.001500
204.824700
205.369600
205.871333
205.873967
205.946600
205.969467
205.990900
206.018833
206.044933
206.095233
206.102367
206.117000
206.132700
206.134667
206.154100
206.263067
206.321500
206.383767
206.439633
206.585633
206.600333
206.653967
206.661800
206.683667
206.709233
206.742367
206.744233
206.791200
206.954767
206.962800
206.967067
206.997000
207.051167
207.103433
207.205733
207.218133
207.241233
207.516500
207.533933
207.832533
207.858233
207.889233
207.893800
208.097233
208.121300
208.155467
208.609833
209.053533
209.109433
209.192100
209.340600
209.560933
209.927000
213.273500
215.275567
215.858567
215.964600
216.006567
216.070300
216.169867
216.173000
216.342800
216.643600
216.676833
216.716100
216.961933
217.183067
218.585300
219.464933
219.691233
220.088433
221.064867
222.478000
224.145967
224.170167
226.561733
226.690733
226.924900
226.967800
226.993233
227.054267
227.058233
227.081700
227.101000
227.104467
227.117733
227.200600
227.219267
227.224200
227.284000
227.346967
227.380700
227.384000
227.393367
227.423633
227.450700
227.581367
227.613167
227.642200
227.670567
227.674800
227.683733
227.824600
227.879033
227.922900
227.937400
227.967033
228.179467
228.204767
228.229767
228.312433
228.378200
228.504100
228.520800
228.536900
228.643967
228.717967
228.797267
228.864433
229.065100
229.259533
229.299567
229.338900
229.414800
229.549400
229.552733
229.682400
229.870633
229.874733
229.882600
229.967967
229.989733
230.241067
230.443567
230.583267
230.660233
231.194633
232.478733
232.506800
233.747333
234.367900
237.179000
237.602767
237.634767
237.740400
237.756467
237.814667
238.217267
238.400967
240.156433
240.583700
240.612400
241.068900
241.076100
242.050100
243.091167
243.705767
243.733900
244.058600
244.442667
245.114533
245.221700
245.303233
245.330567
245.347967
245.371733
245.417400
245.437667
245.464333
245.491900
245.504467
245.507100
245.543900
245.571733
245.575600
245.653000
245.764667
245.786733
245.814833
245.880567
245.905600
245.912400
246.074800
246.237200
246.342300
246.353167
246.396933
246.423733
246.515467
246.852333
246.993667
247.033367
247.124400
247.150800
247.215233
247.340933
247.594433
247.613233
247.666900
247.670767
247.782200
248.147567
248.152167
248.311833
248.368733
248.820333
248.890667
248.899333
248.943933
249.256533
249.912367
252.339633
252.666367
253.463800
253.817267
254.319567
254.508500
258.744100
258.793433
262.299033
262.671533
262.677800
262.688433
262.832200
263.328800
263.702967
265.386400
265.721833
265.847100
266.330767
266.558600
267.221833
267.286833
267.574367
268.160900
270.343400
271.991867
272.945900
273.364467
273.785700
274.527133
274.589633
274.883333
275.108200
275.160167
275.189967
275.223867
275.234733
275.249500
275.273333
275.280300
275.285933
275.296900
275.353833
275.363267
275.497700
275.521367
275.564433
275.585000
275.598700
275.743000
275.959833
276.079400
276.256967
276.439967
276.480200
276.502133
276.507100
276.585400
276.604100
276.610567
276.638167
276.682033
276.819800
277.019267
277.139033
277.347433
277.430900
277.707033
277.775433
277.808267
277.814033
277.819533
277.921000
278.201900
278.218400
278.296533
280.135400
281.119500
281.326867
281.841667
282.179433
282.361467
282.413800
282.457067
283.259367
284.360667
286.263233
286.437167
286.898233
288.986567
289.004967
289.827233
291.093033
291.328500
293.112900
293.307167
293.448433
294.063833
294.613333
295.543267
295.609067
295.658467
295.780167
298.054433
298.135900
298.166700
298.205367
298.254667
298.269067
298.297200
298.343500
298.356433
298.398800
298.424400
298.445133
298.589767
298.593100
298.604467
298.651733
298.687833
298.709633
298.756533
298.758800
298.777200
298.799133
298.804300
298.831467
298.951000
299.044033
299.069733
299.134833
299.146300
299.177600
299.233233
299.346633
299.390167
299.442700
299.641967
299.672667
299.686200
299.753900
299.765800
299.914633
299.937167
300.065033
300.099167
300.115900
300.651333
301.053567
301.644233
301.887000
302.367000
305.483567
305.571867
305.802933
308.637133
308.725233
308.958000
308.995300
309.053267
309.121533
309.132267
309.157400
309.201067
309.223600
309.240900
309.364133
309.488667
309.524500
309.687367
309.700100
309.723000
309.732833
309.741067
309.961800
310.064333
310.476267
311.005167
311.239433
311.380667
311.395133
311.418633
311.438100
311.718100
312.589633
314.067333
314.140433
314.144367
314.208400
314.235433
314.317500
314.401600
314.607300
319.922700
320.529567
321.018100
321.516467
322.253233
322.561167
322.673500
322.980933
322.996067
323.103167
323.178733
323.934367
324.023433
324.035267
324.407700
324.957033
325.037867
325.316833
325.809067
326.790167
326.855600
326.873000
326.900967
326.960800
326.969767
327.033633
327.068867
327.084033
327.092267
327.162767
327.178267
327.223800
327.277833
327.324600
327.369600
327.398633
327.487633
327.551533
327.564400
327.579233
327.683500
327.749067
327.751867
327.979300
327.990200
328.071433
328.157533
328.181233
328.183367
328.372233
328.387733
328.607567
328.657867
332.023667
332.116900
332.184633
332.461633
332.537667
332.628067
332.666967
333.449267
333.458400
333.547333
333.757700
333.971667
333.995067
334.741700
336.243400
336.426600
336.619033
336.740333
336.876600
337.165933
337.309700
337.373700
337.515767
337.593200
338.378433
338.959467
339.298700
340.030133
340.085567
340.090433
340.102533
340.107967
340.152233
340.168100
340.227133
340.255933
340.315100
340.341733
340.363067
340.408200
340.455367
340.462233
340.507767
340.515133
340.543400
340.602833
340.626200
340.663467
340.676133
340.721200
340.739267
340.852367
341.030667
341.096767
341.195033
341.264033
341.327467
341.331200
341.380367
341.427133
341.441333
341.454567
341.483767
341.493933
341.516533
341.612667
341.644033
341.739500
341.881067
341.898667
341.917933
341.945667
342.298367
342.540600
342.559533
342.664400
342.722633
342.769467
342.933067
343.150333
345.063533
345.232867
345.805367
345.818467
345.938233
346.420033
348.895767
348.920200
350.617233
352.598433
354.331100
354.399567
355.090500
355.137600
355.300100
355.600100
355.727867
358.149933
358.409867
359.970500
360.396000
360.847800
362.660133
362.836000
362.875100
365.666867
365.676933
367.376633
367.506833
367.534333
368.086767
368.814233
370.806567
371.659600
371.876367
372.645833
373.107200
373.136300
373.191833
373.193600
373.465833
373.509433
373.516533
376.064533
376.729400
377.386800
377.482300
377.514833
377.599633
377.604767
377.944933
378.004433
378.181467
378.803200
379.274700
381.268533
381.386967
381.723267
381.849733
381.941800
382.966200
383.259300
383.476333
384.146900
384.208500
385.258567
385.292133
385.416300
385.730033
385.924767
385.975600
386.154100
386.678800
387.005100
387.134033
389.224933
389.476267
389.481867
389.704867
390.070900
390.201433
390.547733
390.839133
393.105667
393.615233
394.059433
394.175300
394.309367
394.777833
394.943933
394.981833
395.139133
395.581800
395.705367
395.860667
395.910733
398.140433
398.499100
398.608933
398.618833
398.630067
398.910000
398.924500
399.033967
399.037967
399.062633
399.162033
399.273067
399.300267
399.342800
399.405567
399.456533
399.529400
399.594200
399.654167
399.663200
399.781067
399.857367
399.975933
400.005533
400.054700
400.056800
400.058933
400.276600
400.424600
400.746467
400.926600
401.236933
401.378567
401.397100
401.530800
401.789500
401.878400
402.036600
402.154333
402.252367
404.708867
404.951733
405.423200
405.831400
405.885967
408.976900
409.115533
409.279067
410.141633
410.691267
410.832700
411.070833
413.253300
414.247667
414.455200
416.269467
416.271267
416.314333
416.518067
417.699867
417.745033
417.751167
417.795333
417.834933
417.846100
417.860133
417.895567
417.909067
417.935067
418.050500
418.124567
418.153067
418.156867
418.160167
418.199167
418.229133
418.246700
418.261467
418.266567
418.410433
418.429200
418.450567
418.477100
418.512867
418.528333
418.645867
418.743000
418.756800
418.776200
418.801833
418.828733
418.904233
418.939900
418.982200
419.034533
419.175400
419.182000
419.260667
419.453000
419.489533
419.970000
419.987500
419.991133
420.089333
420.450200
420.512600
420.760900
420.851200
420.946633
421.127033
421.523633
421.572167
421.586167
422.291000
422.573267
423.692100
423.767700
423.774633
423.850333
424.303767
424.365033
425.356667
425.977767
428.080967
428.546367
428.672400
429.001533
429.093733
429.332267
430.965200
432.896867
433.287833
433.335567
433.350867
433.440200
433.917000
434.619400
434.677033
434.989733
435.698533
436.575833
436.724600
437.212067
437.407000
437.477500
437.536333
437.544300
437.633867
437.651700
437.680600
437.952033
438.083767
438.085767
439.964800
440.680200
440.955467
441.002633
441.155433
441.229100
441.278167
441.280700
441.633967
442.071000
442.082500
442.086000
442.252667
442.384900
442.405167
442.660333
444.399633
444.748467
444.829600
444.919667
445.096067
445.165200
445.779200
445.951300
445.994667
446.036100
446.049900
446.365300
446.462433
446.611067
446.703167
446.760200
446.772033
446.793533
446.814333
446.908867
447.108600
447.118233
447.151067
447.165467
447.199300
447.244867
447.276367
447.290100
447.345833
447.359300
447.408267
447.410433
447.513733
447.521933
447.528667
447.531367
447.569933
447.590633
447.606533
447.628933
447.698167
447.758567
447.783633
447.860367
448.121900
448.138500
448.172233
448.198333
448.841200
449.042967
449.921967
451.433400
451.625400
451.647300
451.775733
452.168633
452.231000
452.771967
455.367100
455.420233
455.497467
455.634300
455.645900
455.705300
455.794200
455.840267
455.910967
455.937433
456.053700
456.069933
456.166433
456.260233
456.437667
456.519400
456.616000
456.703867
456.725300
456.819267
456.825933
456.866500
456.974100
457.037100
457.079733
457.445500
458.032000
459.088900
459.837733
459.846100
459.879667
460.780433
460.811400
460.980767
461.960733
462.149033
463.629100
463.675133
463.791633
464.437300
464.529767
465.016167
465.731400
465.744767
465.808100
465.863167
466.017133
466.830567
467.489200
467.844333
467.854200
467.934000
468.023300
468.140000
468.152367
468.156600
468.476967
468.491233
468.552867
468.822967
468.839433
468.915467
468.947267
468.963167
469.106233
469.379133
471.274333
472.060700
472.190267
472.213400
472.379967
472.556533
473.348900
474.243367
474.696633
474.757200
474.773800
474.854300
474.868267
475.140933
475.212867
475.320833
475.329867
475.362000
475.380067
475.416033
475.487733
475.543300
475.591133
475.610000
475.901533
476.157433
476.462000
476.742567
477.836533
478.193900
478.404700
478.426533
478.626400
478.884633
478.918333
478.953867
479.148333
479.176200
479.359333
479.381633
479.439033
479.664167
480.087767
481.051200
481.183767
481.335500
481.352333
481.592200
482.393767
484.220833
484.762200
485.560167
485.709000
485.714533
485.962967
486.014967
486.069633
486.170033
486.240667
486.294733
486.432867
486.854967
488.475833
489.330000
489.392700
489.431967
489.438967
489.448900
492.035733
492.444100
492.474233
493.240167
494.802167
494.936600
494.944000
495.045267
497.610433
499.046800
499.131500
499.166500
500.076000
500.998533
501.696567
501.740067
502.340000
502.381567
503.020167
503.586833
503.627867
503.733567
503.771467
503.869533
503.996400
504.111900
504.114867
504.217167
504.225567
504.388833
504.700233
504.718167
507.283800
507.306533
508.639767
509.544267
509.553500
509.701400
509.939400
509.942900
509.955733
510.319400
510.506733
511.204233
512.798900
513.265300
514.011100
514.077233
516.402000
516.648467
516.656233
516.661633
516.683233
516.693067
516.768800
516.836100
516.925733
516.994600
517.011633
517.420700
517.432400
517.753167
518.322400
519.009667
519.203900
520.070733
520.503700
521.341300
522.893500
523.191167
523.356233
523.393300
523.662733
524.246967
524.327500
524.622267
524.752133
525.355200
525.521667
525.670833
526.031400
526.488300
528.762000
529.251567
529.931367
530.705767
531.133467
531.242767
531.288767
531.345900
531.425000
531.525133
531.565400
531.654967
531.807667
531.818600
531.863367
531.887700
531.903100
531.921467
532.013133
532.389900
532.515067
532.967467
532.986300
532.998067
533.030200
533.051867
533.083433
533.093833
533.112500
533.119967
533.169933
533.346533
533.859267
538.563267
538.761733
538.871933
538.877000
538.991267
539.051267
539.071867
539.173600
539.236467
539.403200
539.558733
539.711833
540.295400
540.438200
541.572467
543.081367
543.215500
543.872233
544.094167
545.529967
547.604967
547.915000
548.726433
548.733400
549.164700
549.606533
549.608400
549.772233
550.277800
551.524667
552.255100
553.493567
556.545933
557.168833
557.711633
557.840467
557.846500
557.891733
557.925133
559.174967
559.320767
560.622167
562.362933
562.558567
562.597767
562.705400
563.110867
563.220867
565.249533
565.372100
565.762500
566.630500
566.662367
567.185067
567.615200
569.143900
569.845067
569.863767
569.963067
570.011033
570.696067
570.897167
571.012133
571.030267
571.105600
571.704900
571.887067
571.950600
572.841567
574.394467
574.540733
574.637300
574.704700
575.238433
575.303733
575.673867
576.274933
579.515167
580.475267
581.666367
581.668533
581.871600
581.875367
581.935233
582.044567
582.175767
583.470633
584.100900
584.417600
584.680300
584.694567
585.062833
586.317233
586.589333
586.918400
587.228667
587.299033
587.306233
587.310500
587.318700
587.546000
587.743167
587.772700
587.793267
587.890567
588.272933
588.278800
588.295133
588.372633
588.377133
588.434767
588.739567
588.749400
588.823800
588.977567
589.170800
589.198900
589.234467
589.377333
589.384133
589.403700
589.602067
590.447167
590.480367
590.696600
590.739567
590.885867
590.901467
590.997733
591.516900
592.830467
592.908167
594.176900
594.209800
594.427333
594.446833
594.523133
594.532433
594.598133
594.629567
598.437000
598.773333
599.628067
599.692167
599.838167
599.853833
599.862367
599.874233
599.986433
600.678867
601.041467
601.623567
602.601567
602.680700
602.739733
602.767300
602.830800
602.949700
606.592100
606.752400
608.649933
609.663367
609.814067
611.642933
611.694267
612.315600
612.817600
613.226600
614.407467
614.703133
615.297333
616.595800
617.213400
617.441300
617.678567
617.695967
617.747433
617.768500
617.898267
617.998267
618.011133
618.034833
618.055067
618.081767
618.111233
618.145100
618.164433
618.190800
618.199500
618.308133
618.357200
618.971867
619.046300
619.401633
619.406567
619.646667
620.284867
620.405900
620.619867
620.723933
620.776233
621.075633
621.112633
621.551000
622.251667
622.270233
622.414167
622.440033
622.474433
622.558800
622.574367
622.606200
622.614767
622.877367
623.027333
623.086667
623.432533
623.439033
623.565467
623.667500
623.772033
623.781433
623.878467
624.194767
626.240700
626.464733
626.521067
626.780000
627.152567
627.990300
629.145733
629.217600
629.223167
630.225933
630.909433
632.559400
632.662967
633.454433
633.479167
633.818067
634.541867
634.603667
634.812767
635.317767
635.496533
636.621033
636.747100
639.687533
640.854600
640.860600
640.967933
641.051867
641.090300
641.146000
641.175933
641.258333
641.582133
641.758633
643.879333
643.894400
645.499200
646.602467
647.592833
647.607633
647.672933
647.772500
647.800967
647.857133
647.859767
647.922267
647.926500
647.947933
647.989200
648.008633
648.012800
648.014533
648.020567
648.035100
648.071533
648.091000
648.112500
648.426300
648.755833
648.771100
648.813833
650.213400
650.707900
650.843367
651.413233
651.892400
651.905167
652.284467
652.549133
654.201933
654.731500
656.611267
657.797967
657.883200
657.891967
658.184333
658.357233
658.793433
662.580233
662.980300
663.088333
663.130467
663.180167
663.385467
663.563667
663.788700
664.852433
665.892000
666.963167
667.400033
667.405767
667.885067
670.135700
670.729267
671.202433
671.572800
671.739133
671.907367
673.579400
673.831733
673.859333
674.775533
674.931267
675.653167
676.372833
676.943100
676.984967
677.365967
677.426000
677.472533
677.488800
677.506400
677.553500
678.672200
679.990633
680.140133
680.982567
680.988767
682.889967
683.092300
684.131833
684.226033
684.638467
684.641700
684.928133
684.936967
684.984167
685.008733
685.099633
685.105733
685.147100
685.243267
685.332200
685.474867
685.748300
685.750733
685.807033
685.933267
685.940300
686.174133
686.311833
686.344300
686.617367
686.635600
686.643700
686.748667
686.759167
686.786633
686.796367
687.591467
688.139433
689.825800
690.080800
690.315000
690.482200
690.550967
690.672200
690.844800
690.856167
690.917367
691.083433
691.852167
692.845967
693.995033
694.105200
694.126300
694.338133
694.373233
694.866767
694.879633
696.085067
696.454067
696.897700
697.241633
697.250567
697.253967
697.277033
697.290733
697.349967
697.370667
697.430833
697.473833
697.533433
697.546367
697.556600
697.613400
697.623900
697.755500
697.775167
697.789400
697.812433
697.814900
697.827100
697.875900
697.882933
697.939700
698.082200
698.168133
698.701800
698.853100
699.546067
699.594100
699.608867
699.774767
700.038100
700.075367
700.088367
700.152333
700.819733
700.906633
702.774433
703.532733
703.831467
703.872767
704.229767
704.260100
704.286833
704.474400
704.654967
704.865767
705.032967
708.185600
708.786267
709.120567
711.522200
711.657167
712.571500
712.755200
713.289967
713.670600
714.763700
718.085567
718.114533
718.213933
719.005067
719.468800
719.594800
719.706733
719.767833
719.803867
719.819700
720.085133
720.688733
721.669033
721.870567
722.432200
722.721033
722.736133
723.671700
724.142800
724.146300
724.414733
724.687133
724.694400
726.301433
726.373200
726.404167
726.479933
726.538967
726.686967
726.872867
729.491500
729.763633
729.781633
729.811467
729.834267
729.945267
730.045933
730.152900
731.202167
732.145033
733.986000
734.009700
734.071000
734.107733
734.192100
734.428333
735.230500
735.424333
736.712367
738.690733
740.341233
746.112467
746.146900
746.161400
746.411233
746.570167
746.786833
746.957667
747.158433
747.611967
747.650933
748.246333
749.902333
750.541033
751.454833
751.504933
751.706333
752.460167
752.749367
753.037167
753.058067
753.323667
753.540867
754.566133
754.888067
755.307100
755.978067
756.025933
756.451867
756.536767
757.517367
757.579300
758.444100
758.454400
758.457533
760.753833
761.812167
761.844000
761.980800
762.005433
762.076767
762.253000
764.129133
765.051867
765.131500
765.177333
765.227700
765.341533
765.370800
765.408833
765.433200
765.489733
765.502800
765.536767
765.677167
766.237600
767.122067
767.140067
767.146833
767.906933
767.920133
768.455167
768.473367
771.092233
771.973467
772.025967
772.185567
772.539100
772.652733
773.500433
774.041733
775.066033
775.657300
776.231133
776.285533
776.351267
776.379433
776.410100
776.423967
776.428967
776.510433
776.852633
776.878100
777.101900
779.125433
779.660233
779.945300
780.017900
780.031400
780.598933
781.134933
781.489167
783.042733
783.057900
785.716200
785.762100
786.484867
786.722500
787.520567
788.847133
789.311167
789.379033
789.959167
792.107000
792.196467
792.208833
792.218533
792.299967
795.462000
796.081900
796.101500
797.018000
797.286233
797.290567
797.394667
797.567867
797.571567
797.653033
798.586600
798.768300
798.828300
798.917367
798.960067
799.054767
799.167967
799.210200
799.225800
799.357633
799.409367
799.413767
799.518500
799.583467
799.610733
799.650233
799.702067
799.718233
799.772567
799.778933
799.866067
799.970867
799.982800
799.987400
800.033000
800.080367
800.139033
800.300100
800.504400
800.618067
800.976267
800.988033
801.092067
801.151767
801.166400
801.168400
801.238267
801.296167
801.809800
802.041867
802.045600
802.932333
804.663000
804.706400
805.103733
805.210467
805.665033
807.943567
808.169333
809.927333
809.936433
810.206167
810.218633
810.309600
810.381767
810.417367
810.464867
810.474800
810.655633
811.134300
812.047133
813.675300
813.697967
814.169333
817.053033
817.270867
819.486900
820.225867
820.333367
820.652733
820.683133
820.981567
822.921533
822.955133
823.602067
823.615500
824.284600
824.758467
824.943667
825.157900
825.370000
825.887100
826.529700
827.366867
827.654700
830.676900
830.748700
830.850833
832.199800
832.203300
832.912333
833.749833
835.451500
835.581967
836.618000
836.895600
837.172900
837.506433
837.574500
837.631400
837.705500
837.709733
837.788900
837.875500
837.911233
837.991367
838.006933
838.320933
838.809000
838.815233
838.822300
838.841700
839.660333
839.674233
839.710300
839.733967
839.780667
839.794600
839.830633
839.843833
839.847333
839.898067
839.923767
839.937767
840.003367
840.147133
840.198833
840.784233
840.905900
841.063933
841.065767
841.186100
841.237133
841.461400
841.493633
841.541967
841.804300
841.971800
841.992367
842.041733
842.059733
842.065433
842.106367
842.241500
842.331600
842.359367
842.403067
842.405433
842.415833
842.463867
842.535400
842.583800
842.604600
842.887867
842.909433
842.957600
843.198433
843.401267
843.710833
844.082300
844.941967
844.996133
845.871667
847.128333
848.599800
849.234400
850.429733
850.905233
851.046333
851.396767
852.379400
852.799533
854.202533
854.757633
854.831800
855.103867
855.227267
855.367400
855.631233
856.273333
856.328867
857.987367
858.110033
858.173100
858.350467
858.709567
858.738633
859.302467
859.351533
862.898200
863.996233
864.042067
864.053533
864.095600
864.507600
865.033967
865.526067
866.283233
866.367067
869.038967
869.045333
869.231367
869.405067
869.464133
869.556667
869.582500
869.782400
869.847667
869.924967
870.054467
870.076533
870.321000
870.376933
870.414933
870.617933
870.645433
870.720667
870.733133
870.745533
870.899167
870.968733
871.156033
871.170300
871.997233
872.917300
873.905667
873.922667
873.965400
874.049900
875.887000
876.837433
879.161133
881.278000
881.551933
881.690867
881.770300
883.803100
884.278100
884.380567
884.974600
885.886867
885.921100
886.019533
886.117367
886.119367
886.132167
886.144433
886.169067
886.229633
886.286467
886.300867
886.350233
886.430733
886.573900
886.581433
886.603700
886.657800
886.761433
886.797700
886.859167
886.884767
887.091067
887.257000
887.338000
887.506933
887.787333
887.790733
887.926733
887.998167
888.124967
888.363633
889.059200
889.110267
890.308833
890.886133
891.600767
892.071933
892.356467
892.383900
892.567700
893.798600
894.178400
894.437967
895.113567
895.477133
895.810367
895.945267
895.953767
896.261100
896.330800
896.955033
897.000733
897.236533
897.838500
898.250433
898.535200
898.661533
898.710600
901.021967
901.060267
901.130100
901.193433
901.218833
901.236433
901.278333
901.324533
901.498033
901.539300
901.662900
901.673167
901.745800
901.832500
901.848100
901.997033
902.087667
902.105100
902.134633
902.204400
902.227900
902.236133
902.337767
902.441500
902.444567
902.961300
905.633167
906.285400
906.624300
907.498000
907.989700
908.057167
908.830533
908.869967
909.839967
910.266867
910.289733
910.382700
911.126300
911.327600
911.531767
912.514833
912.696333
912.787967
912.907500
913.054233
913.068600
913.477233
913.827700
914.171400
914.376967
914.710433
914.956400
915.140000
915.304200
915.355867
915.436267
915.478767
915.480467
915.490967
915.580300
915.666167
915.686767
915.713300
915.745167
916.009967
916.020933
916.081667
916.203133
916.979567
917.122833
917.828633
917.830433
917.887800
918.255833
918.556067
919.107300
919.934433
920.207500
921.557700
922.724433
923.262033
924.061333
924.635067
924.652000
925.360167
925.667367
925.743600
925.948100
926.096267
927.213400
928.670233
929.535733
930.103967
932.416333
932.849100
934.230767
936.002200
936.188433
936.637933
936.658800
937.146367
937.683633
938.088900
938.851533
938.919967
939.583933
939.739667
939.783833
940.889367
942.217967
943.299200
944.445100
947.526267
948.736533
949.086333
949.154300
949.182633
949.206300
949.211167
949.737000
949.793767
950.442067
951.873567
951.904333
952.160100
952.994433
953.222500
953.269467
953.387833
953.471533
953.474000
953.720967
953.746300
953.943567
954.006967
954.019467
954.165000
954.235533
954.264967
954.275333
954.290900
954.453633
954.513967
954.788433
954.954400
955.034233
955.378467
955.406367
955.441333
955.622833
956.785567
957.261467
958.303000
959.031667
959.070000
959.088967
959.097233
959.117867
959.212100
960.022667
960.024833
960.231633
961.148767
961.163800
961.398567
962.467600
962.565367
962.769167
963.128667
963.465233
963.582300
965.798933
966.108267
966.161900
966.171567
968.591900
970.063500
970.230067
970.251433
970.310600
970.453633
970.510733
970.565933
970.574700
970.605367
970.721133
970.779167
970.805933
971.018300
971.140433
971.519567
971.607600
972.079067
972.126667
972.247633
972.269533
972.354333
972.760500
972.765467
974.220100
974.721833
975.266133
975.274200
975.285833
975.315800
975.503433
975.664867
976.157700
976.212200
978.412933
979.138500
979.578200
980.136167
980.284400
980.658300
980.997200
981.378333
981.458933
981.463800
982.150700
982.592000
983.133800
983.353733
983.422567
983.965933
984.146400
984.214033
985.222533
986.488100
987.187733
987.339600
987.745700
987.983267
988.200567
988.622700
989.663333
990.496700
990.915700
990.997733
991.051667
991.078833
991.099300
991.157667
991.171000
991.232633
991.287600
991.357967
991.478467
991.481467
991.532000
991.629167
991.745433
991.765133
991.779433
991.940100
992.018067
992.150267
992.235700
992.287533
992.421400
992.468900
992.507500
994.894367
995.210067
995.288700
996.223467
998.894200
999.321900
999.327533
999.429500
999.608233
999.634300
999.885200
1000.583133
1000.669667
1000.710567
1003.442867
1003.527567
1004.978767
1005.199367
1005.208733
1005.755567
1005.777633
1006.393700
1006.806500
1007.747033
1007.774667
1007.940467
1008.079467
1008.090200
1008.299333
1009.834067
1009.900033
1009.944333
1009.982933
1010.053433
1010.265167
1010.290367
1010.374000
1010.402133
1010.457933
1010.467500
1010.538533
1010.647533
1010.675533
1010.689367
1010.692533
1010.700067
1010.764433
1010.831367
1011.069933
1011.911000
1012.248700
1012.325600
1012.359100
1012.405300
1012.427733
1012.435267
1015.383800
1015.497300
1015.603367
1016.249300
1016.305767
1016.509533
1016.626433
1017.280367
1017.421267
1019.086200
1019.841033
1019.950300
1020.250967
1020.977267
1022.377467
1022.633400
1023.562467
1024.656367
1024.801900
1024.843900
1024.905933
1025.595733
1028.069633
1028.144600
1028.628767
1028.706100
1028.813667
1029.233700
1029.423067
1030.733767
1030.869733
1030.875167
1031.377567
1031.545633
1031.718267
1031.726500
1031.882733
1032.513000
1032.543467
1032.714667
1032.727133
1032.819233
1032.885567
1033.758000
1033.907333
1034.473533
1034.538933
1034.708400
1034.718533
1034.824000
1034.927967
1035.069967
1035.113333
1035.324100
1036.121000
1036.523133
1036.642567
1036.727767
1036.861800
1036.891233
1037.444833
1038.075067
1038.750233
1038.824167
1038.981067
1039.163000
1039.490667
1039.909033
1039.964100
1040.135500
1040.145267
1043.278633
1043.335700
1043.364600
1043.406333
1043.647333
1044.883767
1045.154167
1045.282800
1045.932333
1046.965267
1048.331900
1048.336433
1048.524867
1049.178600
1050.900333
1051.170733
1051.200533
1051.222367
1051.414233
1051.939700
1052.008400
1052.032667
1052.087700
1052.098067
1052.908967
1053.583633
1053.680667
1055.472400
1055.491100
1056.370533
1056.670233
1056.695800
1056.880867
1057.024667
1057.182567
1057.205533
1057.469467
1057.729767
1058.604067
1058.747833
1058.759733
1060.005200
1060.331300
1060.901733
1061.345967
1061.363967
1061.410433
1061.473233
1062.058233
1062.131567
1062.451200
1062.842700
1064.004300
1064.037500
1064.257633
1064.274000
1064.939367
1064.941233
1065.430600
1066.347433
1066.953167
1066.995333
1067.027500
1067.087933
1067.458533
1067.849800
1067.883867
1068.146800
1068.221333
1068.240233
1068.418767
1068.542400
1068.789833
1069.584800
1069.665067
1069.960700
1070.231300
1070.250367
1070.380167
1072.611700
1073.384433
1074.155433
1074.692767
1075.446100
1076.471500
1077.026233
1077.260000
1077.839900
1078.414600
1081.876100
1082.223667
1082.257567
1082.332067
1082.367433
1082.417633
1082.423033
1082.429133
1082.455667
1082.486100
1082.538000
1082.544467
1082.574300
1082.659433
1082.698500
1082.741533
1082.913100
1083.237367
1083.820033
1083.847300
1083.867700
1083.912600
1083.958633
1084.168533
1084.251800
1084.280300
1084.313800
1084.316267
1084.384700
1084.461200
1084.584467
1084.746200
1084.759400
1085.998367
1087.347300
1087.351233
1090.281533
1090.443033
1090.705633
1090.707300
1090.879633
1090.893400
1091.616067
1091.875300
1093.613133
1094.124300
1095.407667
1095.423833
1096.151867
1096.266933
1097.131400
1098.799167
1098.817600
1099.306200
1099.486667
1099.493633
1101.473233
1102.146533
1102.549600
1102.709867
1102.741800
1102.896133
1103.997033
1104.044633
1104.277733
1104.382367
1104.564500
1105.431133
1105.707800
1105.723700
1105.762300
1105.920233
1106.471300
1106.560533
1107.557100
1107.621467
1107.919900
1108.076233
1108.097900
1108.113933
1108.223967
1108.788000
1109.284467
1109.415400
1109.458967
1111.552333
1111.894933
1111.929467
1112.155033
1112.287600
1112.314433
1112.459067
1113.500867
1114.110033
1114.143767
1114.163733
1114.246033
1115.641133
1117.065800
1117.103567
1117.364500
1117.757600
1118.039300
1118.420633
1118.975367
1122.390300
1122.403000
1123.033600
1124.170133
1124.462800
1125.083467
1125.218833
1125.425800
1125.446433
1125.501800
1126.181833
1126.399400
1126.426400
1126.880567
1127.046433
1129.511700
1130.428600
1131.377600
1132.518900
1132.588400
1133.227967
1133.340200
1133.448667
1133.465200
1133.694733
1133.858200
1133.862300
1133.864300
1133.894800
1133.923633
1133.964467
1134.102833
1134.210433
1134.339333
1134.364133
1134.458533
1134.622100
1134.703567
1134.712700
1134.744733
1135.350333
1135.384400
1136.184867
1137.280533
1138.150000
1139.423667
1139.435933
1139.943233
1140.343133
1140.378433
1141.766567
1141.822367
1141.847700
1141.881567
1143.211233
1145.319767
1145.373267
1145.496667
1145.632900
1147.305333
1147.807333
1148.419400
1148.923100
1148.956867
1149.507333
1149.533200
1150.010667
1150.088400
1150.114200
1150.124433
1150.142533
1150.917700
1151.390267
1152.828300
1153.277500
1153.283233
1153.309833
1153.582533
1153.607633
1154.128033
1154.399867
1154.683067
1155.092867
1155.152433
1155.494033
1155.522967
1155.953500
1156.162667
1156.196000
1158.494900
1158.504533
1158.611433
1158.655000
1158.701800
1158.703733
1159.736500
1160.285333
1160.308400
1161.662267
1162.868133
1163.075600
1163.304333
1163.317433
1164.083667
1164.307100
1164.367367
1165.101067
1167.924767
1168.101067
1168.408933
1168.419033
1170.054133
1171.319900
1171.531000
1171.624900
1172.268867
1172.310667
1173.924667
1176.035567
1176.932233
1176.987733
1178.197433
1178.642733
1178.945067
1179.143700
1179.928633
1179.982667
1179.987533
1180.512167
1180.828667
1181.894700
1181.943067
1182.455900
1183.851467
1185.230300
1185.873767
1186.612167
1186.781100
1186.997933
1187.028533
1187.491800
1187.647333
1187.909533
1188.169500
1188.452200
1188.791000
1189.086167
1189.246367
1189.569100
1189.666733
1189.683733
1189.765567
1189.823200
1189.835667
1189.864333
1189.899667
1189.939467
1190.011567
1190.042500
1190.091567
1190.211667
1190.351900
1190.419600
1190.429233
1190.643033
1190.647467
1190.674667
1190.703900
1190.793167
1190.821267
1191.076667
1191.111067
1191.204600
1191.253733
1191.291567
1191.307500
1191.361967
1191.507700
1191.551933
1191.553700
1191.643067
1191.783167
1191.966500
1193.998800
1194.159300
1194.209133
1194.238433
1194.687833
1195.862700
1196.165333
1197.333333
1197.680433
1199.386000
1199.586367
1200.057200
1200.742000
1201.107000
1201.662333
1202.106667
1203.797500
1203.983567
1204.057167
1204.065200
1204.159433
1205.291233
1208.387067
1208.412867
1209.143433
1209.264400
1209.290367
1210.909233
1211.535500
1212.161033
1212.559133
1212.955967
1213.285867
1213.521967
1213.533367
1214.439967
1214.617633
1214.685833
1215.066733
1215.665967
1216.715700
1216.868133
1219.097733
1219.577767
1219.820267
1219.971567
1220.698500
1221.610200
1221.652533
1221.720333
1222.126233
1222.322533
1222.342467
1222.574633
1222.610400
1225.949600
1225.993567
1226.083500
1226.282733
1227.242333
1228.651133
1228.665867
1228.678133
1229.988300
1230.596600
1230.788967
1230.851967
1233.425367
1233.498733
1233.559700
1233.639100
1235.329233
1235.339867
1235.354233
1235.359200
1235.393200
1235.397200
1235.504367
1235.513533
1235.735367
1236.307867
1236.596433
1237.202433
1237.285367
1237.730100
1237.740233
1238.514667
1238.797167
1239.238467
1240.202767
1241.575867
1241.703733
1242.402433
1242.637833
1243.591167
1244.609533
1247.875500
1248.181533
1248.315800
1248.581533
1248.759133
1250.077000
1251.608600
1251.617567
1251.826467
1252.134733
1253.303133
1253.708800
1253.720967
1253.944867
1254.008867
1254.011100
1254.053667
1254.090300
1254.562300
1256.539800
1256.628867
1256.717967
1256.754533
1259.360800
1259.404867
1259.455367
1259.715867
1259.913233
1259.919233
1259.967067
1260.132400
1260.231267
1260.431567
1260.565167
1260.671567
1261.283400
1261.419267
1261.441767
1261.972467
1262.204333
1262.526133
1262.819033
1262.834433
1263.178133
1263.521767
1263.524800
1263.700500
1263.854033
1264.441300
1264.451567
1266.077100
1267.950933
1268.023600
1268.540167
1268.852300
1269.026767
1269.057100
1269.545767
1269.943500
1270.171133
1270.203833
1271.234867
1271.240600
1271.413767
1271.602800
1272.781233
1272.859700
1272.935400
1272.962067
1273.016533
1273.023900
1273.122533
1275.009367
1275.057867
1275.152300
1276.903133
1277.405933
1277.484267
1279.407567
1279.441700
1279.516300
1279.718767
1279.998867
1280.248600
1281.969967
1282.082500
1282.721833
1282.845667
1282.899100
1283.352567
1284.220733
1284.250600
1284.591333
1284.596533
1284.890100
1285.216300
1286.848400
1288.154333
1288.195600
1288.351100
1288.382167
1291.259967
1293.489267
1293.497200
1293.525333
1293.573967
1294.768433
1295.585867
1297.215133
1297.283400
1297.331167
1297.440033
1297.471833
1297.518333
1298.551733
1300.612467
1300.629733
1300.662233
1301.153500
1302.066300
1303.815300
1303.840500
1304.337367
1304.361433
1304.662300
1304.669133
1306.868567
1307.411533
1307.668067
1309.051333
1309.167267
1309.222500
1309.419367
1310.358967
1310.781467
1311.315733
1311.840533
1312.367300
1312.387033
1312.446633
1312.518900
1312.637900
1312.821667
1312.838400
1313.019967
1313.400833
1313.804567
