0.351500
0.446667
0.566800
0.776400
1.511133
1.698967
2.187800
2.245933
2.326800
3.679133
5.561733
5.578900
6.277833
6.306867
6.970267
7.043800
9.803867
10.252767
10.398700
10.432533
10.470367
10.634133
11.540233
13.073267
13.317067
14.966833
15.014433
17.799533
17.844367
17.978300
18.075267
18.124333
18.841233
21.526000
22.038167
22.492600
22.910233
24.919100
25.400767
27.555900
27.907700
31.187100
31.562933
31.661833
32.029900
32.034267
32.207433
33.094000
33.134467
33.164133
35.974733
36.009500
36.041100
36.076833
36.129900
36.155700
36.227167
36.370533
36.495100
36.567233
38.140667
38.213900
38.316033
38.352233
39.287600
39.300000
39.315400
39.611333
42.746833
43.796467
44.432800
44.709000
45.534767
45.571267
45.642000
45.666533
45.692600
45.762200
45.801900
46.049533
46.132367
46.166833
46.267033
46.488533
46.745833
47.432333
48.574400
48.900233
48.983667
50.928433
51.023733
51.113367
51.218133
51.255667
52.115733
52.437600
54.503733
54.593400
54.859900
55.858600
55.898500
55.937667
55.980967
56.027333
57.522267
57.550933
60.894433
61.054567
61.222633
61.681200
61.906600
61.976633
62.312033
62.460767
62.552367
62.589433
62.632800
62.713800
62.950667
62.975167
63.059633
63.764867
63.834000
63.902967
63.942433
64.063100
64.202067
64.607067
66.237633
66.996167
67.082933
67.113467
68.137567
68.171800
68.219200
68.830533
69.686000
70.118100
70.161500
70.246867
71.245567
77.598300
77.647967
77.818500
84.694233
85.890033
85.954167
86.059300
86.845100
87.163500
87.336533
87.367367
90.472233
90.503367
90.549167
91.552133
91.875633
94.446367
94.686933
94.945867
95.290833
95.475367
95.819267
96.980400
97.791800
97.926200
98.000900
98.069567
98.260267
98.310600
98.911233
99.005833
99.095767
100.072400
100.423400
101.373567
101.735400
101.813933
104.050267
104.971433
104.997400
105.032567
106.651633
106.906633
107.090833
107.557300
108.013500
108.517967
108.986667
111.696200
113.862067
116.466700
116.921433
119.172700
119.246767
119.370400
120.294233
121.303567
121.774567
121.799667
121.811167
124.111533
124.210700
124.302633
128.184733
128.963667
129.365867
130.134433
130.145800
130.480633
130.598933
131.917500
132.659867
133.213433
133.328933
133.364233
133.484233
133.547033
133.724133
134.991300
136.013067
136.729133
137.032333
138.615933
141.903300
142.456200
143.444467
143.688700
146.201867
146.249233
146.302100
146.327200
146.390900
146.463100
146.586467
146.788267
147.463500
147.507000
147.539367
147.688733
147.763733
147.777767
147.800933
147.820767
147.868467
147.996367
148.034267
148.799567
150.781533
150.846400
152.047767
152.616100
153.039633
153.078633
153.472033
153.548100
153.567767
153.619400
153.660933
153.877133
153.905967
155.144667
156.738967
157.031000
157.194100
157.572767
157.674200
158.719433
158.765233
160.143500
160.162967
160.282833
160.368533
160.465367
162.555400
165.584467
165.649333
165.827867
165.864833
165.890267
165.915400
165.980900
166.006000
166.023000
166.202900
166.730267
167.305367
167.382800
167.425733
170.300967
170.360133
170.522167
171.061633
173.246100
173.285700
173.321567
173.538267
173.573133
173.661833
173.781200
173.815767
173.843133
173.870967
173.939967
174.187667
174.217400
174.481900
175.135933
176.366000
176.695933
177.971533
178.000500
178.042033
178.519133
180.699667
181.803667
182.270567
182.398100
182.559067
182.630633
183.106300
183.114100
184.132133
184.701033
184.759833
187.006800
187.085367
187.101867
187.462300
187.591033
187.764767
187.976767
188.134167
188.459267
189.729000
191.157433
193.143167
193.942467
194.947000
197.461533
197.498100
197.614833
197.655033
198.002867
198.709167
200.515833
200.779933
202.218033
202.246133
202.617867
202.915067
203.181433
203.816800
204.025233
204.113800
204.336500
205.617867
205.645500
209.264700
209.343567
209.466533
210.022233
211.754633
211.803100
211.873133
212.037533
212.102633
212.567467
212.599167
213.022133
213.112600
213.168967
213.300367
213.570567
213.662300
214.674133
214.969933
216.420433
216.475200
216.627900
216.699467
216.710600
216.779367
216.810700
216.982733
218.453667
218.477500
218.512167
218.541933
218.571100
218.614933
218.728700
218.756100
218.825867
218.849033
219.790867
220.749200
220.842467
220.994800
223.616500
223.620733
224.091933
225.759800
226.719933
226.798667
227.255267
230.482900
230.887867
231.264900
233.161667
233.663967
233.719400
233.818100
233.902133
234.340633
234.574667
234.641600
238.109733
240.284667
241.671067
241.747700
242.816700
244.047600
244.570700
246.506167
248.448833
249.086867
249.480000
249.598567
249.736600
249.764400
250.633933
250.662300
250.697833
250.793867
250.844200
250.870100
251.719467
251.787833
251.851633
251.883367
251.989267
253.223100
253.937300
254.517700
255.034133
255.068733
255.101467
255.570967
255.613700
257.568633
257.642100
258.462267
258.491633
258.780133
259.157900
259.483267
264.080467
266.110100
266.140333
266.235567
266.329667
266.372033
266.492700
268.457600
269.886267
270.380967
271.487733
273.352533
273.387400
278.544100
279.977467
280.164633
280.481967
280.614133
280.754600
280.766400
282.490400
283.429100
283.496333
283.522567
283.559300
283.589167
283.955167
284.575300
284.597667
285.010667
285.122300
285.407700
285.480533
285.499867
285.539733
285.617067
286.667933
288.528967
288.651333
289.227800
293.185100
293.204700
293.289000
293.363433
293.400267
293.778333
296.397900
296.693400
297.529200
299.929867
301.106933
302.564400
304.123200
306.738867
306.782367
306.813400
307.587167
309.685567
310.349600
312.268200
314.489067
314.630833
314.668667
314.733433
317.855900
317.960600
318.512133
318.584667
318.634733
321.628700
321.700933
321.704400
322.558400
323.100633
323.148700
323.207333
323.238267
323.532533
324.306100
325.357967
325.377233
325.414133
325.444100
325.574900
325.592133
325.610967
325.873633
325.957400
326.665867
327.550667
327.608167
328.815067
328.873267
328.928400
328.953867
329.273367
331.429900
332.727633
333.111267
333.463267
333.586967
333.592833
333.615900
333.702000
335.201500
335.933567
336.339767
337.023100
337.162200
337.520867
337.535367
337.580100
337.606167
337.719567
338.513633
338.560000
338.718967
340.440633
341.216900
341.855367
341.905067
344.286400
344.324867
344.370467
344.648567
344.782967
346.554100
348.604700
349.281633
349.346867
349.991633
350.036833
350.133400
350.792500
350.896400
350.998967
351.069433
351.129633
351.235667
351.296767
351.896600
352.768400
353.496667
353.680633
355.163933
358.494667
360.131200
360.538100
361.464033
361.762033
361.948867
364.212833
365.114500
365.331200
365.812267
366.289667
369.791367
369.825400
370.370200
370.390300
370.419200
370.531833
370.587567
370.815100
370.878233
370.916000
371.072533
371.104633
371.224600
371.743667
372.245800
372.587467
373.023033
373.041000
373.057867
373.106033
373.165233
373.213433
373.426967
373.944833
373.974267
374.002433
374.048400
374.079667
374.170367
374.763067
374.867733
375.396567
375.792133
376.441067
377.845933
377.979333
377.998133
378.066800
378.133433
378.229400
378.275700
378.382000
378.501267
382.104267
382.161467
382.501100
382.539767
382.574800
382.645400
382.682967
382.729400
382.806633
382.908267
383.025267
384.172667
384.239433
384.476233
384.525600
384.649967
385.057067
385.175533
385.983233
386.192233
387.310000
387.435433
388.204200
388.267933
388.405000
388.434067
388.466033
388.560433
388.606700
388.608867
388.643767
388.816000
388.859233
389.603900
389.632267
389.671067
389.703967
389.744467
389.800500
390.057067
390.544733
390.567100
391.626033
392.789333
393.276867
393.310467
393.615400
393.943300
393.992700
394.097167
394.140067
394.350100
394.552633
395.380700
395.890467
396.152133
396.179867
396.479600
396.544067
396.573467
397.148633
397.193633
397.210533
397.409033
397.523367
397.942200
398.808600
399.267667
399.508900
400.974533
401.002900
401.234067
402.354067
402.417000
402.464600
402.529367
403.605833
403.815000
404.356100
404.437600
407.148300
407.724900
407.819000
407.953133
408.047700
408.718133
408.748733
408.783000
408.820767
408.870767
408.919467
408.955700
408.995100
409.008167
409.526600
409.608700
410.178933
410.212267
410.450200
411.116133
411.212667
411.266167
412.681433
412.891800
414.396833
416.766267
416.796733
416.892267
417.257533
417.296400
417.352633
417.411867
417.613600
417.681633
418.194967
418.279200
418.372833
418.524167
418.619900
422.248467
424.257300
426.435567
426.792000
427.042267
427.480733
427.753300
427.774267
427.849000
427.930267
428.068833
428.296733
429.652400
430.252800
431.150367
431.282733
431.304533
431.326267
431.369467
431.387067
431.406867
431.600967
431.661800
431.706000
431.860067
431.944167
431.978933
433.650933
433.693267
433.947700
434.920600
435.512700
435.574867
435.605533
436.719733
436.756967
438.059000
438.208467
438.652900
438.714333
438.767267
438.787833
440.051700
441.270333
441.637200
442.489400
442.663267
442.904767
443.275867
443.338233
443.626633
443.770667
443.822633
445.114733
445.179667
445.207500
446.792600
447.043400
447.227767
447.982067
448.685533
450.238967
450.263533
452.952967
453.306967
453.361700
453.825500
456.844633
457.271933
458.089767
460.782367
462.267600
462.404967
462.490033
463.093133
464.114433
465.330633
465.449100
466.787133
467.467567
469.579467
469.676033
471.036700
472.475667
472.527000
472.573133
473.354433
473.658000
474.146333
474.185700
474.371467
475.687600
476.739433
476.964100
477.084200
477.128000
477.295800
478.173433
479.285600
479.704300
479.759533
480.048200
482.523533
482.954167
483.142400
483.436767
484.100233
485.194800
485.956333
486.943967
489.398067
489.465400
489.489000
489.507833
489.550467
489.608300
490.148833
490.385633
490.533033
490.581767
491.615533
491.750533
492.013600
492.321267
492.377767
492.478733
492.903167
493.684567
493.817133
493.858533
494.341867
495.131600
495.158467
495.247300
495.270567
495.434567
495.522233
495.626967
496.112067
496.239133
496.283300
496.305200
496.324300
496.372733
496.408400
496.531367
496.724933
496.755667
497.443467
498.543233
498.639467
499.281500
500.137867
501.739700
504.692400
504.772167
505.372900
510.334800
510.521800
510.799200
510.828767
511.055733
511.600900
511.852600
512.022200
514.394633
514.442300
514.578367
514.631567
515.352533
515.377967
515.572267
515.786867
515.824967
515.982867
517.059567
517.931867
518.770133
519.408200
521.813433
521.831900
522.032533
522.233967
522.312600
523.368933
523.387833
523.479467
524.096733
524.633033
524.676033
524.772333
524.791733
524.877867
524.887100
525.856233
525.892000
525.977400
526.013700
526.109867
526.120467
526.134133
526.682967
526.704567
526.751233
526.830967
526.969467
527.866533
527.889033
528.457933
528.463400
528.628933
529.005067
529.166167
529.201800
529.511467
531.115400
532.222433
532.965533
533.004867
533.214267
533.352733
535.013733
535.051167
536.027933
536.052000
536.113267
539.593233
539.619467
539.643600
539.692367
539.722533
539.796233
539.823433
541.530433
541.778233
545.052267
548.837833
548.872000
548.961167
549.044133
549.855400
550.840233
550.962567
553.287600
553.455267
553.507467
553.594767
553.746667
553.801233
553.972600
554.027700
554.154867
554.189600
554.239400
554.487333
554.517833
554.546733
555.003367
555.856267
558.156633
558.229267
558.289333
558.325700
558.426100
558.508667
558.603200
558.651200
558.943733
559.092733
559.169700
559.660167
559.686067
559.732300
559.827033
560.887400
561.245067
562.042000
562.761567
562.783433
562.895433
562.937567
563.595300
563.690867
563.871733
564.786367
565.108200
565.232900
565.336233
566.730700
566.965300
569.444200
570.307633
571.443933
571.480367
571.977367
572.007533
572.206333
572.234900
572.284767
572.344733
572.461900
572.499100
572.530300
572.564000
572.601467
572.628633
572.660233
576.285867
576.434133
576.999133
577.254200
578.437567
578.491067
578.690333
578.758033
580.795267
582.305433
582.988500
583.046567
585.094567
586.218867
586.916267
587.476600
588.585067
588.610000
588.642300
589.979600
590.401600
592.183967
592.770433
593.896833
594.196067
594.409600
594.489933
594.866033
594.887700
595.179200
595.292067
595.337067
595.454767
595.666233
596.776967
597.256567
597.434800
597.538400
597.639300
597.667800
597.847767
597.883500
597.915733
597.991933
598.028200
598.062500
598.088033
598.177533
598.236700
599.053733
599.644200
599.723033
599.873667
601.634667
602.125867
602.354700
602.393867
602.436333
603.495633
604.758133
604.809233
605.141833
606.982767
607.065833
607.553200
608.872267
609.944567
609.989333
610.312400
611.620733
612.211600
612.245933
612.284733
612.334300
614.524933
614.588200
614.654233
614.697067
614.737467
614.772700
614.811833
614.857867
614.941300
615.010767
615.935467
615.964233
615.992033
616.017600
616.397500
617.165700
617.361667
617.398767
617.590400
617.651133
618.818833
618.994800
619.836667
619.932800
619.960533
620.000367
621.078233
621.548600
621.759300
621.797300
621.966767
622.010167
622.173067
622.297433
622.332667
622.411233
624.010500
624.036233
624.693267
624.987033
625.032000
625.156000
625.297967
625.355000
625.389333
625.557867
625.681300
625.826367
626.866833
627.209633
627.274233
627.459600
627.664367
627.848500
628.194633
628.311967
628.448200
628.543100
628.670033
629.283367
629.398300
629.552067
629.941533
630.067400
630.069400
630.126667
630.248200
630.295600
633.936600
635.279500
635.319967
637.526133
637.555933
637.587500
637.929667
638.195133
638.264933
638.326867
638.474833
638.534600
638.871167
639.569633
640.038533
640.069200
640.091267
640.124433
640.940833
640.958233
641.162033
642.094367
642.153133
643.711467
644.900267
644.933267
646.066267
646.444500
647.504600
647.528767
648.690300
649.378067
649.506600
649.788167
649.918667
649.964533
650.090900
650.151600
650.219000
650.249133
650.273633
650.557000
652.395200
652.429633
652.465333
652.672333
654.380733
656.392767
656.671033
656.717900
656.770200
656.822100
657.509867
659.284200
659.337567
659.381000
659.429833
659.452900
659.464733
659.521600
659.609033
659.694867
659.735100
659.774633
659.866033
660.231700
660.247300
661.347733
661.766000
663.036333
663.376033
663.408633
663.438167
663.483833
663.564467
663.721200
663.832467
664.116667
668.202000
668.624100
669.546000
669.558767
669.761433
670.436633
671.024367
674.307800
675.338567
675.831933
676.231400
676.422267
677.343867
678.329833
678.451800
678.481900
678.515833
680.520600
681.245700
681.353200
681.445933
681.487100
681.516567
684.055567
684.130433
684.264300
684.589667
684.795367
684.842033
686.336333
687.300133
687.996400
688.071433
688.175167
688.200300
688.241733
689.052000
689.319000
689.350100
689.470667
690.551833
690.601367
690.632200
690.789433
690.842200
691.464867
691.487300
691.563967
691.728233
691.925000
693.145367
693.344733
693.405467
694.460800
694.654267
695.288633
695.529967
699.722700
700.023833
704.817567
704.857633
704.880833
704.945900
704.974267
705.126700
705.154267
705.874767
705.888233
705.905800
705.966167
705.999633
707.357200
707.388067
707.587367
707.650367
707.730800
707.811900
707.905000
708.158233
708.196333
708.522167
708.563100
708.601033
708.688333
710.032667
710.311333
710.514333
710.540767
710.593900
710.660833
710.759767
711.121900
711.220833
711.550467
711.745000
712.002200
712.536400
712.619400
714.573767
714.738667
716.056067
716.551100
716.803700
720.056867
720.160600
721.366367
721.687500
721.961100
722.228833
722.280967
722.386833
722.927600
723.629233
723.660200
724.132900
724.232900
724.901500
724.945233
724.981033
725.614133
725.773333
727.898000
728.027267
728.054600
728.458167
730.245200
730.935167
732.873033
733.026767
733.524800
733.891700
735.761900
735.854133
735.924367
737.386467
737.457167
737.495033
738.902700
743.082333
743.114633
745.355800
746.070900
746.842400
746.869533
746.903667
747.262700
748.831300
748.903667
749.841433
749.931067
749.976133
750.036133
750.427000
750.883033
752.540100
752.760933
753.636567
754.381067
755.772900
755.803167
757.779567
757.979067
758.124433
758.205100
758.242167
758.277067
758.323700
758.355500
758.526133
758.576133
758.637333
758.665200
759.016533
759.065400
759.128467
760.356333
760.414967
761.009000
761.055800
762.371500
762.402267
762.488967
762.522800
762.546033
762.566833
762.701100
763.931533
764.035667
766.424300
767.183800
769.024267
769.173633
769.192700
769.236333
769.332667
769.529700
769.570267
770.377633
770.406833
771.604733
772.479167
772.717900
772.926967
773.082000
773.771200
775.424033
775.485533
775.609333
775.612900
777.003100
777.115533
777.161067
778.294067
778.349600
778.511433
778.587100
778.618500
778.695133
778.765967
778.794167
779.459900
779.854267
779.890467
779.936867
785.648167
786.298867
786.726767
789.077367
790.113533
791.098400
791.176533
791.221567
791.449267
791.912267
792.007600
792.098800
792.665533
792.917967
792.959833
794.691600
794.856467
794.884000
795.022067
796.042400
797.288667
797.569100
797.601767
798.383967
798.826700
798.888300
799.004400
799.113767
799.690200
799.950900
800.009867
801.854833
802.046867
802.205500
802.261833
802.384533
802.736000
802.876467
803.141100
803.190400
805.935200
806.154300
810.657433
810.767667
810.829867
811.055533
811.107467
811.257933
811.782033
814.320400
814.469267
816.384533
816.418700
816.505133
816.542033
816.829333
816.867500
817.465500
818.807033
820.823067
820.880100
820.914933
821.386867
822.293400
822.349633
822.372700
822.664333
822.943100
822.963367
823.005967
823.169833
823.299100
823.354400
823.380500
824.539700
824.601667
824.770233
824.794500
826.916100
828.954400
829.074600
829.203433
829.225433
830.289600
831.035233
831.147200
831.931300
832.214467
834.091867
835.172233
835.259600
836.329467
837.419300
838.374200
839.146467
840.795467
841.004900
841.522200
841.580900
842.212700
843.763400
843.776767
844.479400
844.529433
845.658567
846.352167
846.381700
846.449700
847.865733
847.948400
847.981533
848.013333
848.071533
848.158867
848.512000
851.027033
851.143600
851.234200
851.282267
851.315200
851.352800
851.627300
851.907900
851.993933
852.248933
852.917333
853.025067
853.089633
853.209733
853.289000
853.476533
853.517567
853.952067
853.998433
854.639700
856.970833
857.160167
857.267033
857.317467
857.363600
857.387300
858.688133
858.740300
858.759500
858.775500
858.871267
858.936933
858.990767
859.049567
860.565700
862.057733
862.155233
862.210600
862.925933
863.048800
863.080667
863.172533
865.518000
865.541333
867.263967
868.262400
868.596667
868.801500
868.878367
869.061633
869.248333
869.430300
869.466600
869.504900
870.770800
870.981033
871.425133
871.701033
872.556733
872.705433
872.778667
872.819967
872.856233
872.914000
873.147067
873.892233
873.966367
875.056833
875.090400
875.117300
876.207533
876.274200
876.665400
877.837433
879.472900
879.515033
879.810467
881.759267
881.804733
881.862533
882.574700
882.629500
882.661567
882.851333
883.210300
883.267233
883.571067
884.741233
885.605700
887.549300
888.468300
888.764600
889.610067
889.694900
889.805133
892.496267
892.575233
893.032500
893.103867
893.125100
893.186333
893.235633
894.301933
894.455967
894.789300
894.952867
895.063767
895.182400
895.759333
897.213667
897.289100
898.654300
900.324700
902.720600
902.793233
903.994367
904.250633
904.858900
904.893033
905.016567
905.054633
905.087633
905.151100
906.139567
906.489500
909.230433
910.000533
910.704967
910.986767
911.115567
912.116167
912.665933
912.750067
912.798300
912.859700
913.082867
913.425567
914.047400
915.124833
915.511033
916.268733
920.310733
922.257633
924.017467
925.060733
926.427333
929.062400
929.121167
929.161733
929.193367
929.820367
930.183100
932.570633
932.784133
932.811600
932.817833
932.901533
932.920933
934.224767
934.249067
934.287100
934.357167
934.407600
934.736833
935.282333
937.535300
940.203900
940.705200
941.159600
941.212000
941.242933
941.282067
941.345867
941.366433
942.050800
942.135200
942.694367
945.495800
945.518467
945.642433
945.690900
947.673800
950.168367
950.386300
950.447700
955.307700
955.316733
955.781633
955.863733
956.086267
956.341133
959.393300
959.536867
960.979400
962.687700
962.725333
962.746900
962.845000
963.354200
963.555933
966.098067
966.664800
967.628200
968.609933
968.615800
968.974067
969.736400
969.778500
970.118900
970.248433
970.325033
970.687567
970.757867
971.021100
971.723000
972.579100
973.962900
974.624967
975.060933
975.093133
976.878067
976.904700
977.717233
978.275833
978.332867
978.558600
981.056733
982.211567
984.430500
984.460733
984.967167
986.850633
988.878367
988.900700
988.975467
989.045700
989.070967
989.092833
989.214867
990.753067
990.883933
990.936133
991.068633
991.151000
991.169467
991.328033
991.627100
992.494400
993.177700
997.765467
999.949267
999.970633
999.995333
1000.670367
1000.817100
1000.871767
1000.904700
1001.363900
1001.394567
1001.480567
1002.378867
1003.790933
1003.850300
1003.931367
1004.014933
1004.056433
1004.656533
1005.043500
1005.100267
1005.973867
1006.004667
1006.117333
1006.164167
1006.171367
1006.661200
1006.697033
1006.747167
1007.455767
1008.199167
1008.259667
1008.353000
1008.371967
1008.427400
1011.191500
1012.467167
1012.544233
1014.614267
1014.664900
1015.054500
1015.445567
1015.942500
1017.650600
1017.890500
1018.169233
1018.272800
1018.597833
1018.615467
1018.704133
1018.829333
1018.979700
1019.063233
1019.065267
1020.330200
1020.355400
1022.752033
1022.969967
1024.795000
1024.904400
1024.941133
1024.978033
1026.122933
1026.612267
1027.060267
1028.755400
1028.845233
1028.932200
1030.032600
1031.134933
1032.912200
1034.166167
1035.393567
1035.583633
1038.185300
1040.470233
1040.575067
1041.135033
1041.721967
1042.123733
1042.873700
1044.647367
1046.889700
1047.178733
1048.314700
1048.333233
1049.181333
1049.205833
1053.742167
1054.194533
1059.222000
1059.368200
1059.578933
1059.930400
1060.249233
1061.213967
1061.378933
1062.256633
1063.212233
1064.447133
1064.949333
1065.152733
1065.999733
1066.068000
1067.076233
1067.613333
1071.918900
1073.106267
1074.131833
1074.509867
1074.737100
1075.572333
1077.358367
1077.445967
1077.480467
1077.510333
1077.538933
1077.596067
1077.635367
1077.757567
1077.820433
1078.610433
1079.123467
1082.142133
1083.282633
1084.728900
1087.337233
1087.380800
1087.413933
1087.435300
1089.890867
1089.943367
1090.932033
1090.987333
1091.023833
1091.058633
1091.122867
1091.179667
1091.222200
1091.264733
1091.315533
1091.384100
1091.416900
1091.508333
1093.678500
1093.824333
1094.252967
1094.569633
1096.265067
1096.288167
1096.311633
1096.385400
1096.420533
1096.459067
1096.466900
1096.619867
1096.643467
1096.675067
1096.740533
1096.766467
1099.990400
1100.079300
1100.277767
1100.306400
1100.323967
1100.480000
1100.536833
1100.858200
1100.944133
1101.000767
1102.777067
1102.973267
1103.426900
1103.890900
1106.708000
1107.182333
1107.313600
1108.495333
1109.439200
1109.478267
1109.603133
1109.654633
1109.668033
1109.856000
1110.519600
1110.563133
1110.700633
1110.878033
1112.776167
1113.185600
1114.241467
1114.672967
1114.962867
1116.155700
1116.267567
1116.280533
1116.305767
1116.327633
1116.354800
1116.390133
1116.452367
1116.476133
1116.512867
1116.545700
1116.842633
1117.216667
1117.269400
1117.345933
1119.733867
1119.829733
1120.216600
1120.262967
1120.303533
1120.334833
1120.367033
1121.622500
1122.372200
1122.443400
1122.564567
1123.582967
1123.721833
1124.345333
1124.367200
1124.430033
1126.704933
1127.368800
1127.423800
1127.511300
1127.564733
1127.624100
1127.658733
1127.681600
1127.788400
1128.182167
1128.359867
1128.449833
1130.422300
1131.544600
1131.674600
1131.972500
1132.164100
1132.836767
1133.188467
1133.466700
1133.941400
1135.118667
1135.439867
1135.705200
1136.145433
1137.407233
1137.607633
1139.358033
1139.519033
1139.979800
1140.043500
1140.730233
1140.837400
1140.926400
1141.499733
1141.941233
1141.969867
1142.598933
1142.847400
1144.991700
1145.706700
1145.870533
1145.894600
1145.915133
1146.086000
1146.125000
1146.476467
1146.495267
1146.526433
1146.553900
1150.340133
1150.373067
1150.533800
1150.657700
1150.701667
1150.776567
1151.003067
1151.343867
1152.945233
1154.986100
1155.376767
1155.442733
1156.113233
1156.135367
1156.196633
1156.297767
1156.333700
1156.403300
1156.435867
1156.494633
1156.849333
1157.544333
1158.577100
1158.607833
1158.640833
1158.747033
1158.780200
1158.826900
1159.846933
1159.880100
1159.950900
1160.400667
1161.446167
1161.866800
1161.936267
1165.024800
1165.045267
1165.083500
1165.150867
1165.833867
1167.155067
1167.743933
1168.205500
1168.260200
1169.055233
1170.122767
1171.836633
1171.871033
1171.941600
1172.191933
1172.473600
1172.541367
1173.176200
1177.398600
1177.497000
1177.596400
1178.532533
1180.671933
1180.725067
1180.749000
1180.827833
1181.043300
1181.163767
1181.275967
1181.882100
1181.927933
1184.080200
1184.304800
1185.641333
1186.247767
1186.306467
1186.525400
1187.448533
1187.995867
1188.748633
1189.539300
1191.231133
1191.276633
1191.320700
1191.675000
1191.814400
1191.928567
1192.813867
1192.875733
1193.299600
1193.972100
1194.643500
1194.731433
1194.799300
1194.864700
1194.911233
1195.059300
1195.433500
1195.473933
1195.946633
1199.154300
1201.013433
1202.111500
1202.159200
1204.151633
1204.199967
1205.734267
1206.009500
1207.373900
1207.491067
1208.344933
1208.428400
1209.974467
1210.063433
1210.127167
1210.560333
1210.583367
1210.674533
1210.717367
1212.271833
1212.298033
1212.577533
1212.939067
1213.069600
1213.425533
1213.520933
1214.086400
1214.598833
1214.846833
1214.928433
1215.534133
1215.956200
1215.975900
1215.994200
1216.014867
1216.041800
1216.178500
1216.317600
1216.468933
1216.518433
1216.902700
1217.538933
1217.725467
1218.508300
1218.810233
1218.872367
1220.102733
1220.171367
1220.192333
1220.242300
1220.270167
1220.463467
1220.525433
1221.044133
1221.081233
1221.110067
1221.155533
1221.190633
1222.765733
1222.818667
1222.991900
1223.056533
1223.342267
1223.781633
1223.881700
1223.915900
1226.438567
1229.202367
1229.458267
1229.633800
1229.724333
1229.744200
1233.266933
1234.019367
1234.353167
1235.245300
1235.255600
1236.726133
1236.810167
1236.969900
1237.039600
1238.167000
1238.343267
1239.037500
1239.179233
1239.480267
1239.664633
1239.697367
1240.457533
1240.468733
1240.500067
1240.520267
1240.581833
1240.785433
1241.080367
1241.100433
1241.256000
1241.320467
1241.341500
1241.353767
1241.374733
1241.450000
1241.477667
1241.608267
1241.649400
1241.684067
1241.740767
1241.775600
1241.800833
1241.862100
1242.004300
1242.036267
1242.104767
1242.162600
1242.485433
1242.590833
1244.605033
1244.654333
1244.674133
1244.924267
1245.072867
1247.149833
1247.203433
1247.462900
1247.962733
1248.694033
1248.851500
1248.926567
1248.986233
1249.600267
1249.659267
1249.800000
1250.174400
1251.039700
1251.601267
1251.669533
1252.867300
1252.929333
1253.859267
1256.798600
1258.875233
1259.272700
1259.582200
1260.113933
1260.597933
1262.827333
1263.249533
1264.140833
1265.912567
1265.977200
1266.058100
1266.174300
1266.364133
1266.398300
1266.822200
1266.963033
1268.825633
1268.859833
1269.102367
1269.981500
1270.043500
1270.368967
1270.840500
1270.993867
1271.042667
1271.891300
1271.930267
1272.017000
1272.029700
1272.172300
1277.391133
1277.506200
1278.499400
1278.993267
1279.444500
1279.464600
1279.541667
1279.607833
1279.761267
1279.839000
1280.056367
1280.731267
1281.360433
1283.577567
1283.644967
1283.736833
1283.771233
1283.849033
1283.880233
1283.890333
1283.928300
1285.366533
1285.455100
1288.444700
1288.541533
1288.614267
1289.070733
1289.113433
1289.286833
1289.710467
1289.818233
1290.614567
1290.652133
1290.794967
1290.845733
1291.116533
1291.166033
1291.333933
1293.788067
1293.813833
1293.831967
1293.893733
1293.924667
1293.966433
1295.135700
1295.170400
1295.214833
1295.342900
1295.465967
1295.612467
1295.736267
1295.802233
1297.506600
1297.537667
1297.620667
1297.676867
1297.734933
1297.802367
1297.880333
1297.889200
1297.986733
1298.076700
1298.148467
1298.213333
1298.305200
1298.396133
1298.440400
1298.490300
1298.523233
1298.549433
1299.260100
1299.934300
1300.368400
1301.335333
1301.354300
1301.388767
1301.449900
1301.534167
1301.606633
1301.621633
1301.635600
1301.675267
1301.710333
1301.781033
1301.803833
1301.836000
1302.195333
1302.288367
1302.340267
1302.980367
1303.521867
1303.569967
1303.603300
1303.961767
1305.575033
1305.630733
1305.654867
1306.964633
1307.017833
1308.927133
1309.597267
1309.625767
1310.212333
1310.245700
1310.588167
1311.700400
1311.745267
1311.893500
1311.968000
1311.991933
1312.042900
1312.096467
1312.176333
1312.994400
1313.092800
