1.622767
2.387533
2.760900
3.020933
3.161867
3.284733
3.382433
6.174600
6.658767
7.465833
9.061400
9.750800
10.621200
11.108200
11.995833
12.119767
12.158267
12.593333
13.036100
15.221333
15.237333
19.273733
19.388433
19.581333
19.993967
20.229267
21.109667
25.328200
25.653567
25.932633
26.294000
26.887233
27.663500
28.874567
29.721767
30.978100
31.665200
31.919600
34.172533
36.436033
37.221300
39.193967
40.899367
43.712700
43.909867
44.974200
45.590600
47.930833
48.381500
50.944133
51.342567
51.392733
56.405767
57.844033
59.393533
60.153000
61.165400
61.850800
62.486000
65.007100
66.390533
66.852233
66.956367
68.513633
69.903833
70.015167
71.083633
72.100267
72.427700
72.569067
72.895467
73.048600
74.324333
74.403733
76.212467
77.079100
77.128233
77.335033
77.453133
78.936067
79.257500
81.347033
82.475867
83.801167
84.423133
85.967167
86.001833
86.010033
86.047267
86.605233
88.489567
93.265667
93.420033
94.723667
95.379300
96.395667
96.834167
97.148467
98.311533
98.858667
99.491500
102.154000
106.416300
106.888100
107.522767
109.998267
110.645900
111.609400
112.110167
112.275467
112.968067
113.132967
113.265800
113.465200
113.614167
115.901133
117.394067
118.554633
119.847167
122.133233
122.283133
122.953267
123.266367
124.274800
124.833567
126.395800
126.672267
128.701333
129.462267
129.627433
129.755167
132.460900
133.503533
135.037033
135.052967
135.388933
135.897533
136.627067
142.257533
143.341633
143.499367
145.496167
145.874067
146.950500
146.953533
146.979533
147.552667
147.581467
148.209467
149.599333
151.135867
151.692500
151.719867
151.780900
153.371700
153.718400
155.117900
155.852400
156.423733
160.630633
163.078167
163.455000
165.267667
165.382900
165.390100
165.466133
165.680700
166.724600
167.145433
168.047133
169.311700
172.210200
175.567200
175.736667
175.767367
177.271367
177.326500
177.608200
178.527933
178.919300
180.756933
180.864067
180.925000
182.090867
182.217200
183.859567
187.181167
187.714700
190.597800
191.918767
192.502333
193.180433
193.549400
193.944367
194.884333
194.934533
195.171833
196.095400
196.337167
199.102567
200.078200
200.819467
203.060633
203.645533
203.712767
205.697500
206.481133
206.689533
208.446100
208.703467
209.416700
210.130133
211.781333
215.063967
215.930133
216.620700
218.963933
219.204600
219.233300
220.371600
220.443700
221.359133
222.010333
224.582067
224.893500
226.088133
227.116267
227.668400
227.757700
228.252800
228.645033
229.973733
230.679700
230.995233
231.296567
231.660067
232.066667
232.224267
232.468000
233.576633
235.917833
236.107633
238.541367
239.331233
239.472567
240.634000
241.332000
241.530300
241.985833
242.512967
243.503967
243.862767
246.002867
246.737967
247.400733
247.432733
249.581067
254.353133
254.488967
256.320667
257.593833
259.248567
260.512167
261.886767
264.855033
265.457600
269.959333
271.133900
273.441567
273.708000
274.177033
274.412967
275.152533
275.680567
276.016833
276.045467
277.104633
279.149767
280.292467
280.318467
280.672133
282.424633
283.856333
285.715567
286.686700
287.783033
287.830633
288.528433
289.213367
290.799000
291.037867
291.473300
294.760300
294.797200
297.587200
297.666100
303.571900
304.978500
306.991167
309.169633
309.574600
309.642200
309.857433
310.151967
310.230200
311.082933
311.759400
312.371633
315.715133
316.381467
316.872967
317.378667
317.789267
318.320300
319.695633
321.105467
321.213333
323.798767
324.160300
325.578600
326.694233
326.876833
327.103067
327.454100
327.779633
328.077700
328.352500
328.380867
330.271767
331.547667
332.558800
333.410033
334.609967
335.714133
335.794033
335.992933
336.678533
338.051533
338.588800
339.090767
340.665500
340.919367
342.067867
344.946667
345.664800
345.766700
347.120133
347.297133
347.959133
348.045967
349.224967
349.718000
354.902200
355.747333
357.120600
360.461467
361.350733
361.990000
362.084767
363.063067
365.184000
366.534333
366.974067
368.785667
370.176200
371.233200
372.203467
372.605367
374.091667
374.164000
374.916967
376.440967
378.415400
380.178533
382.115300
382.442967
388.063767
389.139867
391.476833
392.034333
392.104600
395.863200
396.000833
397.286567
397.750100
399.383833
400.020267
402.081733
402.418933
403.746567
406.160167
406.774000
406.973133
408.156500
408.425833
408.599233
409.142400
411.160900
411.638900
412.024333
416.789433
417.328967
418.623567
419.022100
419.261200
422.213133
424.335767
424.411833
425.602967
425.666767
427.052333
430.932433
431.363600
431.836467
433.322267
434.899167
436.343100
436.964800
437.196233
437.947933
437.996333
438.557233
439.165333
439.473000
439.894633
441.182433
444.203667
446.643667
446.836267
449.938833
452.094767
452.163667
453.659400
455.063600
456.032200
456.401467
456.715867
457.970367
457.981067
457.982700
458.938933
461.957367
462.101533
462.613067
467.259733
467.812933
468.153500
469.818933
474.816167
474.860033
475.624133
476.994100
478.165000
478.944367
481.177367
481.896900
482.594633
486.979933
487.522900
487.568767
489.373967
490.508433
491.645900
494.149667
495.147267
496.220967
497.003867
499.434667
499.644567
499.841433
500.309100
501.164833
501.710200
506.170200
506.835500
507.849467
507.918333
508.697100
509.538133
509.709500
510.254200
510.283033
511.275100
511.531333
516.167500
520.829133
521.566867
522.605100
522.867333
524.006100
528.332967
531.279433
531.348267
532.547167
532.574000
532.773767
532.990233
534.679600
536.422000
538.269800
540.894200
541.349933
541.608933
548.981133
549.497567
549.648167
550.705867
551.332733
552.341200
553.507300
553.878833
557.205333
558.199400
560.296267
561.918267
562.203233
562.938133
563.229800
563.739833
567.259233
572.016933
575.356400
576.671633
579.049833
582.615900
582.784700
583.604433
585.924233
586.002567
586.503800
586.925000
589.165267
589.683100
591.246800
592.198933
593.535300
593.942300
595.680533
595.850800
596.252433
596.819667
597.282500
597.768700
599.370800
599.860667
600.361800
602.333900
603.169767
604.392800
606.293300
608.813600
608.833333
609.515067
610.368200
611.392133
613.164767
614.837567
614.886433
615.670433
615.791033
615.945833
616.025967
616.671833
616.723133
617.695167
617.735700
617.758000
618.927133
619.536633
619.940333
619.953200
619.961900
622.883700
623.569600
624.138900
625.082400
625.342533
627.401300
627.574600
628.056700
628.291700
628.336467
630.236833
630.503733
632.380667
632.859300
632.944067
633.701333
636.158500
637.408733
638.088133
638.682333
639.435167
640.864333
641.787933
642.756067
644.887767
645.884867
646.472133
646.834100
647.151667
647.230067
647.569567
650.056300
650.835533
651.890967
652.353367
652.563767
653.441200
653.930167
654.921800
656.045967
656.063600
661.334867
663.193200
664.158367
665.152333
665.157400
667.654100
669.428100
673.417167
675.016433
678.113500
678.727133
679.221633
680.859600
681.216333
683.017800
685.139367
685.522867
691.213233
694.462800
694.988167
695.307033
695.427800
695.469433
695.568533
695.571000
697.290900
697.569800
698.330267
700.213600
700.920233
701.387733
702.555733
702.680833
704.747233
705.217700
706.047067
706.916333
709.026800
710.380133
710.683067
710.698100
711.783667
712.438367
712.829533
713.230167
716.057367
719.222967
720.139233
720.447733
723.543133
724.144700
724.550033
725.429267
727.002400
729.385600
732.191267
733.390367
733.837100
736.270900
737.218400
738.927133
740.504967
741.497000
741.944400
742.248267
746.968433
747.324933
748.526467
748.696567
750.568000
752.233700
753.699333
753.740433
753.764933
755.736600
757.572600
758.308900
762.295200
762.507333
763.029967
765.210333
767.986600
769.242267
769.959433
770.442867
770.469200
770.473033
770.591033
772.207900
776.251700
778.523333
779.297900
780.122033
783.683167
785.982900
786.025133
792.566467
792.827700
794.470167
795.870867
795.884767
796.323600
796.831767
797.548933
798.077433
799.839200
799.853167
800.282933
801.846933
802.245400
802.699167
804.809233
805.222600
805.520300
808.503800
808.854433
810.093000
812.249300
812.788900
813.729433
815.348667
817.496267
817.794233
817.873667
821.764033
824.411533
827.762233
830.073467
833.399667
834.286933
834.510633
835.108100
836.720933
836.869433
839.150100
839.152733
840.303867
841.332133
841.650400
841.684767
842.285733
842.601600
843.914567
846.789267
847.509133
848.811233
851.058567
852.392600
852.516533
856.109867
856.775133
857.821833
858.911867
859.110333
859.132167
859.719100
859.913433
863.281767
864.473267
864.545500
866.303600
866.596367
867.065833
869.298600
870.777900
871.037100
874.783833
875.072300
875.123067
876.688100
876.955033
876.988767
877.418200
878.575133
879.246300
880.061467
884.085433
884.167200
885.246433
885.636167
886.382933
888.163467
890.726300
891.988333
892.719500
893.058967
894.474567
896.633267
897.617433
900.461333
902.020933
903.168567
905.667167
906.098667
907.689900
908.805100
908.852700
908.953900
910.643733
911.509533
913.333233
914.748733
914.764367
915.842333
924.535033
925.044100
925.810267
929.325367
931.617567
936.794300
937.350033
938.479267
939.378200
940.442567
941.413767
943.457400
943.680267
945.203467
947.501067
949.753500
949.898100
950.485900
950.606967
954.502567
955.752300
959.804100
961.108233
961.367233
961.844400
962.083233
967.990500
968.391567
969.157300
970.159933
972.889600
973.643700
978.875733
979.832767
981.096933
981.400167
981.647533
981.680633
982.271233
984.608533
986.066200
988.804667
988.997500
989.651767
990.505367
991.340667
991.358133
991.519400
991.563767
991.762833
992.796067
994.379000
994.936433
995.915500
997.624933
998.257233
998.323233
998.810633
999.185133
1000.656867
1000.765233
1000.975667
1001.542267
1002.421500
1003.430200
1008.826933
1010.052667
1010.583933
1010.690033
1010.899800
1013.572733
1013.938267
1014.568767
1018.374667
1019.024933
1019.842867
1019.957200
1020.417133
1021.373433
1021.669833
1022.455700
1023.584533
1025.298600
1027.575033
1028.489533
1028.637533
1029.105867
1031.268500
1031.471100
1031.956100
1032.135367
1033.026867
1033.832367
1034.527567
1036.642800
1038.466767
1039.609000
1040.245600
1041.552900
1042.133800
1043.885867
1045.534467
1047.897867
1048.008667
1048.131567
1048.276067
1050.766933
1051.860133
1052.206033
1053.048700
1053.651300
1053.713933
1053.975067
1054.186367
1056.801633
1059.044867
1062.377767
1062.781100
1063.788733
1064.037833
1065.701033
1066.621200
1066.790300
1067.472033
1069.049700
1069.234367
1072.265967
1074.802533
1075.271167
1077.094667
1078.604833
1078.801067
1079.078800
1079.180000
1080.865767
1081.495633
1081.732333
1081.797567
1082.270867
1082.401433
1083.948167
1085.275900
1087.441900
1088.721533
1089.848467
1090.890200
1090.985800
1091.129167
1091.903467
1092.316333
1093.665200
1093.842067
1098.721667
1101.870433
1104.263500
1104.933333
1106.344567
1106.914800
1107.459533
1107.999367
1108.505700
1109.680300
1110.259433
1110.347400
1111.489900
1111.815267
1112.829833
1114.301667
1115.237567
1115.879767
1116.078400
1118.319700
1118.909300
1119.086133
1119.603967
1119.719767
1120.805933
1121.501467
1121.903067
1124.769433
1126.351067
1127.219367
1132.015167
1132.432500
1132.762000
1133.194533
1133.387500
1133.880100
1134.130333
1136.122600
1137.430967
1137.904933
1139.907000
1140.062733
1141.828267
1145.132967
1145.336800
1145.848133
1146.632433
1148.493100
1149.220333
1149.319367
1152.793433
1152.927433
1155.253133
1156.135200
1158.992200
1159.137100
1164.963567
1164.989133
1167.401333
1169.920233
1171.870000
1174.900133
1175.105733
1177.251267
1179.874500
1180.528500
1180.633533
1180.767400
1181.761333
1185.916667
1186.400167
1186.869133
1187.277967
1187.673233
1188.010433
1188.824200
1189.783367
1193.084233
1198.603833
1199.169600
1199.784833
1200.401733
1202.180233
1204.098533
1205.164167
1205.492933
1205.942333
1206.357000
1208.297333
1208.957833
1213.684133
1214.231300
1214.547400
1215.790433
1216.194233
1217.503900
1218.274600
1222.718867
1223.180667
1223.932000
1227.580533
1233.921000
1234.037867
1234.426533
1234.937900
1237.650600
1238.816933
1240.624833
1240.699467
1240.738333
1242.012167
1242.115900
1244.186833
1245.744367
1246.845967
1247.583400
1248.421600
1250.342133
1251.060700
1251.204500
1251.304400
1253.338900
1253.944633
1254.729000
1255.252133
1258.813600
1259.561567
1259.708733
1261.718300
1261.797067
1263.161500
1263.876067
1263.895933
1264.525533
1265.982800
1268.484133
1270.259233
1270.892533
1272.838700
1272.875967
1274.791000
1277.269867
1278.449233
1280.277700
1281.937233
1282.022567
1285.720867
1287.936433
1288.737600
1290.513167
1292.584733
1293.467400
1295.085700
1296.461933
1297.565833
1298.898433
1299.305567
1299.714700
1300.652800
1302.637000
1304.411633
1304.770533
1306.309200
1306.999900
1307.345933
1307.585000
1309.578667
1310.644600
1310.711200
1311.991133
1312.202133
