0.123867
0.431900
0.509667
1.052667
2.035933
2.665933
3.989300
4.091967
4.445667
5.770633
5.838067
6.301933
6.538300
6.912933
8.728600
9.911267
10.119733
10.824600
10.911300
11.151033
12.084300
12.317867
14.885100
15.915967
16.117767
17.478500
17.652700
18.761167
19.253833
19.599400
19.647733
19.654033
19.837167
22.239667
22.289033
22.790500
23.609633
23.808800
27.690667
28.015467
28.336467
29.796033
31.705067
31.898433
32.046567
32.422500
32.667667
32.718333
33.575300
35.401133
35.417967
35.626533
36.769700
39.886300
40.677067
40.832567
43.334600
46.300533
46.730867
46.981633
47.455700
47.600067
47.945467
48.663567
49.124600
49.186600
50.697733
50.818667
51.515400
51.936333
51.983533
52.757133
54.228067
55.118833
56.305433
56.763067
57.026367
58.105967
58.920533
59.185400
59.389933
60.380733
60.490500
60.841033
61.823267
62.274633
62.686167
62.814367
62.910500
63.108200
63.165200
63.810967
64.814033
65.687867
65.930367
68.048200
68.685400
69.124200
69.834167
70.840200
71.633167
72.599500
72.635800
73.273167
73.489467
73.610133
74.073633
74.428833
74.776133
74.780700
75.011600
75.033100
76.457133
76.615467
77.788200
78.581467
78.638533
78.905933
80.679000
81.485567
82.528433
82.622333
82.681967
83.036200
83.097633
83.989700
84.480000
84.817000
84.893867
85.585033
88.650433
88.757300
89.549700
90.371133
90.422033
90.838867
90.958767
91.519333
92.261133
92.746533
92.963933
92.996967
93.207367
93.496433
93.645633
93.707367
94.975900
95.530367
95.668967
95.713633
95.771033
96.468600
97.783433
99.259833
99.312167
99.431667
99.572300
99.689667
100.086300
102.066367
102.656500
103.230467
103.698100
103.799133
104.397533
105.078867
106.334600
106.739867
107.469300
109.135633
109.472067
110.272167
110.555333
111.425800
112.175833
113.226267
113.925433
114.418967
114.750000
116.110633
116.139667
116.154133
117.525867
117.759733
118.598067
121.834933
122.115500
123.075133
124.754400
124.933400
125.774433
125.956700
127.455033
129.329167
129.675833
129.776400
130.003500
130.123467
130.131000
130.948567
131.419433
132.933867
134.107300
134.277833
134.904967
135.589533
137.728367
138.444767
139.281233
142.634900
142.799633
144.279400
145.967200
146.455033
146.494867
147.031233
148.146000
148.599233
149.187267
149.469733
149.810900
150.085533
151.233767
152.386167
153.189133
153.811100
154.074933
154.676367
155.613567
155.729567
156.217800
156.565767
157.761433
157.966033
160.715833
160.968167
161.169900
161.194167
161.251200
161.530833
162.077667
163.285333
165.547833
166.647467
167.270967
167.600400
168.170333
169.635067
170.402767
173.089000
173.942267
174.681967
174.727467
175.273667
175.621867
175.985567
176.297567
178.491933
179.933067
180.453400
180.697967
182.765267
183.178133
184.669233
184.980133
185.473500
186.391133
186.431300
187.171500
187.579100
187.856400
188.459900
188.720600
189.224300
190.819867
193.131400
193.541333
194.673400
194.789067
194.920633
194.926933
195.044767
195.788400
195.826667
195.959267
196.228500
197.834367
197.879933
198.363433
198.744367
199.266633
199.592833
199.740767
199.772067
200.167000
202.275967
202.934767
202.975900
203.272000
203.278033
203.922667
204.181233
204.712133
204.736867
204.984167
205.698567
205.785167
206.078467
206.515367
206.561533
207.342933
208.780533
208.845700
209.129033
210.198167
211.328400
212.106100
212.601300
212.671600
213.192800
213.364133
213.556033
213.780300
214.942933
215.181967
215.250933
216.459667
217.929833
218.585700
219.112800
220.077667
220.144800
220.806800
221.328833
221.537967
222.122533
222.452000
222.557933
224.734800
225.166900
225.363067
225.421200
227.079800
227.735700
227.874700
227.888533
228.094867
228.364100
229.234100
229.294333
231.709400
232.051433
232.151667
232.232967
234.516400
235.751133
236.122900
238.497967
238.987167
240.583567
240.977967
241.175200
242.722300
242.981633
243.197667
244.372067
244.517133
244.876500
245.564333
245.734867
245.876067
246.153767
246.220300
246.752700
247.391033
247.990467
249.196367
251.153967
251.563333
251.653767
251.802400
252.130800
252.196833
252.591733
253.062533
253.220267
253.602733
254.292300
254.875633
255.362667
255.899700
257.089767
257.295200
257.853533
257.872333
258.745800
260.197733
261.548000
261.611100
262.064033
262.112800
262.476500
262.611600
263.038300
264.312767
264.434900
264.581167
264.740633
265.670200
266.741767
267.190233
268.111833
269.269633
269.383667
269.461767
269.532500
271.750600
272.100300
272.771567
273.682400
274.363567
274.472100
275.166967
275.341467
275.670467
276.218633
277.053900
277.283267
277.371700
278.419167
279.623900
280.520633
281.418433
282.065933
282.978767
283.392133
283.519233
283.883167
283.968333
284.035767
286.146067
287.230400
287.494200
288.783833
289.032167
289.325367
289.646267
289.847933
289.949567
290.551367
290.882233
291.223233
291.704000
292.812833
293.860567
294.035233
294.293500
294.952633
295.087300
296.993867
297.047400
297.611733
298.770967
298.973700
299.288767
299.447333
299.576000
300.297300
300.409467
300.468600
300.523400
301.002100
301.681133
303.169633
303.990967
304.166300
304.448100
306.109633
308.216167
308.787800
308.982500
309.058900
309.604067
311.573700
312.617433
314.083033
314.375533
314.789267
315.577900
316.218200
316.556833
316.814233
319.128367
319.408633
319.916067
320.562467
322.195267
323.078033
324.184100
324.851967
324.977233
325.340133
325.386900
326.355233
327.219000
329.791300
330.908933
331.157833
331.431167
331.844467
333.116333
333.971667
336.071700
336.463000
338.752833
339.178267
340.921733
342.014667
342.153100
343.300600
343.671367
343.961300
346.431900
347.324533
347.765600
348.559333
349.327167
349.779300
350.079033
350.223233
352.344900
352.346533
353.655400
353.752600
353.786233
354.275867
355.578367
355.710900
355.957567
357.003867
357.211167
358.153167
359.453200
360.538500
360.604033
360.876467
361.697733
362.255100
363.728900
364.079567
364.426900
364.468100
364.609967
365.430300
366.391700
367.270633
367.373600
367.589500
367.749667
367.828167
369.214233
369.290967
369.437100
370.478033
370.535933
370.882967
371.123267
371.393700
371.573500
371.826567
372.373933
373.122033
373.171567
374.243867
374.601600
375.338767
375.391833
375.731900
376.123233
378.128133
378.182367
378.221967
378.348200
378.894767
378.962667
378.985300
379.010833
379.444333
379.743267
380.029367
381.797500
382.630733
383.548333
386.341967
387.112400
388.441800
388.476633
388.576767
388.602067
388.984533
389.263600
389.498567
390.129167
390.737467
390.971000
390.990167
391.264900
391.766833
392.316300
393.979400
394.972867
396.494133
397.087767
397.170967
397.236467
397.620933
397.758200
397.850800
397.964500
398.630100
400.513600
400.771533
401.545967
404.050967
404.079767
408.575433
408.885400
409.763233
409.907267
410.143867
411.333667
412.274100
412.290033
412.800133
412.968800
413.256033
413.381800
413.921633
414.895667
415.016800
415.391900
415.696200
416.760433
418.575200
419.005767
419.298933
419.942033
420.540667
420.932400
422.977533
427.255900
427.317833
428.589133
430.430233
430.537133
430.675667
430.784133
431.581367
431.986500
432.065300
432.894200
433.512300
434.250500
434.630533
435.048167
437.014367
437.213567
437.337300
437.374333
437.661400
439.522000
441.007067
441.172267
442.242967
442.973233
444.134033
444.830900
444.985267
445.072167
447.196500
447.578600
448.176833
449.955767
450.452067
451.727433
452.275400
452.321833
452.561233
452.602000
452.694933
452.754767
453.404300
453.986867
454.416600
455.840167
456.032900
456.217067
457.132500
457.909400
458.915633
459.495767
461.189033
461.268600
461.658133
461.959767
462.265467
463.000967
463.011167
463.559267
463.622333
463.714667
465.472433
466.303867
466.618300
468.044333
468.430900
468.499700
468.511367
470.847967
472.584767
473.218600
473.558767
473.629900
474.222133
474.816667
474.851700
475.169833
475.250033
475.399233
477.318400
477.674633
478.260433
479.041733
479.067900
479.080767
479.288633
481.172700
481.832233
482.090633
482.886400
482.929400
482.950100
483.200900
483.859200
484.668800
485.398167
485.966867
486.211333
486.411000
486.503767
487.131233
487.230367
487.639533
487.870933
489.152267
489.863133
490.464167
490.782133
490.796433
490.853867
490.955267
490.999300
491.430667
491.510867
491.553167
491.638833
491.841300
493.673433
494.783967
495.184200
496.059100
496.698733
496.793000
497.275967
497.620800
497.909567
497.952767
498.083267
500.052267
500.166000
500.536567
500.984067
501.766067
503.099767
504.839633
504.902200
505.155633
506.445500
506.813900
508.007167
508.700567
508.997467
510.829700
510.980367
511.184567
512.078500
512.619067
512.767833
513.064300
513.481833
514.520267
515.308533
515.935900
516.436167
516.455800
516.471667
516.567367
518.654067
519.936700
521.541767
522.125567
522.764033
524.172467
524.675300
525.675067
526.276967
527.181567
527.618367
527.633300
527.942200
527.997400
528.409767
528.667833
529.725467
530.615367
530.775667
530.987067
531.548767
531.588967
532.544000
533.494800
533.918633
534.319567
534.952433
536.146733
537.202000
537.527100
537.615200
539.300333
539.355300
539.356967
540.084000
540.202500
540.347567
540.939233
541.228933
543.134733
543.595533
544.864000
544.979067
545.225133
545.548167
545.744867
545.966600
546.319133
547.690667
549.742900
550.050400
550.107233
553.033533
553.676667
554.011067
554.070533
554.316233
554.857933
555.081800
555.439500
558.116833
559.340467
559.410333
559.871633
559.904700
560.691367
561.000700
561.143533
562.712100
563.401767
563.502800
563.745367
563.984600
564.101233
564.613100
565.248400
566.272333
566.333933
567.960633
568.060400
568.465600
570.796467
572.029500
572.468100
573.237067
573.332500
573.336867
578.817000
581.152967
582.014700
582.824167
582.956600
583.498133
585.000633
585.713700
586.342667
586.713700
586.801667
588.196167
589.154600
589.865800
591.735633
592.204600
593.202433
594.285633
595.467067
596.129033
596.206267
596.292367
598.333933
600.215033
603.531467
604.125200
604.352133
604.618900
604.817233
607.030100
607.344400
609.131700
609.783367
610.433100
610.929833
611.964333
612.304500
613.334233
615.408700
615.692733
616.539833
616.754867
617.272000
618.225100
619.424500
619.469833
619.815900
621.300600
622.617867
622.931200
623.036667
625.086933
625.445400
625.644400
625.718567
627.454733
628.132833
628.211067
628.576800
628.936700
630.077067
630.956600
632.698633
633.211067
636.270867
636.729433
638.096967
638.332467
638.729400
638.934267
639.085433
639.125567
640.429467
641.160233
641.443367
641.446367
641.845233
642.666233
642.944800
643.025300
643.288700
643.434967
643.532500
644.448433
644.704700
645.313700
645.970200
646.251733
647.005600
647.439033
647.703000
650.692900
654.328800
654.437900
654.831767
656.069633
656.818367
657.803667
659.564800
660.063633
660.581333
661.783333
663.298200
663.966967
665.125033
665.751400
666.589567
666.594267
667.211567
667.737300
668.694267
668.853500
672.192100
672.206300
672.323900
672.545200
672.900000
673.009633
674.070200
674.346067
675.766067
676.282600
677.315133
677.910433
678.110033
679.244267
680.315700
680.783133
681.089700
681.455933
682.694233
683.749567
684.131867
684.364133
684.721933
685.190533
685.267000
685.317000
685.594033
685.652433
685.697733
686.207567
686.422767
686.916900
687.108733
687.817467
688.447167
688.594267
690.169567
690.186733
690.244400
691.227333
693.866967
694.802133
695.622033
695.967100
696.588933
697.373533
697.532200
698.062667
698.222433
698.316733
699.225133
699.626467
701.975000
702.320567
704.518600
705.113267
706.868333
707.930533
708.127500
708.938067
709.323933
710.126000
710.142700
710.900600
713.436633
713.553200
713.653867
716.715100
717.216633
717.697867
717.893267
718.592967
718.702000
718.891900
719.141267
719.369033
719.539633
720.457433
721.555267
721.593033
721.866333
722.038667
722.084333
723.104867
723.286567
723.862167
724.101267
725.708133
727.308333
729.039367
730.930733
731.851067
732.321800
732.393633
732.941300
737.568667
739.345967
740.625700
741.754633
743.638233
747.928333
748.102900
748.173000
748.934633
749.320933
750.572567
750.725467
751.132033
752.339733
752.359567
753.555833
755.071867
760.731267
761.215833
761.512667
762.047167
762.133267
762.559500
764.220967
765.209167
765.597500
766.038133
766.045467
766.160867
770.425900
770.736467
770.798033
773.413967
773.573033
775.114267
775.295500
775.684000
775.781800
776.161600
776.235167
777.249467
777.565367
778.162633
778.737667
779.582133
780.603467
782.940267
783.441167
784.663333
784.874067
784.908967
785.153333
785.242133
786.105833
786.125100
786.430967
787.094400
787.198000
787.215200
787.233567
787.789733
788.553267
788.837167
789.026333
789.404167
789.548767
790.518833
790.600767
790.678433
790.715367
791.258967
792.010633
793.234567
793.696767
794.388133
797.674300
797.807133
798.934000
799.047500
800.264100
802.201567
802.895700
803.543933
805.777467
809.237333
810.937000
815.477900
816.031133
816.282933
816.298733
817.011433
820.102067
820.143533
820.737033
820.756200
821.388800
821.676100
822.779667
823.950433
824.481833
824.830567
824.870367
825.807600
825.820533
828.509933
829.342333
829.828933
830.157500
833.990167
834.118667
834.184767
834.777033
835.090433
836.344267
836.581900
837.260067
837.264133
837.479567
837.824033
839.763167
839.808900
840.965767
841.027633
841.082000
841.643100
841.886633
842.226433
842.601300
845.806733
846.668567
849.617533
850.678033
851.284600
851.386300
851.760633
853.291167
854.080333
855.099300
856.227600
857.731567
857.930867
860.127333
860.755267
861.155867
861.500933
864.412567
867.106900
868.286133
868.942933
869.831100
869.873833
870.026133
870.157200
870.233333
871.786567
872.332000
872.773700
873.747467
875.273467
875.505967
875.541933
875.671533
876.543567
877.882067
878.044667
878.152167
878.848233
878.929033
879.365100
879.854533
881.619433
882.778400
882.958567
883.083567
883.579800
883.825633
883.865633
884.333767
886.212667
886.235700
886.312533
886.380133
886.916533
887.069533
887.105767
887.218933
887.461467
888.547200
888.639533
890.395533
891.543833
891.681133
891.838867
892.774967
893.112700
893.249833
893.290433
893.699433
894.072033
894.475100
894.583633
894.732433
895.463767
899.800900
900.069900
900.613833
901.021167
901.073833
901.082400
901.219300
901.432700
902.170800
902.603267
903.174367
903.476333
904.259733
905.066300
905.672700
905.816300
905.941033
907.232400
908.180533
908.825100
908.953967
909.087033
909.201000
909.473533
910.071667
910.511100
910.890033
912.285867
912.368900
913.294533
913.536000
913.585133
914.656900
915.973933
916.019933
917.518767
917.940400
919.873900
923.369100
924.026067
928.173267
928.709400
929.782033
930.239000
930.828267
931.241900
931.743767
934.033133
934.537000
936.259467
936.698833
937.014533
937.076167
937.611967
937.743800
938.722400
939.756367
940.199333
940.468500
941.081133
942.977933
943.139500
944.611433
945.320267
946.096833
946.550700
946.696400
946.985900
948.494900
949.050400
950.284100
951.003933
951.253100
951.352333
951.739400
951.894967
952.727133
953.251067
953.446700
953.641267
954.278600
954.640000
954.964633
956.483233
956.985533
958.447033
961.103300
961.558100
964.404567
967.584667
967.847200
968.106267
968.673833
969.239167
969.728567
970.736500
970.954367
971.195833
971.750833
971.948467
973.398333
973.791300
974.005100
974.812467
975.346433
975.432000
976.548667
977.291433
978.264167
979.314567
980.381067
980.719300
981.330133
981.603467
982.960500
983.242667
983.749167
983.863567
985.484667
986.405400
986.896267
987.236133
987.416033
989.262300
990.454800
990.489267
991.111933
991.163467
991.230367
991.725267
993.640533
993.716767
993.918000
994.222400
994.262133
994.902900
996.265467
997.125133
999.296867
999.778600
1000.026633
1001.967533
1002.592600
1003.235133
1005.793133
1007.223833
1007.546067
1009.229267
1009.691200
1009.715700
1009.915567
1010.193233
1011.134467
1011.172033
1011.893900
1011.981667
1012.477167
1012.860500
1012.945500
1013.651367
1013.911733
1013.963133
1015.163233
1016.336967
1016.542933
1016.642367
1018.208133
1019.594233
1019.871367
1020.781767
1022.073067
1022.104767
1022.385133
1023.677933
1024.015733
1024.429967
1024.576000
1025.891267
1026.684333
1027.075767
1027.903600
1030.439133
1031.119133
1032.982133
1034.761833
1035.012600
1036.321733
1036.354267
1036.415467
1039.398233
1040.098333
1041.198333
1041.689067
1042.061900
1042.233367
1042.590033
1042.973500
1044.331433
1048.068400
1051.394300
1051.583800
1054.263300
1054.444500
1057.892867
1059.438100
1059.502733
1061.141400
1061.524067
1063.984800
1064.490067
1065.286433
1065.806667
1066.677067
1067.824567
1068.933733
1070.450833
1070.917933
1071.459267
1071.950067
1072.458767
1072.814667
1072.946700
1073.085700
1073.142000
1073.255767
1074.300600
1074.922167
1076.097900
1077.130300
1077.849900
1079.024900
1082.466833
1082.601033
1084.009967
1084.442967
1086.171233
1086.360100
1086.447367
1086.610133
1087.028100
1087.384433
1088.733000
1089.575567
1089.970633
1092.385133
1092.549167
1093.160533
1093.658367
1093.838600
1094.498900
1095.475967
1095.803667
1095.867233
1096.912267
1097.064567
1097.610367
1097.752333
1098.954867
1102.027633
1102.532167
1103.062767
1106.565233
1109.394667
1110.485200
1111.040700
1111.664600
1113.366033
1114.020633
1114.750967
1114.844400
1115.353100
1115.995367
1117.420733
1118.298533
1119.080667
1119.131733
1120.828500
1121.051200
1121.107800
1121.653467
1121.676933
1121.880800
1121.939267
1122.794700
1123.047733
1123.475700
1123.934167
1127.185700
1127.631300
1129.090367
1129.477667
1129.902933
1130.612767
1131.496667
1132.070767
1133.313933
1133.593100
1133.756900
1133.818133
1134.004667
1134.320100
1134.720400
1136.198200
1137.068300
1138.731933
1138.946767
1139.033933
1140.163233
1140.224800
1140.423133
1140.575300
1141.301933
1141.335567
1145.477200
1146.790367
1148.041467
1148.641767
1149.142800
1151.378967
1152.987633
1153.188167
1154.585900
1155.466133
1155.533333
1155.907233
1156.816967
1156.949200
1157.704500
1158.715200
1159.938267
1160.257233
1161.019367
1163.342933
1163.535933
1165.494467
1165.555033
1167.107333
1168.069867
1168.262067
1169.714700
1170.193900
1170.610433
1171.196733
1171.351467
1171.516833
1171.593467
1171.984433
1172.244733
1172.317733
1172.372033
1174.650133
1178.620500
1179.071533
1180.475267
1182.617767
1182.922833
1183.188800
1183.217767
1184.334367
1184.450367
1184.551000
1184.588267
1185.052367
1185.800733
1185.997067
1187.060500
1187.323867
1187.990733
1188.284300
1188.554533
1188.806333
1189.024233
1189.240800
1189.309567
1189.544833
1189.636433
1189.847167
1190.019433
1192.124900
1192.749400
1192.894400
1193.154267
1194.392267
1194.697500
1195.645500
1195.736700
1196.373933
1199.955167
1200.215133
1200.224600
1200.362000
1201.872600
1202.132033
1202.427067
1203.026133
1204.728167
1206.458367
1207.475967
1209.311500
1210.263167
1211.162500
1211.358467
1211.507300
1211.599700
1211.637833
1212.283367
1213.364033
1213.641167
1213.729167
1213.929700
1219.206033
1219.293833
1219.757033
1219.800067
1220.195667
1220.746133
1220.794367
1220.831333
1221.193067
1221.915200
1222.712100
1223.645300
1223.703433
1223.972833
1224.094867
1224.212500
1224.553167
1226.155933
1226.478667
1226.645733
1227.961900
1230.463367
1230.744933
1230.866833
1231.802167
1233.764433
1234.462067
1234.510567
1234.845833
1235.814133
1236.124367
1236.183833
1236.647400
1237.387900
1238.457633
1238.544533
1238.982133
1239.447167
1239.506300
1239.548567
1239.587300
1239.748767
1244.162000
1244.304233
1246.129600
1247.755367
1248.712567
1249.424000
1249.598967
1250.705033
1252.377600
1252.412767
1252.587100
1253.171833
1253.626933
1254.219333
1256.006067
1256.474867
1256.751300
1257.035900
1257.628267
1258.228433
1258.826533
1259.067933
1259.797667
1260.191333
1260.281167
1260.899333
1261.624100
1262.232000
1262.816500
1264.171367
1264.999133
1265.031033
1265.161100
1265.711100
1267.760167
1268.269833
1268.393233
1270.648600
1270.915267
1276.207467
1279.633967
1279.656200
1279.965500
1280.777500
1280.962467
1281.924433
1282.977833
1283.661533
1283.793067
1285.277267
1288.924533
1289.219967
1289.474200
1289.572500
1289.862300
1290.336800
1290.747400
1291.655800
1292.203600
1293.613567
1293.812933
1294.892167
1294.948533
1295.134167
1295.370667
1295.717233
1295.984367
1296.308233
1298.542833
1299.749067
1300.003067
1301.040000
1301.080867
1301.431267
1304.025833
1305.498400
1306.260800
1307.342400
1308.636400
1308.844000
1309.402200
1309.597700
1311.488667
1313.246400
1313.302700
1313.652867
