0.252267
0.789367
1.099567
6.653000
6.806733
7.713200
11.118833
12.003867
12.647000
13.006333
13.219533
13.571300
18.284133
20.097200
23.262800
24.157367
25.610133
32.694400
33.117067
33.293867
34.439467
35.786333
36.183000
40.124167
44.300467
45.376900
46.109967
48.632033
51.911600
52.162067
55.842467
57.041867
57.107567
57.903533
58.542433
58.719833
62.635967
63.111967
64.639567
64.691333
66.426300
73.565933
74.270133
78.186967
80.265633
81.674200
90.242700
90.962800
100.541033
103.291667
103.471033
104.691200
107.190167
107.201600
107.274900
107.371667
112.468067
114.156867
119.652100
127.055700
131.330700
131.407333
133.034133
134.515367
141.856800
149.549833
149.861567
150.506767
152.213567
152.285867
152.407100
152.442133
152.496167
153.234633
157.368867
158.973967
162.752733
164.726033
165.147167
166.383333
167.218867
170.952933
174.521233
176.939767
177.115700
177.196500
177.622833
177.630233
181.136633
181.466733
185.819433
187.456733
190.020567
192.848400
195.922133
196.107467
196.871700
197.446033
199.856800
205.247233
205.260900
205.481033
209.978100
211.624333
216.257367
218.809867
218.831300
230.292000
232.588467
232.683967
235.685700
236.802700
238.159300
239.226300
241.881467
245.168167
245.548667
248.564433
249.520233
250.360967
251.196067
253.036700
254.177333
255.129567
263.383767
265.740500
271.263367
272.117200
273.940467
274.229367
276.639867
277.739467
280.877267
282.074067
285.614067
286.245533
287.935167
291.063967
291.286767
292.943433
298.738900
299.393267
305.309667
305.937900
307.406500
312.503433
312.694533
313.689567
314.475400
316.928833
323.022400
324.101667
324.925400
326.606667
328.016533
332.471667
336.090400
336.167567
343.901333
345.838933
349.514767
351.547467
352.861467
355.037433
358.897533
364.178900
368.678067
372.059433
372.808967
373.954367
374.171800
374.674167
375.143567
375.657100
376.114067
377.118533
381.891700
382.668667
383.789300
388.234267
389.886033
390.767700
392.160400
392.232567
393.941800
394.261867
396.482333
398.501900
402.022167
404.785500
405.138033
408.056033
408.270300
408.803100
409.045667
414.082233
414.520633
414.850467
414.974067
416.675367
423.743000
423.947500
427.143433
428.504733
432.182700
432.517800
437.308233
438.471400
442.564567
445.089833
445.174267
447.233400
447.523133
448.292533
451.806800
452.211300
454.485900
457.594767
462.059633
462.770467
463.476900
466.950533
473.350333
474.881033
475.938933
479.566600
480.321267
485.239000
486.507300
488.011600
493.211033
493.817767
494.223400
494.381567
496.673733
498.544200
498.661367
508.647800
511.464933
514.299367
514.584867
514.645833
519.763867
520.635067
522.051233
523.607600
524.933400
527.093000
529.863400
529.993767
532.299533
538.751400
538.815300
539.801333
542.750467
546.069333
548.920800
550.136433
551.691133
553.045700
553.068800
554.047300
559.219667
563.199100
565.123967
568.593033
570.571600
573.199067
579.826133
583.800633
585.375000
586.932467
587.846267
590.755067
592.372767
592.655433
594.771033
594.872300
599.782300
602.164567
607.182033
607.985633
609.804400
611.332600
614.615833
618.930367
622.824200
625.074033
626.819367
627.033167
627.093200
630.816200
634.601233
636.505033
640.091833
640.784567
643.786600
643.794633
645.545700
646.031900
647.114333
650.959233
651.130933
655.409700
656.653833
657.722933
659.293267
659.308267
659.825633
662.794133
667.842933
669.784667
671.240600
675.037933
683.398300
685.959000
690.844467
691.261500
691.669500
693.065867
693.339633
693.958767
695.121167
703.440733
704.573867
704.882200
710.187600
710.398267
710.567000
710.906300
711.625867
715.257033
715.375000
716.672900
717.503567
719.052500
719.146667
722.137600
730.029400
730.187700
731.127500
732.593867
733.119700
735.697533
736.246000
736.434133
738.426533
739.059100
740.809300
744.112100
744.568100
749.053833
751.598833
755.757033
757.356933
757.882433
761.659633
762.029567
762.797667
766.196633
768.639933
768.891233
770.576200
776.553067
779.350700
779.612667
780.713267
784.581233
784.981300
788.500833
794.386633
796.893600
796.996200
797.785133
798.614233
801.707133
801.834633
802.102900
802.482000
808.501400
809.443733
812.548133
816.328100
818.584867
824.885567
824.929067
824.958133
825.511967
825.883633
829.048500
831.335067
833.149833
835.220333
839.482967
845.462733
851.745500
857.284933
858.705300
858.717967
858.778700
861.377700
861.511767
865.255700
865.723800
866.792100
871.602733
872.563600
875.597167
876.164133
876.386300
877.659667
878.059967
882.621500
885.191100
885.687567
887.595567
887.695333
889.035467
894.180800
895.614633
899.098667
901.383900
903.595900
904.386833
904.557067
907.228467
908.557133
914.333667
915.694967
919.891867
920.500200
937.024633
938.840567
939.533233
940.944567
942.211833
942.503833
942.842300
944.541600
947.023167
949.497000
950.543300
951.687467
955.660167
956.215767
958.656867
964.590533
966.732800
968.938767
970.204967
973.834533
974.933033
976.312833
983.495467
990.708167
992.171133
992.629700
994.669467
996.953333
997.764833
999.064233
999.937400
1001.427233
1006.887400
1008.519200
1008.778800
1010.891000
1015.679267
1017.119800
1017.666500
1019.594633
1022.977567
1024.510900
1024.718267
1024.774800
1039.685833
1040.719233
1043.351200
1043.898033
1044.841100
1045.193500
1045.997667
1046.253967
1050.089800
1055.453233
1055.636367
1060.728400
1060.818067
1062.254667
1064.092767
1066.320967
1068.464133
1071.697233
1073.469433
1076.340867
1076.445467
1090.584000
1093.453033
1098.053000
1098.057900
1102.580233
1103.595800
1106.878667
1116.575200
1117.823167
1119.358733
1123.884967
1126.570267
1128.040433
1129.205567
1133.181933
1133.716633
1135.801567
1139.896567
1141.469467
1142.288733
1145.622900
1145.815367
1150.061133
1157.167500
1158.455067
1158.598967
1159.023700
1159.130600
1159.238700
1163.040767
1165.449567
1166.752167
1175.739933
1180.955833
1181.739267
1181.882400
1182.012367
1182.332433
1182.979300
1183.304867
1183.861067
1184.374533
1187.353067
1187.421033
1188.999600
1190.091467
1191.538300
1194.486933
1194.874200
1195.701933
1200.452667
1201.322067
1202.669500
1203.885100
1204.736000
1205.095200
1209.583133
1214.232600
1215.730567
1220.851667
1225.112500
1229.022200
1233.861733
1236.134000
1236.187133
1239.694267
1240.171000
1241.112067
1241.874267
1242.761433
1245.410967
1246.117533
1246.870833
1251.985700
1252.415100
1259.339367
1260.025767
1268.628000
1269.856067
1270.951733
1271.524000
1271.900400
1272.180867
1275.118533
1276.934733
1277.769733
1283.629133
1287.543933
1288.195433
1292.073400
1292.291967
1294.554933
1296.787533
1296.899133
1297.218267
1297.551633
1297.597500
1297.858667
1299.982200
1300.299833
1302.572033
1302.857767
1305.277833
1305.773367
1307.412400
1309.511900
1309.539333
