1.536400
1.668033
2.479667
2.842467
3.885500
4.422367
4.439667
4.914633
4.921433
4.972967
5.107133
5.128033
5.163500
5.212767
5.595167
5.902833
6.235400
6.344933
6.957067
7.387700
7.607300
11.400200
11.896733
12.918067
13.226933
13.316533
13.816267
14.971100
14.976433
15.015433
15.206933
15.672233
16.155767
16.554767
16.759233
17.314500
17.849233
17.883267
17.914067
17.928533
17.942633
17.988867
18.000433
18.007600
18.012800
18.113567
18.193433
18.227167
18.268133
18.621433
18.689467
18.713533
18.715533
18.740733
18.814700
18.883767
19.006800
19.066533
19.092933
19.170000
19.692933
19.745200
21.735000
21.904267
21.959700
22.509533
22.717267
22.929733
23.636533
23.721500
23.772667
23.844800
25.900800
26.659600
27.019500
27.047000
27.176000
27.299233
27.408767
27.420533
29.248600
30.818067
31.073133
31.136367
31.216933
31.585533
31.619800
32.893367
32.968800
33.163067
33.403467
34.645233
34.678067
34.719400
35.267400
35.276967
35.958033
36.167533
37.084867
38.280567
39.437400
39.757567
40.631633
41.667433
43.203033
43.796967
44.129133
44.648300
45.427900
45.741400
45.820600
46.135100
47.869300
48.297967
48.354900
48.427000
48.464733
48.512400
48.535533
48.560467
48.608833
48.679733
48.715533
50.633000
52.184933
53.630867
53.657267
53.980133
54.700733
56.538200
57.458600
57.500867
57.708500
57.787933
57.889567
57.942933
58.309833
58.493333
60.350633
60.706000
60.742433
60.837600
60.911667
60.945367
60.980267
61.199233
61.544800
61.565067
61.620667
61.717500
61.859233
62.398933
62.439667
62.507367
62.589467
62.946867
63.460333
64.385033
64.412833
64.457500
64.604867
65.045733
65.102333
65.499300
65.525133
65.553067
65.752033
65.771600
65.811267
65.823100
65.867433
65.987000
66.012500
66.257533
66.282767
66.311067
66.328333
66.367400
66.459333
67.334100
68.743033
69.547167
69.636433
70.563067
71.096200
72.677033
72.821033
72.855300
73.404133
74.139100
74.147600
74.188900
74.223500
74.307167
74.394067
74.412567
74.416800
74.446067
74.472067
74.489567
74.514200
74.543533
74.595367
74.674100
77.928533
78.318167
79.365400
81.740167
81.908200
82.474100
83.203733
83.245967
83.344067
83.374233
84.089267
84.188133
84.250000
84.292667
84.392767
84.492233
84.563967
84.651600
84.874133
87.235433
87.298033
89.682200
89.887833
91.154967
91.569300
91.582833
91.589233
91.663233
92.930400
93.736100
94.362867
94.466833
94.789867
95.276100
95.746767
96.056400
96.617300
97.197500
99.793733
100.073000
100.107300
100.152233
100.192833
100.261167
100.336867
100.394433
100.442767
100.491367
100.532700
100.592767
100.630333
100.666667
100.700267
100.738167
100.774667
100.824033
100.880400
100.933300
101.023767
101.079233
101.213867
101.261667
101.275033
101.292733
101.354300
101.780733
103.118800
104.364100
104.622567
104.884133
104.938167
104.971433
105.126767
105.152367
105.155733
105.196100
105.599633
105.640933
107.421000
107.475533
107.515867
107.541467
107.647167
107.737233
107.781467
107.820967
107.847567
107.905100
108.299833
108.398333
108.568300
108.592667
108.756100
108.785000
108.806600
108.814533
108.850567
108.858633
108.889533
108.918667
108.969700
109.045933
109.108900
109.704500
110.256033
110.557433
110.876400
111.003800
111.071467
111.119533
111.175633
111.205900
111.362533
111.424800
111.448700
111.468300
111.485400
111.497767
111.530233
111.543100
111.571733
111.636933
111.678000
111.702500
111.705200
111.719867
111.744133
111.755300
112.336200
113.202733
113.205933
113.407333
113.463067
113.467833
113.522833
113.685633
113.719700
113.721867
113.829167
113.849500
113.897467
113.931200
113.967533
113.990933
114.158533
114.193633
114.218667
114.232133
114.286500
114.319367
114.353067
114.358667
114.424900
114.468233
114.592667
115.650000
118.164367
118.441733
118.779967
118.895767
118.921300
119.036733
119.101867
119.251933
119.721133
119.754233
120.092667
120.614467
120.967433
121.007833
121.197567
121.246667
121.301267
121.310467
121.410067
121.448300
121.625433
121.648133
121.679533
123.058467
123.106400
124.061133
124.497700
124.821333
125.539067
125.662700
127.139033
127.286033
128.912500
130.014067
130.617133
130.992400
131.308800
131.346367
131.435567
132.222000
132.793933
132.829400
133.250200
136.594300
136.749667
136.920733
137.198700
138.066667
138.220167
139.201233
141.520867
142.310167
142.576567
142.656833
142.686467
142.698733
142.733900
142.767800
142.805967
142.835400
142.888833
142.907400
142.932000
143.288200
145.341900
145.568633
145.725700
145.775867
145.849700
145.971167
147.497900
147.536867
147.692967
147.698433
147.705833
148.964733
149.104800
149.467600
149.514100
149.594567
149.643700
150.796067
150.959933
152.437667
152.459500
152.659100
152.742933
152.964567
153.041000
153.269200
153.304567
153.381533
153.503233
153.604767
153.832333
155.449067
155.768367
156.304000
157.778133
158.735267
160.064600
160.436967
160.466433
160.668967
160.748067
160.778167
160.804600
160.930600
160.960567
161.065600
161.213133
161.220133
163.607267
164.489667
165.441633
165.806733
166.556367
166.685500
166.726333
166.861467
167.022633
167.068400
167.094933
167.128433
167.216100
167.301000
168.461433
169.916033
169.961433
170.014667
170.118233
170.327400
170.338633
170.392033
170.993867
171.065200
171.139300
171.392367
171.696033
172.511567
173.579633
176.599400
176.731533
176.783533
177.125400
177.159200
177.429667
177.485500
177.558633
177.685967
177.707833
177.817900
177.851867
177.873633
177.900867
177.939167
178.133867
178.186100
178.288567
178.291267
178.319667
178.322267
178.348333
178.355033
178.376000
178.382667
178.400967
178.426700
178.490500
178.520833
178.597400
178.847167
179.634233
179.671433
179.705900
179.747300
179.798633
180.621567
180.718100
180.734667
180.764800
180.806667
181.046667
184.768667
185.248700
185.664433
185.816633
185.952900
186.006067
186.326967
186.363367
186.707867
186.776800
186.926100
188.506833
190.780067
191.006100
191.701767
192.935000
193.508433
194.729900
196.106033
196.706567
196.958600
197.129367
197.501433
199.455400
199.495467
199.580167
199.639833
199.644600
199.671433
199.696267
199.730500
199.899300
200.361933
200.794967
203.180867
204.117467
204.186767
204.330533
205.189133
205.221900
205.238500
205.280533
205.373833
205.507400
205.535567
205.562567
205.575100
205.849000
205.862500
205.906800
205.932100
211.357767
211.453000
211.539700
211.616667
211.847500
211.914900
211.977033
212.771833
212.801833
212.853833
212.875233
212.947700
212.956800
214.851100
214.894767
215.328067
215.409067
215.412000
215.510433
215.518567
215.542467
215.796833
217.787567
218.659667
218.694667
218.888867
219.014133
220.261367
220.636067
221.349100
221.512367
223.301267
224.282033
224.631633
226.767367
226.772367
226.862433
226.910967
226.919533
226.940867
227.070233
227.101700
227.177500
227.217167
227.221000
227.239733
227.250333
227.288933
227.298067
227.317533
227.348633
227.630733
227.751200
227.759700
227.790200
227.834700
227.841533
227.999233
228.035500
228.063667
228.170367
228.210500
228.226767
228.247300
228.305167
228.334600
228.375567
228.474600
228.519033
228.552967
228.622533
230.074233
230.081767
230.127567
230.391267
230.421567
230.435433
230.699767
230.737933
231.172900
231.207600
231.265733
232.556133
232.937100
233.040167
233.359400
233.715233
233.742633
233.770733
233.850367
234.207167
234.314667
234.414700
234.848500
234.955133
235.965367
236.006033
236.658767
236.769200
236.833433
236.891033
236.953067
237.012533
237.135833
237.209433
237.294867
237.347367
237.380533
237.417700
237.447133
237.509667
237.613633
237.642467
237.747600
238.003067
238.954400
239.010600
239.141167
239.286733
239.420567
239.623067
239.664300
239.955933
240.008200
240.375567
241.236667
241.379333
241.500733
241.735133
241.845700
242.541067
242.833433
244.851533
244.879900
244.910333
245.000100
245.010567
245.036167
245.044367
245.068100
245.082000
245.105733
245.108800
245.136833
245.166067
245.218533
245.296600
245.691233
246.478333
247.244433
247.841400
247.896300
247.918500
247.982900
248.009700
248.027100
248.117400
248.449000
250.730200
253.109133
253.145733
253.918967
254.032767
254.104867
254.192433
254.214200
254.280933
254.327100
254.520700
255.105233
255.204600
255.307567
255.340833
255.377933
255.422700
256.853367
257.413433
257.640767
257.705300
257.746233
258.223067
258.491600
258.587333
258.636667
258.672767
258.987400
259.006033
259.316767
259.371700
261.123600
261.250933
262.230667
262.327700
263.123667
263.613433
263.697467
263.865600
263.946267
263.975233
264.058633
264.114567
264.997033
265.496667
265.540100
265.617133
266.275500
268.131533
268.279833
268.344933
268.384400
268.453367
269.245933
271.360800
271.660500
272.570633
272.731467
273.466600
273.796500
275.098733
275.134967
275.160000
275.220033
275.828467
275.868900
275.969800
276.000900
276.002500
276.054867
276.091300
276.099733
276.111867
276.153467
276.272100
276.331933
276.775167
276.896333
276.967600
277.001500
277.410300
277.416000
277.447067
277.510067
277.903833
278.116900
278.181800
278.224567
278.785467
278.839767
278.879900
278.928200
279.766067
280.104100
280.184000
280.797500
280.905633
282.561100
282.675433
282.746467
282.812133
283.324833
283.389833
283.432667
283.466667
285.011733
287.028533
289.213767
289.868733
290.382600
290.414400
290.462967
290.549400
290.581633
290.818900
290.852200
291.318233
291.447033
291.468000
291.493300
291.577300
293.852100
294.373333
294.817067
295.724867
295.777833
295.808700
297.985233
298.034000
298.075800
298.080533
298.090067
298.181800
298.228133
298.296467
298.365033
298.387600
298.438833
298.451533
298.455800
298.465667
298.623533
298.724567
298.772900
298.816567
298.876500
298.907867
298.976400
299.102767
299.115100
299.139300
299.149733
299.189333
299.213767
299.377233
299.523867
299.955500
300.371033
301.839833
302.852767
303.142500
306.410533
306.636200
306.863667
308.780800
308.814667
308.837233
308.851667
308.894233
308.898467
308.994833
309.106167
309.124433
309.184033
309.216200
309.259800
309.347133
309.369100
309.393667
309.396233
309.450267
309.511333
309.630133
309.772167
313.464833
314.246667
315.452767
315.601600
315.726133
316.939233
317.825667
319.481633
323.257667
325.423833
325.469933
325.540100
325.762967
325.934100
325.950600
325.972267
326.045967
326.905300
326.917633
326.937100
326.944100
326.982700
327.026900
327.090833
327.109300
327.149333
327.155167
327.208600
327.316133
327.341400
327.377467
327.393100
327.423233
327.550467
327.579633
327.647467
327.679100
327.744133
327.776167
327.829267
327.841400
327.878800
327.889000
327.891067
327.959200
327.991867
328.755933
329.068733
329.242833
329.293467
329.638333
329.674933
329.818033
329.925300
329.971800
330.909100
330.951933
332.686433
332.859700
333.510933
333.831067
333.999233
337.704600
337.719300
337.750667
338.024500
338.326733
338.364100
338.386367
338.428167
338.452833
338.459500
338.656400
338.782467
339.259467
339.283867
339.323233
339.339900
339.407800
339.410333
339.826167
339.853033
339.863100
339.903500
339.933100
339.970633
339.976133
340.033200
340.057833
340.153333
340.165633
340.200833
340.211133
340.215567
340.228533
340.249233
340.275800
340.322367
340.379467
340.495333
340.555933
340.583767
340.665733
340.687767
340.718167
340.725367
340.767400
340.776900
340.795767
340.907467
340.936833
340.949700
341.021667
341.023767
341.102667
341.148200
341.619667
341.880400
343.159000
343.341100
345.086200
345.232600
345.505867
346.121367
347.697367
348.070033
348.339700
348.602933
348.967233
353.172167
355.373600
356.664633
358.505267
358.861967
359.954533
360.074933
360.164100
360.188733
360.211433
360.459600
360.535367
360.607800
360.618533
360.712600
360.768900
361.026267
361.210667
361.636967
361.951367
361.976367
362.068033
362.214467
362.275367
362.424767
362.430233
363.860167
364.289100
364.400700
364.477100
364.481100
364.596567
364.658600
365.041033
365.084967
365.116033
365.515200
366.319567
366.407300
366.438967
366.486133
366.533267
366.562800
366.610833
366.638000
366.685733
366.820000
367.262600
367.268267
367.392600
367.421133
367.446033
367.489100
367.521267
367.557333
367.823933
368.028933
368.082367
368.159533
368.204533
368.235033
368.278433
368.319100
368.475333
368.510867
368.533667
368.568333
368.601367
368.638067
368.664233
368.733000
368.763967
369.913467
371.007100
371.026333
371.080800
371.697067
371.732333
371.767833
372.127133
374.050500
374.091633
374.523933
374.884233
374.963100
375.394600
376.329100
376.441900
377.034867
377.082200
377.314933
377.835133
377.935400
378.021933
378.049100
378.116367
379.539133
380.646100
381.040067
381.075800
381.102567
381.137267
381.470767
381.547933
381.579867
381.615267
381.641567
381.670033
381.692133
381.782567
382.035500
382.087367
382.140100
382.406700
382.501833
383.867233
384.531800
385.261667
385.796900
385.839967
385.869600
385.968900
386.010467
386.031200
386.062833
387.076800
387.240000
388.086700
388.417833
389.406633
389.463600
389.504400
389.581933
389.625767
389.713700
390.013033
390.142433
390.194567
390.714433
390.749067
390.805033
390.852033
390.904400
391.926067
392.453400
394.071000
394.110200
394.157933
394.241967
394.331033
394.403133
394.520867
395.090233
395.365933
396.053233
396.163767
396.456867
397.099800
397.132967
397.214667
398.355800
398.438167
398.446500
398.485900
398.579433
398.611367
398.653667
398.703400
398.740667
398.753200
398.833767
398.898033
398.931100
398.944367
399.213800
399.282033
399.366300
399.380033
399.466533
399.499600
399.537233
399.572367
399.585600
399.678533
399.752533
399.774133
399.857600
400.076033
400.156467
400.489533
400.497467
400.535500
402.214200
402.484900
402.568733
402.784100
402.829533
402.876200
402.914067
402.981067
403.643067
404.511067
404.619033
404.666900
404.709633
404.768500
405.086667
406.188833
408.187067
408.384933
408.521633
408.757200
409.161900
409.191867
409.531667
410.656867
411.110400
411.279667
411.874900
414.225700
415.662300
416.104033
416.193600
416.583000
416.614700
417.062367
417.131600
417.145933
417.294033
417.360867
417.401600
417.586067
417.700433
417.760800
417.776100
417.853300
417.902967
417.977267
418.003133
418.026433
418.057033
418.093733
418.131033
418.143633
418.176833
418.205533
418.293733
418.484500
418.496300
418.505667
418.549900
418.555633
418.571500
418.655633
418.738900
418.829967
419.131900
419.294200
419.330733
419.460633
419.498300
420.688867
421.767800
423.230300
423.279600
423.307300
423.475800
423.529400
423.546933
423.589700
423.623433
423.959467
423.991733
424.150200
424.316633
424.341133
424.411700
424.445567
424.476100
424.567700
424.611033
424.653400
424.712133
424.812667
427.483000
427.710500
427.819767
427.851767
427.884233
427.915167
428.171200
428.280733
428.323300
428.494633
428.545933
428.613000
428.722767
429.210300
431.960500
432.257600
432.321033
432.597500
432.905500
434.620667
434.680000
434.756800
434.971233
435.159000
435.185800
435.211233
435.242100
435.274200
435.303733
435.391400
435.415833
435.444033
435.507167
435.538133
435.607433
435.858533
436.549800
437.735567
439.232433
439.579400
439.623900
439.857367
440.126267
440.221067
440.277767
440.283500
440.318267
441.053700
441.304167
441.636500
441.836133
442.377333
442.425667
443.451467
443.933367
445.114600
445.126233
445.203433
445.223233
445.257367
445.322233
445.377967
445.404700
445.423333
445.498300
445.657067
446.940233
447.402233
447.447600
447.476567
447.518300
447.724567
448.046233
448.281667
448.367233
448.572767
448.714100
448.752367
453.830600
455.724933
455.983900
456.283700
456.811033
456.872833
457.135800
457.540800
457.883567
459.226433
459.263233
460.330500
462.283767
462.373333
462.501300
462.683567
465.331467
466.342300
466.428000
466.477167
467.106867
467.136200
467.172233
467.189533
467.199033
467.320533
467.401633
467.476700
467.541333
467.599000
468.746833
468.874367
469.170333
471.362767
472.177600
472.343467
472.438567
472.533900
474.805833
475.149533
476.067567
476.709800
476.888300
477.206033
479.305467
479.335300
480.429933
482.327733
483.517733
484.372467
484.480433
484.580600
485.043967
485.052233
485.185033
485.239433
485.813700
485.956167
486.306567
488.487900
488.787867
488.821867
488.859300
488.918033
488.951300
488.977267
489.009500
489.365700
489.429400
489.499233
489.514767
490.371233
491.600133
491.775000
492.025733
492.325733
492.400333
492.858900
492.899400
492.932700
492.957233
493.007200
493.275900
493.383333
494.221833
495.183667
495.502333
496.276600
496.387100
496.503033
496.574700
496.599933
496.638967
496.670067
496.712400
496.750200
496.951633
497.080733
498.139200
498.315333
498.392900
498.438100
498.483600
498.540967
498.650500
498.968167
498.993233
499.218267
499.259500
499.582100
500.005000
500.284167
500.340600
500.364700
501.340833
502.889000
503.119800
503.384800
503.539133
503.610800
503.657567
503.742500
503.904867
503.957133
504.010633
504.061400
504.250567
504.718800
504.934400
504.951967
504.974300
505.315933
507.646567
508.381967
508.450133
508.734167
509.242600
509.283767
510.177933
511.946667
512.284833
513.046233
513.651800
513.791333
513.832600
513.995367
514.075967
514.158967
514.283000
514.316533
514.413767
514.571533
514.638333
514.746067
515.296667
515.373533
515.396300
515.443967
515.456733
515.518833
515.532800
515.538933
515.599467
515.606567
515.643867
516.130067
516.161900
516.209000
516.242333
516.266267
516.274633
516.306533
516.344600
516.354700
516.370300
519.618167
519.686167
519.929700
521.832133
521.864200
521.972833
521.990167
522.034633
522.597100
522.683033
523.077667
523.280633
524.873167
525.929933
525.961333
526.012067
526.042633
526.184533
526.222633
526.290833
526.316267
526.453333
526.583633
526.590133
526.625567
526.652367
526.678300
526.702400
526.705500
526.720533
526.843700
528.456867
528.562333
528.716533
528.735000
529.150300
530.390933
531.018100
531.042000
531.052833
531.057933
531.083100
531.110200
531.121233
531.175400
531.329567
531.438600
531.564467
531.602933
531.609033
531.728467
531.793467
532.057033
533.129633
533.228333
534.688033
534.762500
534.771167
534.896633
535.631800
535.688533
535.738367
536.717733
537.343233
538.969000
540.028333
540.068367
541.528433
542.591600
542.763433
542.923033
542.969900
543.043200
543.079367
543.215567
543.256533
543.317933
543.371133
543.419233
543.469100
543.499800
543.538467
543.580033
543.606300
543.637567
543.668033
543.729267
543.787233
543.857433
543.972867
544.190167
544.717633
545.855567
548.885867
549.979700
551.996033
552.214067
552.218900
552.466233
553.550267
554.031200
554.070733
554.215000
554.239667
554.721800
556.794833
556.940333
557.520067
557.531400
558.120867
558.150933
558.235900
558.257467
558.322667
558.380700
559.143133
560.870167
560.922733
560.942300
560.999900
561.248467
561.516367
561.544633
561.582200
561.948233
561.986567
562.120733
562.175567
562.236800
562.364900
563.525633
563.662233
563.741567
564.627933
565.130567
565.417333
565.434567
565.494567
565.963600
566.028867
566.097933
566.230267
566.304067
566.599233
566.696000
566.698600
566.752267
566.794433
567.251133
567.573667
567.625100
567.686467
567.748333
569.349300
569.508600
570.406533
570.447500
570.719333
570.748733
570.793033
571.033600
571.125367
571.345700
572.211067
572.234367
574.372600
574.530667
574.542400
574.684133
575.165500
575.752233
575.868933
576.062900
576.921067
576.998300
578.439900
578.641133
578.788367
579.170000
581.313333
582.592000
583.256933
584.174400
584.203133
584.904267
585.099100
585.113633
585.379067
585.408800
585.482333
586.010300
586.213867
586.397233
586.551900
586.582900
586.914233
586.945633
587.038933
587.087433
587.126367
587.213633
587.573467
587.848867
587.948933
587.956933
588.260733
588.266067
589.243400
589.305033
589.402300
589.875800
589.992400
590.015133
590.068233
590.373033
590.375733
590.470600
592.358167
593.141133
593.193700
594.824767
595.076467
595.369767
596.290467
597.444000
598.475267
598.777600
599.569200
599.897700
601.720267
602.019633
602.033567
602.136233
602.187800
602.236267
602.250000
602.408733
602.470400
602.500867
602.590100
602.631367
602.757100
602.812900
603.005900
603.058900
603.094933
603.115667
603.208767
603.322333
603.420300
603.658167
603.685833
603.819267
604.773100
604.776433
604.800333
604.845533
604.857900
604.862133
604.884867
604.907133
604.911133
604.929633
604.947867
604.971833
604.995567
605.063300
605.147700
605.195767
605.238733
605.321467
605.342700
605.375733
605.392933
605.420233
605.461700
605.820467
606.024433
606.180867
606.427633
606.474233
606.506433
606.586700
606.752200
606.799600
606.804067
606.882800
606.993433
607.270233
607.526067
607.570700
607.662667
607.664333
608.574000
610.711867
611.364467
612.303667
613.224800
613.627133
614.037067
614.292500
614.697167
614.773567
614.820500
616.244700
616.335400
616.485667
616.518433
616.553600
617.131433
617.139900
617.189167
617.193667
617.234867
617.252867
617.297433
617.302867
617.320767
617.367233
617.416333
617.419967
617.439300
617.467300
617.524500
617.528667
617.569633
617.594133
617.604000
617.613300
617.622933
617.636667
617.639967
617.680300
617.682833
617.698833
617.791033
617.795733
617.818267
617.856200
617.865400
618.239100
618.380333
618.423300
618.629667
619.042200
619.067433
619.773133
620.764733
620.809933
620.915400
621.525667
621.547933
621.553467
621.569867
621.639500
621.684700
621.957033
621.986733
622.003900
622.040033
622.212967
622.244433
622.272833
622.307567
622.353300
622.386100
623.292733
623.556567
623.601167
623.677033
625.717567
625.724133
625.779400
625.797567
626.660667
627.093100
627.176033
627.227667
627.299933
627.305700
627.365700
629.221600
629.668833
629.698133
630.033933
630.087400
630.712333
631.454533
632.018967
632.542500
632.696067
633.272867
633.533767
633.654967
634.145867
636.444767
636.529900
636.893767
636.931700
637.030800
637.165000
637.189833
637.257500
637.929700
637.962533
638.021700
638.054167
638.069900
638.103100
638.145167
638.216300
638.313267
638.591500
638.775000
639.803500
639.913367
640.014867
640.276867
640.470000
640.549967
640.575967
640.615733
640.632733
640.655467
640.723767
640.786800
640.940267
640.983533
640.985167
641.009467
641.036200
641.090267
641.106300
641.142133
641.236333
641.355300
641.381900
641.436567
641.528400
641.722433
642.049333
642.082167
642.120633
642.186500
642.215700
642.308533
642.405100
644.554067
644.840367
644.893900
644.980000
645.260900
645.312533
645.475867
645.553933
645.588900
646.001900
646.088267
646.165400
646.193567
646.366833
646.931000
647.129633
647.519400
647.577333
647.598500
647.656567
647.689300
647.845500
649.032933
649.920800
650.092400
651.170133
651.460367
652.328933
653.510333
655.447467
655.496300
655.940333
656.641433
656.674833
657.507500
657.720667
657.830233
657.846167
657.956567
657.992733
658.148833
658.353967
659.187767
659.357067
659.367667
659.391567
659.397967
659.456033
659.466333
659.475400
659.672733
659.694167
659.730100
659.753033
659.812567
659.981667
660.043833
661.326033
661.766133
662.131100
662.260300
663.465433
663.490367
663.978733
664.054900
664.289533
665.294333
665.689733
666.836433
667.847433
668.411267
668.491067
668.564733
669.493400
670.251333
671.021867
671.694867
672.099867
672.208733
672.251067
673.437400
674.062267
674.561667
676.148967
676.722267
676.740567
678.284233
678.371033
678.568900
679.780133
679.976567
680.014833
680.315367
680.422200
680.488633
680.831533
681.266467
682.231333
683.384433
683.524200
683.692967
684.044267
684.121833
684.137633
684.140867
684.161767
684.184567
684.252700
684.288633
684.393867
684.406533
684.438300
684.457000
684.474267
684.520667
684.526033
684.536167
684.749900
684.782967
684.787033
684.845800
684.993900
685.091900
685.131600
685.890467
687.137133
689.447433
690.017300
690.743867
691.359767
691.576033
691.623767
692.741567
694.248767
694.658400
694.910167
695.355400
695.406200
696.371067
697.108667
697.146133
697.176167
697.306367
698.763967
699.388200
699.436933
699.582300
699.623300
699.795333
700.490533
701.252767
701.595900
702.059100
703.055933
703.737467
704.527567
704.711500
705.242733
705.649967
705.692433
706.075367
706.114300
706.166433
706.205233
706.245733
706.275033
707.534200
707.769367
707.876167
707.911133
707.917567
707.950367
707.960033
709.719867
710.028667
710.064033
711.291967
711.937667
712.209300
712.569600
712.585567
712.697600
713.775133
713.899067
714.511000
714.666567
714.720400
714.760433
714.871733
715.026067
715.075900
715.132767
715.239100
715.324733
715.781700
715.849267
716.057533
716.342467
716.463233
716.735167
716.737900
716.851200
716.870167
716.946800
717.463300
718.112100
718.162633
718.457667
719.772800
720.520733
720.600900
720.952333
721.027200
721.168967
721.446467
721.529033
721.706200
721.745400
722.332767
722.361367
722.378267
722.421367
722.533567
722.741033
723.029900
723.117167
723.360267
723.964700
724.093567
724.140067
724.193533
724.479067
724.901900
724.957733
725.625400
725.627933
725.663833
725.728533
725.815967
725.888400
725.967667
726.142733
726.284300
726.307967
726.390533
726.456700
726.558667
726.570367
726.644867
726.677600
726.683800
726.718500
726.904033
726.948700
728.035367
728.059167
728.590933
730.764067
730.829000
730.866367
731.402667
731.445767
731.486200
731.543133
731.696267
731.929167
732.700267
732.973100
733.229233
733.529933
734.301733
734.798433
735.297067
735.577100
735.660800
735.716500
735.836867
736.167067
737.653333
738.307100
738.341667
738.376833
738.533900
738.966033
739.131533
739.870367
740.191567
740.219567
740.405667
742.259433
743.397567
744.913567
744.916367
745.136400
745.866300
745.906167
745.964467
746.115733
746.144400
746.178200
746.363333
746.429200
746.434867
746.634967
746.843233
747.012333
747.939500
749.039633
750.445267
750.886933
751.781567
751.885733
752.108833
752.454233
752.774900
752.843367
753.640267
753.690633
753.951967
754.098067
754.482467
756.339067
756.695533
757.331400
757.372900
757.725200
757.814400
757.948533
759.140433
760.438267
760.756567
761.116833
761.314067
761.910200
762.261033
762.456267
762.488200
762.563167
762.601033
762.627033
762.663367
762.714133
762.740433
763.642500
764.071367
765.796967
768.871200
768.952833
768.958833
769.231233
771.125733
771.147967
771.187667
771.417600
771.739467
771.741533
771.783767
771.901667
771.935233
772.290400
772.519533
772.587700
772.614400
772.665267
772.712067
772.968267
773.144100
773.543567
776.221633
776.335833
778.477967
778.515200
778.586700
778.592133
778.658600
779.096467
779.411433
780.437100
782.931100
784.835967
784.961567
785.666167
787.066633
787.289700
789.077800
789.581000
789.679067
789.736467
789.765933
789.866067
790.510167
790.928067
791.110200
791.168333
791.178233
791.290833
791.324100
791.328833
791.413667
791.426900
791.520900
791.531900
791.611867
791.703600
791.757667
791.840633
792.087767
792.573967
793.156333
793.191667
793.247500
793.283667
793.584767
794.790033
794.829667
794.925700
794.982033
795.239533
795.310833
795.465733
795.665067
795.888533
796.100367
796.626900
796.967133
797.211433
797.406600
797.659800
797.685033
798.734933
798.736967
798.785867
798.816633
798.818867
798.842700
798.860200
798.976500
798.995400
799.056667
799.061933
799.085633
799.552133
799.559600
799.660133
799.679300
799.730167
799.878167
799.890500
799.926633
800.156633
800.192167
800.639233
800.831100
800.872033
801.079400
801.116467
802.161333
802.652200
803.303067
804.560500
804.608267
804.863267
808.898033
808.988000
809.499200
809.815567
809.856400
809.925233
810.704000
810.707967
810.881767
811.050967
811.469767
814.165300
814.186267
814.254733
814.637600
814.760067
814.804567
814.829033
814.858967
814.920133
814.957933
815.043500
815.149700
815.187167
815.241767
815.270867
815.338067
815.402400
815.497067
815.697367
816.288067
816.371267
816.437600
816.686400
816.711900
816.771533
816.775633
816.973433
817.636567
819.118000
819.584433
819.684233
820.213133
820.846633
820.926633
821.604733
821.785500
821.915767
822.001233
822.336867
822.353733
822.375667
823.098867
823.353233
824.581967
825.642767
827.895133
829.008367
829.120800
829.446033
829.705300
829.860767
830.149233
832.129100
832.210467
832.252000
832.307967
832.365167
832.569933
832.607067
832.628467
832.689133
832.765900
832.826633
832.894000
832.988600
833.017867
833.261467
833.723367
833.778767
833.835033
836.568600
837.790867
838.508967
838.542700
838.564367
838.572900
838.617300
838.647333
838.703300
838.732167
838.788167
838.851400
838.890267
838.948600
838.969367
839.540367
840.641667
841.187367
841.300233
841.327000
841.349967
841.411433
841.506633
841.694100
841.719933
841.747467
842.085900
842.293367
842.366767
842.989033
843.033733
843.058233
843.473567
843.514633
843.904300
844.470300
844.664033
844.844633
845.339633
847.415467
848.636000
849.023600
849.526833
849.608000
849.909100
850.947133
853.761800
854.648233
854.795533
854.829700
855.310133
855.905467
855.955600
857.134000
857.207800
857.325800
857.629100
858.813000
859.292733
859.336933
862.925167
862.941333
862.965067
863.056133
863.230600
863.269167
863.333233
863.453133
863.643133
863.678900
863.739267
863.914333
863.968400
864.027167
864.059900
864.222867
864.452900
865.363067
865.511167
865.685833
865.723333
866.921867
867.030067
867.082033
867.109367
867.919100
868.141933
868.168400
868.591800
868.607000
868.619200
868.633400
868.839833
868.899467
868.956000
868.996767
869.088600
869.095233
869.132200
869.206167
869.245800
869.283600
869.322867
869.334267
869.341400
869.380533
869.422200
869.794567
870.516733
871.481033
873.423133
874.453733
874.503300
874.638000
874.659533
874.721067
874.840800
875.050633
875.079833
875.130667
875.186767
876.140367
876.278400
877.022767
880.268633
881.048133
881.201300
881.394233
881.615633
881.934367
882.285767
882.393033
882.456333
882.551833
885.122933
885.935600
885.969800
886.018733
886.063900
887.822333
887.885467
887.933633
888.013433
888.074167
888.119267
888.134700
888.367400
888.502100
888.577667
888.598367
888.632600
888.671533
888.891333
889.875100
891.420533
891.790200
892.016633
892.315033
892.485533
892.709800
892.812833
892.967467
892.998400
893.033033
893.054733
893.269567
894.232667
894.788867
895.923267
895.958967
896.019733
896.028567
897.014233
897.206600
897.569033
900.954967
901.154900
901.245200
901.490833
901.651167
901.751300
901.767467
901.784167
901.791467
901.904700
901.957167
903.997000
904.050933
904.119600
904.157700
904.185267
904.322767
904.810900
904.846400
905.912533
906.601000
908.033367
908.958600
909.846500
910.109800
910.271467
910.275400
910.448000
910.564267
910.802367
910.986633
911.254733
911.909467
912.059533
912.250400
912.367833
912.415067
912.671500
912.762667
912.798333
913.326433
913.429967
914.366667
914.702800
914.762167
914.782500
914.807167
914.840767
914.877667
915.206233
915.511933
915.563233
916.292033
916.431600
916.526800
916.566500
920.808000
920.845133
920.879767
921.139867
924.608733
925.098800
925.675933
925.759667
927.720333
928.226400
928.965500
929.095733
929.118900
929.121533
929.181100
929.261800
929.529300
930.036400
930.076700
931.548933
932.172733
932.233467
932.270967
932.314467
932.466867
932.527467
932.609633
932.903533
932.967433
935.956267
937.658633
938.023400
938.052733
938.652233
938.729933
939.574967
939.635200
940.436333
941.979267
942.142333
942.569100
942.617000
942.813767
943.265633
943.292133
943.359833
943.885600
944.725667
944.906700
945.055800
945.449233
945.528667
945.755467
946.027233
946.114267
947.089133
947.626233
947.738800
947.740967
948.780867
948.960067
949.007867
949.054100
949.130033
949.190067
949.980867
949.992300
950.436667
952.856067
953.932233
954.461467
954.524267
955.258233
955.310267
955.427933
955.795400
955.851633
956.028067
956.218200
956.315467
956.408333
957.227433
957.624600
957.637300
957.677200
957.777433
957.828533
957.954467
957.980433
961.731500
961.785133
961.968633
962.081467
962.142167
962.209400
962.347500
962.373233
962.772167
962.792133
962.828733
963.479867
964.112567
965.088067
965.256200
965.312100
966.657933
966.944633
967.033133
967.346400
967.477100
967.584933
969.798767
970.013633
970.069000
970.132767
970.156467
970.200733
970.268567
970.315067
970.464567
970.587500
970.613300
970.709100
970.718700
970.747933
970.855267
970.920800
970.929067
970.954900
970.982233
971.373533
971.399700
971.434967
972.376967
974.524067
974.720400
974.748500
974.835467
974.928733
974.972000
975.075067
975.122467
975.153733
975.989900
976.019533
976.064167
976.245467
976.609900
976.712167
976.766233
976.948467
976.992567
977.299133
977.352667
977.383467
977.505333
977.551700
978.571700
978.833833
979.078200
979.247833
979.284333
979.337933
979.370167
979.570033
979.602267
979.619933
979.793733
979.828600
979.853433
979.885200
979.912867
979.991967
980.064000
980.098033
980.143433
980.237767
980.294500
980.299400
980.690733
981.044200
981.276400
984.094733
984.235467
984.510133
984.768433
985.144233
987.010100
987.497833
988.719000
988.928933
988.960833
989.020500
989.045200
989.785333
989.849467
990.667767
990.797933
990.816267
990.835300
990.843233
990.922800
991.053400
991.085067
991.199967
991.231200
991.266700
991.272533
991.301333
991.314833
991.406033
991.458767
991.523767
991.575567
991.631467
991.642233
991.751633
991.764800
991.799400
991.999267
992.045333
992.086167
992.515367
994.271467
994.597533
994.600500
994.780233
994.959200
994.997133
995.190200
995.227133
995.255633
995.513600
995.539067
995.556233
995.692900
995.865533
999.121767
999.186700
999.255400
1000.855433
1000.899467
1000.945367
1001.497767
1003.156933
1003.185400
1003.525433
1003.719567
1004.915367
1004.970100
1004.983800
1005.018500
1005.543033
1005.770833
1006.783867
1008.001567
1008.506667
1009.662800
1009.964600
1010.036233
1010.812567
1010.991467
1011.042733
1011.128367
1011.184400
1011.265167
1012.235267
1012.273600
1012.313700
1012.344600
1013.490133
1013.685433
1015.470200
1015.473867
1015.532033
1015.862033
1016.087233
1016.126533
1016.310633
1016.730667
1016.898667
1016.927167
1017.338833
1017.373167
1018.834667
1019.005733
1019.051033
1019.162833
1020.417833
1020.815700
1021.408567
1021.433233
1021.544567
1024.187967
1026.935867
1029.893467
1030.159233
1030.219433
1030.763400
1030.936333
1030.945133
1031.023767
1031.027833
1031.106033
1031.454567
1031.710933
1031.887067
1032.122867
1032.306567
1032.406433
1032.538367
1032.660000
1032.807000
1032.901233
1032.993100
1033.112400
1033.222067
1033.284067
1033.432433
1033.458400
1033.686233
1033.758300
1034.119133
1034.303567
1034.991700
1035.581933
1035.721967
1035.848300
1035.928267
1035.951233
1036.201333
1036.253600
1036.280133
1036.341267
1036.380500
1036.397967
1036.443367
1036.452900
1036.519100
1036.958733
1037.097267
1037.118300
1037.145900
1037.811733
1037.922533
1037.962900
1037.971100
1038.014633
1038.049800
1038.088667
1039.306900
1039.479633
1039.553167
1040.476467
1041.791067
1042.775700
1042.942733
1042.947967
1043.967400
1044.094200
1045.087067
1045.123933
1045.183400
1047.574867
1049.217533
1049.241333
1051.337000
1051.403867
1051.438100
1051.489567
1052.657800
1052.988367
1053.021633
1053.094633
1053.180567
1053.213667
1053.509433
1053.569067
1053.643167
1053.694100
1053.748767
1055.640633
1056.072433
1056.194167
1056.410700
1056.684633
1056.738433
1056.955967
1056.974367
1057.434267
1057.907367
1058.267467
1059.120267
1059.361433
1060.091700
1060.579300
1062.316900
1064.285500
1064.464367
1065.420233
1065.476967
1065.678033
1067.386667
1067.459633
1068.087400
1069.107067
1069.317233
1069.474800
1071.834967
1071.895500
1072.865367
1074.227367
1075.573467
1075.655000
1075.667433
1075.727100
1075.759467
1075.861667
1076.116467
1076.217233
1076.270233
1076.966533
1077.741167
1077.747967
1077.841000
1077.888700
1078.173267
1080.030733
1082.211400
1082.799700
1082.843200
1083.018033
1083.053967
1083.066967
1083.161133
1083.302633
1083.396500
1083.408933
1083.462367
1084.116833
1084.194400
1084.589167
1084.950400
1086.383467
1086.735100
1086.766667
1086.791600
1086.822900
1086.890967
1087.114433
1087.156267
1087.217433
1087.253333
1087.291433
1087.318800
1087.446300
1087.667100
1087.957467
1089.156200
1089.390433
1090.573167
1090.823467
1091.174100
1091.432067
1091.503967
1091.551533
1093.716067
1094.383367
1094.838333
1095.062400
1095.528400
1095.542233
1095.761800
1096.292267
1096.543367
1096.622567
1098.305567
1098.473667
1098.565400
1098.577667
1098.833333
1098.862500
1099.896933
1100.097867
1100.281333
1100.446300
1100.818633
1100.880200
1100.920533
1101.020000
1101.121733
1101.204200
1101.235167
1101.279667
1103.073700
1103.778600
1104.039867
1104.108033
1104.374933
1105.213900
1105.787967
1105.865200
1105.919833
1106.167467
1107.203800
1107.259667
1107.422667
1107.491600
1107.513367
1108.214200
1108.284167
1108.340367
1108.418000
1108.494467
1110.523267
1110.668900
1110.876867
1111.123467
1111.170333
1111.241333
1111.384533
1111.477667
1111.863167
1112.088000
1114.682767
1114.890733
1114.975133
1115.013833
1115.285900
1115.586733
1116.143867
1116.207467
1116.277200
1116.630733
1117.044667
1118.450900
1119.359000
1119.421467
1119.451500
1119.676933
1119.724200
1119.766400
1120.192633
1121.380967
1122.117267
1122.496600
1122.611200
1122.672567
1124.698100
1125.433100
1125.728933
1125.768333
1125.837967
1125.895167
1125.940200
1125.972533
1125.986300
1126.018633
1126.398933
1126.547233
1126.600700
1126.651933
1127.110767
1127.120500
1127.227367
1129.169833
1129.847933
1131.184967
1131.216367
1131.347200
1131.387867
1131.516533
1131.688133
1131.723667
1131.794933
1131.944567
1131.971933
1132.020200
1132.263433
1132.316633
1133.131867
1133.173367
1133.245300
1133.322867
1133.370533
1133.389867
1133.406933
1133.421933
1133.464433
1133.515000
1133.520500
1133.553667
1133.654533
1133.688900
1133.757333
1133.804667
1133.823100
1133.855300
1133.860667
1133.884033
1133.942967
1133.957233
1133.972800
1134.080000
1134.121600
1134.152567
1134.538500
1135.043833
1135.339733
1135.681000
1136.078433
1136.122633
1136.188067
1138.958033
1139.314433
1139.408367
1139.465600
1140.066100
1141.320733
1142.648567
1143.043833
1144.365533
1144.550333
1144.625633
1144.766933
1145.685367
1145.700300
1146.354300
1147.208733
1147.917733
1147.974367
1148.436067
1148.704900
1149.171267
1149.713433
1150.200233
1150.300567
1150.329733
1150.375000
1150.641067
1150.667033
1151.039233
1151.728267
1153.346833
1154.286900
1154.394867
1154.664300
1155.147100
1155.430067
1155.492733
1155.867333
1155.945967
1156.235300
1158.420900
1158.470767
1158.527800
1158.550767
1158.586833
1158.606367
1158.645400
1158.675500
1159.086700
1159.127467
1159.357700
1159.468933
1159.534400
1159.570933
1159.640800
1159.723567
1159.756000
1159.997633
1160.129700
1160.159000
1160.892367
1160.997767
1162.361933
1162.426333
1163.028267
1163.126533
1163.702833
1163.807733
1163.877567
1164.805367
1164.903400
1164.949933
1165.306867
1165.327233
1167.621000
1167.634067
1167.691100
1167.722567
1169.067367
1169.523533
1171.008767
1172.415933
1174.587733
1174.627000
1174.694433
1174.726167
1174.817667
1174.849167
1174.921933
1175.360133
1175.519767
1175.746400
1175.755700
1175.801367
1175.856500
1175.943467
1176.097867
1176.113833
1176.148300
1177.000900
1177.383267
1177.470567
1177.606733
1177.676900
1178.091133
1178.151900
1178.261200
1178.627633
1180.344367
1180.508700
1180.574633
1180.932367
1181.411333
1181.526667
1181.562833
1181.591967
1181.638300
1181.801167
1181.803300
1181.883767
1181.918700
1182.111667
1182.199867
1182.233633
1182.564167
1182.651700
1183.214800
1184.109900
1184.155767
1184.194833
1184.233333
1184.530367
1185.870000
1186.079533
1186.115067
1186.243100
1186.280000
1186.310333
1187.302533
1187.365000
1187.468800
1187.547567
1187.606000
1187.634367
1187.710233
1187.801900
1187.904400
1187.918333
1187.950567
1188.084800
1188.193300
1188.332967
1188.417900
1188.536000
1189.323233
1189.567767
1189.620400
1189.783400
1189.952600
1189.987833
1190.017867
1190.910533
1191.049633
1191.079533
1191.120433
1191.209900
1191.694500
1191.848967
1192.051633
1192.165500
1194.514933
1195.963167
1197.680433
1197.733833
1197.798067
1198.152600
1198.664500
1198.773900
1199.288300
1199.456633
1199.485100
1202.241967
1203.272433
1203.314100
1203.588633
1203.621500
1203.658033
1203.735200
1203.819000
1203.873500
1204.219767
1204.280067
1204.447067
1204.540900
1205.547667
1206.910267
1208.560667
1208.879867
1209.268400
1209.524500
1209.557600
1209.603733
1209.727333
1210.135100
1212.333100
1212.422633
1212.455333
1212.459800
1212.659100
1212.911333
1213.431133
1213.537467
1213.628500
1213.631200
1213.675133
1214.488900
1215.072033
1215.960767
1216.389600
1217.143867
1219.074500
1219.554967
1219.765767
1220.191767
1220.272467
1222.287733
1224.548533
1225.065833
1225.073767
1225.294967
1225.350267
1225.435033
1225.566233
1225.592967
1225.627300
1225.678700
1225.726167
1226.373000
1226.477400
1226.500333
1226.569067
1226.684767
1226.965467
1227.003633
1227.110600
1227.170233
1227.213533
1229.091600
1229.331133
1229.794133
1232.696967
1232.739500
1232.776567
1232.836333
1234.368800
1235.010400
1235.350467
1235.782233
1235.855467
1236.753567
1237.757433
1237.794900
1237.970600
1238.521600
1239.168233
1239.258667
1239.377867
1239.423200
1239.717300
1240.564900
1241.323033
1241.399033
1242.420600
1245.554233
1245.612100
1245.686600
1245.733133
1245.903200
1245.976067
1247.424800
1247.839100
1247.966100
1248.856033
1248.887833
1248.912767
1248.938800
1248.972067
1249.003200
1249.085867
1249.125600
1249.745233
1250.265100
1250.594700
1250.629233
1250.660433
1250.817433
1250.835600
1250.860500
1250.892933
1250.920500
1250.943100
1250.975000
1251.025300
1251.173467
1251.317267
1251.516467
1251.558767
1251.615933
1252.287233
1252.378333
1252.732267
1252.907633
1253.185200
1254.192967
1254.767533
1255.113467
1255.138900
1255.177833
1255.191333
1255.217067
1255.398233
1255.420933
1255.446067
1255.602300
1256.724500
1259.560200
1259.608500
1259.928533
1260.290467
1260.683567
1261.010067
1261.745967
1261.834567
1261.907700
1262.081667
1262.286133
1262.346900
1262.581100
1262.585433
1262.724367
1262.807600
1262.981467
1263.111067
1264.239333
1264.317900
1264.417767
1264.446267
1264.484100
1264.529600
1264.553233
1264.590667
1264.605700
1265.008967
1265.127200
1266.060967
1266.370233
1266.412900
1266.530900
1266.692633
1266.855500
1267.053967
1267.212267
1267.356933
1267.464233
1267.516667
1267.548933
1267.580267
1267.606233
1267.649300
1267.682233
1267.781867
1268.252433
1268.494200
1268.825567
1268.859633
1268.897367
1268.943667
1269.140400
1269.194033
1269.467167
1269.550500
1269.877300
1270.037200
1270.084300
1270.127133
1270.186033
1270.213100
1270.233200
1270.268867
1270.324567
1270.342400
1270.435900
1270.493800
1270.508333
1270.564867
1270.582467
1270.646967
1270.908467
1270.955300
1271.969933
1272.004900
1272.017500
1272.029367
1272.042367
1272.073900
1272.169233
1272.196667
1272.225733
1272.311267
1272.384300
1273.106100
1273.121700
1273.151100
1273.472667
1273.781433
1273.783533
1273.847067
1273.930733
1274.003533
1274.140833
1276.153233
1276.297233
1276.957567
1277.001533
1277.116033
1277.276667
1277.870633
1278.048433
1278.860433
1279.218967
1279.333400
1279.421967
1282.133733
1283.250167
1283.357867
1283.432933
1284.072567
1284.078133
1284.778667
1284.819433
1285.043900
1287.055233
1287.567900
1288.001000
1288.046233
1288.089400
1288.137900
1288.190833
1288.445700
1288.536167
1290.750133
1291.330533
1291.873967
1291.931300
1291.936300
1291.973300
1292.007367
1292.058167
1292.212233
1292.255000
1292.453367
1292.460200
1293.202633
1293.286000
1293.314400
1293.566467
1293.796367
1294.811733
1295.347500
1296.569367
1297.033600
1297.111800
1297.148633
1297.272333
1297.405767
1297.482600
1297.593367
1297.695467
1299.381433
1299.623333
1299.926367
1300.029733
1301.371733
1301.436067
1301.501333
1301.597267
1301.720800
1301.789700
1302.117667
1302.392167
1302.571433
1302.616733
1304.036833
1304.375633
1304.569600
1304.596933
1304.615267
1304.656467
1304.696967
1304.882133
1304.911200
1305.652533
1305.741467
1305.859667
1305.953667
1306.235200
1306.918733
1307.049733
1307.928367
1307.969400
1307.987967
1308.090367
1308.115367
1308.214167
1309.369433
1309.738333
1310.235300
1310.305167
1310.526233
1310.774467
1311.308967
1311.366733
1311.415633
1312.094267
1312.315533
1312.326733
1312.379667
1313.012467
1313.046300
1313.106300
1313.318967
