0.128300
1.106067
1.298833
1.624600
1.645567
1.888567
2.469367
3.030667
3.284100
4.101633
4.279033
5.220333
5.302100
5.397467
5.500667
6.189900
6.294200
6.431267
6.590167
6.619433
6.686367
6.888433
6.911167
7.178233
7.504733
7.638267
7.745233
7.794733
7.889767
8.696000
8.789333
8.830300
8.895800
8.929267
9.091033
10.396433
11.144733
11.180867
11.226100
11.271400
11.307900
11.326067
11.334333
11.364667
11.656700
12.544500
12.629700
12.653633
12.691133
12.723467
12.806100
13.098133
13.751600
13.876100
14.028933
14.063367
14.135900
14.178533
15.849867
15.895233
16.056833
17.964800
18.355600
18.378533
18.396967
18.415900
18.462000
18.535800
18.571367
18.648833
18.700667
18.774467
18.778533
18.903900
19.019167
19.192400
19.425200
19.463633
19.525733
19.572633
19.667500
19.740267
19.762633
19.790200
19.833567
19.840833
19.876000
19.903833
19.919333
19.951100
20.038867
20.077500
20.086433
20.151100
20.241767
20.257433
20.292367
20.318867
20.388467
20.500567
20.520267
20.658000
20.798867
21.081933
21.128067
21.227933
21.379400
21.413633
21.482567
21.514867
21.608900
21.757033
21.815500
21.864433
21.918000
21.963600
22.010800
22.192967
22.411633
22.426500
22.455567
22.484867
22.489033
22.559767
22.636600
22.667000
23.117167
23.258733
23.771400
23.921167
24.022967
24.110200
24.160767
24.393467
24.499133
24.567600
24.644900
24.739267
24.950800
25.554433
25.621967
26.321233
26.658700
26.713267
26.756133
26.793833
26.943400
27.042400
27.318567
27.404867
28.233767
28.280633
28.286767
28.551467
28.613100
28.643133
28.674333
28.705633
28.717800
28.770000
28.802933
28.830667
28.946067
29.019933
29.130800
29.154533
29.998133
30.022700
30.189033
30.623000
30.866067
30.994600
31.116500
32.082700
32.104900
32.221533
32.265233
32.379967
32.411033
32.454133
32.503233
32.562367
32.567367
32.581700
32.586133
32.610900
32.789433
32.931200
33.276133
33.448633
34.593067
35.475233
35.619000
35.758967
35.761000
35.817833
35.872867
35.957167
36.075167
37.010700
37.854700
37.902333
38.008067
38.086400
38.356233
38.462300
38.713433
39.511600
39.857367
40.132933
40.287300
40.555833
42.519100
42.557433
42.567033
42.627300
42.696767
42.836900
43.285500
44.375900
44.421333
44.650033
45.176433
45.222500
45.354900
45.465133
45.543533
45.604967
45.674533
45.815833
46.042200
46.072300
46.118033
46.484167
46.846600
47.282533
47.901000
48.132067
48.140333
48.143733
48.179433
48.188033
48.239533
48.355500
48.411400
48.583500
48.756267
48.833767
48.952800
49.116267
49.294767
49.346100
49.387067
49.396500
49.454100
49.693600
49.725333
49.778767
49.862467
49.868433
50.528967
50.564133
50.618067
50.720033
50.882767
50.924800
50.982167
52.266900
52.377833
52.761033
52.882367
53.125133
53.270467
53.423200
53.491933
53.669767
53.710000
53.739100
53.832700
53.937567
54.103400
54.138467
54.172867
54.212900
54.275833
54.323067
54.342533
54.410867
54.446600
54.614267
55.182033
55.269667
55.307633
55.337033
55.550667
55.659967
55.703133
55.868433
55.913333
56.462233
56.965067
56.996600
57.302867
57.584100
57.657433
57.749467
57.994500
58.059500
58.127800
58.187100
58.246467
58.736333
58.790667
59.065333
59.122133
59.303300
59.376833
59.522167
59.803233
60.170800
60.430533
60.486467
60.545333
60.612433
60.947533
60.982900
61.015500
61.124167
61.130767
61.229233
61.911867
62.061700
62.157367
62.407167
62.543900
62.641867
62.710033
62.742100
62.851000
62.930133
62.959733
63.028633
63.047933
63.570300
63.649767
63.671800
63.936733
65.235200
65.444233
65.839100
66.323733
66.392733
66.479500
66.550700
66.609467
66.637567
66.668467
66.832133
66.864433
66.922167
67.401500
67.517967
67.649933
67.758100
68.793433
68.965200
69.016267
69.270033
69.382633
69.442867
69.506700
69.708433
69.932467
70.002300
70.170767
70.284100
70.347500
70.403833
70.514167
70.607933
71.025333
71.518400
71.678800
71.809767
72.709000
72.890600
73.096800
73.171667
73.186033
73.204933
73.277367
73.299867
73.323633
73.332633
73.348100
73.433733
73.619900
73.693067
73.786167
73.948900
73.985267
74.384867
74.513600
74.766467
75.107567
75.156633
75.210200
77.317800
77.357500
77.416800
77.451233
77.488633
77.498367
77.604667
77.642733
77.678767
77.712267
77.875733
78.057667
78.066767
78.557433
78.982767
79.124900
79.485067
80.097733
81.893733
81.920733
82.288567
82.343733
82.374767
82.483967
82.543567
82.578067
82.593167
82.614200
82.673333
82.942467
83.032633
83.071167
83.126000
83.144167
83.159433
83.213400
83.295933
83.724833
83.983433
84.105867
84.174467
84.232967
84.484400
84.815033
85.108233
85.187200
85.773667
85.817067
86.017233
87.669833
88.027300
91.586100
91.603567
93.923267
94.435667
95.249000
95.277667
95.685133
96.789233
97.328700
97.708367
98.420800
98.465233
98.564367
98.604467
98.631533
98.658167
98.684100
98.774167
99.229267
100.085833
100.139133
100.261567
100.517333
100.564433
100.846533
101.106967
101.360900
102.128000
102.227133
102.457700
102.787900
102.883167
102.918900
102.930600
103.010967
103.070533
103.338133
103.415000
103.495567
103.526100
103.578700
103.608033
103.720967
103.740133
103.852300
104.347533
104.434933
104.498833
104.507100
104.611200
104.624533
104.704533
104.789100
104.802800
105.942700
105.982467
106.001467
106.098567
106.205533
106.605800
107.249233
107.405733
107.475300
107.543733
107.658167
107.739967
107.768067
108.016533
109.243533
109.282533
109.339633
109.381300
109.489833
109.539500
109.628267
109.651700
109.845267
109.913100
110.192000
110.345900
110.871567
111.445533
111.694800
111.790600
111.992733
112.435100
112.595167
112.725600
112.866200
112.903500
113.505967
113.573033
113.842133
113.881800
113.894800
113.908467
113.922767
113.955733
114.014933
114.228633
114.271833
114.294033
114.346600
114.726633
114.938633
114.990133
115.323967
115.385200
115.419300
115.423933
115.559500
115.594400
115.630333
115.671967
115.772167
115.936567
115.977800
116.059900
116.120267
116.150933
116.251700
116.327267
116.440200
116.481533
116.609967
117.061933
118.493467
119.077633
119.082500
119.163067
119.228600
119.313333
119.364600
119.532667
119.760067
119.802600
119.837967
119.891033
120.027800
120.051733
120.119233
120.219600
120.582233
120.748967
120.812000
120.875233
121.054000
122.038133
122.215633
122.285467
122.425433
122.470733
122.592567
122.898067
122.903233
123.028533
123.055967
123.099800
123.161733
123.251233
123.287667
123.323067
123.406833
123.452167
123.498800
123.527033
123.532867
123.565000
123.598567
123.691133
123.694800
123.733433
123.739367
123.885833
124.472267
124.504433
124.572167
124.694567
125.646000
126.184333
126.623367
127.213033
127.323600
127.357933
127.430767
127.459900
127.522767
127.591367
127.650500
127.687500
127.714400
127.741733
127.761767
127.813533
127.815367
127.948300
128.122667
128.181133
129.904567
130.286733
130.622900
130.666767
130.676200
130.985933
130.995500
131.089500
131.112600
131.186367
131.229967
131.310100
131.576667
131.697167
131.888900
132.007833
132.252400
132.600533
132.697933
132.737500
132.959033
133.006333
133.030367
133.065667
133.336533
133.527500
133.801700
134.268967
134.453867
134.471367
134.606233
134.650767
134.725367
134.849967
134.866533
134.901633
135.204100
135.267733
135.309333
135.933300
136.776567
136.828600
136.966033
137.235233
138.177600
138.521500
138.970067
139.699933
139.880167
139.937967
140.009600
140.047700
140.072133
140.085967
140.126900
140.163867
140.331067
140.375967
140.410400
140.456667
140.657533
140.701100
140.730500
140.840733
140.891633
141.056900
141.078433
141.119433
142.094833
142.501100
142.563600
142.830767
143.022300
143.121467
143.169500
143.258233
143.295133
143.389733
144.027433
145.463033
145.765900
145.790333
145.831300
145.875133
145.900500
145.958433
145.996633
146.024567
146.051333
146.095700
146.129800
146.704033
146.752867
146.943800
147.006467
147.219900
149.072933
149.112667
149.819333
149.905433
149.924300
149.982833
150.060267
150.155900
150.190333
150.211567
150.250100
150.387733
150.412600
150.429400
150.602033
150.717733
150.736500
150.823300
151.042433
151.347833
151.506967
151.677367
151.715500
152.212700
152.524033
153.270267
153.326767
153.364767
154.346367
154.650200
154.713300
154.756367
155.088467
155.440633
155.649900
155.782833
155.939267
155.961400
156.057033
156.084867
156.157567
156.174033
156.339267
156.363367
156.483100
156.657933
156.683833
156.773567
157.007767
157.019133
157.077433
157.208700
157.247800
157.365967
157.398100
157.635833
158.079933
158.120133
158.137367
158.186333
158.226633
158.231767
158.323500
158.412100
158.506900
159.206000
159.319400
159.681733
159.745000
159.788400
159.793367
160.023933
160.059300
160.367867
160.757100
161.086800
161.117267
161.204667
161.210733
161.317733
161.473300
161.701333
161.882500
162.065167
162.177967
162.627767
162.672733
162.749067
163.281867
163.723400
164.592933
164.861300
165.143800
165.184400
165.213900
165.266500
165.320033
167.233667
167.393733
167.589367
167.626900
167.650467
167.696100
167.861167
167.944267
167.996300
168.033633
168.069967
168.073600
168.295667
168.652067
168.800867
169.351700
169.824433
169.873700
170.005533
171.389100
171.527533
171.662733
172.511600
172.602300
173.748833
176.029733
176.299400
176.475700
176.780667
177.404500
177.941433
178.016100
178.066033
178.107233
178.327367
178.450833
178.476533
178.546233
178.667333
178.730333
178.850500
178.856400
178.901267
178.993100
179.184500
179.290400
179.450433
179.501033
179.650900
179.709533
179.803033
179.936967
179.968100
180.052233
180.223533
180.263433
180.334533
180.543033
180.592233
180.657567
181.490600
181.569633
183.462100
183.931400
184.081667
184.141767
184.290333
184.334900
184.563600
184.603033
184.699100
184.813900
185.128067
185.148333
185.189367
185.234033
185.285833
185.288333
185.391067
185.967667
186.017367
186.548500
186.612900
186.684333
187.478400
187.750500
187.836233
188.243567
188.552667
188.654600
188.662200
188.684700
188.723200
188.818633
188.845167
188.969133
189.017467
189.077633
189.105000
189.124867
189.163067
189.559033
189.645133
190.818400
191.675667
191.714567
192.217900
192.235767
192.241267
192.289667
192.333633
192.374100
192.417267
192.443767
192.612700
192.617267
192.653800
192.767067
192.796300
192.808600
192.868467
192.961600
193.241633
193.378633
193.544333
193.616500
193.721667
193.814067
194.016567
194.052533
194.159067
194.236700
194.260833
194.425100
194.519300
194.551267
194.708267
196.283333
196.599333
196.857833
197.017333
197.046867
197.102233
197.153567
197.224933
198.070000
198.144000
198.739700
198.872367
198.901200
198.920000
198.934567
198.976300
198.980233
199.008433
199.327000
199.637000
201.592033
201.722500
201.905100
201.951167
201.985233
202.007267
202.634200
202.894500
202.998633
203.020500
203.089967
203.760867
204.011500
205.762033
205.797667
205.849633
206.021833
206.074167
206.078733
206.231000
206.242867
206.279633
206.323500
206.432567
206.594700
206.651267
206.664533
206.675900
206.769633
206.790400
206.820967
206.825033
206.970200
206.996333
207.205033
207.243600
207.340467
207.450967
207.490133
207.516767
207.597133
207.623933
207.645733
207.746200
207.777767
207.800033
207.835633
207.866467
207.892733
207.932700
207.963867
207.998833
208.059167
208.103500
208.125233
208.137267
208.227600
208.309433
208.342133
208.411233
208.467867
208.903400
208.995333
209.181133
209.264500
209.528300
209.657433
209.763833
209.851500
210.390600
210.487733
210.787100
210.946767
210.977833
211.072700
211.134933
211.260433
211.322067
211.370000
211.412467
211.758133
212.121667
212.230833
212.322133
212.348167
212.431767
212.879733
212.963800
213.501967
213.642600
213.685700
213.728367
213.768867
213.838700
213.958900
214.076333
214.255567
214.293467
214.300133
214.357667
214.539067
214.592067
214.601067
215.123167
215.917400
215.948633
216.051500
216.097833
216.224933
216.290200
216.328733
216.364967
216.418967
216.471933
216.562067
216.749867
216.780333
217.077300
217.266667
217.296967
217.372933
217.412300
217.564767
217.896633
217.953000
218.059867
218.284333
218.315267
218.523467
218.803467
219.209600
219.270700
219.402500
219.405667
219.479300
220.235500
221.619667
221.643633
221.751200
221.815200
221.847367
221.880967
222.051833
222.170333
222.233633
222.354733
222.403100
222.405067
222.525767
222.687267
222.728900
223.133267
223.204433
223.210733
223.254267
223.639267
223.743133
223.774500
223.787333
223.802067
223.819167
223.844667
223.849967
223.908700
223.953033
223.993367
224.074067
224.776167
225.569800
225.621867
225.670633
225.729300
225.980500
226.995000
227.006267
227.019633
227.028667
227.064700
227.102867
227.209867
227.234567
227.252500
227.277300
227.303667
227.351700
227.364600
227.411633
227.539267
227.588533
227.627100
227.646900
227.703967
227.806667
227.836367
227.871367
228.051133
228.658967
228.686900
228.706533
228.763733
228.831267
228.887533
228.909233
228.944967
229.137700
229.156867
229.253367
229.287767
229.406767
229.440567
229.455700
229.530700
229.667967
229.726033
229.742833
229.800200
229.830167
229.904600
230.017067
230.145267
230.211400
230.583567
230.679467
230.832433
231.867000
231.901967
232.546700
232.612967
233.114300
233.145033
233.708000
234.213833
234.787433
235.172733
235.177633
235.507500
235.535567
235.561767
235.621167
235.816667
235.879900
236.005133
236.219467
236.337033
236.411833
236.609767
236.635667
236.679433
236.690567
236.723367
236.749600
236.783567
236.918567
236.995567
237.966433
238.628733
238.746567
238.857767
238.896667
238.922167
238.944533
238.966467
238.991733
239.021100
239.061500
239.106933
239.355533
239.410867
239.439767
239.480433
239.547533
239.734633
239.938467
240.804900
242.644667
242.995133
243.371433
243.399300
243.419033
243.435800
244.430433
245.115667
245.212500
245.259533
245.286800
245.322733
245.404833
245.450600
245.471667
245.526733
245.571033
245.779067
245.794600
246.022033
246.050467
246.309600
246.342533
246.514667
246.523733
246.543567
246.579133
246.625467
247.186400
247.473933
247.585067
247.659167
247.703133
247.945233
247.980167
248.091433
248.658300
249.064467
249.149267
249.159600
249.297133
249.394533
249.428667
250.148600
250.296167
250.550933
250.552867
250.642033
251.280933
251.438100
251.466767
251.953433
253.313033
253.419333
253.576900
253.663833
253.709633
253.797900
253.836600
253.981633
254.396933
254.421067
254.452700
254.474400
254.550567
254.570633
254.620533
254.667467
254.748967
255.020200
255.911267
256.015433
256.170400
256.241800
257.549100
258.906933
259.038000
259.309633
259.332367
259.344667
259.464767
259.520167
259.983900
260.064767
260.436167
260.890667
260.910233
261.003667
261.042700
261.087300
261.139300
261.198900
261.311800
261.346433
261.476867
261.576600
261.840033
262.055967
262.894933
262.964033
263.518733
263.806133
263.872100
263.886633
264.495200
264.700000
264.721000
265.445233
265.555400
265.842800
265.887267
266.105067
266.158633
266.303500
267.005833
267.827300
269.467933
269.597900
269.654633
269.789167
270.132833
270.349367
270.388033
270.809267
270.998900
271.090800
271.567333
272.216000
272.691533
273.629633
274.605900
274.707100
274.729033
274.755167
274.781233
274.813300
274.843767
274.883533
274.909400
274.934433
274.982033
275.054467
275.281000
275.329233
275.391133
275.416700
275.551867
275.582733
275.585200
275.828867
275.845067
275.977133
276.374467
276.407000
276.479433
276.629733
276.698333
276.777333
276.808300
276.846800
276.890433
276.947900
277.022867
277.053400
277.169100
277.202267
277.362700
277.373733
277.405233
277.511867
277.563367
277.591000
277.630133
277.660433
277.718300
277.745167
277.897833
277.947233
277.980167
278.206100
278.373167
278.456700
278.508067
278.586200
278.760933
278.923300
279.066833
279.096467
279.105300
279.242700
279.383167
279.848300
279.981900
280.383633
280.534300
280.769167
280.853533
281.229867
281.287933
281.336000
281.402067
281.517367
281.557000
281.934433
281.991167
282.005367
282.011867
282.134633
282.166467
282.767433
282.787233
282.849100
282.899533
282.981767
283.032633
283.139033
283.216500
283.308800
283.316533
283.785633
284.006067
284.174767
284.309800
284.390333
285.545967
286.147367
286.264100
286.325500
286.371567
286.430833
286.460267
286.505167
286.560833
287.226900
287.376567
287.389533
287.466233
287.565000
287.602267
287.681700
287.801800
288.031133
288.047900
288.118400
288.783733
289.546533
290.799300
292.198033
292.228233
292.726933
292.824667
292.907167
293.168067
293.220400
293.276433
293.360300
293.505467
293.942733
294.461300
295.240033
295.280500
295.298233
295.354267
295.434833
295.644333
296.006200
296.074133
296.538367
296.635100
296.964333
296.991233
297.144533
297.678900
298.247200
298.350400
298.527200
298.693733
299.090133
299.205567
299.330000
299.430667
299.550400
299.601233
299.627867
299.657133
299.724900
299.784467
299.855367
299.877667
299.911833
299.945500
300.005733
300.178833
300.429633
300.466167
300.556200
300.661733
300.840833
300.921800
301.077267
301.125367
301.181933
301.245867
301.278833
301.336700
301.403233
301.811733
302.247300
302.370433
302.465667
302.605200
302.726300
302.920900
303.017800
304.900233
304.994333
305.192800
305.394867
305.517367
305.673933
305.724033
305.929433
305.959133
306.047900
306.164167
306.191867
306.224200
306.264800
306.333433
307.250767
307.518967
307.579633
307.616633
308.894300
309.049300
309.068267
309.297100
309.566267
309.680933
309.723100
309.888000
309.987533
310.047000
310.086333
310.120133
310.159967
310.407833
310.462533
310.565600
310.616833
311.050333
311.126933
311.169967
311.453600
311.583967
311.772467
312.103567
312.165933
313.996067
314.035133
316.737533
316.949567
316.986000
317.116367
317.256833
317.283233
317.310767
317.343100
317.369967
317.498500
317.674967
318.244867
318.461033
320.009433
320.272100
320.390400
320.985300
321.041033
322.594133
322.625567
322.885133
323.012933
323.252900
323.298700
323.366100
323.573367
323.591667
323.596200
323.791633
323.938333
324.476733
324.668967
324.756000
324.847767
324.853300
324.914700
325.024400
325.189600
325.658733
325.683933
325.768667
325.794600
325.814767
325.941567
327.061400
327.141933
327.590533
327.757100
327.799700
327.978800
328.129367
328.329200
328.371267
328.585867
328.629233
328.684300
328.745167
328.751833
328.800500
328.993800
329.149767
329.203467
329.360167
329.598133
329.645133
329.739933
329.901633
329.937100
330.010267
330.107600
330.148733
332.004667
332.060000
332.262600
332.308667
332.338533
332.443867
332.476733
332.517500
332.962367
332.977133
333.009467
333.296667
333.416233
333.458333
333.550967
334.051533
334.196967
334.251967
334.297433
334.320400
334.362000
334.429467
334.475600
334.551433
334.816367
334.881833
334.989033
335.300067
335.401167
335.693967
335.746067
335.845233
335.916233
336.585633
336.726333
337.333500
337.397200
337.416000
337.441800
337.814433
338.046233
338.362667
340.035467
340.287200
340.304533
340.660133
340.687267
340.727533
340.874667
340.946833
341.375767
341.439267
341.563200
341.655200
341.711267
341.770900
341.805000
341.888167
342.252733
342.291833
342.336433
342.375533
342.401500
342.429033
342.460667
342.525833
342.548000
342.570267
342.620633
342.656033
342.748700
342.753167
342.819033
342.877300
343.008667
343.152533
343.160400
343.297033
343.698900
343.730267
343.760300
343.794633
343.987900
344.017467
344.156300
344.213800
344.236167
344.268633
344.359733
344.395400
344.807433
345.070900
345.287500
345.610967
345.657667
345.880900
345.989200
346.440533
347.132167
347.852400
348.510367
348.605500
348.807933
348.859467
348.886167
348.915267
348.939433
348.987133
349.001333
349.042367
349.279600
349.430667
349.476767
349.539200
349.567267
349.591867
349.734733
349.769167
349.821967
349.990167
350.033600
350.148267
350.355633
350.612600
350.642233
350.788833
351.009367
351.305833
351.517333
351.579500
351.603167
352.358700
352.946100
353.028133
354.660067
355.109100
356.137167
356.313700
356.466600
356.520567
356.562600
359.275600
359.578167
360.486933
362.871600
363.000867
363.042500
363.103967
364.287433
366.265933
366.322433
366.664567
366.832667
366.944033
367.296500
367.468400
368.129367
368.340867
368.395200
368.606167
368.748567
368.751567
368.907867
369.126533
369.173133
369.283900
369.342400
369.670833
369.947733
370.102933
370.838567
371.783533
371.828700
371.857067
371.955100
371.978500
372.051533
372.149300
372.150933
372.166667
372.223667
372.228700
372.248700
372.291333
372.361700
372.500233
372.676767
372.692033
372.708233
372.743167
372.747700
372.839267
372.971567
373.352200
373.513533
373.596733
373.668200
373.809900
374.031333
374.210033
374.557433
374.813333
376.332167
376.380267
376.447467
376.834400
377.161233
377.195233
377.372233
377.415633
377.459167
377.515767
377.570900
377.784867
378.354200
378.456633
378.491200
378.527867
378.613267
378.938200
378.969600
379.024933
379.166800
379.197400
379.230933
379.268900
379.297433
379.331633
379.378833
379.444167
379.469500
379.538167
380.330633
380.392567
380.932033
380.940233
381.167033
381.317033
381.560567
381.697867
381.845967
382.086033
382.442433
382.483300
382.932067
383.061967
383.331967
383.350500
383.363300
383.386033
383.463300
383.559233
385.449333
385.542000
385.688333
385.701033
385.792933
385.850733
386.296133
386.557867
388.280633
388.462933
388.947400
389.020933
389.171133
389.293867
389.677233
390.051233
390.240467
391.812300
391.845933
392.591233
393.092967
395.043867
395.232967
395.254100
395.296000
395.562833
395.636000
395.667500
395.718133
396.346200
396.488867
396.574933
396.681800
396.710000
396.760100
396.781333
396.905233
396.921900
397.000600
397.084533
398.680600
398.798333
399.108500
399.139000
399.175367
399.212933
399.363400
399.397233
399.418300
399.471067
399.505300
399.642133
399.993333
400.017033
400.081133
400.108300
400.153633
400.183267
400.378800
400.455333
400.515333
400.534633
400.546367
400.584133
400.658867
400.688800
400.727100
400.752433
400.813200
400.850167
400.926033
401.043867
401.078167
401.140200
401.214567
401.241467
401.250133
401.389567
401.639633
401.720633
401.841733
401.904433
401.932733
402.110200
402.463467
402.769167
403.005767
403.305133
403.427833
404.418700
404.475767
404.551333
404.715967
404.737967
404.780567
404.889500
405.334200
405.779467
406.439833
406.543167
406.588200
406.638067
406.868033
407.320933
407.470833
408.580433
409.322600
409.376533
409.427400
409.552867
409.558733
409.594767
409.681800
409.830367
410.185767
410.641433
410.709300
410.740700
410.768000
410.795467
410.974167
411.429000
411.493933
411.562267
411.696867
411.752767
411.796867
412.973400
413.353767
413.656400
413.770800
414.071633
414.684633
415.572367
415.674300
415.738467
415.819400
416.087067
416.220967
416.430900
416.669133
416.921533
417.351467
417.992500
418.400267
418.623567
418.698933
418.729533
418.754467
418.786167
418.816967
418.822933
419.040667
419.082300
419.116800
419.146633
419.205167
419.226533
419.284600
419.348833
419.591633
419.669167
419.828633
419.996500
420.035200
420.104867
420.135667
420.175933
420.206333
420.242700
420.281600
420.334000
420.411100
420.453867
420.607267
421.139800
421.686833
421.749600
424.027000
425.464067
425.997567
426.079667
426.594067
426.830867
427.010633
427.426933
427.662933
427.844800
427.981100
428.309967
429.798300
430.451833
430.619933
430.732067
430.774633
430.834633
430.870900
430.900567
430.950467
430.993000
431.058900
431.249733
431.393800
431.742533
431.928733
431.961500
432.053167
432.121700
432.793233
433.344633
433.381067
433.987567
434.011700
434.092433
434.176033
434.324067
434.508667
434.679367
434.805067
435.012167
435.050600
435.291000
435.311300
435.360633
435.424167
435.493800
435.495600
436.003367
436.035233
436.040200
436.069467
436.100533
436.148800
436.178300
436.245033
436.393000
436.498133
436.589133
437.538933
437.544767
437.641133
437.710533
437.767900
437.804767
437.807000
437.831733
437.936133
437.980167
438.104400
438.183400
438.326033
438.784067
439.651800
439.703100
439.833800
439.863933
439.896067
439.938700
440.007733
440.203767
440.957367
441.167400
441.739433
441.885033
441.979067
442.006467
442.125767
442.162400
442.215367
442.406433
442.490700
442.545167
442.592233
443.024433
443.222167
443.265467
443.393033
443.491267
444.217067
444.575567
444.644933
444.696733
444.850967
445.069100
445.457133
445.639333
446.066900
446.101567
446.314867
446.634833
446.681267
446.922100
447.445333
447.555133
447.572400
447.577200
447.593433
447.649433
447.684033
447.706700
447.717700
447.735000
447.932300
448.060567
448.330600
448.753700
448.807167
448.973233
449.015533
449.156800
449.259867
449.308667
449.313033
449.373900
449.683567
449.688000
449.993700
450.262300
451.045067
451.148300
451.400600
451.467267
451.652867
451.726767
451.737367
451.779900
451.823633
451.857733
451.961567
452.100100
452.138500
452.232767
452.376233
452.396667
452.469467
452.489833
452.637333
452.845133
452.911100
453.033933
453.160767
453.208100
453.689433
454.260567
454.731533
455.437933
455.535667
455.586433
455.589567
455.622700
455.898133
456.035533
456.113667
456.176167
456.396433
456.445967
456.481500
456.489733
456.596500
456.649733
456.680033
456.714967
456.746667
456.791167
456.815333
457.039800
457.073633
457.250000
457.638667
458.612167
459.502267
459.780500
459.921633
460.086467
460.861033
461.193467
461.246200
461.276733
461.368933
461.443633
461.496533
461.580867
461.588133
461.687067
461.743600
461.773567
461.800467
462.034500
462.196433
462.259267
463.782200
463.851167
463.916167
463.954933
464.569367
464.631867
465.508667
466.026200
466.039667
466.293900
467.743033
467.937233
467.982900
468.029733
468.065567
468.097633
468.112833
468.127467
468.160600
468.217000
468.241233
468.273733
468.427300
468.543767
468.586367
468.680733
468.707333
468.758900
468.760667
468.888533
468.945167
469.302800
469.663267
469.725533
469.825267
470.003733
470.498100
470.695333
470.763333
471.453833
471.491067
472.277933
472.675400
472.721167
473.153433
473.188800
473.262167
473.299800
473.352167
473.377100
473.476900
473.651467
473.685567
473.719933
473.732433
473.766667
473.789633
473.811867
473.914900
473.997667
474.173267
474.225900
474.517667
475.328033
475.505433
475.885000
476.041233
476.151667
476.477733
476.750933
476.815067
477.862433
477.893367
477.929767
477.987600
478.034600
478.133167
478.287933
478.872300
478.931167
478.973433
479.005700
479.056600
479.145033
479.206233
479.279633
479.500567
479.502567
479.525167
479.556933
479.581267
479.676100
479.942567
480.159633
480.235933
480.530367
480.731300
480.947767
483.182733
483.299533
486.112433
486.830400
487.104000
487.412367
488.041400
488.356767
488.552233
488.901800
488.962433
488.998633
489.025100
489.166300
489.224667
489.240533
489.300400
489.580533
490.011000
490.048233
490.144167
490.184567
490.217433
490.285000
490.344367
490.374567
490.421767
490.427567
490.456667
490.800667
490.822400
490.846667
490.870067
490.901033
490.930133
491.598967
491.816733
491.958833
492.193833
492.556933
493.277167
493.279533
493.326933
493.401567
493.476967
493.533433
493.567333
493.616067
493.798067
493.843967
494.039500
494.461467
494.589400
494.790900
494.888367
495.215333
495.322500
495.350567
495.610600
495.695333
495.698500
495.775900
495.980967
496.536800
496.541633
496.570600
496.609467
496.884800
497.008733
498.064267
498.783833
499.010967
499.016433
499.044667
499.231433
499.337700
499.646433
499.702567
499.737700
499.796633
499.819667
499.889933
501.182567
502.072300
502.232167
502.259267
502.366567
502.909033
503.323333
503.447667
503.651367
503.764000
503.949533
504.797133
505.160800
505.258933
505.319167
505.425400
505.785933
505.791333
505.897133
505.928000
505.966133
506.001833
506.072067
506.076967
506.107167
506.118333
506.144900
507.722167
508.068300
509.085600
509.755733
509.939167
509.981733
510.097433
510.166300
511.136533
511.213367
511.249500
511.311267
511.364467
511.395733
511.435400
511.523767
511.626200
511.793800
512.166967
512.201267
512.243000
512.276267
512.278900
512.607100
512.865867
513.151567
513.196400
513.303100
513.358600
514.206133
514.255200
514.340167
516.043867
516.188633
516.256467
516.522000
516.751700
516.920133
517.006900
517.081767
517.155267
517.238133
517.278867
517.308700
517.342167
517.511800
517.804833
517.922700
517.941733
517.975700
518.126700
519.008800
519.439367
519.478233
519.612667
519.680967
519.747233
519.868467
519.955000
520.001900
520.119567
520.247867
520.295100
520.331100
520.407467
521.249700
521.454100
521.600500
522.174800
522.364000
522.705433
522.819767
522.878067
522.966933
523.031567
523.038267
523.060900
523.140433
523.180967
523.286233
523.342967
523.374333
523.438967
523.446633
523.465333
524.014333
524.201467
524.293700
524.340900
524.380933
524.408767
524.471967
524.483133
524.524067
525.288167
525.318600
525.345167
525.382500
525.423600
525.993100
526.040367
526.675200
526.801233
527.348800
527.605767
528.196133
528.814933
529.186633
529.833800
530.075100
530.717033
530.721867
531.063700
531.461100
531.558633
531.631833
531.665467
531.691967
531.774867
531.841333
531.958733
531.982533
532.034433
532.166133
532.376133
532.452800
532.501700
532.524133
532.530633
532.556467
532.634833
532.665167
532.709067
532.829600
532.961200
533.003800
533.063000
533.085633
533.119633
533.392133
533.477533
533.882767
533.962133
534.064733
534.286767
534.464033
534.502933
534.675267
535.052900
535.240667
535.321000
535.555533
535.618300
535.747967
536.006067
536.510933
536.798767
536.822467
536.925600
537.017767
537.226800
537.299167
537.824800
538.287600
538.493233
538.848433
539.183800
539.261400
539.301767
539.554533
539.591567
539.888933
540.031933
540.163067
540.689300
540.762933
540.806800
541.137100
541.210933
541.271633
541.293567
541.382533
541.614867
541.683833
542.483367
542.597867
542.974100
543.005067
544.436033
544.786667
544.822100
544.941267
545.015367
545.130167
545.456033
545.594200
545.757833
545.829433
545.843033
546.191367
546.894133
547.240567
547.285433
547.611133
548.039600
548.168867
548.216633
548.367933
548.646233
548.735567
548.745733
548.911867
549.143967
549.207567
549.241567
549.302900
549.376933
549.441700
549.466433
549.496733
549.506067
549.547067
549.548867
550.240867
550.300033
550.655467
550.709600
551.875433
552.570600
553.158100
553.185900
553.238267
553.314633
553.685100
553.785533
553.875600
553.908333
553.934733
554.021633
555.456533
555.524700
555.706600
556.725267
557.776367
557.809767
557.989867
558.405300
558.451767
558.800733
558.849233
559.031167
559.103233
559.266300
559.318100
559.400867
559.416367
559.484600
559.564233
559.887033
560.332300
561.408500
561.422933
562.121100
562.232500
562.374733
562.473133
562.534700
562.836233
562.991267
563.490733
563.550500
563.608600
564.010167
564.063567
564.141633
564.169667
564.672467
565.191467
565.200900
565.306700
565.332567
565.373300
565.787700
567.962833
567.979367
568.269433
568.684067
568.759867
568.815900
568.848033
570.099300
570.549400
570.912167
571.207300
571.810433
571.870900
572.774100
572.810533
573.150867
573.268667
573.275667
573.298900
573.360233
573.406500
573.434133
573.476233
573.528133
573.536633
573.708800
573.928167
574.068467
574.246533
574.591500
574.616200
574.725000
575.182400
575.285033
575.307000
575.365900
575.399867
575.408200
575.444000
575.558000
575.677367
575.742267
575.950433
576.050667
576.087500
576.175667
576.291300
576.772367
576.923967
576.963533
577.002733
577.038900
577.224200
579.710167
579.804733
579.857067
579.917767
579.986800
580.054067
580.444900
580.513367
580.892067
581.764267
582.694633
582.892333
584.134700
584.226133
585.830833
586.117300
586.489800
587.075733
587.200500
587.528433
587.930100
588.270900
588.418567
588.422900
588.678433
588.738633
589.301800
589.503167
590.211833
590.315967
590.689933
590.887167
590.915367
590.974567
591.207667
591.290467
591.605133
591.704400
591.756000
591.794000
591.829533
591.891967
591.944367
591.984633
592.619333
593.301367
593.406867
593.496400
593.729933
594.357167
594.449733
594.537667
594.563367
594.596567
594.618533
594.624133
594.655200
594.682467
594.747700
594.775300
594.804567
594.925867
595.006967
595.051267
595.184667
595.302133
595.381233
595.676033
595.740600
596.122933
597.031567
597.398200
597.788033
597.992000
598.243500
598.337933
598.416267
598.449733
598.474067
598.515133
598.527967
598.547300
598.552167
598.637833
598.732100
598.889133
598.898300
598.941433
598.976700
599.002967
599.037867
599.045100
599.080300
599.116300
599.288000
599.361567
599.404100
599.422033
599.571033
599.615400
599.801933
599.985400
600.175633
601.112100
601.250367
601.253267
601.334867
601.367700
601.395967
601.439700
601.495100
601.538933
601.589567
602.391067
602.876867
602.934667
604.401833
604.441867
604.612300
604.678233
604.681767
604.853567
604.892200
604.997300
605.125267
605.165700
605.170867
605.234900
605.287933
605.693467
605.873367
605.904400
606.136233
606.206900
606.452767
606.623333
607.868867
607.911633
608.085900
608.136267
608.161100
608.199367
608.247633
608.325167
608.328567
608.510800
608.541200
609.113367
609.468400
609.673933
609.720433
609.805200
609.857433
610.005033
610.106533
610.391067
610.411900
610.768467
611.016533
611.070267
611.664667
611.755667
611.859267
612.136033
612.389133
612.499733
612.624433
612.844067
612.923467
613.009733
613.151700
613.257067
613.437267
613.822300
614.048133
614.143700
614.214367
614.274567
614.515467
614.599700
615.347400
615.456900
615.492000
615.524500
615.544033
615.618200
615.664433
615.777733
615.822033
616.162400
616.274367
616.524900
616.625900
617.857133
617.890300
617.947167
617.996400
618.026167
618.056133
618.194267
618.509067
618.574233
618.833133
618.933800
619.127767
619.177400
619.290000
619.334133
619.403300
619.412333
619.431633
619.459600
619.492933
619.574633
619.620633
619.673800
619.702233
620.275600
620.592833
620.661133
620.781767
620.860700
620.881967
621.135700
621.315733
622.036400
622.583033
622.620833
622.692167
622.821667
622.860533
622.898367
622.963833
622.999067
623.033333
623.134200
623.202433
623.369833
623.383500
623.426367
623.486600
623.755367
623.814800
623.966700
624.132300
624.334800
624.378967
624.836433
624.982967
626.345567
626.527100
626.580967
626.780833
626.800733
626.940467
626.989333
627.019200
627.215400
627.261267
627.384933
627.528667
627.594700
627.748733
627.941300
628.032633
628.251933
628.727000
628.739833
628.918500
629.203333
629.322367
629.419367
629.470167
629.502467
629.562667
629.704833
629.836567
630.123167
630.419467
630.766267
630.831200
630.864033
630.889100
630.935533
630.977533
630.988233
631.069800
631.098367
633.188600
633.435400
634.226400
634.406300
634.469267
634.583100
634.718367
634.756400
634.950067
635.124333
635.650300
636.122400
636.295267
636.307400
636.345300
636.391267
636.479433
636.525267
636.532900
636.578367
636.837167
636.991133
637.001200
637.061400
637.353100
638.118567
638.215033
638.384700
638.441267
638.615933
638.723133
638.793800
638.826967
638.863033
638.900800
639.214533
639.453833
639.975700
640.051867
640.611467
641.146133
642.583333
642.923733
642.955500
643.023567
643.513533
643.847133
644.372533
644.410000
644.813933
645.138933
645.193800
645.368833
645.451667
645.981267
646.934667
647.134667
647.564400
647.652367
647.666333
647.926600
647.954433
647.956400
647.990867
648.016433
648.096200
648.173433
648.289000
648.791433
648.885833
648.966067
650.109300
650.162300
650.498767
650.690533
650.757267
650.963067
651.000867
651.428067
651.494167
651.985500
652.230033
652.271567
652.299400
652.358600
653.031467
653.388067
653.496133
653.532833
653.569833
653.642167
653.673367
653.703433
653.767667
653.817900
653.867400
653.975133
654.054567
654.088733
654.277633
654.325700
654.406200
654.527600
655.030500
655.220333
655.263400
655.292333
655.385100
655.458700
655.551200
655.946033
656.513700
656.892633
657.479033
657.524200
657.545633
657.570500
657.671433
657.770400
657.818500
658.004967
658.580367
658.814867
659.100033
659.116700
659.185367
659.230733
659.658800
659.859667
660.197833
660.247100
660.248733
660.381667
660.417600
660.459433
660.534767
660.565100
660.570000
660.590000
660.614400
660.640367
660.696333
660.763433
660.808333
660.839500
660.898367
660.947333
661.083633
661.433333
661.558800
662.454900
662.975567
663.159433
663.302600
663.376033
663.379667
663.414733
663.468767
663.514033
663.539767
663.572367
663.643900
663.873867
664.066967
664.136533
664.381900
664.687700
665.023200
667.183300
667.248467
667.351733
667.615267
667.876633
667.894033
668.033200
668.070900
668.106933
668.140433
668.916867
668.986267
669.059033
669.163533
669.250633
669.353367
669.691367
670.088200
670.214733
670.303333
670.825100
671.794100
672.803967
672.860233
672.977900
673.836933
673.934933
674.030967
674.141333
674.224267
674.275967
674.381700
674.458333
674.478300
674.561067
674.729300
674.781067
674.884933
674.938267
674.957600
675.226100
675.678133
675.741567
676.139533
676.349400
677.048900
677.178567
677.340667
677.410433
677.722667
677.813500
678.296400
678.600333
678.642833
679.185433
679.600433
679.746867
679.855867
679.912367
679.975567
680.040467
682.532333
682.626933
682.713367
682.879767
682.994733
684.059500
684.282267
684.516667
684.726667
684.940233
684.968200
685.041633
685.089600
685.111433
685.144200
685.178367
685.200533
685.241633
685.279867
685.314000
685.337400
685.469767
685.485167
685.521067
685.981200
686.010633
686.249100
686.307700
686.353233
686.369167
686.413867
686.528733
686.562033
686.700533
686.848867
687.224300
687.260167
687.344367
687.367500
687.418700
687.492933
687.831933
687.942533
688.071633
688.406900
688.544400
688.551400
688.587233
688.631467
688.657667
688.759933
689.234067
689.319167
689.478267
690.664267
690.732933
690.806933
692.377133
692.960200
693.012800
693.384600
693.942700
694.003867
694.049600
694.141033
694.225733
694.262733
694.977533
695.033133
695.124967
695.147800
695.199133
695.250900
695.281933
695.806600
696.002567
696.180933
696.686733
697.511467
697.600700
697.641533
697.660633
697.683400
697.834000
697.874533
697.904800
697.938300
698.129867
698.168467
698.275367
698.315300
698.388200
698.398867
698.451000
698.507100
698.529600
698.604333
698.634533
698.665833
698.692900
698.724900
698.754500
698.777767
698.833933
698.835700
698.870200
698.984000
699.016000
699.042100
699.127200
699.163867
699.216833
699.335467
699.446800
699.538567
699.572800
699.659033
699.758267
700.150633
700.452700
700.691800
700.728167
701.047100
701.580333
702.055567
702.292633
702.385633
702.446467
702.488267
702.638633
702.766700
703.050600
703.113167
703.210867
703.617367
703.643333
703.674733
703.743467
704.138500
704.340833
704.392667
704.418833
704.516733
705.057733
705.092700
705.130933
705.182433
705.266233
705.296000
705.447700
705.853167
706.750500
707.989767
708.386367
708.984733
709.007900
709.050867
709.205600
709.340600
709.870767
709.905700
710.046467
710.134867
710.136500
710.163467
710.263567
710.314033
710.370100
710.548933
710.742067
710.937033
710.992767
711.256300
711.328633
711.848533
711.900200
711.929433
711.961033
712.493300
712.796333
712.899800
712.942633
713.022133
713.066700
713.511033
713.674900
713.992333
714.058900
714.061167
714.236700
715.170567
718.740400
719.587600
719.761133
719.799767
720.120733
720.173867
720.233733
720.277733
720.419400
722.313800
722.421500
722.703533
722.705267
722.773500
723.335167
723.499600
723.515967
723.671433
723.737533
723.762367
723.786067
723.803433
723.874333
724.066467
724.232667
724.716400
724.791800
724.885167
724.906067
724.929833
725.198600
725.420700
726.581133
726.828433
726.864000
726.934500
727.016600
727.561200
727.637633
727.705300
728.369667
729.579933
729.729633
729.786333
729.881933
729.986500
730.099533
730.266633
730.270967
730.351267
730.376767
730.416000
730.454067
730.477033
730.522767
730.592400
730.667133
730.720133
730.759500
730.781400
730.830767
731.368533
732.531033
732.604100
732.649200
732.761967
732.830067
733.217767
734.065800
734.110900
734.171800
734.224367
734.304800
734.336833
734.359833
734.474533
734.482100
734.510833
734.512733
734.535267
734.948967
735.004533
735.546167
735.596133
735.715533
736.602333
736.646933
737.250667
737.533800
737.646467
737.695433
737.963133
738.015833
738.201133
739.190233
740.888333
741.566833
742.240800
742.275967
742.310167
742.376000
743.567767
743.643000
743.818100
743.890100
744.087233
744.250167
744.439400
744.491167
744.539400
744.731700
745.255233
745.533300
745.607633
745.671800
745.950967
745.978300
746.015600
746.041000
746.171367
746.223500
746.277567
747.669333
748.260033
748.299500
748.329433
748.352933
748.380600
748.382267
748.412033
748.455600
748.673500
748.733267
749.065900
749.178100
749.201067
749.250700
749.354700
749.395700
749.400367
749.443067
750.223300
751.077000
751.131567
751.227633
751.404633
751.584533
751.606433
751.631033
751.921100
751.985567
752.016167
752.071333
752.135733
752.243933
752.338800
752.485600
752.592267
752.645567
753.099933
753.343067
753.467267
753.499867
753.650500
753.958000
754.113433
754.243800
754.319533
754.555933
754.731867
756.064000
756.349300
756.386633
756.523267
756.688933
756.898600
756.987500
757.119800
757.132533
757.193900
757.210533
757.303900
757.437967
757.631333
758.115233
758.294867
759.209133
759.665867
759.704633
759.735867
759.861600
760.457567
760.631500
760.685500
760.780033
760.841433
760.887000
761.497600
761.640267
761.706900
761.797733
761.840367
761.991033
762.033500
762.101000
762.148567
762.183100
762.214967
762.254000
762.295567
762.415700
762.454967
762.520200
762.724233
763.080467
763.096900
763.132167
763.568133
763.645933
764.700500
764.909000
765.888733
765.972467
766.398333
766.894033
767.445333
767.694767
767.749967
768.696033
769.083133
769.176333
769.828833
769.881033
770.002200
770.053600
770.151967
770.224400
770.259567
770.321333
770.354667
771.191333
771.626300
771.819433
772.185467
772.277533
774.102700
774.125500
774.174033
774.296333
774.356633
774.365067
774.413467
774.549967
774.575700
774.630200
775.021800
775.929800
776.507700
776.663767
776.762333
776.803667
776.878467
776.974500
777.274267
777.317600
777.425700
778.065067
778.200733
779.018267
779.044000
779.152833
779.234367
779.351667
779.415600
779.440233
779.516067
779.556567
779.685433
779.740900
779.752667
779.881233
779.902967
780.051800
780.455500
780.458133
780.575067
780.624700
780.696333
780.768533
780.882600
781.146100
782.093533
782.312300
782.360067
783.026900
783.158633
783.287300
783.447633
784.031533
784.348433
785.793033
785.850300
788.488133
788.546733
788.714033
788.886900
790.248567
790.506933
791.263433
791.358833
791.439367
791.509600
791.865733
792.191367
792.346633
792.443600
792.477200
792.575700
792.790633
792.948833
792.976300
793.132233
793.673100
793.744333
793.763700
793.797433
793.918533
793.982333
794.032233
794.844833
795.198900
795.708700
796.039233
796.565167
796.694633
797.981867
798.055300
798.520700
798.983067
799.098200
799.177167
799.241700
799.329133
799.394867
799.447567
799.568333
799.584533
799.690233
799.692267
799.747667
799.812033
799.892033
799.913200
799.946633
799.974367
800.075533
800.135167
800.232133
800.308333
800.382633
800.426233
800.455567
800.457867
800.506733
800.584400
800.586300
800.609400
800.639533
800.658367
800.710933
800.719733
800.755400
800.779133
800.822233
800.845067
800.913533
800.964133
800.971800
801.389867
801.428467
801.515200
801.651300
801.897167
801.936900
801.980400
802.550133
802.618367
802.842900
802.969967
803.667400
803.734500
803.780100
803.917533
804.033800
804.067033
804.134167
804.196067
804.227367
804.499400
804.554833
804.733567
805.246467
805.583200
805.644700
805.821500
805.880867
806.027633
806.115733
806.211733
806.621167
806.789300
807.024667
807.519533
807.568300
807.800233
808.076133
808.371333
808.453167
808.510967
808.577700
808.675767
808.774233
809.800933
809.954700
810.178900
810.260567
810.319367
810.547667
810.608400
810.861700
810.955800
810.983033
810.995533
811.014133
811.087900
811.726000
811.788633
811.903400
812.084100
812.314400
812.502033
812.540733
812.667733
812.748800
813.088533
813.257700
813.297233
813.326167
814.002033
814.061100
814.335633
814.460533
814.550167
814.602900
814.752133
814.877233
815.138800
815.428067
815.987200
816.343233
817.643933
817.736600
817.859500
818.101833
819.241200
819.488033
819.732800
819.940200
819.972900
820.012267
820.121867
820.176967
820.603867
820.620133
820.674833
820.973000
821.077367
821.174433
821.243500
821.283100
821.313733
821.338433
821.499100
821.513800
821.527333
821.599667
821.629133
821.669467
821.764833
821.827000
822.166200
822.199767
822.311733
823.423367
823.500833
823.511967
824.061867
824.307367
824.368000
824.429933
824.479933
824.486867
824.548167
824.589700
824.594267
824.626667
824.812600
824.856767
824.978433
825.467333
825.580133
825.648767
825.757433
825.767500
825.808867
825.855900
825.875267
825.906267
826.117433
826.239267
826.698367
826.902767
827.603067
828.196433
828.526400
828.641067
828.722167
829.668867
830.027100
830.498600
830.634100
830.652033
830.675500
830.699033
830.912967
830.965633
831.722767
831.930800
832.143167
832.226400
832.453800
832.712133
832.795600
833.271567
834.196133
834.302300
834.384033
834.484067
834.545300
834.669100
834.723033
834.767200
834.799867
834.848967
834.923067
834.929733
834.972567
834.993800
836.712367
837.343800
837.745633
837.830900
838.127200
838.173067
838.711867
839.238967
839.710300
839.749600
839.776100
839.805300
839.842533
839.892267
839.932000
839.953100
840.013633
840.054867
840.082700
840.321033
840.382400
840.459500
840.573500
840.669100
841.822433
842.087967
842.142100
842.231567
842.285567
842.310567
842.328600
842.495367
842.553333
842.599467
842.637600
842.649600
842.764400
842.772967
842.803767
842.869233
842.897200
842.930033
842.990733
843.099600
843.214333
843.813367
843.892033
845.293700
846.081367
846.216800
847.155767
847.214067
847.355867
847.398333
847.424933
847.468400
847.485033
847.514433
847.650533
847.863733
847.965367
848.092933
848.121267
848.775133
849.343067
849.395033
849.600567
849.660567
849.900800
849.974467
850.121267
850.268800
850.319800
850.385100
850.425400
850.875233
850.885000
850.927833
851.557433
851.566700
851.601633
851.697333
851.892400
852.065400
852.128300
852.187167
852.247700
852.830033
852.937933
853.022067
853.844233
854.130467
854.179700
854.203767
854.497967
854.520467
854.539967
854.583200
855.395133
855.511767
855.694033
856.440633
856.688667
856.705333
856.774933
856.867167
856.909267
857.159700
857.218967
857.859333
857.917500
858.061300
858.077367
858.133467
858.185000
858.268133
858.473767
858.643400
858.712533
858.824600
858.918833
859.708833
860.685800
860.960233
861.069767
861.278167
861.550433
861.625000
861.746833
861.822800
861.847767
861.961700
862.031533
862.566667
863.179167
863.409833
864.201367
864.209600
864.438300
864.490767
865.495133
866.652133
867.243800
867.290700
867.869267
867.941167
868.165800
869.341433
869.370833
869.409767
869.521867
869.523567
869.543200
869.662233
869.835300
869.856367
869.858633
869.901500
869.927900
869.991233
870.035000
870.085033
870.173433
870.322500
870.384767
870.412600
870.444100
870.452800
870.475533
870.763100
870.877133
871.015900
871.051533
871.099400
871.135400
871.154367
871.192367
871.217067
871.272300
871.307567
871.345800
871.628133
871.749933
871.876900
871.912067
871.944867
871.983133
872.070867
872.115933
872.760533
873.279000
873.685367
873.999200
874.042567
874.133433
874.226667
874.948400
875.056133
875.110633
875.230400
875.336000
875.707600
875.991333
876.097167
876.150433
876.673300
876.742500
876.846567
876.919900
876.989800
877.107100
877.211267
877.657633
877.728200
877.893500
878.850633
879.274333
879.374500
880.079833
880.157733
880.234800
880.285767
880.751867
880.838733
880.917400
881.216233
882.071733
882.125533
882.409733
882.472233
882.512167
882.731567
882.826300
882.987100
883.011600
883.017433
883.069767
883.115200
883.149200
883.180367
883.201733
883.255300
883.294267
883.717267
883.845167
883.965233
884.013333
884.121467
884.229900
884.407500
884.442433
884.545433
884.919267
884.950767
885.024267
886.008367
886.102900
886.152300
886.207467
886.294400
886.353033
886.410400
886.482867
886.499233
886.516300
886.563967
886.608300
886.625533
886.656033
886.688500
886.714300
886.728633
886.887400
886.944133
886.985867
887.006900
887.052700
887.081000
887.125067
887.128500
887.159000
887.175433
887.192167
887.208300
887.239500
887.284567
887.339733
887.386433
887.422600
887.651367
887.800400
888.068167
888.246467
888.650233
889.249867
889.347100
889.397067
889.499867
889.540600
889.599300
889.925467
889.991633
890.036400
890.068633
890.096833
890.162900
890.186567
890.366867
890.610833
891.140033
891.152667
891.287533
891.362300
891.396067
891.733733
891.945100
892.073500
892.296367
892.343333
892.475267
892.544167
892.619600
892.857233
892.925167
892.970600
893.016267
893.128233
893.275000
893.410600
893.543233
893.574900
893.801900
893.961333
894.137567
894.222767
894.302367
894.646033
894.851167
894.974800
894.981900
895.482133
895.615133
895.694233
895.731900
895.746967
895.785567
895.839167
895.856300
895.880633
895.883233
895.905267
896.172600
896.175667
896.320500
896.366333
896.412933
896.459500
896.504867
896.532000
896.695567
896.697200
896.719467
896.755067
896.778133
896.939167
896.958700
897.057233
897.359967
897.531933
897.806267
897.877900
897.914700
897.949800
897.965767
898.022367
898.435767
898.522833
898.610567
898.774633
898.787367
898.840900
899.252933
899.517733
899.705167
899.754567
899.814033
900.692167
901.233067
901.461433
901.572267
901.997800
902.292400
902.472400
902.533167
902.585067
902.596167
902.657367
902.713867
903.629833
904.225833
905.214933
905.277200
905.399300
905.406167
905.446867
905.595167
907.086367
907.547967
907.632900
907.796833
907.993433
908.481833
909.230367
910.988567
911.040533
913.414700
913.449733
913.780367
914.371900
914.701733
914.873300
915.566300
916.180900
916.262267
916.324967
916.786333
917.164033
917.166867
917.487767
917.716433
917.762733
917.885200
917.955700
918.570967
918.689267
918.852633
918.875367
918.940967
918.945233
919.016967
919.114533
919.205300
919.309733
919.365300
919.435100
919.605367
919.775067
919.839433
920.155700
920.468633
920.607100
920.769733
920.867500
920.896400
920.946033
920.993833
921.343567
921.421667
921.830667
921.909533
922.024933
922.055433
922.112067
922.171933
922.306633
922.383433
922.494733
923.057067
923.165800
923.249333
924.257000
924.403233
924.447033
924.566800
924.649400
924.676933
924.721733
924.758300
924.847067
924.955567
925.007867
925.198367
925.555233
925.614367
926.044167
926.860933
927.323033
927.370100
927.429033
928.125100
928.887333
929.049267
929.370700
929.434433
929.536667
929.841033
929.945833
930.573767
930.702533
930.787600
930.894000
931.551033
931.596667
931.628933
931.679067
931.736533
932.024967
932.170333
932.213200
932.309000
932.508500
933.068133
933.178967
933.252200
933.287300
933.338100
933.383067
933.403600
933.496000
933.516600
933.545967
933.567867
933.643233
933.699300
933.776400
933.839467
934.563533
934.857500
935.205800
935.272400
936.041167
936.083100
936.459400
936.542500
936.679900
936.712633
936.726500
936.745167
936.776367
936.811033
936.822500
936.884767
936.913400
937.005100
937.018600
937.031100
937.105000
937.503067
937.569133
937.605200
937.684000
937.709700
937.735100
937.785767
937.844567
938.044967
938.274367
938.344967
938.486700
938.628133
939.917300
940.388400
940.481800
940.665800
940.744767
940.764967
940.800133
940.837300
940.919867
940.975333
941.069133
941.246233
942.731667
942.910067
942.913000
943.111867
943.720100
943.746933
943.818500
944.069800
944.131333
944.446700
944.468533
944.556767
944.706500
944.778867
945.238167
945.311733
945.320633
945.375833
945.427100
945.620867
945.709067
946.207100
946.970567
947.080233
947.141833
947.244267
947.256967
947.307733
947.429333
947.492067
947.547033
947.639767
947.668100
947.794667
948.302667
948.735100
948.923700
948.931267
949.001767
949.024533
949.225633
949.290867
949.520000
950.370733
950.434800
950.893833
951.062767
951.115133
951.453767
951.636333
951.675733
951.730267
951.734200
951.992467
952.317400
953.144233
953.198167
953.239700
953.281133
953.321633
953.517533
953.527233
953.540767
953.575333
953.689667
953.768633
953.863933
953.891867
953.924800
953.966133
954.015133
954.045800
954.091967
954.116533
954.145433
954.210333
954.214800
954.275367
954.314667
954.470400
954.549600
954.578767
954.610233
954.727267
954.802233
954.863267
954.914433
954.943967
955.097533
955.158467
955.237567
955.246967
955.311200
955.457333
955.498967
955.638833
955.708833
957.097067
957.138733
957.158833
959.053967
959.249600
959.616300
959.927367
960.024200
960.109867
960.155700
960.196600
960.354267
960.435433
960.984600
961.253333
961.262333
961.325233
961.386500
961.394500
961.497500
961.725400
961.863733
962.057400
962.121167
962.158967
962.270833
962.436667
963.211267
963.600667
963.634333
963.678333
963.703233
963.728100
963.812400
963.850400
964.127267
964.206267
964.916633
964.949900
964.999833
965.058767
965.139433
965.233000
965.380933
965.451633
965.471500
965.788000
966.004567
966.300967
966.395033
966.473100
966.509867
967.003500
967.380667
967.557033
967.837367
967.889767
967.915533
967.957467
968.332767
968.381067
968.426133
968.476200
969.019100
969.179833
970.851500
970.859367
970.903767
970.995367
971.334467
971.409900
971.749767
972.228000
972.242500
972.393600
972.470900
972.748200
972.932333
973.079533
973.137133
973.250033
973.311400
973.712633
974.168867
974.610100
974.901233
975.187133
975.429600
975.598100
975.612900
975.655600
975.689500
975.729767
975.761700
975.794467
975.824500
975.910200
975.987400
976.117733
976.352933
976.510933
976.565567
976.778867
977.245233
977.280267
977.327267
977.506467
978.383733
978.862867
978.920967
979.334133
979.405767
979.706833
979.804300
979.996267
981.021667
981.204600
981.464367
981.489267
981.528267
981.570567
981.756067
981.795900
981.840633
981.873167
981.899567
981.924500
981.926133
981.964400
981.992700
982.024633
982.073200
982.119967
982.576700
983.012133
983.121200
983.149433
983.202833
983.320900
983.853233
983.961700
984.555700
984.608033
984.656333
984.824000
985.385700
985.438667
985.534733
985.542400
985.704933
985.738367
985.758167
985.777967
985.785767
985.821900
985.910067
986.312767
986.357400
986.435733
986.531300
987.313367
987.504500
987.509467
987.975833
988.070100
988.083933
988.253167
988.297500
988.545100
989.124767
989.571533
989.676667
990.690833
990.803600
991.197367
991.306667
991.588500
991.607267
991.612000
991.691433
991.699533
991.735267
991.825000
991.874667
991.921033
992.099433
992.184233
992.337133
992.385900
992.457700
992.499233
992.578833
992.779267
992.877433
992.897367
992.937933
993.437533
994.105000
994.189700
994.240733
994.244500
994.294867
994.384200
994.602733
994.816067
994.894000
994.981033
995.103167
995.230600
995.373233
995.509800
996.019567
996.089867
996.468067
996.479167
996.543633
996.681400
996.725900
996.799300
997.154867
997.271200
997.282367
997.291167
997.603633
998.632067
999.026900
999.102533
999.437633
999.468100
999.492733
999.528200
999.566067
999.786333
999.803767
999.872800
1000.016033
1000.037300
1000.322300
1000.361500
1000.403900
1000.438200
1000.487533
1000.558767
1001.045533
1001.079633
1001.115800
1001.137800
1001.163500
1001.178367
1001.235667
1001.894067
1002.010900
1002.049867
1002.096900
1002.861967
1002.962667
1003.377233
1003.427900
1004.307300
1004.499700
1004.561100
1004.656500
1004.658500
1005.427733
1005.485367
1005.526300
1005.592767
1006.331467
1006.437833
1006.494533
1006.787267
1007.688767
1007.773200
1007.810233
1007.898033
1008.772300
1009.261967
1009.634733
1009.965433
1010.147400
1010.185333
1010.216500
1010.226300
1010.289667
1010.415367
1010.471667
1010.481833
1010.529733
1010.585167
1010.611500
1010.669700
1010.693267
1010.747867
1010.790100
1010.825133
1010.907467
1010.925933
1010.979633
1011.000367
1011.024267
1011.062533
1011.068200
1011.196867
1011.297333
1011.364600
1011.411700
1011.432967
1011.528100
1011.577333
1011.640533
1011.739367
1011.766533
1011.866800
1011.915633
1011.934633
1011.949667
1011.977200
1012.032233
1012.208400
1012.408767
1012.503067
1012.695300
1012.736933
1013.128533
1013.295900
1013.907700
1014.165367
1014.402367
1014.464267
1014.544333
1014.749433
1015.303167
1015.382500
1015.393333
1015.800400
1016.526667
1016.619467
1017.726700
1017.793767
1018.217533
1018.449833
1018.561667
1020.020533
1020.102767
1020.255833
1020.400800
1021.533833
1021.985000
1022.095367
1022.169967
1022.266567
1022.307700
1022.469033
1023.496300
1024.278800
1024.667833
1024.803433
1025.056067
1025.153367
1025.294633
1026.215733
1027.450867
1027.610900
1027.668167
1028.060233
1028.495367
1030.869267
1031.348767
1031.450033
1031.875567
1032.133833
1032.651167
1033.047733
1033.280567
1033.436800
1033.486667
1033.554733
1033.581267
1033.598500
1033.618133
1033.656933
1033.693900
1033.716967
1033.754433
1034.496333
1034.824000
1035.150367
1035.207533
1035.288933
1035.320133
1035.328933
1035.361200
1035.411133
1035.555367
1035.626833
1035.737333
1035.867967
1035.915933
1037.861933
1038.054967
1038.315133
1038.748100
1038.815000
1038.843933
1038.876967
1038.999500
1039.068000
1039.169833
1039.174467
1039.232400
1039.277333
1039.310567
1039.355933
1039.461900
1039.477567
1039.742467
1039.768367
1039.823967
1039.910233
1040.047567
1040.122267
1041.074633
1042.334333
1042.388067
1042.473600
1042.520633
1042.662533
1042.701533
1042.707667
1042.729967
1042.851267
1043.224533
1043.328567
1043.352600
1043.394500
1043.424933
1043.452733
1043.504033
1043.531100
1043.580700
1043.602567
1043.864800
1043.955133
1044.367467
1044.477033
1044.522733
1044.530233
1044.557100
1044.604333
1044.825800
1044.899100
1045.005167
1045.104000
1045.219700
1045.262067
1045.401833
1045.811967
1045.896967
1046.050900
1046.123500
1046.202067
1046.291567
1046.324800
1046.389867
1046.736867
1047.847267
1047.906467
1047.949967
1048.000567
1048.187433
1048.485633
1048.524467
1048.554033
1048.611300
1048.664767
1048.700200
1048.711900
1048.729500
1048.754267
1048.788967
1048.810500
1048.876867
1048.986400
1049.099433
1049.207900
1049.399967
1049.455700
1049.529600
1049.862800
1050.026167
1050.065900
1050.158567
1050.211100
1050.218933
1050.325233
1050.399633
1051.273633
1051.936000
1052.070767
1052.151567
1052.244400
1052.390767
1052.929467
1053.055567
1053.406800
1053.456833
1053.693800
1054.166867
1054.281433
1054.320733
1054.507167
1054.621600
1054.648700
1054.717300
1054.738800
1054.762833
1054.799067
1055.018967
1055.578133
1058.005867
1058.095700
1058.579100
1058.624233
1058.689267
1058.728867
1058.894900
1058.957800
1059.641600
1059.668500
1059.727733
1059.738733
1059.758533
1059.813700
1060.109967
1060.232833
1060.326267
1060.503433
1061.051733
1061.218100
1061.339033
1061.362600
1061.397633
1061.453367
1061.511700
1061.543200
1061.583533
1061.694000
1061.838233
1061.845167
1062.005100
1062.090467
1062.123267
1062.144967
1062.222733
1062.307500
1062.519467
1062.777933
1062.799233
1062.824867
1063.086233
1063.101733
1063.230933
1063.320900
1063.592767
1063.657933
1063.816733
1064.142600
1064.786667
1065.413467
1065.446067
1065.497333
1066.419200
1066.485000
1066.506933
1066.581933
1066.919500
1067.231200
1067.580533
1067.656833
1067.693500
1067.737000
1067.774633
1067.820233
1067.856033
1067.966700
1068.334300
1068.550400
1068.589600
1068.701767
1068.819967
1068.912333
1068.973933
1069.044833
1069.071400
1069.120200
1069.134033
1069.586800
1069.700867
1070.583033
1070.617033
1070.679300
1070.750567
1070.854700
1070.860700
1071.037133
1071.078367
1071.384033
1073.565167
1074.018567
1075.673300
1075.868633
1075.910100
1076.532800
1076.658833
1076.726467
1076.836267
1076.988133
1077.127100
1077.147300
1077.233267
1077.290100
1077.318133
1077.409933
1077.465867
1077.664667
1078.081067
1078.120600
1078.155033
1078.241433
1078.304367
1078.419700
1078.529600
1079.710733
1079.748633
1080.037433
1080.155967
1080.187800
1080.595633
1080.651433
1080.671167
1080.803500
1080.909500
1081.221600
1081.324633
1081.377800
1081.620000
1082.447667
1082.587900
1082.643567
1082.683867
1082.717600
1082.725867
1082.796600
1082.808200
1082.896267
1082.929333
1083.108967
1083.552033
1083.583133
1083.586633
1083.641700
1083.853967
1084.048967
1084.077333
1084.097500
1084.128700
1084.149533
1084.184667
1084.432467
1084.488800
1084.670200
1085.386533
1085.597400
1085.669167
1086.369033
1086.761833
1086.794467
1086.912233
1087.084533
1087.113433
1087.334300
1087.690967
1087.726567
1087.754700
1087.831300
1089.056867
1089.196233
1089.312133
1089.443400
1089.464633
1090.077733
1090.282800
1090.339367
1090.343133
1090.405833
1090.800000
1090.836000
1090.896400
1090.998000
1091.047167
1091.591767
1091.633267
1091.728100
1091.762233
1091.838167
1091.984733
1092.146967
1092.683900
1092.699300
1092.771467
1092.801800
1092.805633
1092.819700
1092.851933
1093.185900
1093.316233
1093.444800
1093.551567
1094.896667
1095.668433
1095.724967
1095.800067
1095.870800
1095.941100
1096.014100
1096.040367
1096.044333
1096.107167
1096.133867
1096.143467
1096.221467
1096.377700
1096.440800
1097.088133
1097.201100
1097.397667
1097.622200
1098.147833
1098.339200
1098.535667
1098.599233
1098.634133
1098.790433
1099.512633
1099.613067
1099.651100
1099.835833
1100.054400
1100.098067
1100.142433
1100.197400
1100.233833
1100.272467
1100.336200
1100.391767
1100.500400
1100.585433
1100.615967
1100.665100
1100.698933
1100.746300
1101.918767
1101.977867
1102.052767
1102.202333
1102.494867
1103.307600
1103.380833
1103.530667
1103.589733
1103.636400
1103.663033
1103.700967
1103.834900
1103.873700
1104.249000
1104.297633
1104.350600
1104.609567
1104.959833
1105.325700
1105.371600
1105.404667
1105.454633
1105.518300
1106.202367
1106.236700
1106.260433
1106.329200
1106.403933
1106.445267
1106.480433
1106.525900
1107.020100
1107.068467
1107.157733
1107.592400
1107.674167
1107.751833
1107.812833
1107.869633
1107.997367
1108.338667
1108.720433
1109.342400
1109.682200
1109.748000
1110.405700
1110.483800
1110.560000
1110.588500
1110.652367
1110.879000
1111.035867
1111.063967
1111.109300
1111.150667
1111.156667
1111.192000
1111.219867
1111.266300
1111.421667
1111.483433
1111.601333
1111.651200
1111.734833
1111.795933
1111.868800
1111.939667
1112.042567
1113.211500
1113.266633
1113.324633
1113.397667
1113.425633
1113.453867
1113.483367
1113.537167
1113.565900
1113.601300
1113.621267
1113.747067
1114.220633
1114.224667
1114.605300
1114.721733
1114.848167
1115.259733
1115.336533
1115.373967
1115.404533
1115.424500
1115.455200
1115.557467
1115.589633
1115.610700
1115.636333
1115.672300
1115.787367
1115.932667
1115.940800
1116.001300
1116.069733
1116.669733
1116.728767
1116.851067
1116.886667
1117.022433
1118.149567
1118.248167
1118.309400
1119.028700
1119.058533
1119.181267
1119.221300
1119.365333
1119.472933
1119.599600
1119.949367
1119.984000
1120.098400
1120.145133
1120.262300
1120.292667
1120.592867
1120.634333
1120.678600
1120.747033
1120.762100
1120.807433
1120.870133
1120.907233
1120.953933
1122.913467
1122.974900
1123.538800
1123.627600
1123.826767
1123.883300
1124.057567
1124.090500
1124.129567
1124.245233
1124.292433
1124.572267
1124.908667
1124.996333
1125.118800
1125.285433
1125.296300
1125.347067
1125.382667
1125.436133
1125.477467
1125.541900
1125.750100
1125.789833
1125.942633
1126.177200
1126.332500
1126.379500
1126.589933
1126.640267
1127.111867
1127.475500
1127.522400
1127.553400
1127.576167
1127.610067
1127.648000
1127.774667
1127.805000
1127.853700
1127.923900
1127.968933
1128.055033
1128.071800
1128.161167
1129.746800
1129.831067
1130.051867
1130.155767
1130.968233
1131.106633
1131.166333
1131.209467
1131.348900
1131.384100
1131.495167
1131.551500
1131.600333
1131.637467
1131.651200
1131.690533
1131.796567
1131.877067
1132.585667
1132.673167
1132.681467
1132.888600
1133.136067
1133.791867
1133.895667
1133.966800
1134.148900
1134.311600
1134.474833
1134.522367
1134.610500
1134.740967
1134.860867
1134.885433
1134.910800
1134.917267
1134.959567
1135.012967
1135.046933
1135.176167
1135.495767
1135.557300
1135.675800
1135.965533
1135.995867
1136.121900
1136.749467
1136.773233
1136.880200
1137.181133
1138.156733
1138.284800
1138.384067
1138.576400
1138.708967
1138.748033
1138.798467
1138.841467
1138.868933
1139.001467
1139.309167
1139.389367
1139.438967
1139.503433
1139.594867
1139.672467
1139.743400
1139.812333
1139.957767
1140.074233
1140.140500
1140.185633
1140.229733
1140.405200
1140.472100
1140.516867
1140.599567
1140.676433
1140.793900
1140.832833
1141.101767
1141.281667
1141.453233
1141.484067
1141.618833
1141.649500
1142.007967
1142.125667
1142.185767
1142.709900
1143.180833
1144.975467
1145.037533
1145.233733
1145.312267
1145.411633
1145.488533
1145.663167
1145.985700
1146.143233
1146.168767
1146.192333
1146.195933
1146.224467
1146.247033
1146.291100
1146.757767
1147.238667
1147.270900
1147.313700
1147.370200
1147.410167
1147.466100
1147.641700
1147.733633
1148.611033
1148.847067
1148.878567
1149.616700
1149.685767
1149.860967
1149.976367
1150.556667
1150.865933
1150.932967
1150.972333
1151.030167
1151.064167
1151.152433
1151.188333
1151.248367
1151.313467
1151.418433
1151.460300
1151.494600
1151.555500
1151.575167
1151.604100
1151.683833
1151.693900
1151.722533
1151.745067
1151.766900
1151.804633
1151.815133
1151.843200
1151.876500
1151.946967
1152.032467
1152.617900
1152.691533
1152.817533
1152.906233
1153.100667
1153.360500
1154.686433
1155.518300
1155.565067
1155.633333
1155.665767
1155.697033
1155.814633
1155.906400
1155.929800
1155.970867
1156.019467
1156.046733
1156.055633
1156.081900
1156.092400
1156.140933
1156.264367
1156.787333
1156.842533
1156.857267
1156.885667
1157.120667
1157.168433
1157.207233
1157.248933
1157.449333
1157.845667
1157.938067
1157.997333
1158.047100
1158.127733
1158.400400
1158.539567
1158.648800
1158.684133
1161.136533
1161.247267
1161.373200
1161.481700
1161.535067
1161.926567
1162.124267
1162.184667
1162.603633
1162.983300
1163.206567
1163.283433
1163.415333
1163.431933
1164.058167
1164.603700
1164.650833
1164.698800
1164.828100
1165.363900
1165.886200
1165.948367
1165.952033
1166.092633
1166.131533
1166.150733
1166.266000
1166.342533
1166.681867
1167.377433
1167.610200
1167.731367
1168.392233
1168.450167
1168.556433
1168.633733
1168.670200
1168.846133
1169.107467
1169.373633
1169.412433
1169.503333
1169.698533
1170.690333
1170.970900
1171.021100
1171.052533
1171.073733
1171.293267
1171.424633
1171.492733
1171.831400
1172.124733
1172.346900
1172.599033
1172.627600
1172.784100
1172.810467
1172.830167
1172.860067
1172.888333
1173.017200
1173.042100
1173.071767
1173.102200
1173.136033
1173.205767
1173.254400
1173.351300
1173.354833
1173.755567
1173.797200
1174.636800
1174.690933
1175.090667
1175.427433
1175.963533
1176.039833
1176.464700
1176.605867
1176.675200
1176.789033
1176.881367
1176.991300
1177.007267
1177.158467
1177.232733
1177.324167
1177.435467
1177.738400
1177.835733
1177.908067
1178.164667
1178.701967
1178.762567
1178.813900
1178.828333
1179.045033
1179.078000
1179.159000
1179.246733
1179.293333
1179.378233
1179.801033
1179.888333
1180.010967
1180.084300
1180.131967
1180.639633
1180.736467
1183.295700
1183.376067
1183.477900
1183.611867
1183.666133
1183.729167
1183.738833
1183.787267
1183.837500
1184.031267
1184.107100
1184.163667
1184.262833
1184.459333
1185.073867
1185.123333
1185.636500
1186.312600
1186.376433
1186.517833
1186.622133
1187.046800
1187.428700
1189.535533
1189.567767
1189.661300
1189.706967
1189.743867
1189.790833
1189.797933
1189.837233
1189.882633
1189.917600
1189.945333
1189.986600
1190.006400
1190.056400
1190.092800
1190.130900
1190.164400
1190.276500
1190.308833
1190.349200
1190.369667
1190.485033
1190.533333
1190.788167
1190.800433
1190.889000
1190.943667
1190.995300
1191.044400
1191.148333
1191.393800
1191.430467
1191.478567
1191.523867
1191.574300
1191.717733
1191.791867
1192.268467
1192.352867
1192.477300
1192.620833
1192.693067
1192.778867
1193.075467
1193.231733
1193.605767
1193.941033
1194.096567
1194.124033
1194.139233
1194.267867
1194.283733
1194.306733
1194.387100
1194.563500
1194.735167
1194.929867
1194.987700
1195.028667
1195.075833
1195.126100
1195.225067
1195.335300
1195.731700
1195.764067
1196.214433
1196.290233
1196.371133
1196.398633
1196.750233
1196.845967
1197.433600
1197.840567
1197.877633
1198.069733
1198.177833
1198.555700
1199.644567
1199.853967
1199.905833
1200.026300
1200.066133
1200.108867
1200.151133
1200.177400
1200.205400
1200.243933
1200.292867
1200.371767
1200.412500
1200.439067
1200.821633
1200.962800
1201.022533
1201.179067
1201.306267
1201.364900
1201.706100
1201.944933
1202.499600
1202.634533
1202.648433
1202.689433
1202.702600
1202.972400
1203.204933
1203.412767
1203.474000
1203.499133
1203.537133
1203.592667
1203.947500
1204.302767
1204.359567
1204.435300
1204.723467
1204.796567
1204.865400
1204.928567
1204.962867
1205.005400
1205.092833
1205.172067
1205.929767
1206.111667
1206.469733
1206.532100
1206.575400
1206.606000
1206.668433
1206.710467
1206.832933
1206.863167
1206.931667
1206.959667
1206.995467
1207.029200
1207.055033
1207.065000
1207.103867
1207.183600
1207.255733
1207.325133
1207.341967
1207.359433
1207.501300
1207.720100
1208.246767
1208.335467
1208.532033
1208.544133
1208.590300
1208.637133
1208.814567
1209.036167
1209.083333
1209.097100
1209.290367
1209.350600
1209.407833
1209.708433
1209.778900
1210.555567
1210.724767
1210.775133
1210.864600
1210.903800
1210.943367
1210.970933
1210.998833
1211.099800
1211.315000
1211.359900
1211.413600
1211.500533
1211.559500
1211.584133
1211.618267
1211.642400
1211.774467
1211.825000
1211.873933
1212.078867
1212.140733
1212.528733
1212.684233
1214.149867
1214.717800
1214.980233
1214.985100
1215.058700
1215.092300
1215.125667
1215.209433
1215.234100
1215.263733
1215.435200
1215.641000
1215.702533
1215.862300
1216.217200
1216.550300
1216.769033
1216.868567
1217.032033
1217.160067
1217.217000
1217.537867
1218.115600
1218.255533
1218.362100
1218.492633
1218.683100
1218.850000
1218.972633
1219.448900
1219.527300
1219.664567
1219.687767
1220.846800
1221.007967
1221.511933
1221.782267
1221.831633
1221.865867
1221.896867
1222.467967
1222.605567
1222.902367
1223.537067
1223.625600
1224.256400
1224.496467
1224.545200
1224.638533
1224.941733
1225.190733
1225.244133
1225.520533
1225.568533
1225.864533
1226.525933
1227.359433
1227.588167
1227.711700
1227.744467
1227.993900
1228.083133
1228.148567
1228.184667
1228.212567
1228.394900
1228.531267
1229.521633
1229.978800
1230.937433
1231.752000
1232.210733
1232.575133
1232.765633
1232.830900
1233.057800
1233.748067
1234.287500
1234.792567
1235.010733
1235.360267
1235.391033
1235.519433
1235.534467
1235.555900
1235.897467
1235.928633
1235.977033
1236.049733
1236.333200
1236.349300
1236.374833
1236.383767
1236.428133
1237.308967
1237.425700
1237.469567
1237.569567
1237.615067
1237.650067
1237.689833
1237.724567
1237.764267
1237.829200
1237.908500
1237.953500
1238.042000
1238.103967
1238.176867
1238.219667
1238.295167
1238.737467
1239.237500
1239.303233
1239.697467
1239.738167
1240.204300
1240.857933
1241.060667
1241.110567
1241.592200
1242.362433
1242.470933
1242.549600
1242.616933
1242.648500
1242.700067
1242.821333
1242.840167
1242.865333
1242.973233
1243.013333
1243.074833
1243.084167
1243.336667
1243.414867
1243.492233
1243.649867
1243.681367
1243.699667
1243.725700
1243.773000
1243.820633
1244.170600
1244.313933
1244.384200
1244.390533
1244.433233
1244.496000
1244.509367
1244.862667
1245.444767
1246.283933
1246.402400
1246.738833
1246.855000
1247.089967
1247.121333
1247.168800
1247.364733
1247.423200
1247.428500
1247.463367
1247.502767
1247.550033
1247.558000
1247.616833
1248.110233
1248.139833
1248.169533
1248.175567
1248.204233
1248.217467
1248.225000
1248.313633
1248.377733
1248.421167
1248.459233
1248.488533
1248.565200
1248.618433
1248.859733
1249.390300
1249.905600
1250.555467
1250.845400
1250.910900
1251.116133
1251.229733
1251.262933
1251.430467
1253.079667
1253.661000
1253.726800
1253.880333
1253.963267
1254.052667
1255.140367
1255.180400
1255.269667
1255.390800
1255.510667
1255.966467
1256.057833
1256.099033
1256.198400
1256.292667
1256.305200
1256.526367
1256.660467
1256.699300
1256.902667
1257.336367
1257.401700
1257.435100
1257.552300
1257.581567
1257.620533
1257.793367
1257.914200
1258.030100
1258.447200
1258.548833
1259.285400
1259.584633
1259.697700
1259.792067
1259.831333
1259.862000
1260.118867
1260.300733
1260.744200
1260.847000
1261.215600
1261.556367
1262.274467
1262.576267
1262.852733
1263.169067
1263.311233
1263.509900
1263.515067
1263.671333
1264.359533
1264.430967
1264.523533
1264.540367
1264.611233
1264.634500
1264.680000
1265.036200
1265.078800
1265.712700
1265.928167
1265.963500
1265.975833
1266.053833
1266.122200
1266.183933
1266.201967
1266.252600
1266.283767
1266.384200
1266.397633
1266.471967
1266.531967
1266.550533
1266.612333
1266.672433
1266.821433
1266.881267
1267.093700
1268.544933
1268.813867
1268.837700
1268.865267
1268.936700
1269.064400
1269.561400
1269.714833
1269.747100
1269.752600
1269.810867
1269.870267
1269.967100
1270.033200
1270.073133
1270.222833
1270.378267
1270.382700
1270.448633
1270.504233
1270.528233
1270.694333
1270.748933
1270.809233
1270.854800
1272.169833
1272.592467
1272.615733
1273.028167
1273.122267
1273.147067
1273.414167
1274.403533
1274.524067
1274.572033
1274.652600
1274.930467
1275.030800
1275.155467
1275.367800
1275.446267
1275.636133
1276.088833
1276.156600
1276.161133
1276.598867
1276.695600
1276.746733
1276.799200
1276.851800
1276.923467
1276.992733
1277.139067
1277.545733
1277.684667
1277.856000
1278.035067
1278.072367
1278.268133
1278.295433
1278.402133
1278.455667
1278.771300
1278.795300
1278.826900
1278.862700
1278.891800
1278.978833
1279.033533
1279.182767
1279.434300
1279.478300
1279.624233
1279.833800
1279.867533
1279.930933
1279.958533
1279.971067
1280.034433
1280.058600
1280.091867
1280.116000
1280.200533
1280.224700
1280.227667
1280.268333
1280.301067
1280.323800
1280.348100
1280.378733
1280.467533
1280.608933
1280.787533
1280.900000
1281.064967
1281.408567
1281.637067
1281.696233
1282.426400
1282.615167
1282.964800
1283.146933
1283.210000
1283.264500
1283.288933
1283.315467
1283.375867
1283.406367
1283.482333
1283.495333
1283.563233
1283.848133
1284.039167
1284.133867
1284.215133
1284.233867
1284.283133
1284.383200
1284.437767
1284.504300
1284.628600
1284.665900
1284.844433
1284.911700
1285.593533
1286.607633
1287.235133
1287.398267
1287.473300
1287.614233
1287.762100
1287.815967
1287.937067
1288.061500
1288.135367
1288.264000
1288.608833
1288.946167
1288.985233
1289.114767
1289.150900
1289.182733
1289.208800
1289.250100
1289.282167
1289.339800
1289.361033
1289.373133
1289.403300
1289.461367
1289.486167
1289.561533
1289.581733
1289.670500
1289.778667
1290.014333
1290.124767
1290.259367
1290.262500
1290.322200
1290.359133
1290.381333
1290.482167
1291.515633
1291.573867
1292.099467
1292.169467
1292.212500
1292.735733
1292.979133
1293.103967
1294.322700
1294.373400
1295.694800
1295.735000
1296.146700
1296.423133
1296.453633
1296.486233
1296.558267
1296.675300
1296.810400
1296.920467
1297.171933
1297.289533
1297.719233
1297.921233
1297.963600
1298.001333
1298.381867
1298.416267
1298.445233
1298.468200
1298.489333
1298.545767
1298.571567
1298.602167
1298.636533
1298.676933
1298.744500
1298.791833
1298.964900
1299.047667
1299.657500
1300.297767
1300.599000
1300.629733
1300.658333
1300.682133
1300.718200
1300.748567
1300.782800
1300.855933
1300.880567
1300.892100
1300.906567
1300.939433
1300.948000
1301.148933
1301.152533
1301.289833
1301.942100
1302.011133
1302.037533
1302.164567
1302.270233
1302.728700
1303.580767
1303.803100
1303.815600
1303.845333
1303.961300
1304.658767
1304.702300
1304.786200
1304.979900
1305.096633
1305.125967
1305.162833
1305.279700
1305.326400
1305.393767
1305.669900
1306.072100
1306.369133
1306.379167
1306.426000
1306.445600
1306.477267
1306.602800
1306.649433
1306.694567
1306.839267
1306.890667
1307.290933
1307.492900
1307.535567
1307.615467
1307.690467
1307.806200
1307.838967
1307.896167
1307.933433
1308.111633
1308.539800
1308.782000
1308.941267
1308.998533
1309.029567
1309.161767
1309.211400
1309.318800
1309.468900
1309.575200
1311.177633
1311.248667
1311.336433
1311.350367
1311.733467
1311.739467
1311.914633
1312.106600
1312.331800
1312.344633
1312.444533
1312.587200
1312.601867
1312.647000
1312.715333
1312.801233
1313.146900
1313.206133
1313.381967
1313.473067
1313.650367
1313.884600
