0.299133
0.357567
0.649867
0.718300
1.154900
1.448700
1.451533
1.591467
1.725333
2.201900
2.332000
2.892133
3.130333
3.397167
3.475267
3.578300
3.775100
4.199200
4.547433
4.736033
4.839900
4.927533
5.188333
5.303467
5.362433
5.463467
5.561633
5.669600
5.964933
9.310967
9.633067
10.013467
10.155733
10.207433
10.229000
10.251100
10.390767
10.417700
10.775333
11.802633
13.012133
13.426200
13.532300
13.547633
14.900733
15.073367
15.121033
15.160367
15.198333
15.227967
15.413600
15.501233
15.541500
15.595800
15.615533
15.721133
16.014367
16.118600
16.237500
16.313467
16.376433
16.444933
16.481467
16.517267
17.514400
17.624133
17.721633
18.176467
19.236633
20.694767
22.322467
22.556733
22.634933
22.734700
22.821600
23.061400
23.109300
23.285900
23.343467
23.772400
24.162467
25.554967
25.684400
25.730033
25.754567
25.775233
25.808967
26.023133
26.079533
26.183167
26.246067
26.297233
26.527333
26.596200
26.599467
26.838767
26.889833
27.730833
27.870167
27.998267
28.062767
29.033000
29.472467
29.511800
29.640200
29.814267
29.819433
29.844200
29.976533
30.061167
30.166033
30.424467
30.492167
30.556800
30.649900
31.511533
31.780400
31.933033
32.512000
32.617400
33.226567
33.269500
33.373600
33.590367
33.648933
33.696433
33.747767
33.919333
33.985033
34.190600
34.218967
34.800233
34.932700
34.975333
36.522233
36.614400
37.074533
37.145567
37.598733
37.962900
38.022333
38.093967
40.486233
40.814733
41.047933
41.082067
41.202833
41.604267
41.694300
41.725700
42.169100
42.322933
42.563033
43.237533
43.456600
44.070233
44.321667
44.359967
44.535100
44.619033
44.687733
45.746533
46.499333
47.610767
49.419033
49.909067
49.995667
50.011767
50.029800
50.055400
50.225933
51.945900
52.036433
52.803200
52.828700
52.864367
53.294833
53.339433
53.444800
55.623633
55.860300
55.980500
56.748200
56.925633
57.300500
57.786200
59.404500
59.477633
59.577100
59.975900
60.199467
60.393300
60.493367
60.537667
60.559967
60.576133
60.625200
61.198467
63.124600
63.886567
63.945200
63.963767
63.970200
64.027000
64.050767
64.181700
64.541500
65.021000
65.576833
65.741267
65.910067
66.039200
66.180100
66.675700
67.822167
68.044367
68.271933
68.308100
69.187900
69.194400
70.655767
71.106700
71.253533
71.327400
71.470967
71.785800
72.225233
72.325833
72.498967
73.378267
73.383400
73.459067
73.510900
73.581833
73.714133
73.873433
75.708100
75.885300
75.900433
75.986967
76.273300
76.355333
76.476533
76.649800
76.936500
78.563533
78.677600
78.831967
80.334900
80.726233
80.898633
80.923267
80.958067
81.193700
82.734633
82.982300
83.168700
83.386900
83.687267
84.136100
84.154933
84.179733
84.520333
84.683100
84.735333
84.879800
84.948300
85.022167
86.133767
86.360200
86.452333
86.533100
86.774367
86.833867
86.903200
86.972200
86.999733
87.240067
87.258867
87.484100
88.267067
89.386267
89.568133
89.736667
89.979033
90.481533
90.542367
91.108567
91.276333
92.043367
92.282200
92.547933
92.606200
92.954633
93.040967
93.250000
93.320967
93.380333
93.477767
94.046067
94.183733
94.245700
94.491500
94.601833
94.746000
94.838600
94.940800
95.141233
95.236167
95.326700
95.522600
95.706800
95.770867
95.987267
96.120200
96.221867
96.260100
96.288200
96.332267
96.433400
96.534433
96.930933
97.656900
97.715700
97.867000
99.655500
99.817833
99.950600
100.091433
100.224367
100.248633
100.288000
100.484700
100.709067
100.714800
100.775567
101.632133
102.216833
102.369933
102.531033
102.850133
104.134067
104.188033
104.298433
104.346667
104.980600
105.004600
105.219667
105.288200
105.524100
106.350833
106.388133
106.426333
106.429900
106.439567
106.514167
106.570100
106.592933
106.635400
106.643833
106.666500
106.724233
106.753833
107.135333
107.919233
108.094233
108.134733
108.798200
109.708633
109.793467
110.556500
110.606733
110.779100
110.808733
110.855400
110.894767
110.935400
110.966567
111.114967
111.262733
111.385867
111.545767
111.548733
111.655233
111.858700
112.036167
112.248733
112.359900
112.648567
113.028100
115.604867
116.768500
117.125667
117.555933
117.614533
117.674600
117.723567
117.773600
118.128100
118.325533
118.406433
118.460467
118.497567
118.588267
118.984100
119.360533
120.145567
120.287000
120.338233
120.358467
120.450933
120.888533
120.937067
120.968967
121.121367
121.326067
122.626767
122.696433
124.115867
124.215767
124.327500
124.352967
124.525000
124.987833
125.141433
125.235600
125.386167
126.948200
128.694767
128.733300
128.768967
128.956833
129.014367
129.103400
129.270300
129.353000
129.552500
129.746633
129.771667
129.831367
129.882200
129.971067
130.015667
130.094933
131.108200
131.375833
132.973800
133.627200
133.864433
134.705000
134.763833
134.965500
134.981167
135.196567
135.274100
135.587367
135.603633
135.693367
135.938200
136.746467
136.885233
137.014033
137.230933
137.384133
137.425100
137.496500
138.360400
138.884600
138.932200
139.219867
139.713633
139.762233
141.494000
141.574500
141.796800
141.859567
141.904633
142.555467
143.336733
143.513933
143.893667
144.071400
144.366633
144.680600
144.845700
144.969733
145.198133
145.291200
145.760367
145.842833
145.974400
147.031400
148.673733
148.727233
148.834733
148.890067
149.315167
149.488933
149.750133
149.753967
151.376033
151.580400
151.652367
151.858367
152.081200
152.481800
153.204933
153.539100
154.047700
154.139133
156.424533
157.216833
158.257900
160.655367
163.103333
163.162867
163.316333
163.401233
163.542433
163.709867
164.026033
164.217867
164.249767
164.306633
164.326767
164.350400
164.353933
164.393567
164.489533
164.583733
164.651000
164.676400
164.939700
166.602433
166.758200
166.852267
167.071067
167.120200
167.200567
167.778533
168.510167
168.719033
168.737667
168.866533
168.924067
168.945767
169.051867
169.139833
169.228033
169.305833
169.374933
169.488733
170.105800
170.294900
171.010267
171.105733
171.132467
171.194233
171.272800
172.435067
172.586167
172.622033
172.654800
172.689300
173.262667
173.280033
173.439367
173.621333
173.726733
173.966200
174.069600
174.209267
174.401900
174.589100
174.855200
174.944333
174.981933
175.070033
175.138733
175.188667
175.352867
175.529000
175.765033
175.829633
175.852167
175.896900
176.440600
177.056867
177.461633
177.505333
177.555433
177.629767
177.661367
177.682767
177.747800
177.793367
179.169300
179.505700
179.818133
180.073467
180.176967
180.286467
180.461433
180.516067
180.668900
180.743300
180.857967
181.022867
181.444567
181.608800
181.748533
181.901067
182.011433
182.182833
182.293133
182.619767
184.348433
184.448333
184.486333
184.513833
184.671933
184.696933
184.853467
184.881067
184.905000
184.956667
185.006067
185.027633
185.102900
185.123967
185.137433
185.160100
185.225300
185.289000
185.436900
185.644100
185.705567
185.774700
185.779467
185.821300
185.864267
185.913133
185.950900
186.042533
186.130600
186.309000
186.335733
186.410133
186.424467
186.525933
187.617267
188.195433
188.376000
188.502533
188.560867
188.590567
188.606033
189.560700
189.733600
189.754433
189.806367
189.988667
190.158800
190.315500
190.361167
190.555100
190.568833
190.605200
190.858433
190.886867
191.206467
191.415267
191.703367
191.995400
192.198600
193.082500
193.144300
193.548800
193.969067
194.222333
194.933667
195.037867
195.171567
195.359367
195.405067
195.492167
195.530933
195.698600
195.794167
195.982400
196.089233
196.103033
196.296167
196.697700
196.874733
197.723833
197.793367
198.080500
198.143267
198.183833
198.214467
198.330800
199.849933
199.952267
200.082900
200.446600
200.565267
200.673200
200.765600
201.213100
201.422000
202.116800
202.418167
204.834933
205.266367
210.417700
210.435067
210.464200
210.470967
210.552867
210.572633
210.681767
210.731733
210.748800
210.766633
210.779767
210.912100
210.968533
211.722033
212.407300
212.779567
212.839700
212.906933
213.044567
213.134933
213.946367
214.302200
214.481533
214.561000
214.664833
215.123533
215.160600
215.198000
215.289700
215.440133
215.571533
215.787300
215.971400
216.681900
217.250600
218.149367
218.832433
219.893467
220.094067
220.179033
220.230767
220.694333
220.780600
220.980900
221.030500
221.069667
221.148200
221.179533
221.849767
222.113800
222.164400
222.292667
222.730033
223.926833
224.009167
224.044367
224.101367
224.265667
224.372300
224.394167
224.462000
225.881533
226.229700
226.338000
226.881100
228.822967
229.798500
231.199300
231.657967
231.752800
231.793633
231.852367
231.909767
232.010633
232.067533
232.095800
232.114033
232.212667
232.241500
232.281433
232.405133
232.442533
232.522333
232.615600
232.648333
232.709667
232.791367
232.860933
232.981333
233.004567
233.010267
234.043300
234.053967
234.105167
234.136567
234.146833
234.173167
234.197067
234.323167
234.374700
234.393467
234.511033
234.554133
235.262733
235.834833
235.892000
235.945267
236.310800
236.751700
236.794367
236.817033
236.864967
237.005267
237.008300
237.092767
237.153200
237.403267
237.446800
237.621600
238.582433
238.677800
238.761267
239.273967
239.845967
239.935067
240.134400
240.169400
240.185133
240.220133
240.240667
240.390033
240.434933
240.484667
240.486400
240.588433
240.700300
240.832500
240.957600
241.070267
241.194233
241.322733
241.608067
241.967733
242.667933
242.882433
243.045333
243.924500
244.160867
244.189600
244.248800
244.375400
244.518367
244.559867
244.733767
245.919733
246.637400
246.969167
247.673633
247.848133
250.922200
251.999100
252.203667
252.352033
252.384933
252.425467
252.482000
252.523200
252.888033
252.929700
252.977333
253.053633
253.823667
253.970167
255.280333
255.325067
255.567167
256.328567
256.718333
256.782000
256.831800
257.068267
257.518433
257.581433
258.504433
259.808567
259.956633
260.946667
261.297733
261.332300
261.451933
261.996667
262.190033
262.559333
262.800567
262.957167
262.994633
263.177600
263.184500
263.208467
263.326833
263.361267
263.421567
263.456200
263.510233
263.787733
264.030467
264.335167
264.487900
264.555767
264.617400
264.677033
264.732267
264.762500
265.461533
265.983767
266.910033
267.105033
267.130433
267.156667
267.204567
267.270867
267.302933
267.509933
268.374500
268.377267
268.714400
268.719033
268.935400
269.008067
269.181633
269.227200
269.471200
270.023000
270.769333
271.078433
271.794300
271.913200
271.972167
272.018900
272.966933
273.087967
273.258333
273.307167
273.332167
273.347667
273.505033
273.652967
273.916967
273.995633
276.094933
276.656533
276.855233
278.671200
279.946033
280.050233
280.148367
280.499400
280.549400
280.826400
282.727767
283.322800
283.464133
284.586467
284.674067
284.723033
284.756267
284.825233
284.970767
285.159733
285.219900
285.493600
285.805533
285.863667
287.632100
287.863267
287.879467
289.116033
289.245000
289.286833
289.310067
289.409467
289.542333
289.558733
289.577500
289.628633
289.692533
289.757267
289.770700
289.799700
289.829200
289.856867
289.976633
290.068300
290.087467
290.112733
290.189867
290.313500
290.378733
290.420200
290.514000
290.539867
290.909400
291.081133
291.730133
291.761700
293.560567
293.660767
293.741200
293.768600
293.896867
293.951000
294.058633
294.177733
294.226500
294.288133
294.350800
294.353100
294.408833
294.429433
294.436267
294.446333
294.501367
294.704533
294.719133
294.741767
294.764967
294.781767
294.808167
294.832567
294.855233
295.002533
295.174467
295.203333
295.313800
296.363533
296.402867
296.451633
297.415800
297.588500
300.054500
300.492033
300.751567
300.905933
301.371600
301.711000
303.807633
303.897200
303.906667
304.048733
304.154967
304.587933
304.744833
305.704167
305.916467
306.176633
306.326733
306.478600
306.565933
306.585867
306.676233
306.706167
306.787533
306.884867
307.030233
308.067167
309.963867
310.009867
310.252033
310.407567
310.490767
310.516367
310.621200
311.315467
312.226233
312.401267
312.523167
312.783067
312.805600
312.896500
312.929933
313.010567
313.085100
313.123367
313.138500
313.142933
313.170867
313.210533
313.349967
313.453733
313.651233
313.801767
313.822200
313.880933
314.491867
314.800867
314.879433
314.883433
315.236533
315.260367
316.079433
316.253233
316.362133
316.776267
316.886833
317.102467
318.106967
318.154667
318.287167
318.331500
318.712200
318.822133
318.857767
318.903500
318.968500
319.093933
319.170667
320.100200
320.303067
321.411900
321.529067
321.621367
321.762667
324.243667
324.998833
326.111567
326.591567
326.733800
326.945967
326.966667
327.341633
328.083767
328.490333
329.008433
329.670967
329.994500
330.563467
330.834100
330.865900
331.115633
331.321400
331.457500
332.267133
332.479233
332.525333
332.809033
334.691300
334.773100
334.909833
335.019333
335.134767
336.763600
336.874933
336.974433
337.030367
337.116733
337.200100
337.235600
337.249700
337.287000
337.311333
337.343300
337.433433
337.497800
337.623533
337.669433
337.913833
337.954667
337.985300
338.076300
338.418067
338.426000
338.500133
338.592767
339.237133
339.505733
340.741667
343.079633
343.188133
343.524900
343.651567
343.736600
343.781633
343.883633
344.028267
344.065567
344.159100
344.208067
344.323867
344.387467
344.454467
344.558233
344.585000
344.719500
344.733533
344.844967
345.063067
346.169267
346.624400
346.647967
347.261133
347.813933
348.254033
348.351733
349.091167
349.095600
350.285567
350.351300
350.776833
351.381333
351.441233
351.874133
351.925300
351.970567
352.098033
352.168600
352.192233
352.790433
353.210600
353.259600
353.360433
353.602867
353.680367
353.871433
354.315800
354.977633
355.182500
355.261667
355.620600
355.751767
356.397700
358.885300
359.297433
359.460700
359.496667
359.620033
360.259300
360.418267
360.576933
360.697200
360.771233
360.872767
361.035033
361.337600
361.511167
361.706467
362.571100
362.783733
363.018967
363.048500
363.084833
363.195767
364.121033
364.281100
364.572567
364.990500
365.038800
365.211533
365.464733
366.157300
366.523033
367.178900
367.324333
367.474833
367.812300
367.935833
368.317600
370.206133
370.342600
370.401067
370.425600
371.049033
371.317833
371.521400
371.567500
371.867467
371.993367
372.451300
372.560233
372.918900
374.030433
374.126200
374.237167
375.060067
375.450500
375.582100
376.095800
376.297267
376.337467
376.359667
376.711733
376.924200
377.007367
377.070700
377.110300
377.194833
377.470667
378.581433
378.890333
378.924567
378.936933
380.010933
380.140100
380.169667
380.206367
380.408867
380.439533
380.585533
380.629733
380.648433
380.787333
380.849000
380.901367
380.920167
380.981500
381.004600
381.023867
381.062300
381.203533
381.484267
381.561500
382.402433
382.456933
382.554033
382.621267
382.698733
383.912467
383.982800
384.004933
384.058733
384.077367
384.171233
384.189233
384.252100
384.369967
384.394533
384.592567
384.763767
385.182633
385.223933
385.278133
385.425300
385.599833
386.354467
386.887200
387.097033
387.459367
387.729067
387.814000
388.374033
388.555300
389.205033
389.249167
389.426333
389.564433
389.580100
389.631433
389.683033
389.836667
389.862333
390.013000
390.028100
390.353800
390.496700
390.555533
390.631100
391.363067
393.202133
393.209067
393.258333
393.535367
393.911533
393.926433
393.976533
394.009900
394.093867
394.184233
394.217867
394.247767
394.291400
394.383900
394.458367
394.492067
394.599800
394.997533
395.449800
395.646433
396.033767
396.150200
396.347600
397.489833
397.642933
397.734533
397.884967
397.948200
398.103033
398.623467
401.551333
401.564067
402.694867
403.191467
403.641233
403.722333
403.918500
404.057367
404.155367
405.193733
406.922600
407.297067
407.754133
408.427367
408.528867
411.065667
411.074633
411.160400
411.203300
411.249200
411.284833
411.373600
412.072833
412.216500
412.551000
412.669767
412.913700
412.984167
413.434867
414.633667
414.922367
414.951567
415.133600
415.197067
415.222200
415.241033
415.349267
415.377800
415.396533
415.502867
415.604367
415.632067
415.651900
415.751933
415.847367
416.110400
416.282067
417.113067
417.128900
417.393567
418.836200
418.924100
419.581467
420.252633
420.297800
421.961733
422.150833
422.205567
422.242500
422.268433
422.270633
422.327833
422.562700
422.661267
422.960867
423.013067
423.189667
423.259933
423.438733
423.819967
424.619800
424.852033
425.087567
425.456433
425.566467
425.588100
425.633700
425.666600
425.910133
426.275733
427.290533
427.564100
427.686933
427.787767
428.068967
428.098833
428.175200
428.208467
428.213700
428.217100
428.250267
428.314033
428.511300
428.569000
428.630833
428.655000
428.917700
429.798300
429.987767
430.987867
431.606967
431.677567
431.716967
431.940900
431.967067
432.015633
432.066567
432.190833
432.199667
432.245600
432.301900
432.416533
432.418500
432.450767
432.637733
432.915333
433.611867
434.090533
434.141267
434.623667
434.687067
434.809000
435.045667
435.216833
435.339533
435.366000
435.677133
436.294367
436.458567
436.568400
437.739400
438.481933
438.599500
438.924833
439.087267
439.234900
439.251233
439.332833
440.563633
442.801500
443.166067
443.231933
443.573967
443.788333
443.817433
445.928933
446.268267
446.451533
446.503867
446.558367
446.623733
446.654067
446.703233
446.752833
446.859867
446.891933
446.942267
448.037533
448.546767
449.373933
449.896400
450.394067
450.480700
451.663167
451.819867
452.054900
453.571233
454.918567
456.784000
457.624767
458.313633
458.453600
458.992600
459.039300
459.234800
459.305467
459.328733
459.449067
459.795100
461.982267
462.038633
462.190067
462.260233
462.299767
462.318600
462.571500
462.652267
462.983600
463.057900
463.085467
463.170667
463.330733
463.418067
463.564167
463.745200
465.486333
466.729633
467.195033
467.486367
467.569433
467.640833
469.405233
470.356333
470.404900
471.052233
471.129733
471.143833
471.233700
471.292833
471.382233
471.431500
471.447500
471.592567
471.643933
471.750000
471.818067
471.879367
472.020200
472.224333
472.915833
473.061700
473.110200
473.115933
473.217800
474.012733
474.099367
474.380733
475.806500
475.973967
477.213833
477.896500
478.226433
479.586467
480.436433
480.882167
480.973033
481.158733
481.500167
481.617800
481.782000
481.894567
481.947467
481.994967
482.033267
482.070800
482.211033
482.271433
482.298200
482.433400
482.541967
482.850633
483.367933
483.460533
483.489167
483.659967
483.742467
483.787833
483.803467
484.077767
484.213800
484.356533
484.559867
484.590000
484.643433
484.829767
484.994633
485.420367
485.457833
485.557767
485.751833
485.833600
485.908367
487.435033
487.509967
487.565500
487.611000
487.782233
487.959000
488.069400
488.222800
488.279933
488.303533
488.373400
488.400267
488.710767
488.895333
489.139300
489.935367
490.038300
490.232867
491.406667
491.503533
491.749967
491.842933
492.446433
492.834700
493.193400
494.445433
495.893300
495.973800
496.055267
496.084967
496.140067
496.470800
496.836167
497.365967
497.389600
497.612500
497.737767
498.364000
499.487567
500.304100
500.342400
500.392567
500.530600
500.961800
501.122367
501.169533
502.188933
502.368067
502.457600
502.488233
502.633033
502.658467
502.763800
502.911767
503.446167
503.514967
503.531167
503.665133
504.099233
505.157600
505.441067
506.146833
507.123467
507.442800
507.801700
507.840067
507.944933
507.949067
508.046667
508.248667
508.317167
508.355567
508.541300
508.587800
508.982167
509.033567
509.109100
509.288100
509.298000
509.369300
509.595700
509.718467
510.735200
511.478133
512.483700
512.832967
512.859033
512.920467
512.957633
512.988933
513.037767
513.094300
513.119033
513.147267
513.169967
513.223900
513.259633
513.328100
513.376400
513.426700
513.468400
513.577367
513.603033
513.851967
513.956967
514.019600
514.829433
514.890333
515.306700
515.585367
515.686133
516.178467
517.733200
517.794733
517.896600
518.181133
518.328700
518.555233
518.696300
520.001533
520.837433
520.842433
521.006367
521.059600
521.164667
521.445733
521.571267
521.644800
521.672767
521.715700
521.756533
521.814733
521.883767
521.962967
521.994033
522.614300
524.067733
524.109400
524.882267
527.587033
528.193000
528.222033
528.294567
528.524667
528.662833
528.871900
529.043700
529.109067
529.221267
529.260467
529.334500
529.617433
530.983600
531.123600
531.134100
531.372500
534.270833
534.404233
534.630867
534.737367
534.770567
534.809267
534.848600
534.869933
534.889500
535.017200
535.046867
535.078867
535.144567
535.173033
535.397167
535.415000
535.516067
535.570567
535.631700
535.702333
535.728600
535.755300
535.785300
536.629500
536.817900
537.079200
537.280867
537.417633
537.628633
537.729700
537.894200
537.955733
538.110533
538.500067
542.096100
542.133433
542.380433
542.445000
542.507033
542.578000
542.668533
542.728833
542.744967
542.804733
543.041767
543.072433
543.118367
543.235800
543.437433
543.462033
543.576600
543.969500
545.982633
546.619967
547.127633
547.624567
549.768100
550.218400
550.337733
550.561033
550.752767
551.282967
551.378367
551.443433
551.500300
551.671033
551.979067
552.128767
552.367967
552.790733
553.230100
554.106033
554.376300
555.201767
555.663900
556.050833
556.357233
556.418533
556.637833
556.691433
556.709767
556.719700
556.738867
556.786567
556.930600
557.401400
557.442900
557.493300
557.561467
557.611600
558.313233
558.573700
558.687033
558.706533
558.885133
559.037600
559.128133
559.210700
560.418167
560.481200
560.838767
560.906800
560.943600
560.960100
560.974533
561.044000
561.083133
561.104400
561.138367
561.162867
561.189867
561.250567
561.553167
561.573333
561.598267
561.725100
562.071167
562.966433
564.008833
564.598000
564.712800
564.921433
565.012267
565.107300
565.203833
565.278900
565.341800
565.357733
565.586033
565.604433
565.686800
565.815133
566.074533
566.154067
566.227867
566.276200
566.329067
567.478533
569.111700
569.199267
569.402633
569.432867
569.436900
569.508467
569.539667
569.579667
569.628800
569.787500
569.834633
569.937500
569.982133
570.101900
570.119600
570.149567
570.267967
570.284533
570.332800
570.528133
570.647933
570.701467
570.766933
570.828333
571.990433
572.629433
572.744533
572.815300
573.049400
573.887767
574.287767
574.392500
574.911500
575.642400
575.693267
576.147733
576.522033
577.338533
577.818400
578.258400
578.385400
578.463400
578.489800
578.628467
578.816900
579.159433
579.200567
579.901600
580.041833
580.318367
580.468600
580.831100
580.946200
581.045467
581.123867
581.600767
581.969533
582.020833
583.190733
583.208300
583.308200
583.399967
583.570633
583.725267
583.755167
583.995933
584.008733
584.429400
585.076267
585.194600
585.455933
585.636367
585.693100
585.896567
586.250667
586.270200
586.389633
586.391667
586.537733
586.686167
586.742700
587.022433
587.086100
587.177267
587.276033
587.336967
587.637600
587.949133
587.974700
588.215800
588.278067
588.580833
589.381867
589.633100
590.025467
590.531000
590.729500
590.927900
591.416400
591.709233
591.878533
592.336167
592.437867
592.533500
592.605200
592.711500
592.735400
593.121567
593.547067
593.596700
593.634600
593.742867
593.924100
594.462333
594.869533
594.959733
595.212533
596.137400
596.233767
596.406767
596.549567
597.401733
597.437200
597.457800
597.609667
597.715033
597.760767
597.941200
598.632767
600.246500
600.739833
601.738500
602.078033
602.169733
602.212667
602.231033
602.394567
602.451667
602.462467
602.608833
602.760200
603.039533
603.296300
603.862767
604.363833
605.388633
605.505867
605.558500
605.665100
605.689433
605.698700
605.754133
605.769900
605.796367
605.817567
605.849867
605.878633
605.952600
605.969000
606.009967
606.762600
606.815200
607.539000
607.902933
608.769433
608.791167
608.947967
608.989067
609.095300
610.310667
610.636300
611.036100
611.104767
611.146200
611.200800
611.337267
611.400000
612.729500
612.913700
613.859733
614.408133
615.018233
615.064133
615.833633
616.067267
616.071867
616.122300
616.342600
616.875933
617.275667
618.271033
618.369933
618.411600
619.102633
620.663300
621.135900
621.520367
621.655367
621.719200
621.781167
621.977600
622.585467
623.396133
624.600967
624.726200
624.888733
624.921867
625.054900
625.185400
625.316933
625.580433
625.776867
625.922100
626.611200
626.744100
626.826400
627.147667
627.533667
627.564700
627.847667
628.717833
629.500433
630.459167
630.922533
630.953900
631.020333
631.033833
631.207233
631.327867
631.389333
631.453600
631.494367
631.543800
631.988400
632.401100
632.485133
632.562833
632.746767
633.099267
633.510967
633.552567
633.879967
634.535933
634.904800
635.403367
635.410100
635.820133
635.876100
635.920133
636.006267
636.061367
636.074833
636.154233
636.207567
636.566900
636.594567
637.749033
637.916000
638.180900
638.196000
638.802533
639.453233
639.620933
639.648067
639.776200
640.187367
640.217067
640.244633
640.491300
640.623633
640.651033
640.917833
641.176067
641.322667
642.020433
642.127400
642.182867
642.937433
643.447733
644.336467
644.418733
644.449633
644.478900
644.592933
644.601933
644.623133
644.663533
644.861100
644.998267
645.069133
645.105133
645.186300
645.219533
645.370967
645.400133
645.439033
645.531867
645.733600
645.748567
645.949733
646.035633
646.321467
646.788767
646.916500
647.032967
647.273333
648.289033
649.222533
649.268633
649.354567
649.367500
649.913200
649.945967
649.988233
650.026033
650.358833
651.320933
651.491633
652.019833
652.785533
653.194600
654.471467
655.452500
655.603000
655.872633
656.440300
656.947667
656.976667
657.047700
657.157033
657.342400
657.448267
657.493900
657.513567
657.549933
657.607333
657.705500
657.843167
657.850200
657.999933
658.091200
658.154900
658.592500
659.665800
659.727133
659.791333
659.862900
661.119233
661.380300
661.582233
662.055867
662.122500
662.328600
662.430533
662.589133
662.793633
663.185300
665.556300
665.889000
665.916667
666.051400
666.190833
666.225133
666.251433
666.490900
666.533767
666.832333
666.966767
667.470833
668.075967
668.408033
668.593667
669.462133
669.540433
669.555067
669.687567
669.707800
669.715833
669.762833
669.857500
669.945633
669.947533
670.020067
670.043767
670.118733
670.164733
670.230733
670.368000
670.412667
670.437467
670.499267
670.590433
670.769367
670.859000
671.069567
672.263533
672.297167
672.404167
672.455967
672.651233
672.710767
672.853967
673.285700
673.631000
674.605400
675.493867
675.594567
675.638367
675.810100
676.380433
676.411967
676.508867
676.816767
677.272133
678.309300
678.363067
678.435767
679.166600
679.253067
679.359900
679.465733
679.519367
679.710567
679.873233
679.987533
680.025600
680.044667
680.178100
680.249533
680.467767
680.608567
680.875400
681.331667
682.852033
683.992333
684.085767
684.151333
684.250867
684.312033
684.504100
685.498233
686.214633
687.235600
687.617333
687.707000
688.075767
688.418467
689.008467
689.068333
689.225333
689.331867
689.367133
689.382633
689.419633
689.524333
689.583867
689.741900
689.822167
690.606467
690.879467
691.027933
691.407867
691.491967
691.705000
691.787167
691.903133
691.937733
692.284667
693.125733
694.676800
695.488467
695.515700
695.568367
695.906800
696.469900
696.546033
696.604700
696.697800
696.910467
696.968133
697.019767
697.067200
697.081633
697.886967
698.228100
698.396500
698.760967
698.822733
699.004767
699.107800
699.155000
699.190067
699.301167
699.334333
699.396467
699.553167
699.604067
699.664000
699.818700
700.885533
700.911233
701.016267
701.094000
701.524533
701.551733
701.615500
702.335833
702.787333
702.865733
703.192733
703.612800
706.166100
706.256200
707.224167
707.316800
707.348500
707.374967
707.380100
707.439600
707.790767
707.878833
708.242233
708.519033
708.570367
708.621267
709.059733
709.353700
709.685133
709.692267
709.748133
709.908567
710.692933
711.067233
711.763733
712.092733
712.201133
712.547500
712.599800
712.682433
712.750333
712.978700
713.152033
713.291800
713.647333
714.784367
715.472433
715.741100
715.825933
715.991200
716.128600
716.355600
716.620233
716.695367
716.861133
717.056467
717.270100
717.533967
717.765100
717.881900
717.938700
718.134800
719.358067
719.409733
719.612300
719.821300
719.980633
720.022833
720.051800
720.065733
720.119433
720.176100
720.191667
720.396700
720.663267
720.758100
720.956233
721.185000
721.804200
721.815133
721.954733
721.961400
722.090200
722.160500
722.208500
722.368467
722.563433
722.617933
723.332000
723.371933
723.591733
724.189700
724.601467
724.844433
724.962100
725.105900
725.120333
725.188033
725.765500
725.868400
725.945167
725.999567
726.131967
726.175267
726.303267
726.920200
727.012567
727.569700
727.629600
727.741200
727.898233
728.076333
728.340333
728.432333
728.803200
728.903767
730.563300
730.732200
731.019100
731.155667
731.658833
731.860233
732.486600
732.736800
732.862967
732.905700
732.965100
733.012000
733.105533
733.390700
733.475400
733.975933
734.410467
735.160600
735.345200
735.409733
736.509900
737.131900
737.165967
737.401767
737.408100
737.418600
737.435500
737.583667
737.643467
737.726167
737.742833
737.802833
737.915367
737.965400
737.981700
738.006167
738.022933
738.129267
738.305467
738.341033
739.426500
739.553133
740.303733
740.387667
740.455533
740.985333
741.078667
741.136833
741.496800
741.632100
741.708167
741.869933
742.222433
742.313000
742.611767
742.772600
743.110467
743.346067
743.427567
743.483567
743.519967
743.561433
743.664567
744.377367
744.752667
744.793367
744.934000
745.057300
745.126467
745.269200
745.386167
745.490833
745.539033
745.571467
745.598067
746.246033
747.335733
747.473667
748.514767
748.772967
748.983500
749.708800
750.247400
750.708533
750.923100
753.610933
753.927167
754.229933
754.449133
754.645033
754.690900
755.084867
755.749533
756.207733
756.212067
756.246767
756.281500
756.329667
756.348867
756.404967
756.615900
756.670100
756.677800
756.850933
757.024533
757.091400
757.161733
758.306067
758.842567
758.880200
758.984567
759.017233
760.099933
760.751233
760.892567
760.930600
761.017667
761.523133
761.642800
762.329500
762.437900
762.561800
762.602633
763.658167
763.794533
763.840500
764.055233
764.162733
764.564667
764.684167
765.734867
766.080633
766.618700
766.623867
766.644667
766.787367
767.045733
767.115533
767.307200
767.403833
767.413867
767.455667
767.748733
767.857200
767.898233
768.301100
768.658567
768.827533
768.929633
768.983067
770.780867
770.922200
771.056700
771.117733
771.230200
771.243767
771.410967
771.478667
771.559500
771.881800
771.891367
772.162167
772.214633
772.779067
773.781100
773.864700
774.061367
774.073400
774.913033
775.008133
775.236900
775.298700
775.302833
775.344833
775.436033
775.472967
775.483667
775.630533
776.289900
777.531533
777.565533
777.707367
777.744867
777.921867
777.970300
778.128067
778.647700
780.323033
780.550533
780.726133
780.813600
780.888767
781.001667
781.497800
782.204000
782.497000
782.592100
782.753067
783.145800
783.512433
783.786300
784.231967
784.256867
785.312067
785.340667
785.385667
785.669500
785.895033
786.444000
786.696100
786.894400
787.852167
787.889833
787.997133
788.089867
788.151433
788.156000
788.193500
788.262867
788.333400
788.391300
788.717367
788.925167
789.255900
789.452733
789.822900
789.844000
789.896500
790.308367
790.334333
790.505533
790.667767
791.140233
791.232133
791.530367
792.681267
793.435533
793.471900
794.246700
794.295833
794.328067
794.752933
794.871333
794.874900
794.904533
794.997767
795.003800
795.049867
795.132433
795.140633
795.346900
795.529500
795.630833
795.674800
795.853667
795.910467
796.060133
796.084733
797.415100
798.717533
799.395300
799.757900
800.157600
801.028633
802.757800
802.931600
802.996000
803.289133
803.585867
803.739000
803.742500
803.918767
804.234500
805.099167
805.236567
806.316333
806.582633
808.076400
808.267667
808.288933
808.321300
808.379500
808.434733
808.606433
808.712033
809.034733
809.071433
809.159433
809.193600
809.408333
809.464300
809.637500
809.897333
812.297600
812.322067
812.446033
812.492067
812.560400
813.163500
813.328467
813.545500
813.790500
813.977200
814.050467
814.196500
814.441833
814.468900
814.632567
814.681067
814.716800
814.766300
815.114600
816.147467
816.242667
816.435833
816.476633
818.684633
818.698667
818.702333
818.726367
818.787567
818.840467
819.071267
819.107767
819.150267
819.433933
819.750200
819.893633
819.946733
820.130800
820.254433
820.509567
821.133600
821.729733
822.075167
822.663333
822.750267
822.821300
822.976400
823.885200
823.958100
824.087933
824.699433
825.638267
825.695133
825.778433
825.802967
825.891133
825.935633
825.970700
826.175733
826.238067
827.255033
827.286767
827.716100
827.752167
827.983133
828.361000
828.396800
830.073000
830.197267
831.122067
831.418533
831.457100
831.692267
831.799133
832.257933
832.272833
832.531067
832.627967
832.709667
832.730100
832.789367
833.248667
833.622333
833.666967
833.717067
833.800733
833.808767
834.166900
835.283267
835.331033
835.714633
835.833833
835.974900
836.423300
836.508967
836.696700
836.852133
837.169800
837.349233
837.574800
838.024800
838.429133
838.465800
838.484733
838.518600
838.579800
838.867200
839.343967
840.725500
840.965967
841.117967
841.121500
841.508633
842.775467
843.606267
844.587533
844.694500
844.820433
844.870067
844.873700
844.944333
845.150067
845.234767
845.670733
846.007500
847.778333
847.831233
848.006300
848.175400
848.943500
849.121267
849.349167
849.540967
849.911400
849.935133
850.019200
850.177933
850.412300
851.782833
852.750000
852.995200
853.212200
853.562200
853.786267
853.981200
854.787567
854.992100
855.130033
855.590167
857.725533
859.149000
859.251567
859.779900
860.057667
860.307600
860.384000
860.532967
861.227267
862.640100
862.680933
862.707100
862.782267
862.829033
862.861833
862.950133
863.301767
863.386700
863.389933
863.426067
863.457400
863.502033
863.562667
863.573167
863.825167
863.873767
863.894033
863.941100
864.007567
865.507133
868.219600
868.502500
868.604133
868.695400
868.736233
868.820900
869.220633
870.557733
871.561400
871.989767
872.303167
872.505833
872.513367
872.528167
872.636500
872.732033
872.748600
872.881833
872.988233
873.252400
873.298633
873.424067
873.578100
873.708900
873.735033
873.856533
874.108733
874.497767
875.109600
875.320700
875.829233
876.841100
876.885067
876.892967
877.819933
877.941533
878.086633
878.205500
878.676667
878.901600
879.041100
879.125700
879.570733
879.655433
879.687233
879.783033
880.020500
880.568000
880.795833
880.842467
880.873233
880.884733
881.020733
881.096567
881.145567
881.496167
882.150933
882.476000
883.174867
883.282200
883.537633
883.644833
884.181100
884.283400
884.352800
885.251700
886.100133
888.035433
888.205200
888.624433
889.041433
890.519467
890.563000
890.752400
890.790033
890.829433
890.867300
890.971333
890.995633
891.316467
891.458333
891.568000
891.618100
891.636100
891.778433
891.835067
891.854200
891.993267
893.436233
894.130700
894.225900
894.241067
894.362400
894.610233
894.640233
895.034567
895.154667
895.195000
895.311733
896.265467
896.417533
897.413200
898.143200
898.238733
898.323633
899.452067
899.534967
899.580900
899.655500
899.658867
900.248167
900.293600
900.353000
900.448967
900.615600
900.838667
901.990300
903.093133
903.145533
903.220167
903.255800
903.784400
903.859400
904.014200
904.031833
904.046267
904.158933
904.210600
904.276900
904.330267
904.404833
904.435933
904.458033
904.607000
904.750600
904.781000
904.864867
905.871600
906.040867
906.650000
906.699067
907.003933
907.265367
907.466533
907.636900
907.686633
907.945600
908.207400
908.307800
908.474933
908.517867
909.133900
909.302867
909.430633
909.485100
909.568100
909.632100
909.770533
909.893600
910.030367
910.236100
910.325533
910.348200
910.488900
910.523433
910.606233
910.792600
910.834567
910.900767
910.977500
911.018967
911.225467
911.264800
911.317833
911.373200
911.738700
912.059733
912.313133
912.511667
912.665433
912.744300
912.928533
913.130667
913.306400
913.387633
913.436833
913.720233
913.813567
914.542400
914.648967
915.074867
915.218733
915.300233
915.324167
915.379267
915.417400
915.548167
915.607000
915.741433
915.758600
915.949300
916.433333
917.030733
917.147667
918.059800
918.237100
918.451600
918.594700
918.731933
918.835700
919.084867
919.295333
919.358233
919.516967
919.572800
919.618633
919.689167
919.845267
920.056167
921.324467
922.650100
922.691700
922.858433
923.028967
923.129333
923.278167
923.294333
923.799433
923.847833
924.208600
924.470433
925.159367
925.684100
925.933100
926.991367
927.005033
927.166467
927.275267
927.599933
927.775100
927.842667
927.846800
927.906533
927.913400
927.928633
927.996967
928.211100
928.232700
928.370467
929.573233
931.115667
931.146033
931.216100
931.388733
931.587200
931.608033
931.862600
931.907967
931.952500
932.019767
932.229000
934.196500
934.207600
934.686000
934.789467
935.230467
935.259200
935.332867
935.477233
935.704333
936.195400
937.227267
937.982333
938.017567
938.056967
938.095867
938.178667
938.219800
938.268933
938.319400
938.667067
939.179067
939.217933
939.252133
939.255633
939.265967
939.500000
939.909967
939.983533
940.448600
940.528567
941.464967
941.947767
942.050967
942.115233
942.374467
942.477367
942.606633
942.704300
942.761700
942.787300
942.808833
942.833400
943.120067
945.549300
945.906567
946.581300
946.728033
947.724067
947.982133
948.027800
948.363967
948.377733
948.445900
948.504500
948.560333
948.725633
948.813100
948.896533
949.239433
949.574267
950.097167
951.963800
952.020700
952.197167
953.360067
953.668900
953.884633
954.300933
954.759667
955.120333
956.052067
956.105133
956.193633
956.284733
956.609667
956.720467
956.765867
956.983500
957.011167
957.065100
957.799067
957.860467
958.712333
959.321300
959.567633
959.964667
960.352833
960.784900
961.190033
961.285833
961.347900
961.375633
961.389600
961.410533
961.480067
961.552633
961.619700
961.636500
961.751667
961.791567
961.821300
961.835733
961.884267
961.900767
962.208900
962.211567
962.347867
964.238900
964.468600
964.495167
964.496800
964.588267
964.645600
964.667033
964.753100
964.937067
964.977100
965.178333
965.392933
965.415133
965.463233
965.499767
965.782367
965.959767
966.306867
966.350000
966.945533
967.446333
967.486800
968.840733
968.904467
971.140433
971.279767
971.322200
971.787733
971.890567
971.976633
972.525767
973.107000
973.195333
973.366300
973.678067
973.797267
973.806333
973.835533
973.891467
973.912633
973.918400
974.228367
974.515867
974.563100
974.662567
974.838167
974.990833
976.265267
976.599467
976.768933
976.811467
977.020300
977.139367
977.733067
977.845767
977.966133
978.246067
978.491567
978.776533
978.850167
978.877567
978.920933
978.936133
978.955267
978.993933
979.026933
979.044833
979.224333
979.303300
979.355667
979.401700
979.780900
980.399233
980.995400
981.037967
981.441567
982.463367
982.573300
982.669400
982.725767
982.756567
982.863100
982.880067
982.937967
983.138433
983.168333
983.177867
983.179900
983.234667
983.254667
983.264333
983.298700
983.485933
983.879067
983.946600
984.730633
984.889300
985.375967
985.381367
986.288567
986.324933
986.675200
986.892833
987.005300
987.048067
987.098233
987.101167
987.170167
987.207300
987.255367
987.308833
987.451733
987.537200
988.716133
990.203633
990.439200
990.694133
992.749333
993.495067
993.548200
993.618867
993.845867
993.867433
993.889267
993.973267
994.014200
994.129733
994.133067
994.231033
994.289433
994.446633
994.516833
994.541967
994.581567
994.651467
994.903867
995.085533
995.230633
995.696600
997.391500
997.424600
997.434433
997.672900
997.708833
998.258000
998.397033
998.547100
998.829933
1000.655133
1000.753800
1000.904867
1001.938533
1002.009233
1002.233033
1002.281300
1002.369833
1002.435933
1002.490033
1002.521200
1002.602200
1002.652933
1002.804900
1002.935633
1002.947167
1003.051167
1003.311667
1003.454567
1003.525467
1003.551267
1003.812933
1004.001333
1004.066500
1006.103767
1008.540633
1008.926367
1010.201600
1010.485200
1010.514667
1010.604900
1010.925800
1011.060800
1012.149900
1012.431433
1013.101467
1013.359633
1013.384600
1013.792000
1013.930300
1013.985367
1014.024500
1014.044067
1014.122833
1014.162700
1014.182300
1014.230067
1014.459367
1014.577500
1014.739833
1014.840667
1014.980400
1015.024600
1015.098367
1015.136967
1015.196933
1016.814800
1016.856933
1017.007300
1017.484100
1017.813033
1018.293267
1018.355167
1018.397400
1018.741033
1018.965633
1018.996767
1019.037767
1019.116933
1019.160400
1019.204167
1019.278467
1019.459933
1019.612667
1019.652267
1019.686467
1019.808133
1020.283400
1021.366367
1021.401600
1021.511700
1021.604367
1021.637900
1022.145367
1022.220100
1022.693000
1023.154900
1023.833933
1025.361267
1025.534733
1025.577000
1025.695900
1025.875667
1025.994800
1026.051033
1026.081833
1026.202767
1026.251667
1026.473500
1027.511833
1027.594600
1027.624267
1027.693400
1027.751467
1027.938400
1027.988267
1028.037433
1028.069700
1028.973967
1029.379400
1029.490100
1029.510367
1029.685100
1029.770933
1029.861133
1030.395067
1030.415300
1030.643433
1030.804867
1030.913733
1031.125833
1031.517867
1031.631133
1032.149300
1032.371000
1032.829733
1033.227467
1033.281700
1033.994167
1034.089433
1034.297633
1034.469500
1035.651533
1035.717267
1035.796700
1035.900733
1035.969033
1036.037433
1036.176367
1036.241700
1036.348133
1036.396600
1036.655433
1036.673867
1036.709533
1036.899333
1037.085033
1037.486033
1037.583533
1037.608267
1037.954667
1038.280767
1038.404100
1038.503933
1038.909167
1038.988800
1039.199767
1039.327667
1039.386133
1039.404567
1039.448833
1039.674300
1039.815767
1040.315867
1040.992800
1041.078867
1041.206567
1041.336133
1041.367267
1041.402867
1041.645067
1041.670400
1041.805367
1041.825133
1042.173867
1042.536067
1043.182433
1043.518300
1046.181800
1046.263500
1046.618267
1046.620167
1046.967133
1047.060200
1047.533800
1047.709800
1047.774967
1047.858367
1048.044533
1048.582033
1049.229233
1049.517767
1049.545800
1049.555000
1049.642233
1050.357767
1050.597200
1050.631967
1050.686733
1050.980900
1050.989033
1052.171667
1052.436967
1052.459467
1052.527200
1052.555367
1052.630433
1052.667167
1052.725900
1052.764267
1052.787967
1052.932333
1052.981300
1053.069767
1054.313400
1055.323933
1055.456167
1055.552333
1055.603033
1055.676400
1055.691933
1055.703733
1055.736767
1055.848067
1056.041900
1056.057133
1056.205500
1056.353900
1056.399233
1056.469167
1056.545900
1056.580733
1057.609467
1057.679533
1057.888733
1058.572567
1059.737433
1059.795100
1059.946767
1059.967733
1060.208300
1060.292867
1060.534567
1060.702167
1060.798867
1060.957867
1061.213233
1061.828100
1062.237400
1062.263033
1062.293267
1062.338733
1062.361300
1062.449967
1062.573267
1063.231900
1063.649667
1063.753200
1063.855767
1063.877933
1063.989433
1064.110900
1064.210300
1064.965300
1065.057633
1065.345800
1065.419900
1065.448867
1065.586100
1065.606500
1065.635767
1065.737900
1066.184300
1066.330067
1066.721100
1066.768367
1066.917200
1067.467000
1068.490300
1069.041233
1069.143667
1069.257133
1069.270633
1070.398300
1070.485533
1070.565300
1070.661267
1070.696167
1070.823167
1070.976267
1071.036967
1071.380033
1071.600200
1071.694000
1071.808533
1071.908933
1072.097100
1073.311900
1073.611467
1073.724600
1073.796900
1073.902867
1073.948833
1074.302667
1074.517933
1074.572200
1074.759700
1074.816400
1074.881667
1074.968200
1075.462033
1075.541400
1075.595033
1075.796833
1075.811367
1075.920967
1075.986067
1076.202433
1076.269000
1076.801233
1077.653200
1078.557300
1078.893000
1079.136367
1079.295233
1079.656267
1079.711267
1079.751767
1079.780133
1080.017867
1080.062067
1080.198333
1080.498433
1081.589300
1081.797600
1082.019900
1084.168633
1085.231667
1085.899067
1086.931900
1088.697300
1088.822100
1088.854133
1089.278467
1089.360300
1089.363167
1089.741733
1090.026000
1090.544967
1090.899800
1092.667100
1092.830533
1092.833833
1092.866433
1093.410333
1094.064500
1094.208167
1094.520667
1094.602233
1094.709200
1095.404667
1096.294367
1096.491333
1096.533900
1096.550233
1096.661033
1096.670767
1097.468867
1097.720333
1097.757600
1097.805633
1097.940000
1098.115633
1098.132967
1098.389667
1098.453700
1098.559567
1098.595000
1098.694133
1098.753300
1098.820367
1099.042433
1099.093200
1100.422433
1100.658267
1101.136467
1101.506600
1101.994733
1102.154667
1102.325400
1102.352300
1102.518933
1102.552833
1102.801667
1102.870667
1102.977567
1103.087000
1103.161800
1103.231733
1103.275367
1103.319233
1103.559300
1103.803033
1104.045767
1104.256800
1104.861867
1105.596067
1106.453933
1106.724700
1106.805033
1107.204500
1107.315467
1107.511967
1108.243933
1108.863000
1108.924000
1109.250033
1110.355533
1110.467400
1110.498300
1110.548833
1110.559600
1110.580300
1110.644933
1110.729200
1110.796700
1110.950333
1110.995467
1111.144800
1111.158633
1111.454967
1111.474000
1111.574967
1111.806200
1112.039233
1112.215567
1113.041000
1113.133433
1113.148367
1114.120600
1114.155200
1114.245333
1114.305000
1114.359533
1114.434067
1114.608267
1114.684667
1114.774967
1114.862400
1116.509500
1116.557400
1117.364767
1117.665700
1117.775867
1117.824267
1117.907400
1118.088867
1118.148100
1118.211567
1118.228800
1118.233900
1118.345967
1118.496033
1118.581367
1118.621433
1118.657233
1118.985000
1120.127467
1120.284733
1120.336033
1121.217933
1121.295900
1121.490867
1121.919833
1122.118233
1122.130567
1122.153600
1122.387867
1122.399100
1122.554667
1122.611867
1122.870900
1122.958400
1123.037833
1123.314567
1123.442400
1124.103633
1124.419767
1124.672167
1124.741100
1124.881200
1125.004567
1125.071833
1125.096467
1125.134233
1125.213233
1125.392767
1125.525833
1125.550500
1125.621333
1125.643500
1125.793300
1125.884133
1125.904400
1125.982900
1126.082967
1126.163933
1126.225667
1126.280433
1126.441233
1128.774633
1129.118133
1129.125167
1129.326900
1129.404033
1129.419967
1129.820633
1129.946067
1130.136767
1130.236167
1130.296700
1130.427133
1130.545700
1131.329900
1132.819867
1133.095867
1133.204167
1133.530200
1134.186067
1134.994167
1135.102600
1136.480733
1136.788033
1136.933867
1137.227733
1137.277133
1137.283200
1137.393700
1137.530400
1137.551467
1139.555133
1140.613700
1141.654400
1141.691733
1141.819567
1141.846733
1141.883800
1142.006600
1142.254033
1143.066700
1143.099200
1143.188567
1143.384700
1143.424900
1143.521033
1143.567767
1143.695833
1143.875433
1143.976567
1143.986767
1144.010133
1144.086167
1144.405133
1144.453167
1144.558500
1144.586833
1144.713867
1144.741267
1144.777467
1144.946367
1145.087133
1145.191900
1145.256533
1145.446433
1145.918300
1146.781100
1146.791567
1146.902167
1147.032367
1147.201267
1147.966033
1147.994100
1148.116300
1148.229900
1148.507533
1148.682100
1148.985733
1149.280733
1149.290200
1149.425767
1149.464967
1149.513633
1149.589433
1150.636167
1152.065867
1152.461233
1152.926033
1153.344533
1153.844400
1153.862167
1153.892733
1153.948900
1154.066433
1154.252067
1154.470000
1154.526400
1154.625900
1154.684233
1154.926100
1155.039333
1155.240300
1155.916400
1156.441633
1157.116133
1157.551200
1158.211467
1158.337167
1158.416267
1158.456967
1158.565133
1158.676600
1158.696067
1158.700367
1158.742333
1158.812600
1158.937067
1158.956267
1158.985333
1159.169300
1159.174733
1159.267467
1159.284467
1159.360900
1159.452700
1159.502700
1159.543967
1159.776767
1160.845033
1160.893267
1161.052267
1161.594733
1161.832033
1162.161500
1162.301200
1162.430367
1162.812367
1163.178767
1163.210300
1163.256067
1163.448933
1163.785633
1163.821200
1163.901467
1164.070933
1164.294833
1165.251700
1165.390067
1165.979033
1166.109067
1166.990800
1167.019867
1167.087300
1167.182033
1167.406767
1167.487733
1167.544233
1169.366533
1169.998333
1170.305267
1170.366833
1170.451800
1170.504467
1170.528333
1170.738433
1171.028000
1171.190467
1171.333267
1172.301533
1172.450267
1172.518200
1172.557467
1173.609633
1174.219400
1174.471933
1174.577200
1174.689867
1174.754467
1174.885400
1174.945467
1174.962700
1175.068000
1175.183433
1175.341667
1175.398600
1175.724133
1175.796400
1175.831233
1176.166900
1176.199833
1176.825967
1178.185833
1178.229833
1178.865100
1179.077733
1179.396833
1180.419633
1180.653467
1180.810433
1180.999200
1181.014533
1181.052800
1181.110733
1181.130433
1181.147700
1181.234300
1181.261267
1181.303533
1181.451600
1181.511167
1181.562300
1181.630400
1182.072367
1182.927733
1182.991700
1183.491700
1184.169567
1184.986767
1186.091233
1186.180900
1186.193700
1186.228500
1186.266367
1186.362867
1186.368733
1186.445733
1186.463067
1186.466233
1186.520000
1186.575500
1186.611367
1186.766567
1186.838633
1186.872667
1186.896733
1186.933667
1186.951833
1186.972167
1187.031933
1187.128167
1187.228233
1187.246233
1187.337700
1187.362633
1187.454900
1187.851767
1187.875433
1188.255233
1188.433933
1188.695367
1188.919867
1189.318933
1190.391633
1192.593600
1192.830433
1192.923767
1193.013000
1193.130000
1193.497533
1193.539900
1193.903767
1194.670833
1195.307767
1195.714900
1196.033067
1196.257800
1196.777600
1196.808567
1197.001733
1197.027567
1197.133767
1197.323067
1197.455333
1197.473433
1197.477400
1197.494700
1197.523700
1197.540200
1197.562400
1197.670533
1197.756867
1197.893833
1197.989333
1198.028733
1198.044967
1198.060467
1198.081467
1198.270467
1198.333200
1198.500267
1198.540967
1199.208100
1200.475700
1201.223667
1201.293767
1201.338333
1201.429100
1202.160267
1202.407833
1202.476633
1202.515133
1202.661400
1202.763800
1202.833667
1202.862200
1202.987200
1203.035200
1203.085300
1203.137133
1203.182133
1203.225367
1203.289700
1203.486100
1203.554167
1203.580367
1203.627867
1203.657400
1203.876167
1204.354067
1205.248367
1206.116433
1206.277667
1207.646067
1207.783500
1207.977400
1208.133633
1208.267800
1208.396533
1208.419467
1208.474900
1208.483133
1208.521233
1208.585500
1208.646700
1208.696433
1208.747500
1208.793800
1208.874667
1208.918267
1208.948633
1209.053033
1209.089333
1209.129667
1209.375400
1209.803767
1210.290067
1210.348467
1210.381800
1210.482833
1210.634533
1211.268367
1212.135300
1212.172633
1212.245867
1212.394500
1212.729800
1213.169667
1213.234733
1213.317100
1213.359667
1213.536933
1213.571067
1213.922133
1213.982533
1214.146967
1214.188933
1214.375400
1214.815567
1215.988367
1216.692667
1217.240800
1217.296100
1217.368633
1217.505867
1217.579533
1218.100067
1218.482900
1218.712700
1219.383300
1220.838067
1220.913967
1221.011633
1221.055933
1221.178567
1222.255233
1222.849433
1222.966633
1223.065033
1223.116167
1223.147267
1223.244200
1223.280833
1223.511867
1223.604300
1223.637967
1223.779433
1223.823767
1223.904900
1223.993133
1224.026967
1224.043367
1224.126967
1224.308067
1224.396000
1224.664267
1224.765467
1224.862000
1225.037667
1225.076767
1225.505567
1225.545033
1225.645200
1225.743800
1225.865567
1226.036033
1226.922833
1226.964033
1227.682600
1227.977267
1228.196967
1228.266233
1228.322833
1228.374900
1228.810267
1229.211967
1229.386233
1229.443000
1229.626667
1229.650067
1229.706233
1229.769567
1230.690367
1230.954300
1231.970567
1231.988000
1232.938867
1233.693567
1233.863300
1233.956600
1234.037800
1234.044133
1234.070433
1234.357967
1234.552267
1234.647967
1234.874600
1235.199333
1235.314500
1235.534600
1236.997633
1237.426633
1237.685500
1237.758833
1237.917500
1238.004100
1238.064500
1238.276467
1238.509700
1238.614433
1238.655400
1238.820733
1238.854300
1239.090667
1239.532100
1239.562100
1239.673367
1239.684867
1239.688267
1239.708333
1239.778400
1239.830767
1239.847033
1240.942000
1241.032100
1241.060000
1241.294767
1241.329633
1241.355133
1241.393767
1241.519900
1241.563767
1241.610167
1241.615767
1241.836800
1241.838967
1241.860933
1242.023033
1242.054967
1242.081700
1242.262700
1243.421000
1243.962900
1244.962500
1245.123733
1245.403300
1245.689667
1245.753700
1245.806833
1245.872733
1245.989533
1246.020933
1246.085067
1246.154900
1246.207133
1246.351000
1246.402433
1246.424667
1246.444600
1246.489800
1246.501767
1246.743300
1247.731467
1248.128667
1248.887467
1249.028667
1249.183700
1249.391167
1249.803067
1249.836833
1249.936600
1250.018967
1250.184400
1250.303767
1250.358500
1250.461700
1250.741167
1250.775533
1250.887500
1251.053067
1257.161733
1258.536767
1258.611433
1258.750100
1258.774600
1258.858200
1258.940333
1259.096200
1259.140200
1259.184633
1259.214500
1259.265333
1259.515200
1259.532600
1260.071167
1260.147600
1260.184300
1260.270200
1260.455667
1260.717933
1262.027133
1262.169467
1262.360833
1262.487633
1262.541033
1263.221700
1263.909600
1263.942300
1264.385433
1264.706867
1265.043433
1265.403100
1265.445567
1265.575367
1266.384200
1266.584467
1267.158767
1267.257567
1267.284833
1267.615967
1267.674333
1269.093533
1270.425933
1270.667033
1270.674867
1270.696600
1270.742167
1270.788967
1270.831933
1271.428267
1272.246600
1272.278833
1272.534333
1273.005700
1273.024800
1273.070867
1273.095867
1273.155067
1273.223033
1273.270967
1273.315967
1273.380900
1273.471633
1273.536233
1273.662600
1273.710967
1273.917100
1274.059100
1274.120833
1274.181433
1274.244133
1274.286833
1274.478233
1274.648133
1274.699667
1275.396067
1275.585667
1275.708600
1275.795433
1275.808233
1275.965433
1276.011200
1276.053333
1276.166233
1276.192733
1276.254933
1276.271100
1276.286667
1276.521267
1276.675033
1277.527200
1278.678333
1279.538700
1279.982667
1280.750900
1280.950500
1281.043633
1281.116367
1281.153200
1281.192333
1281.223000
1281.244133
1281.328567
1281.456200
1281.809200
1281.868300
1282.507533
1283.941700
1284.124400
1284.582467
1284.749333
1284.869133
1285.408733
1285.508200
1285.576933
1285.842833
1285.870267
1285.919167
1285.940633
1286.044267
1286.157467
1286.208267
1286.249733
1286.479900
1286.602467
1286.882433
1286.918200
1287.008200
1287.138367
1287.155000
1287.202400
1287.263967
1287.321233
1287.413000
1287.634200
1287.658467
1287.732767
1287.894200
1288.100033
1288.964433
1289.136967
1289.233167
1290.039600
1290.137167
1290.222233
1290.412867
1290.631300
1290.816200
1290.930900
1290.936200
1291.024733
1291.061100
1291.160000
1291.186033
1291.289767
1291.446000
1291.669200
1291.766267
1291.793733
1292.332033
1293.931600
1294.359600
1294.604600
1295.308633
1295.738133
1295.790800
1295.892600
1295.959333
1296.008600
1296.075067
1296.124033
1296.151000
1296.206000
1296.248300
1296.299700
1296.368033
1296.426767
1296.489733
1296.976867
1296.992833
1297.029133
1297.093467
1297.946833
1297.959733
1298.071133
1298.446767
1298.912000
1299.060867
1299.843467
1300.332533
1301.582733
1302.919300
1302.940567
1303.133800
1303.258333
1303.307733
1303.399267
1303.513733
1303.651733
1303.710133
1303.890767
1303.904333
1303.976900
1304.023900
1304.104433
1304.254000
1304.286233
1304.508467
1305.464967
1306.996067
1307.647200
1308.092267
1308.097067
1308.228333
1308.262000
1308.448533
1309.048633
1309.767933
1309.839067
1309.878700
1309.929767
1310.025367
1310.040333
1310.206933
1310.340933
1310.577333
1310.629833
1310.673633
1310.696867
1310.797233
1310.948300
1311.405200
1312.797567
1313.054200
1313.082133
1313.100800
1313.191533
1313.252067
1313.310700
