0.110767
9.519267
27.718067
33.780833
83.320533
93.157500
94.406700
94.467300
94.503367
94.556167
95.371200
144.980700
152.284333
152.358067
161.208133
163.943133
167.769267
170.924233
181.625233
181.829833
188.338833
188.435367
188.549333
215.013500
235.320233
235.417900
235.420767
235.936400
244.919833
250.958867
258.664033
259.091967
262.955267
263.159067
264.995800
265.163367
265.435667
265.472300
265.503500
265.523600
265.566300
268.334533
268.350533
271.507000
271.578833
286.493200
296.048067
305.118867
305.180100
305.292367
316.959667
317.040700
331.350400
331.894967
347.217167
352.018967
356.502433
359.775867
365.126500
370.863300
371.224233
386.988300
393.910500
394.107267
404.027000
408.201367
408.311967
408.970333
421.781033
436.796800
442.758433
463.052433
472.721867
482.597100
483.375233
483.451800
483.579933
483.717133
483.864133
483.957567
484.322133
485.294800
485.303733
485.486533
486.005867
486.032200
486.055033
498.126700
498.130800
500.262067
500.313567
500.451533
520.754433
522.319267
522.689300
522.762233
536.525633
572.197733
578.766600
579.092367
579.150000
579.196400
579.435567
584.028167
584.070367
584.088300
584.799167
584.801500
584.837800
589.953133
611.153000
621.402433
621.437800
625.717600
632.324433
632.382467
633.299367
637.671233
637.786233
637.790767
660.934267
664.745733
676.357633
692.270867
706.152867
707.961800
708.488600
715.773400
715.850333
717.522767
717.559867
717.574033
717.581567
717.691600
720.592167
720.624600
720.678133
720.686933
721.130733
729.565067
729.710367
733.426967
750.492867
750.595700
758.732433
775.976067
786.585600
790.318833
790.364567
798.266467
810.230467
812.636567
823.720700
825.802533
836.544167
836.670900
836.721933
837.301833
861.238933
876.587167
877.742767
879.115867
906.859033
909.048600
909.826967
911.576633
911.642533
911.736433
940.366733
942.650200
942.729233
942.858767
950.186100
967.188767
967.206600
974.167700
974.587867
974.603233
974.661433
987.264667
987.291367
998.301667
998.444033
998.559567
998.592300
998.594367
998.681767
1027.090467
1027.181133
1030.482567
1030.508433
1036.484067
1036.509333
1041.132900
1041.191000
1046.101400
1047.532567
1047.636400
1047.680500
1060.221033
1060.231400
1060.247133
1060.255333
1060.293667
1060.375233
1060.470400
1060.629100
1073.140967
1073.845233
1079.500067
1085.409033
1114.796433
1120.037033
1133.115067
1136.678633
1136.687467
1150.696833
1150.793833
1154.048567
1154.227633
1154.337700
1160.708467
1167.778467
1178.049867
1178.129533
1178.166000
1178.255200
1189.056133
1193.056900
1193.209467
1199.783733
1210.297800
1210.403967
1213.281100
1233.137633
1234.472267
1234.649633
1234.658367
1235.029667
1235.052967
1235.119567
1235.122900
1259.317933
1259.321000
1259.402667
1260.724400
1261.307867
1265.038933
1265.050267
1270.882467
1308.183133
1310.689667
1311.048200
1311.062267
