0.099100
0.182100
0.344900
0.456267
0.499700
0.861800
1.043133
1.348067
1.608067
1.868100
2.185400
2.314700
2.351667
2.533833
2.620800
3.264133
3.320467
3.448167
3.589833
3.789967
3.888967
4.086767
4.142100
4.668733
4.754667
4.800733
4.987633
5.319067
5.763500
6.279600
6.782800
6.841367
6.980367
7.355033
7.392167
7.555500
7.599800
7.778533
7.873233
8.136533
8.298933
8.626600
8.973133
9.012633
9.377133
9.944333
9.994267
10.157633
10.495933
10.560667
10.644700
10.723767
11.011033
11.261433
11.312600
11.375467
11.928333
11.995000
12.072700
12.651067
12.676800
12.909967
12.934133
13.074267
13.262400
13.597367
13.639800
13.868133
14.146867
14.260967
14.576867
14.616067
14.708867
14.979467
15.958833
16.632467
16.775333
16.802900
17.172267
17.232500
17.361033
17.430133
17.713900
18.263467
18.367600
18.452000
18.704400
18.713700
19.186933
19.354633
19.696100
19.757933
19.875467
20.068667
20.411667
20.565400
20.642000
20.696467
20.878467
20.947400
21.139500
21.412900
21.595833
21.656800
21.833967
22.044300
22.171533
22.993200
23.347567
23.642900
24.188300
24.445467
25.102767
25.591267
26.041200
26.261133
26.860000
27.232667
27.315933
27.353567
27.765267
27.809533
28.292300
28.396700
28.512367
28.913600
28.957367
30.153533
30.480833
31.113200
31.149167
31.175967
31.538000
31.668500
31.726300
31.807467
32.418433
32.501033
33.094967
33.363233
33.497467
33.680033
33.740100
33.760433
33.975467
34.187033
34.494033
35.062767
35.141300
35.505000
35.735167
36.000967
36.222400
36.311867
36.474167
36.845167
36.878733
37.283500
37.489867
37.658267
37.775000
38.136600
38.233233
38.403633
38.567800
38.791733
38.816667
38.891000
39.175600
39.249567
39.691633
39.731800
39.778867
40.670067
41.710900
41.928000
42.130433
42.369900
42.531167
42.845867
43.293167
43.855700
44.030833
44.368400
44.528600
44.988500
45.532933
45.589800
45.739933
45.868100
45.901900
46.421600
46.641767
47.180233
47.431967
48.731867
48.868500
49.019067
49.111100
49.172333
49.358400
49.530433
49.689067
49.725633
50.021033
50.832533
50.870833
50.971267
52.128333
52.249267
52.289600
52.376867
52.559033
53.040400
53.528433
53.678933
54.124733
54.297900
54.569100
54.895500
54.917900
54.971200
55.397500
55.431567
56.147200
56.238900
56.588067
56.759033
56.868100
57.054300
57.271567
57.366533
57.598500
57.875567
57.930033
57.971600
58.119333
58.241367
59.190967
59.454033
59.759200
59.974000
60.066533
60.140967
60.391967
60.703333
61.265100
61.567833
61.591967
61.641667
62.951000
63.099167
63.132200
63.165200
63.225100
63.477267
64.179967
65.185000
65.236033
65.262600
65.363367
66.055600
66.522400
66.574600
66.788267
67.012700
67.427267
67.488800
67.560600
67.714500
67.790600
67.867133
68.264967
68.487233
69.232900
69.620933
69.666400
69.724400
69.942033
70.171567
71.516033
71.628000
71.832900
72.035867
72.086233
72.112700
72.488067
72.645333
72.803867
73.023167
73.066800
73.307700
73.364700
73.873767
73.980167
74.231000
74.367667
74.477767
74.573600
74.676433
74.946867
75.857667
77.330033
77.416800
77.554100
77.610767
77.918733
78.703733
78.832867
79.265000
79.370467
79.487733
79.582533
79.612500
79.931900
80.164000
80.235800
80.346867
80.489900
81.241200
81.349233
81.524167
81.563467
81.692400
81.810033
81.964833
83.355933
83.538100
84.276400
84.606133
84.657033
84.852167
85.090167
85.387667
86.334400
86.470700
86.687467
86.934667
87.823833
88.589733
88.807567
89.147000
89.711367
90.603833
90.764567
90.794633
91.070800
91.385567
91.557067
91.663867
91.997367
92.158933
92.548833
92.691333
92.738167
92.771367
92.814533
93.150033
93.213567
93.263400
93.725633
94.116967
94.609300
94.743533
94.834400
95.199100
95.242533
95.622233
95.693033
96.096933
96.128867
96.216200
96.381500
96.423167
96.803000
96.858867
97.106267
97.224400
97.258133
97.431900
97.684200
97.983167
98.153367
98.256833
98.369067
98.447800
98.820033
98.888233
98.995233
99.120967
99.187933
99.340167
99.396467
99.572033
99.948400
100.461467
100.577933
100.944467
101.059367
101.230767
101.302400
101.331300
101.392933
101.423633
101.458900
101.726833
102.244000
102.523833
102.945300
102.997333
103.214267
103.742900
103.830633
104.208067
104.357000
104.497733
104.868067
105.165433
105.659700
105.949167
106.098867
106.141033
106.241767
106.290733
106.299967
106.326767
106.591967
107.004867
107.090133
107.792267
107.959700
108.186600
108.290333
108.452300
108.541367
108.626133
108.755200
109.019200
109.064867
109.213267
109.785933
109.982267
110.020533
110.092300
110.129900
110.296867
110.589500
110.751300
111.576933
111.954333
112.295767
112.333000
112.397200
112.414467
112.654167
113.430200
113.498700
113.740067
114.113567
114.522133
115.273633
115.441233
115.548700
115.691000
116.150533
117.167933
117.429433
118.109867
119.280767
119.406000
119.646967
120.561900
120.771633
121.145600
121.213033
122.160467
122.547800
122.834033
123.107967
123.151933
123.388500
123.469067
123.555400
123.754733
123.917133
124.460433
124.550800
124.910200
124.970933
125.148567
125.200400
125.439167
125.506367
125.533900
125.555433
125.672767
125.848633
126.089667
126.333433
126.360667
126.510167
127.011833
127.239300
127.924733
128.104600
128.377800
128.514700
128.940433
129.267800
129.547800
129.671333
129.790267
129.838400
130.064000
130.077367
130.180733
130.299067
130.413333
131.803733
131.889567
132.448500
132.624333
132.798367
133.127233
133.215433
133.682467
133.710500
134.100033
134.193533
134.220533
134.260067
134.493267
134.900133
134.955967
135.003567
136.047733
136.126600
136.579600
136.966667
137.067400
137.706433
137.929533
137.948933
137.983567
138.608967
138.691433
139.208567
139.592633
139.620967
140.215833
140.317967
140.346967
141.245267
141.395833
141.490900
141.562433
141.841100
142.168433
142.521800
143.156867
143.483300
143.549000
143.585167
143.834300
143.865833
144.251800
144.448767
144.631967
145.318567
145.916233
146.245267
146.333333
146.389867
146.614533
146.937033
146.992433
147.305133
147.352233
147.389300
147.425133
147.539900
147.570500
147.719300
147.982500
148.360900
148.498567
148.563100
148.743000
148.936067
149.175967
149.462000
149.756533
149.965767
149.982467
150.018900
150.381733
150.552400
150.614633
150.762300
151.105333
151.461033
151.583633
151.605900
151.688233
151.786000
151.939433
152.170400
152.437133
152.556233
152.673200
152.706133
152.747500
153.042100
153.232900
153.502567
153.565033
153.675767
153.745367
153.910233
153.989600
154.109433
154.173867
154.278967
154.456500
154.961633
155.006033
155.551133
156.035667
156.504567
156.820367
157.721567
157.745200
157.779367
157.921600
158.014600
158.106800
158.239033
158.332133
158.395667
158.592500
158.677067
159.543367
159.713433
159.979233
160.210833
160.351933
160.525367
160.636767
160.671767
160.922567
161.058700
161.435967
161.740367
162.107433
162.306333
162.465067
162.552667
162.895400
163.843467
164.104900
164.230967
164.496500
164.948167
165.225767
165.446300
165.592100
165.801867
165.862633
165.939767
166.856500
166.917767
166.987667
167.041167
167.090367
167.130233
167.663333
167.729567
167.993433
168.548367
168.933167
169.068900
169.601000
170.002867
170.052400
170.285400
170.377100
170.619500
170.774100
170.960600
171.085467
171.810367
171.897467
172.060833
172.323900
172.372300
172.767900
173.108733
173.223433
174.098967
174.349933
174.459133
174.880200
174.987767
175.126500
175.346000
176.128700
176.256267
176.327367
176.453600
176.521800
176.904533
177.297333
177.446200
177.609000
177.819500
178.224967
178.494433
178.734200
178.898733
179.050233
179.332033
180.113767
180.175267
180.751400
180.790200
181.046467
181.330833
181.448800
181.835800
181.946300
182.113900
182.282633
182.981433
183.098400
183.666100
183.798167
184.044733
184.323267
184.618567
185.899167
186.009267
186.697467
187.067267
187.141267
187.381567
187.450700
187.517300
187.560433
188.138900
188.235000
188.418933
188.466967
189.112700
189.158333
189.215900
189.498633
189.571600
189.707133
189.831433
189.936833
190.166100
190.224200
190.380167
190.483233
190.596000
190.879600
191.047200
191.254200
191.315333
191.372900
191.411500
191.478667
191.525200
191.614133
192.073667
192.144200
192.727867
193.059100
193.430333
193.492067
194.155767
194.190333
194.442967
194.510900
195.074067
195.652133
195.682467
195.953500
196.105200
196.275000
196.462433
196.778133
196.997500
197.086933
197.280367
197.619567
198.437633
198.520400
198.661367
198.846467
198.890700
199.555567
199.753367
200.107333
200.573200
200.770100
200.993033
201.500367
201.700867
202.577567
202.920667
202.997667
203.085433
203.569433
203.626800
204.017833
204.472167
204.615700
204.817267
204.862500
205.288100
205.326567
205.389233
205.423400
206.458967
207.088300
207.351000
207.614967
208.017000
208.410900
208.968100
209.092233
209.401800
209.564433
210.161967
210.265700
210.355400
210.904900
211.102333
211.353633
211.580600
211.708000
211.916067
212.345067
212.823500
213.098100
213.213300
213.262200
214.278433
214.401467
214.450433
214.812867
214.900433
215.644267
215.796300
215.997500
216.055233
216.112367
216.436300
216.462000
216.625900
216.654233
216.845167
217.218633
217.325267
217.345000
217.473100
217.929433
218.103767
218.134500
218.155300
218.647500
219.163400
219.265400
219.581200
219.725033
220.112033
220.657400
221.034233
221.210467
221.533733
221.555500
221.726567
222.020000
222.047533
222.081167
222.211967
222.576500
222.842100
223.219967
223.238700
223.375733
223.750167
223.806500
224.135433
224.335333
224.839700
224.942233
225.510500
225.613267
225.894867
225.985033
226.054700
226.224800
226.546500
226.581833
226.934033
227.001500
227.391567
227.478267
227.597633
227.824833
227.847733
227.887733
228.004233
228.617167
228.841667
228.992600
229.050533
229.140600
229.275500
229.403533
229.439600
229.648967
229.753400
229.951267
229.985600
230.343933
230.937100
231.122033
231.177433
231.357667
231.776967
232.451733
232.835833
233.046233
233.155300
233.790100
233.817133
233.849300
234.371733
234.541333
235.278733
235.439133
235.448567
236.245900
236.886367
236.980100
237.760100
238.159633
238.165733
238.257333
238.708900
239.076167
239.286800
239.314533
239.378333
239.507867
239.531100
239.700667
239.968033
240.567400
240.612767
240.750133
241.432367
241.491633
241.532633
241.740400
242.862733
243.542600
243.588300
243.680100
243.982667
244.290767
244.418167
244.969933
245.399133
246.064333
246.179167
246.373167
246.634567
247.081233
247.307833
247.398433
247.688800
247.791067
248.606767
248.690200
248.716867
248.858167
249.195833
249.227667
249.533733
249.608267
249.938333
250.228400
250.910367
251.243567
252.148400
252.264600
252.324967
252.426233
252.609533
252.682600
252.788700
252.901967
253.426167
253.747033
253.778233
253.819833
254.177233
254.201867
254.346067
254.435567
254.985767
255.260300
255.387600
256.062367
256.132433
256.353300
257.025400
257.427233
257.501400
257.531800
257.647800
258.897500
259.226533
259.809400
259.907167
259.971200
260.291667
260.748233
261.129633
261.164800
261.334567
261.495433
262.059400
262.095100
262.293467
263.243467
264.158900
264.581300
264.617633
264.971300
265.064267
265.415767
265.422100
266.007733
266.254800
267.016867
267.058200
267.203900
267.748067
268.977500
269.185467
269.338233
270.769767
270.809933
270.993700
271.667167
271.955333
272.070633
272.191500
272.313000
272.353400
272.602467
273.014267
273.326100
273.671333
274.279767
274.312167
274.504167
274.559767
274.728000
274.779833
275.286800
275.572100
275.623433
275.865400
275.923900
276.389067
276.481867
276.697800
276.815600
277.040967
277.246300
277.685567
277.718567
278.097400
278.437900
278.631667
278.666833
278.750333
278.774333
278.857100
278.908500
279.558133
279.796633
280.012467
280.112500
280.287567
281.975467
282.030600
282.091933
282.279167
283.149300
283.811467
284.466400
284.567333
285.197467
285.299900
285.876533
286.139900
286.459467
286.582567
286.925267
287.024933
288.175000
288.427200
289.075433
290.456867
290.669067
290.820100
291.092567
291.152800
291.909367
292.224400
292.391400
292.486133
292.597233
293.051367
293.420967
293.709667
293.894867
294.129700
294.206267
294.309600
295.316467
295.405267
295.613667
295.644133
295.907400
296.445533
296.536233
297.109867
297.660633
297.898367
297.936000
297.976500
298.161133
298.441300
298.794933
299.556200
299.964467
300.711867
300.780400
300.988467
301.013467
301.986400
302.055267
302.217100
302.461133
302.750200
302.790900
302.816533
303.049067
303.628500
303.890400
303.943200
304.104533
304.240600
304.598400
304.642500
305.346233
305.845667
306.071567
306.161267
306.192267
306.819533
306.878567
307.322300
307.383733
307.479933
307.847667
307.889833
307.929400
308.064833
308.125433
308.250533
308.430367
308.489167
308.714300
308.959833
309.074900
309.852500
309.984367
310.452567
310.683567
310.840067
310.895933
311.260900
311.835767
312.005033
312.480633
312.803300
312.896233
312.973400
313.006300
313.129467
313.234567
314.390100
314.728000
315.283333
315.352433
315.509233
316.013667
316.284300
316.410300
317.405000
317.548833
317.835567
318.039033
318.077100
318.158333
318.197300
318.422300
318.566200
318.801733
318.844500
318.903733
319.016000
319.225267
319.347200
319.546800
319.606900
319.672933
320.212167
320.246200
320.587867
320.633867
321.139833
321.284267
321.372633
321.530733
321.571833
322.172267
322.868333
323.009233
323.058167
323.260300
323.698200
323.753933
323.822867
323.861700
324.103933
324.195133
324.394833
325.183400
325.684533
325.965300
326.324800
326.442367
326.925633
327.033600
327.179767
327.205367
327.580300
328.034500
328.329133
328.975567
329.014467
329.078133
329.344167
329.382633
329.557833
329.912233
330.070033
330.324933
330.434367
330.478567
330.700933
330.835167
330.877867
331.778600
332.028000
332.242067
332.277000
332.416100
332.613367
332.674667
332.800367
332.917067
333.142133
333.286500
333.319633
333.488733
333.716867
333.812067
333.936700
334.029867
334.056467
334.105867
334.429333
334.802233
334.879033
335.000333
335.041667
335.176767
335.397333
335.792767
335.912167
336.051067
336.106133
336.156600
336.202833
336.672600
336.920467
337.216467
337.315900
337.472167
337.778167
337.832433
337.891467
338.369500
338.730267
338.917767
338.989567
339.234967
339.564700
339.869733
340.495067
340.559667
340.711867
341.236467
341.295467
341.480667
342.175633
342.408633
342.464900
343.143200
343.221567
344.199567
344.257800
345.160333
345.665600
345.980367
346.032033
346.214833
346.365133
346.762433
346.815467
346.911467
347.432000
347.605267
347.711267
347.914033
348.227100
348.408967
348.954433
349.007900
349.150567
349.385333
349.491833
349.524967
349.551033
349.582933
349.641533
349.907000
350.174067
350.197367
350.392533
350.576233
350.604667
350.865967
350.894767
350.948367
351.007500
351.377467
351.537200
351.575333
351.949400
351.986700
352.108267
352.484333
352.974667
354.231167
354.380900
354.420467
354.865300
355.087867
355.128600
355.270933
356.082933
356.234400
356.456133
356.538033
357.002933
357.946833
358.184333
358.337633
358.379733
358.909633
359.042900
359.126467
359.270767
359.487033
359.581867
359.722600
359.779667
360.101233
360.363267
360.467700
361.077167
361.367767
361.486333
362.309200
362.735067
363.008333
363.047567
363.180333
363.309733
363.439667
363.521733
363.903367
364.483833
364.812667
365.822233
366.032400
366.119167
366.761300
367.004700
367.039933
367.348967
367.524500
368.322467
368.685767
368.747900
368.842333
369.041167
369.075667
369.337533
369.412767
369.729633
369.928633
370.137033
370.170067
370.549567
370.644133
371.318767
371.545567
371.547533
371.609733
371.767000
372.282233
372.342733
372.404700
372.526933
373.030667
373.042700
373.088100
373.140467
373.379533
373.637700
373.959933
374.018533
374.164933
374.300933
374.400667
374.658167
375.099767
375.466633
375.819633
375.846167
376.084767
376.212133
376.464500
376.809033
376.863933
377.424667
377.884167
377.910900
378.165767
378.233433
378.274833
378.408367
378.635967
379.041100
379.079433
379.431333
379.550400
379.735600
379.781567
379.857567
380.052333
380.494233
380.595500
380.793233
381.334833
381.445567
381.589133
381.876100
381.907433
382.077267
382.114533
382.844633
382.890633
383.084167
383.179567
383.881600
384.042733
384.214967
384.725500
385.057300
385.100900
385.105200
385.849367
386.138000
386.296467
386.319500
386.481167
386.881133
387.050267
387.339200
387.600633
387.819333
387.920867
388.739333
388.987900
389.389733
389.579267
389.880033
390.086400
390.147900
390.716333
390.754400
390.855433
391.125900
391.270667
391.306467
391.365567
391.656633
391.707033
392.262200
392.599133
392.752233
392.851500
392.910933
393.100167
393.141000
393.283933
393.643033
393.869900
393.964267
394.013700
394.456067
394.724133
394.889133
395.559467
395.714100
396.606767
396.896933
396.950267
397.430633
397.451300
397.776600
397.928967
398.018200
398.070967
398.109533
398.168833
398.207233
398.579767
398.711733
398.732067
398.767400
398.942467
399.967167
400.266933
400.279500
400.970267
401.036367
401.819900
402.375167
402.660800
402.822533
402.856000
403.501667
403.543067
403.853967
403.944167
403.997533
404.837667
404.973300
405.092367
405.235267
405.261933
405.346400
405.579067
406.082633
406.193600
406.941733
407.034533
407.061633
407.329467
407.444833
408.943633
409.240767
409.410967
409.507233
409.654600
409.693900
410.102533
410.135867
410.167600
410.292133
410.881733
411.161267
411.249067
411.381300
411.630767
411.758133
411.907800
411.973300
412.057833
412.483500
412.577600
412.611767
412.732000
413.221733
413.499800
414.424300
415.006800
415.043467
415.089867
415.138500
415.417000
415.659200
415.740433
415.973633
416.017500
416.051467
416.141900
416.305333
416.337267
416.469033
416.495667
416.559567
416.835767
417.187367
417.635433
417.978600
418.362133
418.419567
418.669900
418.748367
419.163067
419.322967
420.428033
420.590367
421.250533
421.274367
421.559400
421.733400
422.031233
422.124267
422.344300
422.594900
422.869833
423.617733
423.702867
423.756333
424.407067
424.738567
424.923967
425.036367
425.179500
425.412833
425.450633
425.649500
425.990133
426.146100
426.471800
426.912633
427.276000
427.573067
427.912667
428.351600
428.696400
428.829933
429.228900
429.271467
429.849833
430.433700
430.565900
430.660533
430.913100
431.159700
431.317033
431.608400
431.701333
431.837300
432.126733
432.177600
433.014467
433.587333
433.734800
433.835300
433.986367
434.107700
434.533467
434.598400
434.656533
434.889967
435.590833
435.661767
435.691367
435.927833
435.960600
436.108533
436.207100
436.352467
436.635333
436.992500
437.432300
437.598500
437.809300
438.029933
438.346533
438.441333
438.484200
439.029933
439.308967
439.669167
439.773433
440.304733
441.000033
441.560400
441.691633
441.713800
442.183600
442.622733
443.116300
443.384667
443.409067
444.161200
444.283333
444.361467
444.488800
444.606867
445.007300
446.083300
446.339533
446.466633
446.515900
446.633500
446.837700
447.132233
447.390267
447.858833
448.024767
448.257633
448.284033
448.613300
448.985400
449.847967
450.437800
451.868033
452.069833
452.323133
452.465867
452.497300
452.987467
453.348967
453.479967
453.699333
453.813033
453.861833
454.008233
454.318333
454.729133
454.859333
455.186933
455.221133
455.547133
455.697533
455.801567
455.996400
456.012300
456.399600
456.452067
456.579933
456.899633
456.973367
457.009200
457.365433
457.759267
457.886900
457.966100
458.257567
459.002433
459.759867
460.021900
460.303600
460.399567
460.801900
461.106400
461.340167
461.637733
462.163567
462.991800
463.313400
463.392867
464.000500
464.329100
464.584300
464.825067
464.876167
465.000900
465.237900
465.407900
465.467500
465.600267
465.698967
466.171733
466.681833
466.712800
466.815767
466.979667
467.052367
467.107900
467.249300
467.280667
467.520367
468.402267
468.633467
468.770600
469.174167
469.563300
470.389200
470.585833
470.778100
471.346433
471.779967
472.039200
472.080200
472.351300
473.089800
473.546967
474.130967
474.241333
474.512300
474.553333
474.896067
474.998600
475.126833
475.297433
475.963300
476.551800
476.636967
476.723667
476.865900
476.951767
477.003233
477.141667
477.797633
478.136867
478.208500
478.322567
478.353900
478.480167
478.512967
479.222467
479.429900
479.475167
479.615167
479.830467
480.159000
480.415567
480.496100
481.421100
481.633467
481.772533
482.171467
482.220967
482.303667
482.644733
482.715967
482.750633
482.806500
484.450200
484.496167
484.743367
484.832233
485.084233
485.955633
486.040567
486.592933
486.874767
486.899300
487.016600
487.704233
488.617800
488.745067
489.213500
489.358267
489.825133
489.915467
490.402833
490.932500
490.986967
491.263233
491.576200
491.607233
491.807100
491.845900
492.211867
492.253467
492.301700
493.614800
493.649633
493.722733
494.114333
494.149767
494.272633
494.513833
494.558300
494.614333
494.860267
495.008767
495.158833
495.659567
495.922100
496.299100
496.610900
496.767200
496.904733
496.948200
497.065967
497.202533
498.137900
498.813533
498.969900
499.065867
499.568867
500.042833
500.063300
500.132667
500.507800
500.887200
500.951633
501.026333
501.116767
501.482900
501.581500
501.623667
502.000333
502.215400
502.380967
502.522267
502.657633
502.815200
503.233533
503.571900
503.804600
503.992300
504.029433
504.201067
504.299900
504.389767
504.858600
505.029500
505.421267
505.918000
506.059200
506.178067
506.395067
506.441233
506.552667
506.590533
506.726967
506.765033
506.863000
507.003000
507.045767
507.254533
507.348500
508.108700
508.159167
508.241567
508.425900
508.565067
508.625633
508.697133
509.425067
509.519500
510.109333
510.349567
510.474067
510.513100
510.549800
510.756300
511.120600
511.400667
511.677500
512.060667
512.666633
513.523567
513.629433
514.341100
514.783500
515.499700
515.630867
515.782467
515.816900
515.884200
516.037167
516.342800
516.441500
516.813367
516.874200
517.074467
517.240400
517.657433
518.061567
518.152000
518.362133
518.481033
518.537567
518.793367
518.894267
519.131167
519.304267
519.839333
520.034233
520.649500
520.759267
520.766300
520.938733
521.278433
521.351067
521.388467
521.528600
521.579867
521.839800
521.906433
522.446467
523.054033
523.626467
523.917167
524.063267
524.383100
524.417133
524.459400
524.480833
524.804133
525.016367
525.047667
525.520533
525.573167
525.601667
525.703267
525.759900
526.100200
526.569567
526.597733
526.659533
526.950133
527.021833
527.169233
527.207033
527.342300
527.417867
527.532533
527.578433
528.155867
529.381667
529.461733
529.505767
529.707700
529.881733
530.164700
530.320533
530.470000
530.523533
530.654400
530.719867
530.904200
531.068133
531.307133
531.327667
531.485667
531.666400
531.715000
531.866600
532.032500
532.435067
533.010100
533.132300
533.274367
533.453133
533.793633
534.081100
534.178633
534.286333
534.524300
535.222367
535.693400
536.594467
537.170133
537.404700
537.766433
538.134067
538.337733
539.290800
539.651800
540.010300
540.198700
540.571800
540.667067
540.874133
541.038500
541.585767
541.677200
542.955000
543.518433
543.579400
543.638733
543.737700
543.846000
544.053367
544.179467
544.770500
545.296567
545.505400
545.558833
546.113567
546.189800
546.328100
546.418200
546.713200
546.989767
547.192800
547.625833
548.002933
548.464933
548.514700
548.551367
548.588433
548.620300
548.733300
549.129467
549.177633
549.481967
549.520167
549.551400
549.709267
549.910733
550.006267
550.098500
550.986933
551.054833
551.475533
551.646300
551.900333
552.014633
552.801433
552.909633
553.475833
553.649433
553.938000
554.039933
554.234833
554.352967
554.602167
555.268533
555.393533
555.527033
555.674133
556.396633
557.381933
557.439833
557.675933
558.129133
558.151800
558.234267
558.263900
558.599767
558.731767
559.143533
559.391667
559.742867
560.043133
560.082533
560.196700
560.287800
560.325400
560.421833
561.223333
561.369267
561.447900
561.596867
561.895333
562.128067
562.410433
562.615267
563.610100
563.876267
564.043833
565.575467
565.640467
566.451100
566.611567
566.736667
567.121500
567.358233
567.639733
567.752767
567.806200
567.848567
568.282800
568.567333
569.146067
569.247667
569.312600
569.718633
570.307967
571.181200
571.284967
571.363533
571.401233
571.676333
571.699467
572.237733
572.292667
572.468633
572.539233
572.630733
572.813467
573.686967
574.305333
574.357333
574.719400
574.774100
575.096133
575.553800
575.837267
576.032733
576.132600
576.215467
576.354200
576.386000
576.427267
576.626800
577.054033
577.241367
577.303567
577.482600
577.842833
577.952600
578.030667
578.144267
578.184600
578.466867
578.743700
578.815833
578.861100
579.135433
579.302800
579.709200
579.898367
580.047633
580.132833
580.317467
580.386667
580.561400
582.359000
582.512467
582.765767
582.846700
583.432867
583.832867
584.476600
585.329533
585.993233
587.491267
587.571033
587.918933
588.029633
588.481800
588.532067
588.924200
589.151533
589.270367
589.786800
590.228333
590.697733
590.795333
590.983533
591.630600
592.248400
592.427500
592.770500
593.308433
593.484500
593.683600
593.707833
593.768367
593.812900
593.931167
594.087100
594.122267
594.805333
595.265667
595.288467
595.357233
595.491800
595.578567
595.641800
595.795867
595.823500
596.576367
596.602800
596.700233
596.872633
597.328567
597.683100
597.735167
597.851433
598.378067
598.623433
598.654267
598.721933
599.067967
599.245200
599.321833
599.621300
599.654100
599.967733
600.096033
600.140633
600.359767
600.669333
601.186233
601.315333
601.353667
601.614833
601.737333
602.018500
602.208533
602.242767
602.759033
602.852800
603.015333
603.165567
603.253167
603.288200
603.448233
603.575833
603.649167
604.509500
604.657467
604.851600
604.964033
605.117200
605.635967
606.190700
606.245400
606.352833
607.301033
607.366200
607.401033
607.484267
607.562367
607.706000
607.776667
609.290167
609.612733
609.708167
609.787067
609.829767
609.891433
610.227867
610.436067
610.492800
610.689200
610.827633
611.348000
611.495767
611.542767
611.604833
611.822633
612.015467
612.270767
612.463567
612.529967
612.867133
612.909500
613.356333
613.379633
613.421500
613.487133
613.649733
614.022667
614.220533
614.450100
614.705267
615.439200
615.872867
616.083367
616.179100
616.388400
616.604667
617.136600
617.529533
617.592100
617.776767
618.122933
618.169867
618.385367
618.959800
619.579967
620.482300
620.622433
621.053233
621.104067
621.223700
621.252767
621.355900
621.584900
621.955100
622.078300
622.228500
622.837300
623.302633
623.348567
623.733600
623.787567
623.874000
623.958567
624.180767
624.481433
624.655300
624.802233
625.309933
626.041667
626.088833
626.951500
627.324800
627.495500
627.707300
627.966800
628.084033
628.439533
628.472033
628.640200
628.684400
628.744200
628.896700
629.830667
630.247333
630.273500
630.360233
630.456600
630.491567
630.613300
630.901267
630.985000
631.434367
631.780867
631.824500
631.907200
632.000167
632.184467
632.442433
632.829033
632.957533
633.053567
633.523800
634.108900
634.175700
634.657100
634.982100
635.364767
635.471733
636.310833
636.851000
637.044933
637.088567
637.154800
637.261600
637.326567
637.476633
637.577500
638.130333
638.244900
638.649800
639.702633
639.809500
640.021033
640.429933
640.836400
640.908033
640.960567
641.029067
641.207933
641.480067
641.712033
641.745633
641.934867
642.125933
642.180433
642.390867
642.583133
642.957433
643.044933
643.217600
643.769233
643.883367
643.921133
643.961000
644.522567
644.765767
644.913800
645.645100
645.764667
645.810900
646.024333
646.086933
646.517867
646.695167
646.871633
646.919000
647.013367
647.135100
647.337033
647.427133
647.532033
647.614800
648.063667
648.144967
648.198733
648.851400
648.957767
649.004600
649.654900
649.758800
649.819133
649.956333
650.919033
651.095100
651.132767
651.408233
651.703767
651.729767
651.765967
652.263400
652.454467
652.572000
652.636733
652.886600
653.101600
653.656333
654.090333
654.223867
654.427133
654.682667
654.808000
654.984400
655.469167
655.898333
656.032033
656.159600
656.713600
656.821467
656.893167
657.222300
657.620033
657.849367
658.123200
658.286833
658.626100
658.878133
658.989933
659.052100
659.400967
659.439933
659.689800
659.806067
660.056000
660.228267
660.574467
660.947133
661.164467
661.306767
661.510500
661.553700
661.600900
661.655233
661.710500
661.737900
661.780467
662.081333
662.429467
662.905633
662.971067
663.034700
663.064767
663.195400
663.350733
663.400833
663.519067
663.901367
663.959867
664.002033
664.155167
664.302500
664.394433
664.916233
665.050233
665.110467
665.161433
665.379200
665.621033
665.674700
665.716667
665.765967
666.556333
667.832800
668.116633
668.346333
668.963133
669.327667
669.569700
669.615200
670.240233
670.836967
670.941267
671.084900
671.136733
671.443100
671.471367
671.501867
671.547500
671.956300
672.082000
672.596900
672.709400
673.402267
673.942833
674.167900
674.328333
674.523567
674.635000
675.140933
675.183567
675.318600
675.396800
675.579500
675.828100
675.943500
676.000733
676.103533
676.357500
676.630700
677.441400
677.515433
677.929267
678.004767
678.581500
678.650067
678.865300
678.906267
679.068033
679.330000
679.619000
680.017367
680.146567
681.167933
681.249467
681.494267
681.575033
681.600767
681.686633
681.995300
682.151867
682.307233
682.438267
683.021900
683.049667
683.556767
683.758067
683.954667
683.991200
684.219533
684.731333
684.880300
684.990500
685.030200
685.226467
685.648000
685.954167
686.015600
686.184900
686.621267
688.274000
688.515733
688.999733
689.134700
689.188967
689.472800
690.785933
690.836467
690.991400
691.125767
691.933767
692.111333
692.670767
693.059333
693.611267
694.136933
694.222733
694.319867
694.346267
694.409567
694.506600
694.602400
694.627333
695.199233
695.290867
696.084600
696.895767
697.568333
697.753133
698.165567
698.699867
698.751200
698.964267
699.071867
699.357300
699.512433
700.393133
700.593133
700.731100
700.781200
701.535733
701.573467
701.614000
701.649933
702.105667
702.396400
702.484233
702.664900
702.894800
702.934200
703.207900
704.123133
704.236000
704.375800
704.612500
704.722700
704.970000
705.059500
705.165800
705.193300
705.389567
705.474400
705.697467
705.828767
705.877667
706.185500
706.514300
706.551933
708.105167
708.138133
708.410967
708.723467
708.956267
709.518300
709.673067
709.850700
710.027233
710.261067
710.384400
710.704900
710.773867
710.915067
711.145967
711.394800
711.599800
711.681167
711.761533
711.818200
712.030800
712.312867
713.339000
713.389067
713.423900
713.458900
713.483133
713.608667
713.775033
713.912433
713.981133
714.014033
714.394200
714.503633
714.645300
714.809200
714.975000
715.008800
715.051933
715.099733
715.125167
715.261533
715.312367
715.575800
715.762433
715.868033
716.368400
716.504200
716.619800
717.101933
717.193600
717.644500
717.692433
717.812967
717.861067
718.052400
718.401900
718.441767
718.783933
719.235200
719.276900
719.839767
720.088033
720.319233
721.611400
721.730667
721.783167
721.900933
722.840033
723.017067
723.075033
723.347800
723.509033
723.622800
723.722600
724.476300
724.898367
725.161900
725.356033
725.688933
725.766433
725.984300
726.275233
726.703733
726.734067
726.903033
727.015633
727.115467
727.243467
727.454767
727.906067
728.244167
728.518800
728.626133
728.723733
728.773933
728.806033
728.916233
730.056667
730.382100
730.498433
730.636933
730.712833
730.748600
730.802467
731.218033
731.350967
731.588200
732.142867
732.412500
732.971733
733.499700
733.692433
733.896000
734.147400
734.225533
734.324800
734.444367
734.931167
734.978800
735.162633
735.235700
735.357833
735.425533
735.987800
736.070333
736.243667
736.516700
736.555700
736.680933
736.964433
737.332967
737.937500
738.019500
738.057300
738.297100
738.506400
738.761267
738.794567
739.198367
739.423367
739.467733
739.607100
740.024067
740.323833
740.633867
740.684233
740.703367
740.755733
740.792567
741.022867
741.282233
741.372967
741.739933
741.825600
741.876667
742.321167
742.561433
743.093500
743.154333
743.671867
743.780100
744.024767
744.282700
744.447900
744.728800
744.779233
744.931333
745.112067
745.217867
745.361567
745.481767
745.574833
745.674733
745.908533
746.023467
746.075567
746.465767
746.676567
746.799567
747.263167
747.518400
747.563033
747.897133
747.929667
747.957200
748.546133
748.577700
748.683000
748.805600
749.004600
749.305467
749.892300
749.992033
750.410833
750.462133
750.589833
751.208400
751.592867
751.810900
752.134933
752.377067
752.858867
752.895533
753.190967
753.256867
753.307800
753.874567
754.399967
754.481800
755.086433
755.581567
755.785667
756.005400
756.074267
756.269667
756.444667
756.483233
756.887600
756.947433
756.981033
757.026233
757.118967
758.105533
758.130400
758.168633
758.470767
758.946767
759.447233
759.817800
759.845700
759.922433
760.105500
760.156500
760.341500
760.573033
760.604933
760.962733
761.592033
761.796800
761.967167
762.195967
762.259933
762.293100
762.754367
762.789633
763.228500
763.319167
763.544467
763.599200
763.884300
764.211567
764.250000
764.325700
764.367033
765.003533
765.037800
765.065467
765.238667
765.377667
765.853800
766.237800
766.944200
767.049500
767.427133
767.585667
767.613633
767.803933
768.530033
768.576400
768.996067
769.028500
769.188700
769.788100
769.877033
769.895067
770.026700
770.159100
770.186967
770.265867
770.309767
770.728767
770.847800
771.242100
771.919933
772.302967
772.604567
772.746400
772.826433
772.955333
773.081800
773.243533
773.270367
773.636500
773.884433
773.963033
774.149167
774.204200
774.378800
774.672200
774.770567
774.997133
775.295900
775.350667
775.902267
776.012367
776.094967
776.384367
776.468900
776.886700
778.440567
778.535000
778.699867
778.771400
778.880667
778.979167
779.369133
779.945500
780.119633
780.143433
780.401800
780.479000
780.658900
781.102300
781.355800
781.714100
782.879533
783.303267
783.426600
783.762467
783.856633
783.974767
784.396733
784.486333
785.117667
785.319933
785.549100
785.814767
785.994467
786.558067
787.038733
787.048633
787.308367
787.510967
787.561400
787.671800
787.900333
787.945033
788.040833
788.333467
788.440600
788.506800
788.619800
788.710500
789.001700
789.209267
789.740433
789.974133
790.125100
790.160500
790.318200
790.383933
790.679700
790.719733
791.775767
792.559067
792.864433
792.895433
793.397333
793.501967
793.561633
793.595533
793.686333
793.754867
793.904300
794.053867
795.120533
795.394133
795.446100
795.631933
795.838833
796.387633
796.477333
796.805233
796.858500
796.916267
797.377267
797.844967
798.339567
798.414233
798.916067
799.069167
799.401567
799.727400
799.766900
800.162867
801.605533
801.729367
801.854300
802.006567
802.130333
802.174800
802.611833
802.721933
804.195600
804.877967
804.939600
804.981667
805.018767
805.497833
805.693000
807.273500
807.365333
808.207433
808.393700
808.464900
808.937767
809.665133
810.178867
810.673567
810.956667
811.134933
811.405633
811.445967
811.537267
811.593267
811.767767
811.834333
812.519100
812.606767
812.632267
813.042600
813.231467
813.362200
814.307400
814.513300
814.779467
816.028100
816.126800
816.630833
816.786433
816.854767
817.120667
817.220200
817.398633
817.516433
817.721733
817.883900
818.094267
818.489067
820.230267
820.686633
820.727067
821.291667
821.322967
821.889133
822.416167
822.492800
822.750733
822.794367
823.123067
823.160433
823.197733
823.455233
823.496100
823.552033
823.701633
823.998000
824.034267
824.922933
824.976933
825.108400
825.135800
825.263333
825.346467
825.452433
825.545600
825.656300
826.014167
826.273200
827.065600
827.161967
827.785367
828.827967
829.585233
829.636800
829.741233
829.765167
829.862700
830.003233
830.106700
830.286300
830.427000
830.577933
831.096867
831.258100
831.363467
831.426367
831.458167
831.499100
831.551300
832.142233
832.315033
832.443900
832.879767
833.012200
833.505100
833.851267
833.994733
834.053267
834.188900
834.397333
834.419800
834.516300
834.744400
834.925267
834.967833
835.024967
835.064200
835.194033
835.289400
835.655867
835.834933
836.399667
836.891433
836.968033
837.155533
837.171633
837.911967
838.100800
838.154833
838.503633
838.743500
838.767700
838.856867
838.942767
839.447900
839.544967
839.738867
839.828933
839.878533
840.534467
840.638433
840.805067
841.117200
841.359933
841.574233
841.668767
841.733133
842.072533
842.365433
842.420000
842.483867
842.525333
842.655933
843.217067
843.409567
843.593700
844.033400
844.085633
844.298000
844.836267
844.879433
845.030567
845.246567
846.055267
846.607200
846.758600
846.814767
846.933133
847.279167
847.526733
848.256867
848.389633
848.501133
848.666700
848.713667
849.230833
849.404967
849.492033
850.527400
850.725467
850.754433
851.013533
851.041333
851.099533
851.122167
851.171933
852.225567
852.727033
853.010567
853.121400
853.499233
854.617633
854.871033
855.211300
855.751767
855.936700
856.033800
856.146567
856.445733
856.753533
856.859600
856.896233
856.952467
856.988667
857.590633
857.870467
857.929867
858.370900
859.557267
859.705000
859.792067
860.238400
861.054100
861.188200
862.696167
863.162367
863.366400
863.474733
864.179800
864.224633
864.394533
864.461633
864.703733
865.103000
865.453400
865.512567
865.820300
866.017533
866.039033
866.145200
866.276167
866.446300
866.720000
867.812800
868.028167
868.080067
868.085500
868.147600
868.323867
868.554967
868.627000
868.732100
868.996167
869.048800
869.261333
869.284133
869.520900
869.873867
870.083967
870.537900
870.913967
871.238333
872.320833
872.548033
872.627333
873.684933
873.786600
874.402700
874.489000
874.733700
875.666267
876.015667
876.709400
876.877200
877.480367
878.142133
878.263633
878.489700
879.020800
879.110867
879.293567
879.681533
879.834367
880.610267
880.742333
881.231967
882.445600
882.820000
883.130833
883.345267
883.634533
884.348400
885.083500
885.297800
885.515000
886.047167
886.063000
886.490733
887.094833
888.101600
888.399700
888.903100
889.767600
890.190167
890.219000
891.746467
891.853767
891.997733
892.547367
892.796767
893.103067
893.275933
893.784467
894.552100
894.596700
894.677033
894.834933
895.071933
895.755267
896.189900
896.325267
896.416267
896.498133
896.834333
897.077733
897.230267
897.315467
897.334400
897.596600
897.805733
898.577900
898.930433
898.975333
899.129233
899.452733
899.544167
899.825267
900.300033
900.528133
900.795133
900.826900
900.867167
901.688300
902.033900
902.344400
902.761167
902.920233
903.104167
903.161300
903.277933
903.667133
903.975800
904.673533
904.960367
905.393800
905.441067
905.646900
906.019233
906.049133
906.179800
906.364967
906.516400
906.719200
906.755033
907.348600
907.449033
907.481367
907.559733
907.585800
907.671067
908.065433
908.138533
908.398833
909.066067
909.207900
909.342400
909.596433
910.025467
910.856967
911.164067
911.433833
911.556533
911.693567
911.750333
911.844667
912.007000
912.060333
912.112200
912.290000
912.548967
912.611933
912.653500
913.544767
914.144500
915.082467
915.143033
915.337533
916.324667
917.105200
917.166367
917.789533
918.123667
918.552333
918.880167
919.048700
919.262467
919.914867
920.430767
920.485567
920.996633
921.024833
921.270800
921.355600
921.493433
921.627967
921.906767
922.151167
922.893333
923.060333
923.251933
923.303000
923.354200
923.635767
923.675800
924.195500
924.286467
924.497567
924.735000
924.949867
925.102967
925.376233
925.442633
925.502400
925.871733
926.108833
926.144867
926.698967
926.767767
926.904033
927.001267
927.360967
927.429700
927.433267
927.992700
928.627000
928.934400
929.006800
929.145900
929.147833
929.351533
929.413867
929.443600
929.620367
929.953833
930.210633
930.600767
930.746067
930.987967
931.229167
931.473000
931.695433
931.764367
931.866233
932.019567
932.513567
932.572300
932.726733
932.939433
932.995833
933.472433
933.591000
934.141467
934.314733
935.793967
935.827667
936.291867
936.859067
936.932100
937.052800
937.141633
937.186500
937.222100
937.265633
937.471467
937.529333
937.705333
937.857300
938.359600
938.616300
938.750800
939.685033
939.733900
939.792167
939.846967
940.019200
940.050167
940.073133
940.266767
940.370967
940.778767
941.170833
941.207933
941.270600
941.366900
941.532700
941.778100
942.364400
942.733200
942.811433
943.389900
943.668267
943.782033
944.012133
944.282967
944.538200
944.842100
944.938667
945.088633
945.155500
945.396800
945.411233
945.439333
945.834300
945.933767
946.108233
946.345700
946.513400
946.614133
946.642867
947.012700
947.463433
949.466100
950.264333
950.640100
950.678067
950.722667
950.947333
951.147767
951.453367
951.515867
951.594967
951.818967
951.960267
952.463067
952.651200
952.912767
953.569000
953.929100
954.029267
954.322133
954.668533
954.867533
954.924633
955.505833
955.661700
955.743233
955.792800
955.835367
956.774300
957.019167
957.239033
957.356933
957.468933
957.652067
957.786433
957.880800
958.385400
958.509867
958.651400
958.715367
958.830367
959.015267
959.132567
959.672967
959.789533
960.088267
960.476767
960.618600
960.801600
961.545367
961.624867
962.166067
962.604967
962.764633
963.080767
963.215467
963.529700
963.575733
963.831800
963.867267
963.951733
964.155300
964.381367
964.979900
965.717400
965.746467
966.086267
966.470000
966.568633
966.822000
966.907400
967.051867
967.367033
967.735433
967.922000
967.983467
968.164800
968.423567
968.887600
969.030733
969.522100
969.614800
969.776900
970.280467
970.462467
970.570867
971.861600
972.867167
972.906300
973.033767
973.153267
973.192567
973.250733
973.336267
973.367800
973.814033
973.939767
974.249167
974.457200
974.728500
974.919200
975.070667
975.226067
975.356867
975.860767
975.994767
976.394467
976.758067
976.889267
977.217500
977.338933
977.369533
977.411533
977.538533
977.612200
978.283767
978.326867
978.774567
979.205333
979.666333
979.854033
979.988833
980.311767
980.401167
980.499700
980.604433
980.830367
981.031700
981.316400
981.597633
981.730567
981.938800
982.180800
982.605833
982.654167
982.683900
982.824267
982.959900
983.150467
983.349467
983.652133
984.114333
984.215000
984.525867
984.654733
984.719500
985.026200
985.862567
986.021300
986.144800
986.384633
986.552200
986.899133
987.001767
987.109833
987.454867
987.701433
988.487600
988.569000
988.723400
988.926333
989.068200
989.273200
989.305067
989.343833
989.372367
989.508000
989.580633
989.707167
990.103767
990.534533
990.840200
990.880867
990.911667
990.954533
991.113333
991.340100
991.756300
992.623033
992.704433
992.748233
992.987833
993.582867
993.673667
993.750500
993.796667
993.907033
994.038867
994.271967
994.726500
994.958300
995.156233
995.353600
995.490100
995.832667
995.976900
996.219400
996.538300
996.696733
996.803533
996.837467
996.888267
996.932233
997.219700
997.353233
997.377333
998.131467
998.219467
998.363767
998.450933
998.483567
999.158567
999.276733
999.827700
1000.093400
1000.383767
1001.009567
1001.117267
1001.229333
1001.386267
1001.475833
1001.880700
1002.922900
1003.022267
1003.080600
1003.228233
1003.382833
1003.587967
1003.621800
1003.786400
1003.830200
1003.955167
1004.045300
1004.608267
1004.715933
1004.861100
1005.012200
1005.156100
1005.233767
1005.734400
1005.887233
1006.041033
1006.146367
1006.367100
1006.407067
1006.517233
1006.955767
1007.048767
1007.288067
1007.544200
1007.623867
1007.773733
1007.803867
1008.036967
1008.359133
1008.703933
1008.826733
1008.945667
1009.090933
1009.977900
1010.074200
1010.356400
1010.452567
1011.536767
1012.374167
1012.478033
1012.677700
1012.701300
1012.861033
1012.945467
1013.282800
1013.725167
1013.771433
1013.795900
1014.105667
1014.509400
1014.668867
1015.237100
1015.331400
1015.680067
1015.765267
1016.159900
1016.476233
1016.698333
1016.866900
1016.921233
1017.606767
1017.698900
1017.891267
1018.479167
1018.664000
1019.050833
1019.217467
1019.370867
1019.463500
1019.509200
1020.437867
1020.663633
1020.704467
1020.796767
1020.822100
1020.875800
1020.934333
1021.263000
1021.398700
1021.464433
1021.525067
1021.734900
1021.772833
1022.055267
1022.115900
1022.458533
1022.509300
1022.847933
1023.027933
1023.264667
1023.901200
1023.937033
1024.138967
1024.248300
1024.566267
1024.607067
1024.642867
1024.679333
1024.874000
1025.109467
1025.144967
1025.787133
1026.268000
1026.317567
1026.369533
1026.411933
1026.471933
1026.791300
1026.972967
1027.021667
1027.397167
1027.658367
1027.828633
1028.010500
1028.084267
1028.146033
1028.382633
1028.422600
1028.827167
1029.039833
1029.280967
1029.514867
1029.555367
1029.752267
1030.115567
1030.671267
1030.731833
1031.213167
1031.304533
1031.653700
1031.888333
1032.551500
1032.654067
1032.916867
1033.119167
1033.330833
1033.436300
1033.539900
1033.781833
1034.060167
1034.101100
1034.376333
1035.027533
1035.780433
1036.084800
1036.950967
1036.999867
1037.522433
1037.817067
1038.333133
1038.472533
1038.541433
1038.589133
1038.914733
1039.781533
1039.819000
1040.098400
1040.733267
1040.782333
1041.055833
1041.409467
1041.580533
1042.495200
1042.630133
1043.485600
1043.511633
1043.622933
1043.903767
1043.985067
1043.998933
1044.420267
1044.703867
1044.893867
1045.193033
1045.348533
1046.093267
1046.104467
1046.161433
1046.222433
1046.342233
1046.398833
1047.827267
1047.877700
1048.586800
1048.794100
1048.824600
1048.974467
1049.131367
1049.156700
1049.669800
1049.828033
1049.831200
1049.876733
1050.090600
1050.117567
1050.322767
1050.594600
1050.710300
1050.903400
1050.921900
1051.274900
1051.431967
1051.478633
1051.528367
1051.569567
1051.739033
1051.809100
1051.978933
1052.439067
1052.880500
1053.126933
1053.234633
1053.678367
1053.814700
1054.036200
1054.184667
1054.693100
1054.787567
1054.829933
1055.001733
1055.041833
1055.075433
1055.340267
1056.007133
1056.633533
1056.882300
1057.156900
1057.225767
1057.433333
1058.105367
1058.265933
1058.446133
1058.688233
1059.025867
1059.248567
1059.317767
1059.446600
1059.558267
1059.601033
1060.140600
1060.432933
1060.607600
1061.034533
1061.165000
1061.266267
1061.732433
1061.969367
1062.076133
1062.095300
1062.793167
1062.907667
1063.006633
1063.041400
1063.165267
1063.264333
1063.446167
1063.508667
1064.023900
1064.030600
1064.065300
1064.491067
1064.715233
1064.919633
1065.025333
1065.569000
1065.689267
1066.043967
1066.103700
1066.429200
1066.473500
1066.675200
1066.784600
1066.853100
1067.418067
1067.456367
1067.772333
1068.106500
1068.526500
1068.808167
1068.842833
1068.974333
1069.011867
1069.066100
1069.719000
1069.831033
1069.995733
1070.028033
1070.495033
1070.551600
1070.724333
1071.189233
1071.268633
1071.418067
1071.442567
1071.683633
1071.858367
1071.966967
1072.683133
1072.898067
1073.045900
1073.176500
1073.349200
1073.484133
1073.559667
1073.606200
1074.231133
1074.293067
1074.501200
1074.813533
1074.932667
1075.693300
1076.110200
1076.153233
1076.603933
1076.807900
1077.250800
1077.366900
1077.429633
1077.712533
1078.383267
1078.423300
1078.615067
1078.832667
1078.979533
1079.250567
1079.324933
1079.546033
1079.809200
1080.499367
1081.253433
1081.276667
1081.476633
1081.743867
1081.917067
1082.312800
1082.584600
1082.644367
1082.656867
1082.776733
1083.027833
1083.794367
1084.113167
1084.289267
1084.433933
1085.009033
1085.046733
1085.226933
1085.926500
1086.520400
1086.962267
1087.590567
1087.781233
1088.863700
1089.446600
1089.634633
1089.741000
1089.858500
1090.132333
1090.283567
1090.445133
1090.992533
1091.157833
1091.425967
1091.545500
1092.028067
1092.141467
1092.379267
1092.668900
1092.713400
1092.769400
1092.897267
1093.149400
1093.168600
1093.294400
1093.358267
1093.703433
1093.842133
1094.115833
1094.275700
1094.450033
1094.593467
1094.821433
1095.078900
1095.445267
1095.592100
1095.872867
1096.179533
1096.389633
1096.510533
1096.702433
1097.061767
1097.206033
1097.405767
1097.790567
1097.863733
1098.170067
1098.392900
1098.547667
1098.670400
1100.052200
1100.078767
1100.125767
1100.441900
1101.003000
1101.219200
1101.288600
1101.822900
1101.869200
1102.084033
1102.167300
1102.591600
1103.584800
1103.662433
1103.723000
1103.872600
1103.936167
1104.331100
1104.519033
1104.634433
1104.696833
1104.819200
1105.026100
1105.132833
1105.230000
1105.374200
1105.437433
1105.841167
1106.425000
1106.758300
1107.610100
1107.832333
1108.001533
1108.385833
1108.424667
1108.607100
1108.675833
1108.787367
1108.961200
1109.118100
1109.231900
1109.300033
1109.832733
1110.110000
1110.134033
1110.191600
1110.378267
1110.995200
1111.059333
1111.485300
1111.557433
1111.952067
1112.164233
1112.272300
1113.781967
1113.946000
1114.129867
1114.309367
1114.346100
1114.580267
1115.145400
1115.606700
1115.664967
1116.294700
1116.332767
1116.648267
1116.862000
1116.998167
1117.595367
1117.639733
1117.969967
1118.219133
1118.290133
1118.464033
1118.654667
1119.315567
1119.468333
1119.721367
1119.865733
1119.898967
1120.140900
1120.292000
1120.868267
1120.954733
1121.061633
1121.159533
1121.526667
1121.747133
1122.083867
1122.138600
1122.180833
1122.257500
1122.447633
1122.500967
1122.844633
1123.141200
1124.004800
1124.259900
1124.577367
1125.910667
1126.082567
1126.194500
1126.481667
1126.668900
1126.795967
1126.964800
1126.994233
1127.063367
1127.158533
1127.243267
1127.312733
1127.594667
1127.717767
1127.821500
1127.887600
1128.519800
1129.154667
1129.386933
1129.544333
1129.757867
1130.878333
1131.050700
1131.089033
1131.183100
1131.388967
1131.412000
1131.574200
1131.618800
1131.695267
1131.895033
1132.332333
1132.899033
1132.931500
1132.977100
1133.175800
1133.357633
1133.370800
1133.442333
1133.693700
1133.796967
1133.859367
1134.241700
1134.579933
1134.631600
1135.483200
1135.580867
1135.746667
1136.056367
1136.380867
1136.577500
1136.712967
1137.041133
1137.675033
1138.436333
1138.613367
1138.999767
1139.627033
1139.995600
1140.030733
1140.122267
1140.614100
1140.800100
1140.845400
1140.930667
1141.001000
1141.271433
1141.451500
1141.684733
1141.730800
1142.054367
1142.142267
1142.386033
1142.435067
1142.773900
1143.070367
1143.124033
1144.316667
1145.248067
1145.380033
1145.716033
1145.751967
1146.029100
1146.061467
1146.132933
1146.366067
1146.407533
1146.481100
1146.785567
1147.349400
1147.393367
1147.536467
1147.619433
1147.693367
1147.793200
1148.183667
1148.786067
1149.040600
1149.097633
1149.415767
1149.536467
1150.254067
1150.351200
1151.242567
1152.032567
1152.139533
1152.357733
1152.706600
1152.956300
1153.036700
1153.189567
1153.304067
1153.849700
1154.046500
1154.506167
1154.875767
1155.223933
1155.392600
1155.526267
1155.791967
1156.048033
1156.678800
1156.976933
1157.349167
1157.421067
1157.526300
1157.820600
1157.974267
1158.154167
1159.112600
1160.090367
1160.159367
1160.506833
1160.717067
1160.783967
1160.841767
1160.974100
1161.127933
1161.251233
1161.388933
1161.856800
1162.014167
1162.660100
1164.187833
1164.875800
1164.998600
1165.207267
1165.354533
1165.454800
1165.729833
1165.809233
1166.038467
1166.163200
1166.208900
1166.429267
1166.774567
1166.900067
1167.150167
1167.754667
1168.071233
1168.199867
1168.395333
1168.434833
1168.573700
1168.755900
1168.888900
1169.127100
1169.272733
1169.309300
1169.579700
1170.034200
1170.135867
1170.443167
1170.606633
1170.728367
1171.053267
1171.130667
1171.414967
1171.854833
1172.103433
1172.141167
1172.234833
1172.310967
1172.734033
1173.260067
1173.513267
1173.678367
1174.072200
1174.119700
1174.484067
1174.522900
1175.073533
1175.379367
1175.663767
1176.195967
1176.317500
1176.505500
1176.609200
1176.734333
1177.019833
1177.234033
1177.260867
1178.238000
1178.887067
1179.244900
1179.293733
1179.612467
1179.854933
1180.579167
1180.701400
1180.834167
1181.085800
1181.206467
1181.898300
1182.093500
1182.255333
1182.816867
1182.894267
1183.534733
1183.756133
1183.804833
1183.839033
1184.133767
1184.408600
1184.497933
1184.893600
1185.204900
1185.345567
1185.598000
1185.840067
1186.029100
1186.525833
1186.582000
1186.839967
1187.258300
1187.957100
1188.177567
1188.641767
1189.622800
1189.733767
1189.848967
1189.991033
1190.443467
1190.545667
1190.669500
1191.613067
1191.730867
1191.919333
1192.012600
1192.259033
1192.897700
1192.905133
1193.009000
1193.290567
1193.670367
1194.223200
1194.282633
1194.638367
1194.663767
1195.153333
1195.261400
1195.334967
1195.857933
1196.025900
1196.241267
1196.302633
1196.496933
1196.534400
1196.718633
1197.197633
1197.496067
1197.606500
1197.745867
1197.883433
1197.933200
1199.407533
1199.620667
1199.680267
1199.798767
1199.848033
1199.911633
1200.228733
1201.883500
1202.090867
1202.314167
1202.351400
1202.610667
1203.054767
1203.333533
1203.433800
1203.546967
1204.480567
1204.629500
1205.232133
1205.416800
1205.537633
1205.597933
1205.796100
1205.927200
1206.140033
1206.753500
1206.845400
1207.180633
1207.223367
1207.359433
1207.469933
1207.515100
1207.771000
1208.234933
1208.622400
1208.817333
1209.134300
1209.175367
1209.490700
1209.811333
1209.955433
1210.065733
1210.362533
1210.662400
1210.833567
1211.221367
1211.268400
1211.330500
1211.430200
1211.586067
1211.759200
1211.800100
1211.943500
1212.001000
1212.330133
1212.830133
1213.015500
1213.064333
1213.104867
1213.197267
1214.770200
1215.011467
1215.092233
1215.311533
1215.497333
1215.699400
1215.825800
1215.878633
1216.055133
1216.192300
1216.208300
1216.616967
1216.922033
1216.964733
1217.037033
1217.354100
1217.716133
1217.926667
1217.976133
1218.055767
1218.201133
1218.359467
1219.130367
1219.158400
1219.250500
1219.294100
1219.369333
1219.486300
1219.542000
1219.709933
1219.838800
1220.116000
1220.486533
1220.624933
1220.665067
1220.743933
1221.075667
1221.256467
1221.484400
1221.566567
1221.873733
1222.090500
1222.702767
1222.729567
1222.856767
1223.601733
1224.006800
1224.264167
1224.969200
1225.051767
1225.140333
1225.555967
1226.341167
1226.673800
1226.705800
1226.740967
1227.199733
1227.359300
1227.616767
1227.986167
1228.095133
1228.126533
1228.205900
1228.241800
1228.289733
1228.352633
1228.751900
1228.900700
1229.365133
1230.096267
1230.157133
1230.238900
1230.409300
1230.625033
1230.669667
1230.910700
1231.153100
1231.297567
1231.500600
1231.588633
1231.908667
1231.946533
1232.063100
1233.195767
1233.714267
1233.980700
1234.266600
1234.308767
1234.569667
1234.984033
1235.211900
1235.485733
1235.946133
1236.429533
1236.468600
1236.626333
1236.829167
1236.923033
1237.207567
1237.450733
1237.733133
1238.039433
1238.331700
1239.539900
1240.071833
1240.309733
1240.682833
1241.443833
1241.517767
1241.612300
1241.660867
1241.776533
1242.773833
1242.813333
1243.321167
1243.441333
1243.819167
1244.218900
1244.272767
1244.446767
1244.564833
1245.237867
1245.521867
1245.657933
1245.993800
1246.272933
1246.445867
1246.672100
1246.863900
1246.902400
1247.108033
1247.316800
1247.455300
1247.638433
1247.817567
1247.914100
1248.817100
1249.378333
1249.472833
1249.748867
1249.842600
1249.983133
1250.175533
1250.227800
1250.367700
1251.977967
1252.229467
1252.519733
1252.788467
1252.899733
1252.940967
1253.007500
1253.212433
1253.283267
1253.459100
1253.690433
1253.802100
1253.824400
1254.270733
1254.814467
1255.697867
1255.775233
1256.390833
1256.476233
1256.520800
1256.928100
1257.336067
1257.372867
1257.657267
1258.169800
1258.399267
1259.145967
1259.553167
1259.609933
1259.979500
1260.464867
1260.478833
1260.671933
1260.741067
1260.797167
1261.689933
1261.762133
1261.939833
1262.243700
1262.350833
1262.387667
1262.437967
1262.526567
1262.587700
1262.600700
1263.028533
1263.410033
1263.700467
1264.085167
1264.297933
1264.741700
1265.199533
1265.222000
1265.309967
1265.808500
1265.852500
1266.349800
1266.804833
1267.287367
1267.349167
1267.820700
1268.004733
1268.286000
1269.185833
1269.298667
1269.502733
1269.875733
1269.911400
1270.044967
1270.503933
1270.610167
1270.826333
1272.241900
1272.425000
1272.488767
1272.581367
1272.674100
1273.175400
1273.399300
1273.877667
1274.289933
1274.386067
1274.670600
1274.714233
1275.244633
1275.372067
1275.650300
1276.344067
1276.868933
1276.980567
1277.090700
1277.158267
1277.188567
1277.353167
1277.395900
1277.690667
1277.853133
1277.954467
1278.541667
1278.963400
1279.377700
1279.434367
1279.783300
1279.869433
1280.174300
1280.332900
1280.374233
1280.455667
1280.872867
1281.063067
1281.175067
1281.258733
1281.296767
1281.346367
1281.410500
1281.519367
1282.085633
1282.133000
1282.176733
1282.439500
1282.888900
1282.988900
1283.161833
1283.294467
1283.360933
1283.477300
1283.614100
1283.709933
1283.757733
1283.904600
1284.083967
1284.145100
1284.359433
1284.546300
1284.708067
1284.772467
1284.857933
1285.035133
1285.114967
1285.309700
1285.468400
1285.516700
1285.547100
1285.910433
1286.032767
1286.426767
1286.679733
1286.936733
1287.120433
1287.644100
1287.776400
1288.017500
1288.366067
1288.427567
1289.006900
1289.103000
1289.221467
1289.568967
1289.773700
1290.380933
1290.749667
1290.919067
1291.181300
1291.361700
1291.384500
1291.524600
1291.638033
1291.981367
1292.048367
1292.271100
1292.744000
1292.870867
1293.051133
1293.460867
1293.575667
1294.344000
1295.494100
1295.595567
1295.673733
1295.949433
1296.167067
1296.531600
1296.583767
1296.826400
1297.034200
1297.133367
1297.407933
1297.706233
1297.784933
1297.859067
1297.931533
1298.027700
1298.065467
1298.109733
1298.268100
1298.679700
1299.290900
1299.409100
1299.593667
1299.647700
1299.794900
1299.929567
1300.787333
1301.044767
1301.229300
1301.499333
1301.634100
1301.932567
1301.953967
1302.170867
1302.340767
1302.451833
1302.527000
1302.581933
1302.602300
1302.848433
1303.234333
1303.822367
1304.148900
1304.662167
1304.826033
1304.879700
1304.926767
1305.154000
1305.314800
1305.337600
1305.370733
1305.606833
1305.643733
1305.841733
1306.127867
1306.177600
1306.203600
1306.315100
1306.456733
1306.682400
1306.747267
1307.089933
1307.195667
1307.197833
1307.349967
1307.382700
1307.540200
1308.032300
1308.135367
1308.304867
1308.495200
1308.682367
1308.924300
1308.981767
1309.485400
1309.809067
1309.943333
1309.990767
1310.089667
1310.262133
1310.346733
1310.455800
1310.520433
1311.817733
1311.893867
1312.728900
1312.923567
1313.062633
1313.390033
1313.480067
1313.814133
