0.120900
3.964000
4.524200
5.851567
5.886767
5.913933
6.499367
6.516167
6.629733
6.936533
7.339300
7.706900
7.775200
7.872133
8.774867
9.756067
9.830900
10.036900
10.533433
10.559833
10.573267
10.786633
10.848300
15.782967
16.086500
16.302300
16.849700
17.328800
17.415600
17.904733
17.989400
19.292900
21.945867
21.961167
21.967933
23.250700
23.725200
23.753600
23.812100
23.933067
27.103167
27.147067
27.566967
27.837933
30.836633
30.887933
31.008567
31.374333
31.663567
33.911800
34.328500
34.671367
34.914633
34.967100
35.267167
39.173000
40.070267
40.105467
40.145433
41.551100
44.560033
44.859367
44.948767
45.186967
45.309533
45.408200
45.545733
48.432167
51.697000
52.162667
52.826067
53.122433
53.589633
53.769867
54.528833
56.615767
56.946567
61.933767
62.023900
62.461667
62.891200
62.933667
63.058100
63.462333
63.481900
63.779600
64.306667
64.406933
64.464167
64.750867
64.801000
64.822433
65.441800
65.721100
66.005900
66.200200
66.273600
66.967500
67.112300
67.136200
68.658633
68.747233
68.800567
68.868700
69.060200
69.132333
69.274767
70.058067
70.332333
70.354233
71.803067
74.059200
75.232900
75.823967
75.852167
76.715000
76.775267
77.111200
77.317267
77.549800
77.623467
81.652200
84.309900
86.858600
87.279700
87.317500
96.615300
96.704900
100.252600
100.900100
101.630600
106.534633
107.022067
108.308867
108.494633
111.888733
111.984733
112.124867
116.681933
116.739333
117.232533
117.352333
118.751267
119.520967
121.288633
121.531667
121.796500
122.125367
122.497800
124.439467
124.798133
125.165267
125.424500
126.712433
128.559100
128.946567
128.965233
130.248533
131.022400
131.074700
131.303067
133.314867
133.960800
134.495733
135.685100
137.131633
137.790200
138.074367
139.303867
139.530067
139.686267
140.400500
140.434300
141.914700
142.008667
145.408400
145.477633
145.522867
145.700133
149.101433
149.446900
149.570567
149.594600
149.777667
149.806167
151.503667
151.731667
153.330167
153.351800
153.578700
153.837067
154.724367
156.725433
157.003700
158.372567
160.968100
164.002233
165.509700
165.546200
165.734400
167.728833
169.425733
169.644900
170.053100
170.070267
170.685200
170.762933
172.584733
172.990800
173.195133
173.698767
173.733233
174.616400
174.731100
175.977567
176.048733
181.164033
181.188733
181.676400
182.168367
182.354833
183.673133
186.649167
186.785400
187.000300
187.587733
188.027967
191.810500
191.825333
192.404433
194.828233
196.577900
197.249100
197.271000
197.425133
197.600900
197.813767
199.552967
200.226633
200.808333
200.881233
201.417167
201.978033
202.017233
202.064433
202.140933
209.324033
209.761700
210.172667
211.731200
212.832233
215.851267
215.872233
215.992867
226.829033
226.896800
230.332500
230.445100
230.468967
230.594900
230.768400
231.103833
232.639733
233.392033
233.596200
234.311200
235.987000
236.634367
237.762767
238.138267
241.281200
241.676233
242.454567
244.670067
247.292800
247.769700
249.356500
258.714400
259.098633
265.498667
265.553700
267.612833
268.385800
268.725033
268.837000
269.834400
271.273900
271.461100
272.117967
272.294400
272.370133
272.682767
272.714967
273.925067
278.110700
280.004433
280.304200
280.510833
280.989567
281.520967
281.643600
285.976367
287.830533
288.627033
289.179200
295.245233
299.899833
302.454633
302.533100
311.599167
312.489867
313.889600
313.901067
313.948833
314.492267
319.331267
319.346200
319.447767
325.829067
325.913033
328.441233
328.482633
331.845000
333.209733
333.356067
335.814667
338.444800
343.430900
344.897767
345.082267
345.220233
345.407767
345.670033
347.309433
349.299133
351.216400
351.713700
356.611400
358.972233
367.440400
368.463600
368.594000
368.646867
369.651433
369.739933
371.251567
371.299500
375.845500
378.434967
381.777833
385.473467
387.756433
394.685133
394.705267
394.863100
399.561867
401.989267
402.375200
402.503200
402.818900
404.242667
404.299467
404.897767
404.953167
408.816500
413.689867
413.804667
414.232933
414.276033
416.204700
416.243033
416.649767
416.994800
418.179400
419.374067
419.494767
419.531133
420.754433
422.205700
423.579600
423.782000
424.456900
426.368500
428.669833
431.989533
432.029767
432.602000
432.640100
432.690767
432.975967
433.545300
435.181700
437.321167
438.830133
439.938833
439.988933
445.769467
446.120533
447.151300
448.257133
448.276633
448.281800
449.104900
450.472767
451.197200
451.401833
451.566100
452.689367
454.700600
454.734567
458.601767
460.187533
462.951100
463.007467
463.096267
463.126500
463.238667
463.244867
463.927900
469.658867
470.286500
471.213467
472.135067
472.594800
472.619400
472.871533
476.676667
476.696833
486.584433
486.624900
486.726500
486.886800
486.972367
488.764667
488.870700
489.281900
489.352233
489.362467
489.850467
489.972000
494.130567
495.297900
496.870467
499.065000
499.113167
499.173467
499.195400
499.977033
499.989900
504.114367
504.544300
504.782067
504.907300
507.689667
513.424000
514.205800
514.393833
519.255933
519.729767
523.726333
524.591900
526.990467
529.031067
529.180933
529.409267
530.040133
530.047700
530.085200
539.351333
541.214800
543.887700
544.111867
545.185900
546.875033
547.401733
547.619033
548.279533
548.374133
548.709333
552.985433
555.032767
555.773400
555.784133
555.894300
557.717167
558.190200
558.665933
562.564200
563.208200
566.690200
567.062900
570.989733
571.208333
575.089867
575.150433
575.435033
575.700033
576.506667
577.121700
578.617133
579.461300
581.633433
590.757067
590.815200
590.917767
591.943000
592.337900
592.433100
592.857233
593.399333
593.448033
593.469267
593.530233
593.644100
593.856300
593.977833
594.247200
594.262733
594.450467
597.244467
597.432900
597.723267
597.825300
597.884667
597.982967
598.044267
598.301433
598.359667
598.371900
598.422600
598.468233
598.662233
600.475300
602.577700
605.930967
608.906433
611.177000
611.642367
612.104500
612.147200
613.047400
614.517733
618.453500
621.579333
622.767467
623.999800
625.782433
625.820633
626.228433
626.288333
629.535800
631.210100
632.458400
632.514400
632.661967
632.782567
632.915467
633.011267
634.258033
634.591333
634.616033
637.016100
637.383767
638.241567
639.516500
640.499300
640.624600
640.879533
644.264500
645.200567
647.880233
648.264000
648.364467
649.527967
650.024667
650.266133
650.339633
650.464700
650.591967
651.177800
653.267400
659.214767
662.231400
662.988633
666.945067
666.954700
667.415600
667.516967
670.125200
671.138433
671.159900
672.064000
673.814533
676.329600
676.725167
676.750533
676.793767
676.806633
677.392567
678.274733
680.028167
680.059433
683.055300
683.092067
686.609200
686.765733
687.637133
687.766000
687.909433
687.975000
688.172200
688.885367
689.667700
691.496567
691.923433
692.102100
692.303633
692.690967
692.746567
693.466700
695.128400
699.498700
699.538433
699.571733
699.826500
699.882900
699.930633
700.425367
701.233067
702.638400
703.395800
703.489900
703.747333
704.567400
707.840267
707.919833
707.963267
708.161933
708.405300
708.418700
708.468833
718.097400
723.068167
726.253667
726.595167
726.785467
726.827700
728.704367
729.081867
729.498067
730.370467
732.423733
732.928767
733.255433
733.367033
733.400667
733.460100
733.870433
733.920033
733.933767
733.937467
738.463500
741.629333
742.100300
742.887133
743.592633
743.693833
744.708533
745.419167
745.755733
746.126500
747.192500
751.020100
751.308567
754.318500
755.137667
757.375100
760.847833
760.995767
761.106433
761.420900
761.507733
764.265500
767.833867
767.893467
772.017067
772.697200
772.982700
776.183967
776.394833
778.912933
778.970300
779.114767
779.271533
791.613100
792.533633
792.916067
801.446600
801.501767
801.943567
803.569300
803.591500
803.678400
804.125300
804.196400
804.439600
804.521800
804.733133
805.180200
806.881400
807.744067
810.354400
810.484533
810.619233
811.554033
812.689267
813.888567
814.944333
816.655900
820.726000
820.778433
822.282800
824.070067
824.109733
824.184333
824.392267
828.934900
829.109233
829.142300
836.073400
836.612067
836.667200
838.481900
838.565200
840.580967
842.961700
843.056333
844.861067
844.907067
845.377367
845.586467
846.136000
846.528800
846.577367
847.830900
847.903700
848.004433
850.632133
850.825100
851.123200
852.937433
854.752633
856.820133
859.116567
863.928000
864.043400
865.283367
872.809167
872.999400
873.645167
873.689200
873.766333
874.346267
874.728167
874.808633
879.276200
879.391567
882.408500
885.870533
888.882233
888.970567
889.031933
889.398033
892.564633
894.339033
894.789200
894.921867
894.958700
894.992867
895.320567
895.968233
902.475867
904.833267
916.586333
916.606933
917.819467
919.045767
919.155500
919.243033
919.913233
919.974100
920.329967
920.779667
921.057333
921.670067
923.401600
923.472467
923.664967
923.853500
924.271800
926.259400
928.433200
928.889767
930.067800
932.935167
932.983667
935.806633
935.944667
936.279033
940.392233
940.470900
940.533467
940.876900
940.898600
943.423433
943.473000
943.813200
944.053833
944.190367
944.541033
945.508133
945.691733
948.302200
950.124733
954.955267
955.751767
956.238433
956.322533
956.456300
956.564200
956.784900
956.866333
956.976233
957.332467
957.458367
957.700467
958.816933
962.627100
963.595533
966.036967
969.136567
972.159567
974.698633
975.023200
975.135600
975.500767
976.748467
980.719433
987.217633
987.477067
987.734167
988.191467
988.253667
989.745000
989.807800
994.019333
994.203967
995.980900
997.880733
998.844533
999.138367
1001.579133
1004.192667
1010.037200
1011.193100
1012.686367
1014.195000
1014.350000
1014.528800
1014.967233
1015.031533
1015.666333
1015.725400
1019.784100
1019.828333
1019.857633
1020.213567
1020.253267
1033.677800
1037.996567
1038.038100
1038.062000
1038.113200
1038.158133
1038.199867
1038.940633
1039.568933
1039.657133
1040.074900
1040.163933
1040.187367
1041.237833
1041.714667
1041.726533
1041.854133
1041.933033
1042.021267
1042.103600
1042.448767
1042.687967
1042.756567
1042.783833
1043.347100
1044.483933
1047.117033
1047.573900
1048.148133
1048.164933
1049.267567
1053.943867
1054.798567
1054.893533
1054.961267
1058.903567
1059.072667
1060.504400
1060.763400
1060.790967
1060.919267
1061.226900
1063.446767
1064.002767
1064.395167
1064.746700
1064.808767
1065.010500
1066.131000
1066.226567
1066.698233
1076.320867
1076.363000
1076.766033
1079.458033
1080.820333
1084.224967
1086.039133
1086.546467
1087.103533
1089.019200
1089.596700
1090.275033
1090.337367
1090.579833
1095.030067
1096.300767
1097.591000
1098.829300
1099.124433
1099.558967
1099.714300
1103.403067
1103.574400
1104.299033
1111.841800
1112.507633
1114.966833
1115.005567
1115.477933
1123.090300
1123.118700
1123.163933
1123.262733
1123.922800
1123.983333
1124.203733
1125.120067
1127.375300
1130.638900
1131.094033
1131.179367
1131.260700
1134.974067
1136.554133
1137.571500
1137.966767
1138.141433
1138.309400
1138.571867
1139.133633
1139.136267
1139.184167
1139.312800
1139.876967
1140.825167
1141.919367
1144.829367
1144.871833
1145.089667
1145.191967
1145.754867
1150.091667
1150.470933
1154.297767
1154.644467
1159.428833
1164.753733
1165.452200
1168.108767
1168.237167
1172.121233
1175.324367
1176.643000
1177.203367
1177.320567
1182.002300
1187.064633
1190.414700
1191.481000
1198.834167
1203.633300
1203.676533
1205.403800
1210.435233
1211.812533
1213.430967
1213.683800
1214.546733
1215.743800
1222.540867
1224.278133
1225.189667
1225.335867
1225.395100
1225.442833
1225.490067
1226.149700
1226.217200
1227.068567
1228.564367
1228.778667
1229.773233
1229.791167
1229.848100
1229.968700
1241.446367
1241.481833
1241.708033
1241.849200
1242.104233
1242.347267
1242.798767
1246.727167
1250.480567
1250.552367
1250.727600
1251.388667
1251.437967
1269.299200
1271.016767
1274.269800
1274.330400
1274.421600
1274.913000
1275.008267
1275.107000
1275.181500
1277.173200
1277.395767
1278.058567
1279.227100
1279.520300
1279.550000
1279.638767
1279.656500
1280.719333
1282.060100
1282.382267
1282.532333
1282.588867
1282.696233
1282.708333
1287.466633
1287.992067
1288.029300
1293.494100
1294.269767
1297.776567
1299.785900
1300.005700
1300.508867
1301.321967
1303.731000
1304.127800
1304.139700
1304.190367
1304.226100
1310.284833
1310.664233
1311.578133
1311.957967
1313.701533
