1.719867
1.885600
2.269167
5.219667
6.793567
7.988033
8.879467
9.730967
11.548600
11.845200
12.558767
12.598967
12.668700
13.184967
15.623300
16.271500
16.649433
17.212867
17.861667
17.913000
18.961633
21.195233
21.376233
21.636667
22.505833
23.029833
24.644233
24.833567
24.855900
25.704800
26.874233
27.446933
27.456500
27.479567
30.444733
30.481000
30.681100
30.775167
31.341900
34.855133
35.180900
35.619367
35.650133
35.982067
35.998167
38.199667
38.607600
41.639167
43.114567
43.725067
44.139267
44.293233
44.339667
46.057567
48.030300
48.929067
52.099400
53.782767
54.100300
54.114033
54.361633
54.899167
55.567967
55.705867
57.035800
57.218067
57.273067
57.753200
58.314833
58.569900
58.639000
58.774633
58.837200
59.026833
59.958200
60.869633
60.910333
60.959167
61.217167
61.245133
61.312700
61.364500
61.611767
61.621533
64.743600
66.090033
73.499300
74.552633
78.050100
79.135200
79.594467
79.607633
79.723167
83.203867
83.898233
84.492333
85.035833
85.687967
85.734700
85.861067
87.283667
91.199900
91.874900
92.484933
94.312433
94.544700
97.912233
100.318700
100.743533
100.949233
101.116333
101.376800
104.570733
105.292800
106.737333
106.789033
107.608233
108.132033
108.166833
108.169400
108.240567
108.246733
108.260800
110.741900
110.744800
111.026000
111.582733
111.947467
113.612533
113.734567
114.653867
116.655333
117.771733
119.207600
120.475567
120.575267
120.838767
121.066800
121.164833
121.212767
121.286200
121.306633
121.530167
128.024667
128.337533
128.427100
128.914733
129.869067
131.358267
131.362033
132.527733
134.445433
135.242500
135.703433
136.307900
136.522200
140.162200
142.987633
143.205633
143.315467
145.327200
145.797900
147.487700
147.778167
147.825233
147.994633
151.509400
151.684933
151.716900
151.784467
151.984867
152.151367
152.568300
152.578667
152.646633
152.863067
152.936767
153.147733
153.224267
153.323267
153.481867
153.757533
155.612900
156.585900
157.116233
157.272067
158.632033
161.907567
162.041967
162.084367
164.160333
164.352733
165.268233
167.162000
172.110167
172.555433
172.608967
173.257600
173.330400
173.527933
174.934400
174.993133
175.139767
175.625667
176.229833
176.333467
176.608233
176.933067
177.658633
178.034233
178.839400
179.490433
180.187167
180.624967
183.183267
183.794967
185.000900
185.201733
185.328233
185.504700
191.681500
192.481333
194.130667
194.372833
194.482300
194.488700
195.681100
196.302300
196.450567
196.795033
196.877700
196.995300
197.144533
197.468200
199.125333
200.160833
201.915867
202.916533
203.882733
203.921600
205.432933
209.210000
210.383067
210.944333
211.463567
211.550233
211.602567
211.703133
212.040900
212.823267
215.523367
217.587300
218.612967
218.622667
218.652133
222.038667
222.912800
223.193233
225.410167
226.809733
229.194500
230.634233
231.658300
232.124800
233.008867
233.160033
235.266533
236.260733
236.459467
236.557700
236.861067
237.697500
237.744633
237.771533
237.788967
237.925167
240.114667
240.496567
240.572933
241.380633
241.878900
243.962200
244.181967
244.960533
247.757567
248.051600
248.416833
248.713567
249.146467
249.194567
249.631533
249.698333
250.192833
250.328033
251.700000
251.723733
251.753400
252.359500
252.420833
252.867767
252.896933
253.635133
253.870633
254.107867
254.180233
254.433967
254.805733
258.797667
260.941833
261.441500
262.901533
263.704067
263.895467
264.942433
265.959833
266.108633
266.174100
269.642567
269.699967
273.341967
273.347233
276.015267
276.427400
277.222867
279.773900
279.811200
280.139700
281.398300
281.463467
281.913067
282.426133
284.369567
284.379567
284.598167
284.602100
286.229633
286.273700
287.450433
288.205867
289.165367
289.240333
289.472767
289.696600
290.192167
290.327333
290.357900
290.386767
293.203000
293.357167
294.041867
294.238600
294.291333
294.293267
294.458033
294.515067
294.685867
294.882100
294.920967
295.477000
295.579767
298.980600
299.905967
300.252667
300.263033
300.589000
300.939367
300.942833
301.011900
301.070467
301.124833
302.435567
308.374000
312.084600
312.496067
312.726800
312.944933
313.782200
314.181167
314.454267
317.716433
318.585267
323.365167
325.639433
326.113233
327.259600
327.273767
327.618533
328.275400
328.614400
329.332967
329.683867
329.715800
331.416233
331.431467
331.442400
332.092833
332.371800
332.822200
333.491767
335.155033
335.296833
335.540300
335.623300
335.712400
335.893033
336.631533
337.109667
338.451933
338.464133
338.473933
338.566867
341.499667
341.708167
343.132667
343.277100
343.752233
343.782733
344.429933
344.643033
344.706933
344.768800
344.794267
345.171900
345.383433
345.518133
346.018633
349.161400
349.949567
350.082967
350.196000
350.577267
350.641767
352.422500
353.223167
354.295433
354.308600
354.621333
356.104900
360.657000
360.742767
361.091667
362.437000
364.903233
366.405300
366.818867
368.419100
369.910567
370.477667
372.170200
372.960400
374.741100
374.883700
376.475600
377.194533
377.477667
377.745400
377.897400
377.942600
377.981367
378.095867
380.951000
381.630067
381.713967
382.145433
384.530133
385.873800
386.497867
386.759733
387.036000
387.899700
388.017200
388.221500
389.936133
390.418100
390.539733
390.953100
394.130067
394.305733
395.073600
396.326267
397.079433
397.149667
399.422567
401.034800
401.506167
402.182267
404.769700
405.128467
405.825033
408.656667
413.713567
413.740033
414.443100
414.478333
415.080667
415.124300
415.458500
415.525067
416.311100
416.348067
416.791800
418.374667
418.574467
419.063567
420.327633
420.395867
420.437500
420.804000
421.442167
422.106433
422.871667
422.873833
423.701567
423.710500
425.496067
425.641800
426.126033
427.682833
427.706600
431.073133
431.472000
432.006767
432.134933
432.252000
433.337300
433.359967
434.101133
434.669067
435.215700
435.618067
437.805900
439.964967
440.286267
440.976633
441.013867
441.781167
443.105033
444.603700
445.097533
445.344933
445.393800
445.912033
446.558600
446.766567
446.840800
446.960200
447.050967
447.179600
447.689767
447.751467
447.755500
447.781733
447.794733
447.898033
448.021200
448.161900
448.221467
448.269067
448.337100
451.968467
453.133867
457.897100
459.115167
459.344767
460.023833
460.118500
462.296667
462.708567
463.803800
464.103967
464.920667
465.124700
465.166033
466.240467
467.151867
467.389467
469.407600
469.414067
472.325200
472.359767
474.653200
476.576867
477.029400
478.310367
478.698000
479.754167
482.190767
482.541867
485.419667
485.442200
485.774300
486.538233
486.578433
486.718467
486.771167
487.749367
487.888600
488.176433
488.235667
488.548133
489.145367
489.196633
489.203533
489.346200
491.602033
492.909833
495.696833
495.870767
496.807567
499.303267
499.970367
500.597933
501.558667
502.557533
503.070667
503.100133
503.630900
503.749433
503.985267
504.102367
504.147767
506.254167
507.835100
508.004900
508.333567
508.661000
509.889067
511.325000
511.611767
512.847667
513.830167
514.189367
514.233100
514.284100
515.463600
515.599267
517.411267
520.924733
521.685067
523.959900
524.069367
526.071700
526.169033
526.211133
526.277767
528.572800
529.040067
529.903700
530.096767
530.719067
530.725033
530.765233
531.133200
531.188200
533.986933
534.803000
534.987500
535.114000
535.273667
535.690133
537.700967
537.826267
538.329900
538.447567
538.546133
538.935000
539.523733
540.837667
542.583633
542.612700
543.398033
543.693167
543.759000
543.765800
544.465000
547.020400
547.060733
547.562167
547.678600
548.313700
548.608567
549.089200
550.513933
551.980467
554.002233
556.448867
556.508367
556.567533
557.768333
557.899300
559.199467
559.783600
561.011767
561.055233
561.107233
561.234367
561.298767
561.368233
562.119467
564.408800
564.556967
564.576367
564.616733
564.727000
565.054267
565.499900
565.955933
566.009800
568.810267
568.963033
569.825867
569.840267
569.867300
570.571967
570.724833
571.232800
571.296733
574.193533
574.220433
574.608133
574.613033
574.781167
575.264433
575.578233
575.883733
576.280000
580.372167
580.784133
585.129433
585.135967
585.734867
585.768800
586.021667
586.165000
586.222267
587.133400
587.573300
587.854267
588.052100
588.112467
589.378267
589.629533
589.867700
589.872100
589.935233
590.198033
590.235233
590.469100
590.580667
593.270333
593.400167
593.609367
593.824500
594.742100
595.045867
595.428167
596.746900
597.205433
598.536967
598.784033
599.192533
602.148900
602.348933
604.866167
605.149200
605.612100
606.517733
606.754167
606.973733
609.082733
609.095900
609.687367
610.547667
613.098333
613.383100
613.466833
614.356400
614.647500
615.522100
616.195333
616.209800
616.537300
618.346000
618.828433
619.843533
620.499333
621.227167
621.404000
621.700700
622.263167
622.366500
623.951433
624.547867
624.595200
625.717833
626.486767
626.719933
627.916200
628.177100
629.692833
629.703800
632.454467
634.593100
634.892000
635.762800
636.794000
637.002267
638.299767
639.359600
639.461567
640.306567
640.615233
641.376633
642.128533
643.307067
645.021633
645.215933
645.225433
645.805533
648.829667
651.316233
652.129700
654.063433
656.225900
657.468500
658.101567
658.399267
658.647500
658.847767
659.068467
659.171800
659.234100
659.242067
659.266167
659.301100
659.916767
660.966733
662.292033
662.937767
663.114000
665.754167
665.907367
666.805600
667.715533
667.895200
670.104333
670.130100
670.892800
671.081967
671.275600
671.521600
673.810233
673.923367
673.940933
674.144600
674.769400
674.959567
676.656167
677.202367
677.322767
677.404733
678.011600
678.760833
680.966800
681.903367
682.087667
683.036200
683.158967
684.239133
687.699267
688.087700
689.916000
690.361667
691.484633
692.235533
693.184600
694.160600
695.085767
696.102067
699.445133
700.289400
702.889133
703.202600
704.625933
706.900767
707.934133
709.254667
710.002933
710.159500
710.227500
710.377000
710.436467
712.768367
712.786300
714.733333
714.758533
715.195567
715.386000
715.722933
715.890100
716.597533
718.452833
719.399533
722.198300
722.304633
722.325600
723.321433
723.664800
723.677200
723.787667
723.804733
724.075000
724.150967
724.161900
724.640000
726.373567
726.911433
730.530700
731.240800
732.823067
732.870567
732.873300
732.908267
734.235467
734.766267
737.149633
738.133800
738.259100
738.484400
744.140433
744.274467
744.346633
745.078300
745.177800
745.341167
745.946533
746.395133
746.536400
748.604533
749.427267
750.699400
751.203433
752.465167
755.423567
756.282667
757.148933
757.252833
757.650267
760.260967
760.991700
761.962833
764.065333
766.154567
767.002433
767.303733
767.698800
769.065233
770.365633
771.173833
771.331000
771.407133
772.057900
772.059800
772.481533
773.082400
774.430900
776.866100
781.461000
782.141533
785.783500
785.916167
786.006567
786.082900
789.332300
789.516933
789.832067
791.124900
791.344367
794.186300
794.557833
794.795667
794.913400
795.506633
795.579500
795.863433
796.068267
796.109967
797.222900
797.226400
797.235900
797.499300
797.748833
798.892633
798.997167
798.999033
800.063300
801.321700
802.185233
806.192000
809.268667
810.805333
811.056533
812.438467
812.546867
814.149933
814.161767
814.432667
815.765600
816.866267
816.870100
817.888000
819.757767
819.929100
820.569833
822.354900
824.474900
825.595300
826.215567
826.392667
826.744400
827.649400
827.865633
829.105333
829.123033
829.128267
829.725800
830.482133
831.852600
832.785367
833.101067
833.104467
833.158967
833.365733
837.464933
838.559000
838.620200
839.027500
839.809567
841.485033
844.109233
846.573733
849.465633
849.533567
849.737167
850.375600
850.725267
851.608967
851.703933
856.809033
857.239033
858.519500
859.208267
860.453667
862.921633
862.943867
863.560467
863.927700
864.292600
865.244333
865.672100
866.569567
866.973533
871.216900
871.273400
871.986367
872.279233
874.680900
875.807033
876.005233
876.027533
876.232200
879.841733
880.318933
880.378400
881.044733
881.260933
881.575467
881.640167
881.705433
882.210500
882.334500
884.866300
886.528233
887.625567
887.939233
888.844533
889.480733
889.608500
890.631467
890.888600
892.068367
892.202300
892.215533
892.481300
892.811500
892.965800
893.027533
893.132633
894.219267
894.258033
895.134800
895.858200
896.206900
896.920367
897.005333
897.712700
898.893833
899.547200
901.826967
902.459167
902.802600
903.993167
904.112367
906.800800
906.862367
907.740100
909.226167
909.770067
910.729733
911.326700
911.664200
912.519233
913.189300
913.328933
913.650367
913.879100
913.907800
913.916267
913.934567
913.936533
914.030000
914.183433
914.492600
914.706700
914.818933
914.843467
914.874933
914.877867
914.970167
914.972867
915.043867
915.076467
915.310433
915.396700
915.575933
915.706933
915.736333
916.199067
916.293667
924.605800
925.461133
925.505867
926.350467
926.499633
928.026867
928.112800
928.768100
929.333633
929.571700
929.601067
930.566200
931.489467
931.600600
931.638500
931.682267
932.119267
932.412933
932.526500
932.608167
932.896367
933.923433
937.688233
937.746767
938.382133
938.802900
938.828333
940.944733
941.059267
941.538767
942.132367
942.423200
942.687000
943.477867
944.153467
944.905067
944.973367
945.020167
945.102967
945.143067
945.335100
948.304100
948.719400
948.750533
949.590700
949.822233
950.133133
950.821667
950.899867
952.473167
954.784267
955.096633
956.201933
956.237567
960.384633
960.657633
961.417367
961.670500
962.002533
962.317867
962.334700
962.437633
962.587000
962.676900
962.692867
962.872333
962.876867
963.791567
963.846667
964.154867
964.209400
965.561467
965.753400
965.909900
965.940567
966.570967
968.713400
968.766167
971.420033
972.894700
975.787500
976.902067
977.237300
979.682333
979.857233
980.002967
980.161700
980.224833
980.263667
983.433333
984.105433
984.113100
984.119100
987.111167
987.965367
991.037033
991.917667
993.402067
994.476367
995.168833
995.348267
995.401633
998.629000
998.650467
999.735733
1000.142967
1000.429567
1000.989700
1001.210500
1004.088133
1004.589233
1004.887067
1005.131667
1005.190933
1007.808500
1009.725800
1013.129467
1015.768567
1016.342367
1017.552800
1017.600200
1018.541267
1018.665133
1020.263133
1020.301767
1021.145567
1022.297967
1022.302033
1022.327900
1022.820733
1022.946833
1022.975567
1024.148867
1027.998833
1032.139900
1033.045133
1033.723633
1034.548633
1034.552300
1035.580000
1035.930633
1036.121967
1036.442600
1037.972067
1039.784600
1039.984967
1040.855467
1043.585100
1043.956333
1044.484133
1044.943533
1045.028667
1046.576567
1047.114300
1047.169967
1048.298933
1048.786833
1049.308600
1050.062767
1051.655800
1051.707900
1052.501600
1053.219233
1053.372333
1053.757967
1054.440400
1055.925167
1056.440067
1056.480267
1056.836800
1058.754900
1059.026867
1059.110300
1059.852200
1061.669967
1062.026400
1062.491933
1064.109667
1064.209000
1064.271867
1067.539900
1067.627067
1068.808167
1069.907767
1072.599867
1074.103133
1074.970900
1078.529933
1085.540133
1085.594300
1087.198733
1088.619667
1090.587100
1091.604567
1092.646200
1092.770200
1093.930333
1094.382167
1095.753100
1095.976233
1096.119267
1097.987767
1099.772433
1100.369067
1103.877100
1105.388767
1105.577500
1106.370500
1107.759467
1107.808900
1107.904200
1108.086100
1108.720700
1109.512167
1109.551100
1111.108833
1111.246900
1111.652233
1112.061200
1113.616933
1117.155033
1117.741333
1117.756467
1118.682267
1119.042333
1119.498233
1119.675333
1119.750900
1121.404200
1122.162300
1124.294100
1125.138900
1125.199233
1125.281867
1125.941700
1126.492300
1126.958633
1127.265667
1127.325767
1129.868833
1130.103167
1130.170333
1130.214533
1130.291133
1131.026200
1131.034967
1131.834300
1132.555167
1133.134100
1133.204833
1133.257700
1135.666667
1139.000333
1139.801433
1141.428267
1142.016500
1142.656800
1143.439300
1143.512000
1144.810700
1144.957733
1145.560533
1146.379600
1146.430233
1147.725100
1148.313067
1148.673800
1150.270033
1150.288233
1150.315767
1152.058167
1153.411833
1155.132433
1155.949433
1157.480467
1157.654500
1158.490333
1158.512600
1158.537567
1158.647567
1159.147567
1159.192467
1159.682267
1159.693200
1159.788200
1159.859567
1160.278500
1161.666767
1164.605933
1166.227467
1166.288533
1168.805300
1170.170133
1170.504200
1170.592967
1170.818367
1171.172667
1171.713933
1172.633467
1173.412467
1174.731033
1175.313467
1180.551633
1181.760567
1181.942933
1182.398000
1183.034600
1185.624567
1185.701433
1185.920767
1187.536367
1187.663700
1187.679867
1187.705767
1191.484067
1191.625633
1192.854100
1193.232833
1193.263067
1193.305167
1195.634833
1196.544667
1198.393533
1198.713467
1198.984167
1198.998100
1199.135000
1202.556933
1202.568667
1203.141167
1203.230033
1203.400133
1203.774933
1204.116333
1204.172933
1204.215000
1205.509600
1208.488167
1209.363500
1209.527400
1209.704433
1209.764967
1209.789267
1209.953133
1209.988833
1210.054200
1211.040700
1211.541933
1212.304200
1214.004533
1214.897833
1214.922033
1218.489133
1218.511700
1218.645267
1218.860267
1219.179233
1219.222200
1219.870833
1221.776500
1222.167467
1224.777100
1224.944433
1225.068367
1225.072000
1225.418533
1226.663133
1226.729967
1226.765533
1229.210233
1229.519800
1232.384700
1234.057000
1236.788967
1236.813967
1237.353967
1237.409733
1238.527000
1238.557933
1240.409567
1242.703167
1242.854433
1242.942400
1245.199400
1246.035333
1246.107867
1246.225400
1246.250367
1247.292667
1248.265800
1249.118133
1250.654533
1251.434667
1251.479233
1251.736467
1251.912500
1252.230167
1253.101833
1253.423867
1253.584967
1255.260800
1255.349267
1255.895967
1256.254533
1256.800000
1257.841467
1259.351800
1259.599533
1259.835300
1260.044767
1261.520200
1262.036600
1262.298933
1262.828267
1263.176100
1263.452367
1263.481067
1263.513067
1263.932967
1264.317233
1264.360000
1264.496633
1264.639967
1264.738100
1264.851633
1264.861633
1265.393533
1266.036900
1266.110967
1266.240267
1266.242833
1266.289300
1267.356667
1267.662733
1268.067733
1268.263600
1268.614533
1269.554900
1270.157933
1270.193633
1270.222567
1270.271267
1270.349633
1270.490600
1270.535867
1270.650333
1271.087633
1271.901967
1273.236000
1273.239567
1274.357267
1274.519367
1274.618700
1274.669333
1274.724733
1276.223367
1276.938733
1277.125967
1278.812433
1280.501733
1283.047233
1284.308200
1285.252567
1286.559567
1287.037267
1288.279500
1288.650533
1291.053667
1291.910433
1292.220000
1292.446900
1292.950067
1294.183100
1295.099333
1296.193067
1297.109600
1297.167967
1297.333200
1297.636667
1299.266400
1300.862533
1301.319467
1301.969333
1302.118033
1302.268400
1302.487233
1302.670700
1305.713900
1306.985433
1308.021433
1309.559900
1309.567300
1310.639100
1311.342300
1313.575533
1313.618067
1313.782933
