0.126733
1.720967
1.923333
1.972900
2.698000
7.732900
9.322800
9.761233
11.226100
14.388733
16.779100
17.576067
18.122900
19.711067
23.318000
24.570867
26.389700
28.365233
29.814133
29.958167
30.161867
32.513833
33.521933
33.800667
33.848933
34.956767
35.856600
38.032300
38.834067
38.856033
40.207800
40.216433
40.680000
41.811600
42.562667
44.286633
44.777200
44.895667
45.340567
46.421600
47.502200
48.397400
49.663867
49.729300
50.195300
50.226400
50.706767
50.862000
51.600867
53.808433
53.977100
55.936467
57.194133
57.802067
58.030567
58.444267
60.030633
60.534633
60.745633
63.073200
63.983967
64.028567
64.280633
66.154000
66.352967
69.899967
70.103167
71.999467
74.665167
75.271933
75.610167
77.653767
79.681500
79.794633
81.057900
81.254767
83.228300
84.370133
85.842000
86.002400
87.290933
87.337500
88.141467
89.164633
90.355567
91.259267
91.400933
91.878600
93.442600
95.628500
96.196900
97.064400
97.182567
97.424300
97.548233
97.706400
98.423067
98.635167
99.753167
100.684867
102.957200
103.731533
105.530367
106.353300
107.573333
107.916500
110.625733
111.246100
113.392833
115.043033
115.422633
120.137500
120.419100
120.701433
120.930567
123.212467
123.765033
125.239433
125.981300
128.134400
129.520300
129.566067
130.358133
131.521200
133.328867
134.487033
135.970567
136.064067
137.333300
137.423933
143.546067
145.563767
145.702933
145.946367
146.829867
147.048867
147.730033
148.686633
149.788200
150.532433
150.892867
152.819400
153.714200
153.929833
155.965300
156.969567
157.236600
157.271467
157.442100
158.157333
160.150033
161.042800
162.113667
162.882233
163.618067
163.776933
164.115900
165.325200
167.095333
167.807833
168.968700
169.105333
169.296633
169.727300
169.814967
170.640600
172.446400
177.515767
178.423000
180.731933
182.127033
183.637400
183.770833
184.378300
184.776800
185.140967
186.333567
188.916767
189.354033
189.467167
189.532200
190.081733
190.111033
190.809267
191.641600
192.684367
196.409967
197.052900
200.341533
201.790467
202.528000
203.123533
203.209600
204.973100
207.290900
209.722100
209.970500
212.523533
213.300967
213.691933
214.344033
214.407833
215.228167
215.804767
217.159567
217.337733
217.735533
218.445867
220.265233
222.118933
222.463967
222.837267
224.446533
226.100333
226.909267
228.049967
228.171033
228.206433
231.448900
231.533233
233.232733
233.403867
235.287400
236.299433
237.357133
237.856133
238.480100
241.388533
241.530633
241.589867
243.471000
243.882267
244.276300
247.494667
247.687167
248.085600
248.983367
250.173700
250.750133
252.150933
252.633367
256.254800
256.453033
256.917700
257.179233
258.914800
259.040400
260.441267
260.867300
260.966133
262.797267
263.695867
265.816233
265.872500
266.008467
269.382333
269.732100
270.105033
270.538233
270.597367
271.325533
272.284000
272.379033
272.694933
273.233933
273.327533
274.380567
274.665300
275.682767
275.930733
279.934100
280.020267
281.579700
282.052267
282.203133
283.854367
284.068367
284.170567
284.795033
286.116700
286.371800
286.520500
287.612167
289.088833
289.683467
290.325367
290.386567
290.478167
290.519300
290.761767
290.992333
293.039767
293.363900
293.746300
294.653500
295.472000
296.727333
298.729033
299.568367
299.785300
300.800567
302.200700
302.395900
303.164400
305.257067
306.056800
311.570300
311.996867
312.683867
313.119367
313.920533
317.271967
318.344833
318.944333
319.394133
320.232867
321.199433
321.248633
323.100867
323.161600
323.563667
325.802567
326.845500
327.242900
327.791933
329.822767
331.907633
333.267700
333.537933
333.842833
334.111967
334.920000
335.999667
336.137467
337.058600
337.819467
340.251500
340.871800
349.116067
349.152933
349.232267
350.434533
350.542600
351.651533
351.813600
352.000133
353.037400
353.757033
354.028600
354.573833
354.600833
354.650100
354.771233
355.020633
355.304900
356.256867
356.269233
358.735167
358.859833
359.376433
360.251533
361.212533
361.271933
362.941667
363.790667
363.853733
365.801800
366.958633
368.853267
370.006567
372.756533
373.550567
374.435000
375.269700
377.155667
377.286500
377.416333
377.585867
377.973967
379.240800
379.678433
380.345200
380.479267
380.594333
380.923000
381.057467
381.772200
381.936533
382.812500
383.646267
383.796567
384.005767
385.616667
386.004567
386.008267
386.441933
387.405600
388.141433
390.264900
390.321700
392.685600
392.808000
393.213133
393.439700
395.062167
398.028867
398.234100
398.489967
398.781367
401.447600
402.260100
402.537167
402.663433
403.045433
403.934567
404.413367
404.557067
405.128900
405.225967
409.188800
410.173067
410.422800
412.436800
413.807633
415.812167
415.959467
416.147267
417.960767
418.645667
419.586567
421.787267
425.328333
426.339533
426.362233
426.650233
426.673933
427.692533
427.717667
428.463267
428.693333
428.798167
431.159300
431.464900
431.714500
431.765400
431.904100
434.166300
436.349367
436.440500
437.836567
438.524533
441.277933
442.404667
443.319300
447.714633
448.189933
451.491767
455.595300
455.602800
455.708900
457.124067
457.524267
458.312500
458.511000
459.412100
459.868500
459.889467
459.921533
460.082500
463.986767
464.834267
466.407567
469.746567
470.302367
470.359367
470.680000
470.722667
472.922033
474.085900
474.708267
475.416700
475.885633
476.022233
476.499067
476.539600
476.693233
478.122867
479.761567
479.880300
480.062733
482.965000
484.409267
485.605433
486.476467
486.785467
487.503633
489.055300
490.464300
490.721400
491.061600
493.254567
494.957567
495.021700
495.920500
496.601900
497.092933
497.103800
497.846600
499.024000
499.717267
499.850000
500.144300
500.944400
501.190267
501.593767
501.834733
502.974000
503.120233
503.848733
505.850867
507.289700
507.687433
508.926767
509.513067
510.116733
510.351833
512.480300
515.094433
516.121267
516.195133
517.038400
518.125700
519.834100
520.830933
521.051900
525.258400
527.458267
527.572567
528.499033
530.202500
533.295000
535.210133
535.626500
535.658333
536.133733
536.296500
537.937633
539.131900
539.224333
540.082500
541.682800
541.898167
542.562900
542.634833
542.721233
542.801867
545.735900
547.739133
548.475800
548.950433
549.211533
549.904600
550.143800
551.954700
553.062033
553.134067
553.857867
553.935500
554.511500
554.863367
554.978800
555.727767
555.838767
556.143600
557.757900
557.969000
559.868733
560.858467
561.065333
561.077867
561.727767
564.379967
564.951167
565.906633
566.761867
566.853600
567.208433
568.517000
568.652300
573.362267
573.487867
573.547600
575.203467
575.667300
576.009467
576.040667
577.164100
577.705200
578.258000
579.305267
580.108100
580.459567
580.867733
582.152167
584.203167
585.981333
588.639533
588.737567
588.953867
589.004333
589.126867
589.671333
590.497700
590.774467
590.989433
591.660967
591.993767
592.506200
593.409800
594.120367
594.758300
594.767900
596.888400
598.760833
599.042033
599.127600
599.945033
600.635700
600.961067
601.156533
602.525333
603.034100
603.339667
604.705333
605.085833
605.577167
605.640800
606.142733
610.490533
614.592767
616.873800
617.652700
619.160767
619.427900
619.534433
621.738933
621.983800
622.318800
622.512033
623.776967
625.035733
625.072300
625.620633
626.653433
626.796667
627.943800
629.183567
629.622800
630.609900
631.627767
631.678533
634.727833
636.274567
636.623033
637.045733
638.252267
638.536467
638.595200
640.392267
641.127767
643.920933
645.371267
648.157300
649.351200
650.812867
651.281000
653.808200
654.247433
656.121367
656.547867
656.899567
656.927600
658.222700
658.387433
658.542033
659.395200
659.597533
659.672700
660.948833
662.706200
663.675867
664.805067
665.875233
666.934467
668.199733
671.144500
673.869100
676.996633
677.085567
677.429533
678.946867
679.356467
679.422000
680.301567
680.350000
680.460933
680.582400
680.628867
680.678400
680.754100
682.717833
682.814900
682.960933
683.008033
683.432667
683.642700
683.698567
686.175467
690.078700
690.822200
690.991200
691.175533
692.284767
692.807333
693.785567
697.102800
699.629567
700.064400
702.926200
703.015933
703.553333
705.153167
705.658967
705.699833
708.829533
709.162500
709.246233
709.513333
712.912300
714.458933
714.550133
717.164467
718.057433
720.477767
722.542100
723.847667
725.664833
726.420633
726.632267
727.794333
727.823400
731.085567
732.559933
732.663267
732.752433
733.092700
733.851867
734.542200
735.210633
735.238900
736.288167
737.706400
740.156500
742.354233
742.603700
744.914200
746.427633
748.243433
749.298733
749.755233
750.027767
752.528133
755.653167
757.151767
758.992567
760.979900
762.246467
762.316800
762.961067
763.424900
764.094300
765.125100
768.403567
771.083900
772.161867
772.896667
773.028967
773.105733
773.657900
774.466033
774.471400
774.553233
775.270967
777.509667
779.443433
779.649900
780.319433
782.436567
783.343467
783.434300
785.518600
787.249333
788.676833
789.432633
789.455833
790.709000
790.925367
791.445633
792.180033
792.236867
792.393567
793.114100
793.686967
793.764833
800.396000
800.666667
801.400400
802.008433
802.730400
804.467467
805.637200
805.645700
806.427367
806.582700
807.175733
810.468467
810.563267
811.760267
812.110300
813.052533
813.446533
814.131800
815.499567
818.506133
820.328933
821.064733
822.868733
823.587733
823.917233
824.715567
825.625600
826.581600
828.665100
828.885333
828.943767
830.124133
830.877833
831.769033
831.886667
832.085900
833.422067
834.961533
835.583167
835.639500
836.917767
837.367200
837.424167
838.700000
838.706667
838.898100
839.427133
840.163333
843.106100
844.371867
845.521567
845.855967
846.437667
846.581200
846.789733
846.898500
847.012667
850.311800
854.421700
854.890233
857.290533
857.331133
857.939033
858.141733
858.817133
859.930300
861.837033
862.054400
862.491333
862.922500
863.057100
863.101767
864.092400
864.258733
864.407767
865.277367
869.744633
871.271200
872.526733
872.611333
872.957167
873.166667
873.861600
874.382567
874.422667
876.555467
877.647433
879.858900
881.386767
883.119600
883.274967
884.203467
884.489833
886.578200
889.267367
890.130267
890.506967
890.687733
890.971933
891.498033
891.704700
891.884200
892.032000
895.510533
895.559600
896.367467
897.128800
897.767000
897.996700
898.199600
898.802867
900.130367
900.402100
900.496467
904.574567
905.179000
907.066800
907.259033
908.540400
909.815600
909.877100
910.860333
913.831867
913.898700
914.552467
915.482467
915.980633
916.018800
916.095267
916.606000
917.158167
917.949667
919.115167
919.970967
920.047833
920.273400
920.288567
921.362967
921.700867
923.109000
923.802867
924.104167
925.379633
930.602400
931.279533
931.935567
932.250533
932.323733
932.730867
933.467500
933.789967
934.647500
934.933500
935.320067
936.242067
936.372400
937.113167
939.680833
940.987233
942.687567
945.341767
945.440067
946.416700
946.492667
946.615100
946.875133
947.349100
948.044100
948.194733
949.511933
949.582767
950.858600
951.384300
951.424800
951.638267
952.204433
955.324567
955.418200
955.614133
956.104700
956.116033
957.623933
957.683767
957.998100
960.122167
960.243133
960.347533
960.635933
962.419233
962.813667
964.236833
965.618733
968.394867
968.838000
969.968400
972.016567
972.243500
972.871767
973.247233
977.254167
977.790100
979.217333
981.666133
983.498900
984.386700
986.433633
987.174267
987.921900
988.363900
991.076200
991.684867
991.938000
992.809867
992.814500
992.963367
993.364667
993.495033
995.376867
997.044133
997.195800
1000.008000
1000.328367
1004.527800
1005.386633
1008.155967
1008.542667
1011.647500
1013.157400
1015.487167
1015.636500
1015.957667
1016.631467
1017.689533
1019.590133
1020.551067
1023.375733
1024.994233
1025.413700
1028.069667
1028.154100
1029.398733
1030.139900
1031.327033
1031.366667
1032.877133
1035.165800
1036.032700
1036.515867
1037.183367
1038.060100
1039.515133
1039.861100
1040.650100
1048.355767
1048.564700
1049.972233
1050.118933
1055.625867
1056.702900
1056.792967
1058.746133
1060.334633
1061.230367
1063.273600
1063.573100
1066.251267
1066.850833
1067.214267
1068.015633
1068.485267
1069.752967
1070.836833
1071.348033
1073.465567
1074.104267
1076.953500
1077.277600
1079.969833
1081.045133
1081.689567
1082.121367
1088.056767
1088.589600
1089.978600
1090.388933
1090.615367
1090.663067
1091.809000
1093.250267
1093.928700
1095.795133
1096.515200
1100.257033
1101.172400
1101.801800
1102.423167
1104.008033
1105.130633
1108.351100
1108.629533
1109.412433
1110.527300
1110.977233
1112.479300
1113.731433
1115.883500
1117.231400
1120.772833
1124.013167
1126.479900
1126.804533
1130.459300
1131.279867
1131.604033
1131.864067
1136.429867
1136.985533
1137.424267
1139.140100
1139.551267
1139.679200
1140.140233
1140.617067
1141.017400
1142.595867
1143.175733
1144.828500
1146.288500
1147.941400
1148.065267
1149.651567
1149.868600
1149.950867
1155.985133
1158.183967
1158.353400
1161.616833
1161.634033
1162.840533
1163.254700
1164.098400
1164.172233
1164.249267
1164.334800
1164.710467
1169.162133
1169.615067
1169.694000
1169.868100
1170.799700
1170.920533
1173.083800
1173.091400
1173.261567
1177.142033
1177.891667
1179.023600
1180.365333
1180.644600
1184.034800
1186.362567
1187.370167
1187.807067
1188.960767
1191.459700
1192.637600
1192.705000
1193.299300
1196.046567
1201.560700
1202.294067
1202.560233
1207.019700
1207.904000
1209.092400
1209.138633
1210.112800
1210.307900
1213.134767
1215.040233
1215.079733
1216.711600
1218.313367
1218.838267
1219.302467
1219.390300
1219.485267
1219.523000
1219.604600
1221.339767
1223.090767
1224.026300
1224.428833
1225.687733
1227.989867
1228.702867
1228.961767
1230.940133
1233.638667
1233.776500
1235.356800
1236.981433
1237.034033
1238.145767
1239.634200
1240.193467
1241.681433
1242.615800
1242.722633
1242.808267
1243.657433
1243.801100
1245.105500
1245.191267
1247.657133
1248.419300
1249.033700
1249.603500
1251.281667
1251.886000
1256.289133
1259.184333
1262.735500
1264.720467
1266.091467
1270.339667
1271.233033
1273.515467
1273.804767
1273.952800
1274.438933
1275.127733
1275.232067
1278.782100
1280.245500
1280.707633
1280.763033
1280.928600
1281.198100
1283.056067
1283.488967
1285.504400
1285.708067
1286.024200
1286.483033
1287.819467
1291.642667
1291.854267
1291.881567
1292.153967
1294.221333
1295.004100
1300.539233
1300.803433
1301.096733
1302.639833
1302.716267
1303.951367
1304.813333
1308.929333
1309.101233
1309.714033
1313.757400
