0.264333
6.919800
14.544467
14.793300
23.685733
25.951833
26.073100
26.265967
26.333133
26.508100
27.129300
29.772000
29.848633
30.138500
30.234500
30.294967
40.857567
44.652833
49.749500
61.176267
61.238100
85.885467
93.667600
94.533567
99.101533
99.975567
100.211667
100.273000
100.353133
100.487533
101.028167
101.249333
105.349700
105.476200
107.719533
108.077867
108.443267
109.822567
111.615100
120.756333
120.952233
121.220167
128.123833
133.484767
137.058033
140.734533
152.056267
177.665567
185.124533
185.190567
185.320567
185.460867
185.706633
185.763000
185.830900
186.008233
186.142133
186.299067
189.042033
190.940867
196.435433
205.275667
210.675933
213.983800
219.453067
222.894933
232.214433
232.390533
232.577067
232.695067
236.758167
237.003833
237.084600
237.131000
237.162033
237.285267
237.721600
240.814800
240.966900
248.560700
249.282667
249.405300
250.751367
250.976233
253.832200
261.894467
271.616600
272.194500
273.152467
280.392833
281.017667
289.781967
289.912333
290.109600
295.085867
295.134700
295.209333
295.265567
303.553267
306.060367
313.063000
313.144067
313.267233
313.325967
313.374267
313.970933
315.597767
317.689467
332.099633
335.402433
338.029933
338.543533
343.716833
343.780967
343.998833
344.137967
344.503067
344.612700
346.699867
353.543100
359.752100
359.837000
371.959533
372.906333
374.814367
374.887667
376.960500
377.129267
377.303700
381.015533
381.106967
381.612600
381.754700
390.295533
390.875167
392.114467
411.415133
415.640867
415.695667
424.924100
428.197700
428.636700
428.739267
430.731800
435.273667
435.480967
440.334867
447.844033
447.979133
457.945167
459.252667
459.361433
459.434867
459.477667
459.536733
459.727433
459.832333
460.048733
466.127233
467.171800
471.317467
471.506500
471.542933
471.612967
472.212933
473.854667
483.449733
486.028733
487.941800
488.240900
488.828500
488.997233
489.145300
489.217233
489.249433
490.966267
491.082567
491.166967
492.010633
494.247933
497.259233
501.605267
503.007933
503.064067
503.140033
503.186733
503.545300
503.595533
503.615000
503.642967
503.689033
504.044700
504.223200
506.522700
507.375000
507.816300
507.898733
507.932200
508.092700
508.195300
508.233167
508.263367
508.501600
508.622867
509.132233
513.063767
513.307900
513.432100
513.485700
513.534100
513.643600
513.677067
513.814033
513.820167
513.894567
513.933733
514.315367
517.266400
519.080300
519.579700
519.640633
519.695467
520.471467
531.213833
534.126467
535.523233
535.604500
535.630033
535.989700
538.267367
541.473867
541.895500
542.841933
542.874567
543.856933
543.980000
550.526733
550.939200
553.113000
556.605767
556.814500
556.991267
557.631500
557.852033
558.010433
561.398600
562.302033
568.589367
568.707500
569.256400
570.595900
577.791400
578.316467
579.146867
579.747100
596.031733
601.226067
602.523833
602.730600
602.752667
602.802033
603.014433
606.811600
612.174633
620.472133
634.755600
640.551400
641.368767
643.919700
645.391667
645.593700
645.890867
646.063600
646.237067
646.370233
650.875667
652.725367
656.538867
657.808233
658.145467
658.180633
658.381067
658.597300
658.687433
660.879067
669.197933
670.895933
670.953367
671.085800
671.145200
671.202767
674.918000
675.406567
680.021167
680.078700
680.561467
684.054867
684.121233
684.178633
684.222300
688.204567
692.929633
693.000900
694.420800
696.322467
696.747333
700.314733
705.255767
706.175167
709.597733
713.881667
714.000700
734.333933
736.535667
736.771733
737.738600
737.840100
738.055400
738.305733
738.424600
738.526767
738.643867
743.213833
743.444567
744.604167
745.357467
745.446300
745.474200
745.863300
745.902633
746.157700
746.203967
746.266900
746.299267
746.399600
746.515367
748.826367
752.742033
756.423733
756.698967
756.723933
756.750367
756.827600
756.870767
757.058667
757.186600
757.228433
757.351833
757.441733
759.834633
766.723100
766.822700
766.846867
766.912633
767.230467
767.279533
767.352367
767.502600
767.545967
771.469833
771.860533
771.925767
772.088433
772.139733
772.320433
772.413333
772.604767
782.903367
783.662833
785.458067
785.537367
785.914133
788.619733
788.686433
788.954733
793.317533
795.483367
795.562267
795.688033
795.843067
795.894767
795.945133
795.977700
796.108800
796.279267
796.322933
796.424033
797.248467
803.116600
808.938633
808.970367
809.071767
809.143067
809.179733
809.569833
814.778933
814.963167
815.227700
818.309767
818.632833
818.755133
818.793500
818.901800
819.433533
819.720667
819.803833
819.962000
820.159200
823.584167
826.635533
827.056100
828.266133
828.382667
828.433833
830.939000
832.443200
832.727267
833.150033
837.326167
843.977633
845.422267
845.817433
845.849467
846.214533
846.985533
847.077933
854.554500
859.197033
859.538100
863.088667
863.546567
863.742067
864.547467
866.859167
867.787133
868.533767
868.618267
868.653033
868.745333
874.361633
875.967500
877.531333
880.458333
880.607700
880.621267
880.657933
880.708367
880.753567
881.109567
881.157300
881.320933
887.766667
890.468067
890.949033
890.992700
891.022500
891.349467
891.465800
891.501833
891.705933
891.734800
891.843933
904.260967
904.318467
904.370867
904.415633
904.486133
904.534633
904.775733
904.840700
907.918000
910.012567
910.099167
913.210600
915.847733
919.052867
919.247300
919.972767
920.142500
920.518033
921.036433
921.232367
921.311067
925.676200
927.755767
927.956567
928.883100
932.243733
932.364067
932.406200
932.703800
938.425700
940.518600
941.595100
941.656967
941.828300
941.904333
943.305100
944.466500
945.462633
945.535400
945.978600
948.528900
948.595267
948.982233
949.115667
949.245333
951.939933
956.419667
960.139967
960.642200
961.731533
961.757367
961.790733
962.262967
962.347833
962.371033
962.431000
965.214300
965.386433
965.435233
965.918133
972.493200
979.047233
979.131333
979.153633
979.472367
979.716367
979.742100
979.793033
979.809500
979.935567
980.065800
980.131200
980.350500
983.475400
983.718233
983.782600
983.957233
984.190367
987.883000
988.092267
988.181000
989.743233
989.791733
990.347200
990.644967
990.793833
994.270633
994.291700
994.456400
994.517400
994.565400
994.682533
995.032067
995.071400
995.210367
997.278233
999.296600
1005.133633
1006.094300
1013.626833
1015.593067
1015.770200
1016.916967
1017.878867
1020.407733
1028.761700
1042.387067
1042.413833
1042.657700
1046.117667
1052.571033
1052.636500
1052.877233
1053.090133
1053.187933
1053.235933
1053.321567
1054.948267
1056.223700
1056.290800
1056.421633
1056.563067
1056.616967
1056.738633
1056.799200
1056.948833
1056.969333
1057.027700
1059.662600
1064.943233
1066.803767
1066.866833
1066.934833
1067.962067
1068.122767
1069.937500
1073.557967
1073.707833
1074.017733
1074.081433
1074.143133
1074.231500
1076.683800
1078.359433
1080.444400
1080.768100
1081.653367
1083.344500
1084.648567
1086.841033
1087.209433
1087.924533
1088.231233
1090.237867
1091.738867
1092.300600
1096.012900
1096.516700
1097.229067
1098.811967
1098.945100
1101.307400
1101.827700
1104.255133
1105.629133
1105.660867
1105.960933
1108.320400
1111.392633
1111.486833
1111.631133
1111.715667
1111.921333
1112.193300
1112.277167
1112.320533
1118.383267
1118.502100
1118.829567
1118.890267
1118.965267
1119.315233
1119.530967
1120.823133
1121.004267
1124.005467
1126.103533
1126.194900
1126.547000
1127.009933
1129.192100
1130.222100
1130.436067
1136.438833
1136.527067
1136.565967
1136.602233
1136.688600
1137.309933
1139.118333
1140.341000
1140.928200
1142.546700
1142.765900
1142.868200
1143.645800
1144.667400
1145.196600
1145.716767
1149.642533
1149.748933
1149.896733
1149.921767
1149.966033
1157.858867
1159.075000
1159.169300
1159.525900
1159.628000
1159.904433
1159.976800
1164.051967
1166.108933
1169.170933
1169.230533
1169.283267
1169.535200
1170.189267
1170.237367
1170.274567
1170.337500
1170.386633
1170.513233
1170.598967
1170.943700
1171.050733
1171.202167
1171.264000
1171.301833
1171.332600
1171.473533
1171.479933
1173.301667
1173.643533
1176.826933
1181.185033
1181.279900
1181.386333
1181.454167
1181.868433
1181.940367
1181.996533
1182.038767
1185.340033
1186.875900
1187.257033
1187.282967
1193.221567
1193.521067
1194.317633
1195.831067
1197.675967
1198.207733
1198.300900
1198.441133
1198.506033
1198.568433
1198.636067
1200.636267
1202.964367
1203.043033
1203.078933
1203.195433
1203.250067
1203.282100
1203.360800
1203.624667
1203.656167
1203.762367
1203.839400
1207.731967
1207.865633
1208.665767
1208.873367
1208.984200
1209.015533
1209.095200
1209.255967
1209.303500
1209.364933
1209.501133
1209.612933
1209.658867
1211.762900
1214.609100
1216.027233
1216.759533
1216.822067
1217.300967
1221.811267
1222.274800
1222.342033
1225.520967
1225.822900
1228.229833
1229.786233
1237.006767
1239.064700
1242.400567
1242.465567
1245.898733
1245.979500
1246.585233
1246.625300
1246.663133
1248.185400
1251.142800
1251.318067
1253.974667
1254.087700
1260.031800
1260.134633
1260.622733
1260.723700
1266.076467
1272.447300
1272.489333
1272.561100
1273.027433
1273.053367
1273.139367
1273.246733
1276.633867
1276.666533
1276.796800
1276.862200
1276.984033
1277.062200
1277.291800
1282.738100
1282.958500
1283.114300
1283.955600
1285.064467
1286.780667
1287.339200
1287.537600
1287.629200
1287.982867
1288.170833
1288.309733
1292.135167
1292.358300
1295.300733
1296.268500
1297.181067
1297.330867
1302.203267
1305.227033
1305.648700
1305.759300
1305.819333
1305.876333
1306.188067
1307.969733
1313.944367
