0.373967
0.779500
0.836167
1.186800
1.427100
1.707867
1.759467
1.813533
1.925933
2.136067
2.194967
2.327100
2.775800
2.818033
2.978933
3.128733
3.220000
3.470033
3.610867
4.005400
4.049100
4.188433
4.265067
4.413300
4.626700
4.669267
4.710567
4.904633
4.934033
5.013000
5.083267
5.235300
5.378467
5.463133
5.592933
5.780833
5.893000
6.339767
6.444433
6.452500
6.507700
6.950567
7.147533
7.312133
7.453667
7.733700
7.911733
7.939533
8.161600
8.197300
8.287967
8.339267
8.462500
8.993900
9.124467
9.335167
9.893367
10.729500
10.813133
10.956867
12.056767
12.309833
12.719233
12.734500
12.791700
12.864700
12.986700
13.019233
13.249967
14.116500
14.537333
14.937267
15.233567
15.426900
15.473267
15.617033
15.718367
15.947867
15.996433
16.209300
16.264567
16.446533
16.569333
17.401967
17.462033
17.486933
17.582033
17.619200
17.658233
17.824400
18.341433
18.345567
18.374133
18.802433
18.821767
19.171400
19.400333
20.037833
20.692267
20.820600
20.919167
21.221467
21.812333
21.938933
22.270000
22.518233
22.811700
22.957500
23.105933
23.192467
23.357800
23.655133
23.837433
24.007933
24.768600
24.803067
24.912100
25.059733
25.226400
25.278233
25.600367
25.870667
26.107600
26.195900
26.259200
26.365067
26.379467
26.534633
26.584167
26.622900
26.660033
26.706500
26.857633
27.217833
27.226833
27.582533
27.609667
27.915533
28.297200
28.420167
28.592300
28.952967
29.007367
29.104867
29.362800
29.676900
29.711500
29.751833
29.774600
30.041133
30.114433
30.309100
30.623267
30.659600
30.695533
30.755900
30.798900
30.817333
31.085433
31.211967
31.259433
31.308567
31.503233
31.718300
32.041100
32.187700
32.377100
32.425600
32.533633
32.734533
32.848267
32.881700
33.192367
33.311000
33.659400
33.956667
34.072300
34.114700
34.334867
34.336500
34.661933
34.789233
34.830267
34.976567
35.078833
35.938933
36.231067
36.253467
36.365533
36.555967
36.676133
36.701333
36.776200
36.931900
37.293467
37.366067
37.514733
38.156467
38.511200
40.028767
40.316100
40.393633
40.572000
41.137200
41.246900
41.716067
41.958500
42.018967
42.321800
42.945900
43.019233
43.142933
43.265633
43.472233
43.665567
43.689600
43.828200
44.048033
44.152467
44.161700
44.195633
44.223567
44.365267
44.415733
44.438400
44.510800
44.597100
44.640767
45.354467
45.577067
46.159167
46.989433
47.004633
47.723467
48.100533
48.887367
49.137300
49.384133
49.501633
49.984800
50.057900
50.123967
50.181200
50.605400
51.075367
51.083833
51.191000
51.218333
51.326633
51.434867
51.477133
51.885000
52.224833
52.278133
52.375633
52.391267
52.888633
53.160067
53.166333
53.202600
53.221467
53.280067
53.403100
53.414133
53.706033
53.811500
54.091467
54.421933
54.774233
54.829433
54.937567
55.032767
55.157800
55.364633
55.397433
55.450767
55.910567
56.119333
56.217433
56.223767
56.619933
56.681400
57.355767
57.759033
57.825733
57.867000
57.879033
58.143467
58.297733
58.345667
58.421900
58.504267
58.591733
58.609767
58.648600
58.688267
58.859467
58.914233
59.174767
59.280300
59.310833
60.770600
60.848700
60.949200
61.576733
61.772567
61.774567
61.870800
62.533633
63.049900
63.092900
63.401900
63.409767
63.647600
63.705167
63.995900
64.023533
64.089433
64.176167
64.223200
64.226133
64.337533
64.466800
64.584767
64.854433
64.994733
65.031467
65.093400
65.098767
65.479233
65.709433
65.926300
66.388933
66.490633
66.677067
67.085867
67.138367
67.367967
67.553567
67.713200
67.902667
68.158300
68.188833
68.405167
68.466967
68.681500
69.021933
69.405733
69.647233
69.940967
70.035600
70.082933
70.122800
70.224167
70.432900
70.487667
70.588133
70.599967
71.584833
71.591600
71.642033
72.048667
72.337967
72.364200
72.564600
72.615533
73.198600
73.342367
73.553600
73.774133
74.268067
74.612667
74.932700
75.060067
75.406967
75.524767
75.531800
75.674133
75.826467
75.866167
76.047433
76.149900
76.248333
76.290367
76.385933
76.607433
76.820300
76.846233
77.456233
77.868800
77.901667
77.909167
78.742900
79.003267
79.070667
79.218800
79.285133
79.606433
79.638733
80.015100
80.402233
80.484867
80.862033
81.073300
82.089300
82.789633
83.755900
83.761700
83.867900
83.938067
84.014400
84.133200
84.211167
84.667500
84.793700
84.814267
84.848267
84.997533
85.138300
85.405267
85.450567
85.494200
85.508233
85.558500
85.610733
85.661967
86.025600
86.122400
86.126400
86.169000
86.235767
86.840300
87.098133
87.104667
87.480767
87.541500
87.814633
88.010833
88.041333
88.187333
88.240000
88.272900
88.428400
88.544867
88.646133
88.679967
88.777633
88.881067
88.891533
88.934133
89.017300
89.086600
89.162767
89.236700
89.301600
89.427033
89.549367
89.875133
90.490767
90.640067
90.920767
91.264300
91.386900
91.645100
92.084700
92.216600
92.548633
92.764900
93.122467
93.213400
93.262633
93.302300
93.450300
93.537367
93.976967
94.162333
94.273333
94.379467
94.650100
95.256833
95.336433
95.485833
95.512500
95.532867
95.843867
95.890433
96.190633
97.264300
97.352200
97.470367
97.564167
97.662733
97.889833
97.901433
97.956867
97.959500
98.264333
98.335467
98.914333
99.120967
99.249300
99.863467
99.986767
100.076100
100.079967
100.127700
100.159067
100.227833
100.810733
100.826833
100.985633
101.192133
101.296533
101.505467
101.726067
101.775833
101.890633
102.022167
102.283600
102.821933
104.125367
104.137333
104.473300
104.508467
104.868033
104.900933
105.108333
105.319933
105.431800
105.681933
105.932300
107.048500
107.067067
107.094567
107.600800
108.099533
109.256333
109.396767
110.101567
110.104467
110.158367
110.181567
110.219267
110.260567
110.342733
110.522367
110.767733
110.904100
110.923900
111.019100
111.082033
111.147200
111.288300
111.433233
111.641567
111.768900
112.243967
112.282800
112.548233
112.938833
113.303600
113.597333
113.678100
114.139433
114.237167
114.935400
115.007300
115.092300
115.220800
115.316567
115.438133
115.594700
115.673367
116.034400
116.062100
116.335367
116.678000
116.850833
116.963033
116.991033
117.325800
117.355667
117.504333
117.543733
117.820200
117.918167
118.227100
118.284400
118.586033
118.622633
118.958267
119.375000
119.505767
119.555133
119.649867
119.730667
120.185233
120.281567
120.354700
120.475867
120.628400
120.759667
120.915767
121.449333
121.653100
121.830767
121.900467
122.180633
122.270767
122.954667
124.003867
124.038333
124.145800
124.247200
124.249367
124.333733
124.399867
124.902767
125.044267
125.060933
125.157067
125.216700
125.472233
125.876633
125.989967
126.422333
126.788467
127.296933
128.441033
128.468467
128.490233
128.843400
129.193600
129.314433
129.897933
130.100467
130.181267
130.220133
130.285133
130.384600
130.510933
130.843933
131.841867
131.930733
131.991533
132.143100
132.419167
132.765033
133.638500
133.739300
133.833267
134.029633
134.172500
134.394433
134.469100
134.499067
134.668533
135.000967
135.035900
135.160867
135.382100
135.464567
135.466933
135.514833
135.581567
136.500600
136.583200
136.597067
136.684400
136.784267
136.883167
137.610600
137.670167
137.732633
137.876200
138.226867
138.289200
138.421133
138.472267
138.887167
138.990800
139.042367
139.056967
139.126100
139.204233
139.556333
139.646500
140.205700
140.567067
140.621633
140.838833
141.211500
141.711067
141.933100
142.220033
142.312467
142.390500
142.469767
142.683033
143.405933
143.474867
143.999500
144.093700
144.280800
144.298000
144.374567
144.402067
144.458967
144.558733
144.576633
144.597967
144.894167
145.085600
145.177700
145.291700
145.474033
146.052200
146.573867
146.676833
146.724867
146.751967
147.000933
147.069433
147.153833
147.563467
147.840500
148.090533
148.304433
148.400033
148.472133
148.566967
148.655233
149.237733
149.683367
149.847133
149.940100
149.982400
150.178233
150.354000
150.591467
150.749333
151.414367
151.977233
152.316367
152.341400
152.617300
153.432633
154.235800
154.698233
155.091500
155.153100
155.420033
155.651867
155.659267
156.899667
156.948667
157.738167
157.806400
158.258200
158.513367
158.999167
159.240633
159.307500
159.902867
159.950367
160.422500
161.006400
161.730800
162.313633
162.738133
162.847600
163.234367
163.333567
163.599967
163.880133
163.944133
163.953000
164.159533
164.246200
164.511033
164.567633
164.962133
164.979533
164.999367
165.153067
165.276100
165.365600
165.618000
165.815067
166.074533
166.382767
167.637267
167.708067
168.064367
168.267900
168.752300
168.824500
168.918867
169.818933
170.066433
170.245100
170.317800
170.444000
170.849767
170.939067
171.587333
171.915400
172.068000
172.156900
172.416967
172.704367
172.892633
172.922567
173.002733
173.129500
173.221000
173.374500
173.437367
173.489300
173.567167
173.694200
173.832467
173.900133
174.113233
174.164867
174.217267
174.275133
174.412533
174.537400
174.600633
174.670133
174.911000
175.122733
175.144367
175.202500
175.381900
175.587433
175.700800
175.716033
177.077433
177.370033
177.545067
177.751900
177.876267
178.010933
178.971367
178.985633
179.111133
179.474800
179.683433
179.873233
179.945733
180.525900
180.613433
180.669433
180.699767
180.754300
180.786967
180.917833
181.088067
181.194133
181.396800
181.659300
181.919067
182.050300
182.464533
182.541300
182.569800
182.619133
182.815100
183.045933
183.914133
183.936300
184.028467
184.333767
184.508467
184.850667
184.885533
184.909167
185.013300
185.038400
185.150667
185.260800
185.506067
185.814133
186.127967
186.369267
186.636333
186.771067
187.104500
187.178933
187.190433
187.491000
187.553000
187.858733
188.179433
188.271067
188.400267
188.523033
188.705967
188.868600
188.973733
189.308667
189.438433
189.626567
189.685033
189.707467
189.904167
189.993800
190.539800
190.636067
190.697567
190.863000
190.871500
191.104000
191.241867
191.555067
191.610733
191.659333
191.736800
191.925167
193.037033
193.236833
193.437267
193.511333
193.722700
193.854600
194.032867
194.324233
194.513700
194.752433
194.865767
194.960333
195.051567
195.104367
195.339167
195.374633
195.448867
195.660367
195.712567
195.768633
195.800233
195.833600
195.982333
196.175667
196.297533
196.665233
196.828667
196.879633
197.200733
197.521267
197.566000
197.633633
197.814367
197.927333
197.930833
198.025133
198.061333
198.156600
198.281700
198.364300
198.584067
198.638600
198.725600
199.004067
199.281133
199.321633
199.417667
199.899300
199.917133
200.213700
200.255067
200.311700
200.353600
200.452767
200.538933
200.895433
200.966967
201.004733
201.093033
201.568033
201.575167
202.041667
202.584767
202.754533
202.981600
203.071567
203.143967
203.265000
203.497333
203.544900
204.052367
204.111800
204.265533
204.642200
204.877300
205.276767
205.488467
205.639933
205.910933
206.039067
206.373200
207.566200
207.649467
208.196500
208.420567
208.637367
208.741467
208.857833
208.925967
209.028200
209.143400
209.256167
209.394467
209.528300
210.230900
210.292567
210.348300
210.368900
210.399367
210.433233
210.460567
210.628400
210.739967
210.794100
210.819500
210.942067
211.180767
211.256200
211.463300
211.568733
211.713967
211.784800
211.828900
211.886833
211.928267
211.970533
211.988533
212.124400
212.226733
212.408500
212.477167
212.701200
212.903867
213.428433
213.911067
214.561500
214.705167
214.795133
214.875200
215.055467
215.138600
215.156567
215.196133
215.253500
215.306867
215.413167
215.426033
215.526633
215.586633
215.711133
216.306900
216.673267
216.751500
217.170900
217.214100
217.731533
218.359167
218.697733
218.972500
218.990900
219.077300
219.097700
219.211033
219.299867
219.455767
220.581900
220.911367
221.052433
221.078867
221.220133
221.910867
221.983433
222.741867
222.986133
223.131300
225.475400
226.585000
226.597000
226.761667
226.877900
227.094633
227.305733
227.337733
227.384200
227.461133
227.501700
227.503533
227.900433
228.113800
228.240067
228.443367
228.830433
228.974800
229.366300
229.475600
230.142167
230.704433
230.885600
231.223967
231.473533
231.579300
231.662933
231.711533
231.946267
232.022867
232.132300
232.155667
232.206767
232.361933
232.549033
232.691400
232.718100
233.230833
233.433233
233.712767
234.001567
234.080533
234.495533
235.134467
235.334433
235.924233
235.949967
236.079700
236.093200
236.557133
236.766800
236.804833
236.865233
236.894767
236.920667
236.997700
237.098433
237.224433
237.309300
237.316767
237.534800
237.604700
238.199567
238.229267
238.258367
238.262667
239.350067
239.429500
239.659633
239.787200
240.138867
240.307233
240.365300
240.895900
240.935700
240.941533
241.041467
242.161567
242.480133
242.638267
242.729900
243.058700
243.345333
243.458200
243.595033
243.656667
243.666567
244.082200
244.758667
245.347433
245.363033
245.694833
245.800133
245.860300
247.123000
247.500133
247.678433
247.821667
248.124367
248.618033
249.190700
249.354200
249.454333
249.702933
249.869533
250.105900
250.796633
250.860733
250.914267
251.062800
251.158433
251.417967
251.754367
251.979567
252.270800
252.338100
252.412200
252.491167
252.556167
252.580233
252.794600
252.797800
253.116633
253.143967
253.284900
253.302700
253.355167
253.393100
253.406800
253.443833
254.008333
254.117100
254.179367
254.193600
254.245900
254.676067
255.059267
255.177567
255.193133
255.290200
255.647333
255.972367
256.039467
256.521633
256.795833
257.032433
257.050900
257.433167
257.771067
257.919200
258.396333
258.437267
258.447600
258.751600
259.889700
260.242133
260.315100
260.345800
260.430967
260.573800
260.602000
260.644800
260.845967
260.959367
261.162167
261.197967
261.229267
261.627467
261.794500
261.877600
261.962200
262.085867
262.161700
262.257267
262.311100
262.326300
262.351333
262.412433
262.471167
262.547967
262.706100
263.228833
263.271467
263.342667
263.464300
263.512500
263.633333
263.694200
263.752833
263.777433
263.870167
263.974667
264.108500
264.247767
264.295067
264.362200
264.752133
264.844600
264.861833
264.891133
264.893033
265.087300
265.193600
265.234833
265.533467
265.597867
265.601700
265.646467
266.131767
266.202833
266.378100
266.685433
266.780533
267.275967
267.397100
267.525833
267.588433
267.647333
267.835967
267.893533
268.110200
268.356500
268.458000
268.748433
270.030200
270.524433
270.591833
270.697300
271.002367
271.340967
271.499200
271.652700
271.679767
271.870800
271.982767
272.279333
272.490433
272.670600
273.280900
273.415267
273.852767
274.325167
274.419100
274.505033
274.670333
274.798267
275.219967
275.255367
275.262667
275.747167
276.656400
276.761133
276.824933
276.871033
277.023033
277.101767
277.745333
278.397967
278.485300
278.690467
278.863100
278.902900
278.915933
279.028267
279.742933
279.777433
280.144167
280.498033
280.654567
281.032300
281.158100
281.502000
281.699267
281.850433
282.033133
282.567367
282.590967
282.840600
283.012067
283.201300
283.399833
283.625700
283.940467
284.014133
284.304667
284.494100
284.567267
284.602100
284.693500
284.715200
285.098900
285.154900
285.187100
285.251067
285.270633
285.510867
286.002633
286.033667
286.086600
286.468167
286.483933
286.866867
287.222167
287.307367
287.961933
288.421600
288.949700
289.062567
289.124800
289.170600
289.172667
289.359567
289.582133
289.706433
289.777433
289.878300
290.983500
291.185000
291.405367
291.809767
292.127167
292.154067
292.719067
293.260600
293.368100
293.570767
293.829067
294.354600
294.469500
294.940500
294.956467
295.011433
295.219700
295.811000
296.088133
296.462367
296.891900
296.942667
297.036333
297.044133
297.278333
297.580767
298.935267
299.271733
299.425067
299.514267
299.590900
300.042333
300.432867
300.625000
300.772300
300.902633
300.961100
301.113900
301.211567
301.386633
301.509300
301.583100
301.615967
301.899967
301.975800
302.444000
302.627833
302.714100
302.970133
303.469700
303.672667
303.881667
304.078433
304.115500
304.210000
304.381133
304.487167
304.711800
304.852767
305.026700
305.889000
306.673333
307.827567
307.960900
308.011533
308.319733
308.410200
309.193267
309.731800
309.801167
310.055167
310.359733
310.733633
310.980633
311.726800
311.788267
311.894400
312.759567
312.769000
312.780600
312.832967
313.058933
313.211467
313.285333
313.385533
313.411900
313.495933
313.606633
313.670700
313.898500
314.044200
314.093200
314.172400
314.197167
314.253267
314.263467
314.458367
314.468300
314.516067
314.618233
314.741800
314.769733
314.802233
315.858600
315.945600
316.277933
316.442467
316.505300
316.661167
316.866833
316.968567
316.982800
317.045500
317.227167
317.435900
317.890833
318.183300
318.193033
318.297467
318.559533
319.754900
319.867900
320.149567
320.271800
320.449200
320.632767
320.794033
320.871267
321.207867
321.223233
321.584600
321.796500
321.912400
321.987167
322.162500
322.405400
322.533033
323.327567
323.618867
323.765167
323.835133
323.889400
324.012333
324.082267
324.144067
324.215200
324.248067
324.394867
324.512700
324.571133
324.668400
324.765400
325.007200
325.064767
325.169433
325.391867
325.577767
326.102433
326.173767
326.684233
326.780167
326.993667
327.433733
328.041300
328.506867
328.623833
328.912700
328.919200
328.985233
329.032200
329.113133
329.148300
329.209867
329.376733
329.694700
329.737133
329.789267
329.870633
330.259900
330.341333
330.425800
330.573333
330.659267
330.736133
330.969633
331.013733
331.200200
331.266033
331.382333
331.409400
331.428900
331.541300
331.667967
332.940333
332.970600
333.026367
333.336633
333.344633
334.379233
334.946467
335.074733
335.255467
335.599667
335.638300
336.034467
336.151967
336.191533
336.391700
336.527267
336.792833
336.897900
337.041267
337.091900
337.197700
337.346600
337.377700
337.395733
337.478033
337.807200
337.866333
337.976833
338.295667
338.341233
338.732033
338.757000
339.256900
340.139133
341.083733
341.160067
341.397933
342.383600
342.454067
342.538033
342.827267
343.354733
343.403200
343.968033
344.016267
344.107533
344.208933
344.305133
344.485667
344.636933
344.777367
344.884167
344.944067
344.966467
345.071000
345.093533
345.307767
345.589467
345.826100
346.425233
346.490667
346.682033
346.744867
346.832400
346.932000
346.996700
347.132967
347.274067
347.515333
347.611700
347.715000
347.776700
348.148733
348.202067
348.223567
348.471733
348.534000
348.583500
348.660900
349.340833
349.385600
350.060933
350.093333
350.233467
350.329567
350.381767
350.536233
350.629867
351.117800
351.323833
351.488800
351.510900
351.652767
351.779300
352.424567
352.671500
353.053600
353.366100
354.143467
354.260767
354.282067
354.350367
354.534600
354.649867
355.436767
355.504767
355.828933
355.927400
356.384867
356.445100
356.907567
357.308367
357.542533
357.681733
357.725900
358.450367
358.500667
358.765567
358.821400
359.280300
359.770633
359.836000
359.914867
360.129700
360.223967
360.597367
360.745167
360.860733
360.880600
361.335333
361.508167
361.919933
361.994600
362.241500
362.278867
362.393933
363.180233
364.049900
364.055800
364.214567
364.313000
364.607367
364.636367
364.667000
364.689733
364.750600
364.772067
364.819000
364.843800
364.887100
364.945933
364.970767
365.183833
365.236333
365.370867
365.434467
365.437133
365.492367
365.601967
365.934200
365.990067
366.019400
366.343567
366.508833
366.594600
366.667533
366.753633
366.780067
367.100167
367.193000
367.229067
367.684533
367.736533
367.753733
367.761400
368.175267
368.838767
369.000633
369.077800
369.284833
369.369733
369.494400
369.601633
369.996600
370.051400
370.113500
370.172467
370.421900
370.495733
370.533600
371.038267
371.119967
371.444100
372.393333
372.482467
372.681433
372.772433
373.067833
373.314000
373.443467
373.589633
373.660067
374.082833
374.185000
374.235733
374.518567
375.033067
375.102400
375.213667
375.356367
375.638000
375.735600
376.010533
376.125433
376.141200
376.239367
376.416767
376.438267
376.748700
376.750867
377.197233
377.628833
377.726667
377.849633
377.910867
377.933433
378.060033
378.398233
378.468000
378.540333
378.602933
378.712633
378.736300
378.851167
379.011133
379.015767
379.795033
380.056400
380.084500
380.326567
380.416433
380.589700
380.715567
380.794933
380.905767
381.033567
381.252433
381.316633
381.339700
381.404033
381.464600
381.501700
382.221467
382.606800
382.688200
382.770600
383.030167
383.297133
383.547833
383.674400
383.965200
384.057467
384.168433
384.316133
384.490233
384.777433
384.833667
384.945200
385.162733
385.285033
385.418533
386.523000
386.820267
387.095200
387.494000
387.907467
387.961633
388.081600
388.143200
388.169567
388.254367
388.416500
389.059133
389.178967
389.343333
389.443067
389.885467
389.915133
390.032733
391.589700
391.677067
391.881233
391.984967
392.361133
392.600400
392.824033
393.036700
393.197333
393.331467
393.711367
393.714567
394.054300
394.090833
394.356567
394.816133
395.563167
396.011133
396.373533
396.500967
396.958167
397.217367
397.243900
397.330567
397.372533
397.447533
397.454433
397.524433
397.780400
397.977433
398.003033
398.872867
398.953700
398.967367
399.030933
399.066633
399.254167
400.031000
400.184467
400.282100
400.538633
401.290867
401.656933
401.895667
402.278467
402.340000
402.420200
402.566167
402.596967
402.890333
403.017333
403.060767
403.280467
403.518867
403.636467
403.795600
403.851867
403.878300
403.956300
404.097333
404.228133
404.401867
404.895700
405.049233
405.247367
405.329733
405.459033
405.675667
405.724833
405.951933
406.228967
406.371300
406.691533
406.836467
406.905867
407.394500
407.531867
407.765667
407.863333
408.026300
408.256567
408.369100
408.444067
408.489400
408.635733
408.675833
408.825667
408.876433
408.961800
409.394233
409.823833
410.303033
410.492033
410.560500
410.788533
410.913867
411.632767
412.559467
412.681500
413.044233
413.211667
413.501800
413.587567
414.065300
414.249067
414.932700
415.115233
415.164733
415.242367
415.335767
415.448733
415.603033
415.643000
415.646300
416.259300
416.316900
417.025000
417.193333
417.269367
417.510200
417.730367
417.807233
418.096367
418.547933
419.204733
419.349433
419.964067
420.248033
420.280133
420.449700
420.597300
420.754367
421.731267
422.940667
423.285967
423.362400
423.478467
423.543100
423.787667
423.873867
423.964900
424.178333
424.255433
425.046767
425.185167
425.619133
425.780567
425.922600
426.036300
426.076467
426.121367
426.209200
426.349800
426.355933
426.692167
426.796800
426.878000
426.908800
427.110567
427.121633
427.162433
427.244833
427.617600
427.836367
427.936400
428.310667
428.412600
428.490000
428.556933
428.900400
429.952667
430.026033
430.725033
431.841867
432.258500
432.498300
432.702367
433.471200
433.653567
433.964233
434.412933
434.455400
435.327500
436.114100
436.232767
436.348333
436.594333
436.736133
436.831700
436.927333
437.202200
437.826467
437.964333
438.292233
438.337167
438.376767
438.851133
438.888233
438.961400
439.013933
439.220400
439.269167
439.398533
439.528000
439.596533
439.663767
439.722700
440.315200
441.334800
441.733733
441.775333
441.892633
442.096000
442.571800
442.643233
442.819233
443.144167
443.225633
443.304033
443.706167
443.775167
443.906800
444.020833
444.056900
444.222033
444.326400
444.675867
444.714300
445.149200
445.198700
445.334567
446.335333
446.718933
446.870867
447.010967
447.072467
447.315433
447.600233
448.507667
449.145633
449.330400
450.030833
450.401800
450.470433
450.518667
450.585400
450.674467
450.866900
451.112200
451.194267
451.275333
451.305400
451.381433
451.654033
452.677867
452.857267
452.917600
452.977567
452.981200
453.088500
453.130400
453.708200
453.812900
453.836467
453.895333
453.963433
454.134633
454.537967
454.558333
454.609167
454.752733
454.825933
455.029267
455.104400
455.161467
455.185367
455.246533
455.289600
455.334300
456.236300
456.673867
456.701833
457.351900
457.406267
457.768400
458.046133
458.199933
458.412433
458.524433
458.578167
458.628267
458.994533
459.018633
459.099433
459.296567
459.346500
459.396433
459.513967
459.674400
459.714167
459.777567
459.807067
459.961067
460.498867
460.723267
461.043367
461.888967
462.001133
462.174000
462.187800
462.400133
462.869833
462.931833
463.298767
464.113800
464.603967
465.058900
466.019333
466.526967
466.869567
467.682433
467.796467
468.319067
468.551933
468.565967
469.021367
469.203400
469.260267
469.372467
469.446800
469.809433
469.892467
469.993133
470.102400
470.366767
470.460900
471.152533
471.182067
471.231967
471.486800
471.533667
471.606933
471.842400
471.848133
472.068200
472.095133
472.214767
472.387400
472.741700
472.822767
472.859167
472.923100
473.307233
474.036633
474.038433
474.154633
474.419367
474.470467
474.573367
474.589000
474.633900
474.705800
475.911933
476.744500
477.166200
477.608167
477.660367
477.750733
478.302067
478.436100
478.466867
479.181533
479.577500
480.188600
480.520200
480.534433
480.594300
481.283067
481.321200
481.411033
481.495667
481.523500
481.632000
481.652033
481.880567
482.089700
482.138100
482.269167
482.633967
482.982167
483.138033
483.173533
483.252467
483.379667
483.539433
483.580433
483.645433
483.694533
483.865433
483.886233
484.165233
484.198600
484.419167
484.491600
484.597000
484.776100
484.877033
485.120100
485.173533
485.194967
485.311167
485.780900
485.919233
486.075233
486.129733
486.234900
486.236967
486.812367
486.963467
487.349633
487.516433
487.603200
488.005967
488.028800
488.282600
488.460333
488.705167
488.737700
488.819000
488.854100
489.826967
489.980600
490.651200
490.662800
491.099567
491.329433
491.429333
491.474567
492.086167
492.496367
492.539400
492.592967
492.877767
492.892967
493.173500
494.023033
494.581033
494.653333
494.662967
495.148667
495.297800
495.451533
495.700900
495.730633
495.950067
496.102267
496.456933
496.587133
496.613967
496.820267
496.870133
497.125767
497.142300
497.187300
497.233867
497.584167
497.623333
497.663567
497.730433
497.858600
497.989133
498.107600
498.190600
498.801867
499.011633
499.257333
499.398267
499.515367
499.934300
500.092100
500.643367
500.666933
500.803267
500.955667
501.460667
502.104000
502.166033
502.613500
502.683033
502.697100
502.813667
502.980400
503.085100
503.118633
503.538667
503.876067
503.969333
504.141167
504.254400
504.333300
504.343933
504.507333
504.745400
504.838967
505.269400
505.745667
506.072900
506.170167
506.284133
506.345133
506.400467
506.511233
507.234667
507.567000
508.117667
508.215467
508.335667
508.727633
509.064200
509.107433
510.213033
510.605900
511.366833
511.437167
511.780367
511.863800
512.103033
512.373000
512.424700
512.547600
512.604467
512.814200
512.885367
512.929600
512.970167
512.982333
513.098800
513.365400
513.421767
513.608767
513.663300
513.733067
513.761433
513.877167
514.123400
514.554500
514.597100
514.715100
514.919500
515.162667
515.208100
515.320067
515.341367
515.722433
515.775400
515.957167
516.877267
516.914233
516.938133
517.624267
518.030133
518.251900
518.458333
518.602733
518.665900
518.778300
518.982833
519.062500
519.408500
519.502900
519.550133
519.626600
519.883767
520.185100
520.323533
520.360500
520.444967
520.745667
520.948700
521.273567
521.367700
521.558300
521.662600
521.761200
521.894900
521.897167
522.032733
522.218667
522.378600
522.621533
522.966533
523.633167
524.960333
525.132567
525.295800
525.309133
525.648667
526.567233
526.639567
527.506700
527.797700
528.336967
528.425000
528.602267
528.927733
528.941133
529.047267
529.089200
529.206033
529.231367
529.272733
529.367800
529.534800
529.712167
530.100133
530.811733
530.900167
531.047933
531.296200
532.436200
532.453967
532.864633
533.164233
533.321700
533.611700
533.654133
533.998500
534.047967
534.167133
534.272000
534.424567
534.512533
534.728333
534.790467
534.808567
535.046967
535.112300
535.146067
535.226633
535.456567
535.690500
535.739433
536.407800
536.449567
537.199433
537.500267
537.893500
537.956700
538.037433
538.143433
538.158433
538.244267
538.325800
539.434633
539.623567
539.703667
539.835200
540.048000
540.133000
540.799300
541.015033
541.146600
541.415333
541.505800
541.687300
541.797600
541.891333
541.974400
542.321133
542.431367
542.486433
542.855333
543.062033
543.367933
543.413967
543.555233
544.338133
544.340333
544.592633
545.209267
545.276133
545.816000
545.913900
546.192300
546.361767
546.685400
546.825633
546.988033
547.111000
547.188333
547.526033
547.587867
548.145333
548.388967
548.879133
548.939633
549.018800
549.176533
549.715533
549.827967
550.070600
550.161400
550.307533
550.900100
551.018933
551.088200
551.512700
552.083833
552.175267
552.179700
552.305100
552.363267
552.377000
552.479467
552.525833
552.653000
552.873000
553.028800
553.323267
553.342333
553.530333
553.690467
553.915233
554.040967
554.090767
554.194667
554.425200
554.453100
554.560700
554.604533
554.663800
554.870133
554.958833
555.029667
555.138167
555.192533
555.231700
555.489433
556.388900
556.692733
556.765133
556.791767
557.036000
557.144267
557.325500
557.386333
557.517533
557.975333
558.158167
558.291633
558.296100
558.350933
558.474900
558.989267
559.215467
559.411533
559.657067
559.740567
559.860900
560.376067
560.464033
560.533833
560.645967
560.776667
560.960467
561.243467
561.281133
561.458633
562.309433
563.438667
563.487867
563.510433
563.525133
563.537167
563.747133
563.827667
564.274667
564.435400
564.560400
564.683500
564.843500
565.116333
565.173600
565.189433
565.303800
565.513400
565.534000
565.646700
565.693533
565.760500
566.302100
566.537533
566.634167
566.779867
567.493967
567.522533
567.744100
567.781500
567.809400
567.952467
568.026067
568.538667
568.635067
568.812700
568.895267
569.067233
569.761100
569.768967
569.865733
570.042867
570.346200
570.567533
571.357000
571.475400
571.598367
572.094000
572.279667
572.385000
572.530967
572.768000
573.045333
573.402433
573.571700
573.930967
574.097033
574.123033
574.151667
574.327600
574.438767
574.491933
574.711500
575.012467
575.070567
575.835233
575.852300
576.353700
576.919800
576.922400
576.984733
577.070000
577.171300
577.205267
577.313300
577.485300
577.513200
577.567633
577.731100
578.172267
578.246433
578.446700
578.801200
578.903167
579.153500
579.316567
579.438467
579.570467
579.640967
579.901700
580.053467
580.227067
581.337300
581.715100
581.746800
581.927533
582.029133
582.213733
582.430800
582.440633
582.471967
582.688233
582.697367
583.385900
583.650833
583.693400
583.890467
583.911400
583.982233
584.208267
584.406833
584.452467
584.526967
584.752900
584.779900
584.870300
585.197533
585.236233
585.272567
585.326767
585.523600
585.631167
585.981700
586.219167
586.637600
586.691033
586.706167
587.100533
587.533700
587.685100
587.764533
588.085400
588.358400
588.594000
588.814267
588.938633
589.025833
589.455233
589.677267
589.849033
589.917833
590.002800
590.299200
590.397767
591.147867
591.179933
591.537367
591.812700
591.832600
591.969533
592.103233
592.205500
592.297933
592.477867
592.578400
592.926700
593.085167
593.180967
593.253567
593.417800
593.440800
593.547133
593.635567
593.683567
593.859567
593.938767
594.066967
594.137200
594.448967
594.642333
594.819133
595.230033
595.540000
595.789900
595.839600
595.863967
595.982667
596.204467
596.523633
596.702633
596.880267
596.980767
597.179533
597.336267
597.352067
597.567000
597.928900
598.247333
598.267400
598.279000
598.358933
598.412067
598.836667
599.457967
599.522100
599.617000
600.036900
600.265767
600.709400
600.891400
600.907767
600.960467
601.035833
601.180300
601.502867
601.699700
601.733833
601.886567
602.087700
602.157900
602.159700
602.337867
602.390133
602.436333
602.719133
603.313833
603.695467
603.858267
604.152400
604.218900
604.548200
604.745933
604.889767
605.013367
605.715800
605.767200
605.908900
605.995400
606.044567
606.331600
606.443267
606.853400
607.047567
607.397533
607.491600
607.546100
607.664333
608.019067
608.103600
609.197600
609.956700
610.101933
610.256000
610.322833
610.378367
610.383267
610.654100
610.798233
610.845500
611.147033
611.269100
611.436167
612.358933
612.510333
612.843333
612.860467
612.962700
613.400467
613.472900
613.784833
613.843833
613.943333
613.959967
614.149167
614.188100
614.379067
614.882400
615.308600
615.874033
616.065600
616.506167
616.645633
617.031533
617.490600
617.745567
617.754400
617.858933
618.077633
618.212667
618.294500
619.113700
619.670800
619.958133
619.980500
620.126933
620.169733
620.646633
621.087733
621.137733
621.373200
621.588533
621.987167
622.622933
622.777067
623.356967
623.372900
623.453367
624.253667
624.414333
624.485200
624.693033
624.986167
625.114067
625.225267
625.306733
625.333600
625.371600
625.599400
625.714267
625.864700
626.010667
626.041433
626.187267
626.440267
626.522067
626.595900
627.006367
627.534333
627.629500
627.855133
628.139100
628.357200
628.968033
629.014167
629.717100
629.947000
630.104633
630.435767
630.621733
630.718267
631.010567
631.315133
631.517033
631.706800
631.735233
631.886767
632.205667
632.364933
632.501200
632.684800
632.946500
633.045300
633.170100
633.324667
633.810833
634.092833
634.108867
634.875167
634.927667
634.962467
635.422633
635.610233
635.819500
635.835633
636.301600
637.456833
637.830333
637.939733
637.953333
638.656367
638.889100
638.957300
639.037000
639.144367
639.326267
639.382467
640.434300
642.348433
642.522200
643.721700
644.086833
644.211600
644.884133
645.665000
646.180133
646.334733
646.498967
646.829467
647.422500
647.453233
647.665633
648.906000
649.622533
649.695533
649.910533
650.097133
650.308933
650.486233
650.506700
650.513100
651.578000
651.665167
652.559500
652.943400
652.995200
653.177000
653.411933
653.438167
653.550700
653.594633
653.732167
653.898633
654.230700
654.326100
654.511700
654.552067
655.365733
656.000067
657.185467
657.477833
657.599433
657.619867
657.703833
657.730800
657.772433
657.868167
658.065167
658.338033
658.739267
659.056300
659.177233
659.363400
659.909833
660.313500
660.318800
661.516433
661.752500
661.770400
661.828300
662.628333
663.434867
663.636133
663.829467
664.248167
664.394133
664.478867
664.590800
664.611300
664.995233
665.118133
665.279600
665.403767
665.546833
665.906833
665.963667
666.018567
666.271167
666.294233
666.325500
666.424967
666.490667
666.539900
666.596200
666.621000
666.702167
666.714333
666.835067
666.846400
667.500600
667.682100
667.905400
668.078867
668.156367
668.213467
668.475400
668.687667
668.831000
668.887000
669.104800
669.243900
669.682333
669.691333
669.743233
670.314367
670.400500
670.617667
670.846967
671.399333
671.740433
672.648967
672.657633
673.071733
673.075833
673.183867
673.217500
673.289333
673.953333
674.229833
674.383533
674.526900
674.709200
675.223233
675.333800
675.388867
676.013500
676.091067
676.157633
676.292267
676.498167
676.642900
677.168067
678.194033
678.485333
678.556000
678.780200
678.875767
678.931267
678.933000
679.011567
679.045167
679.103700
679.123200
679.130967
679.139900
679.621533
679.884300
680.001733
680.338200
680.583500
680.856900
682.395233
683.088067
683.105367
683.878233
683.947600
684.112733
684.436467
685.482133
685.666900
685.996367
686.223400
686.915200
686.990100
687.041233
687.112533
687.225067
687.362200
687.502433
687.624500
687.781400
687.810633
688.386700
688.806767
688.829200
688.878000
689.101433
689.185033
689.529200
689.690033
689.764933
690.175900
690.770800
691.328033
691.687967
691.828733
692.090900
692.103567
692.139733
692.201267
692.640067
692.834533
693.232867
693.236600
693.806833
694.500100
694.520033
694.688533
694.722467
694.783367
695.056600
695.116867
695.593333
695.704067
695.723433
696.164900
696.348300
696.517333
696.577167
696.834433
696.899600
697.469733
697.485833
697.554533
697.822000
698.215500
698.654400
698.860767
698.900800
698.986267
699.033000
699.406267
699.473600
699.574800
699.789600
699.861200
699.922867
700.019067
700.084833
700.240600
700.254100
700.331667
700.606367
700.749867
701.078933
701.238567
701.346333
701.561833
701.906433
702.553967
702.906567
703.025100
703.140467
703.219300
703.278800
703.355833
703.366733
703.477367
704.033333
704.330400
704.492500
705.042267
705.149900
705.215200
705.342467
705.376800
705.435100
705.450233
705.511533
705.526800
705.644733
705.713333
705.783467
705.968633
706.162733
706.495667
706.578467
706.650267
706.727900
706.860000
706.872600
706.954367
707.048433
707.089433
707.324200
707.568633
707.637733
707.663567
707.741367
707.941933
708.068767
708.619500
709.609933
709.661467
709.709567
709.968667
710.411300
710.566367
710.741200
710.780600
710.826567
710.878167
710.975100
710.980600
711.057967
711.101000
711.181033
711.194833
711.261100
711.473667
711.660000
711.979600
712.053333
712.601867
712.665900
713.008000
713.418000
713.893133
714.582967
715.054033
715.699567
715.866300
716.035733
716.128633
716.146400
716.212333
716.320467
716.397133
716.590033
716.647633
716.698500
716.908133
717.129767
717.136233
717.354033
717.401567
717.680133
718.230000
718.284667
718.455100
718.946967
719.093000
719.206767
719.446933
719.530933
719.801100
720.227300
720.570200
720.692500
720.889933
720.917633
721.681667
722.115400
722.164133
722.749400
722.831433
723.009700
723.024167
723.075967
723.187933
723.242000
723.401267
723.578567
723.657567
723.789400
723.960633
724.069700
724.082667
724.160133
724.226400
724.617200
724.633633
724.743267
724.822567
724.870000
724.899967
724.921000
724.967033
724.993800
725.047900
725.096033
725.132767
725.204300
725.405767
725.467067
725.527800
725.872533
726.112033
726.244233
726.616500
726.646867
726.937067
727.022533
727.192733
727.358367
727.447667
727.490200
727.599700
727.681267
727.840400
728.221767
728.304400
728.395400
728.531733
728.605933
728.629333
728.653400
728.710467
728.848833
728.872333
729.016567
729.049967
729.108333
729.206933
729.431100
729.487733
729.501733
730.107833
731.196233
731.607200
731.613067
731.702433
731.704633
731.745533
732.416500
732.819933
733.130033
733.154633
733.222100
733.321933
733.514267
733.548500
733.817400
733.853700
733.922833
733.971733
734.119700
734.142300
734.502433
735.035600
735.073833
735.358867
735.846467
735.933767
735.995300
736.153833
736.225033
736.845800
736.930533
737.060700
737.079500
737.161333
737.225000
737.244733
737.308833
737.383900
737.408833
737.513500
737.580467
737.610300
737.650167
737.677233
737.725267
737.804967
737.815167
737.826000
737.939833
738.031867
738.336100
738.340567
738.473100
738.805433
738.835000
738.880933
739.048400
739.771200
739.866567
740.471100
740.709167
740.818133
740.988500
741.186533
741.728400
742.317800
742.810667
742.978533
743.042233
743.317200
743.869633
743.968300
744.304200
744.373100
744.435933
745.183433
745.258933
745.294433
745.332467
745.354333
745.384133
745.402267
745.427600
745.557833
745.564200
745.615067
745.729567
745.773400
745.872200
745.938000
746.245433
746.284967
746.407667
746.466800
746.521967
746.698633
747.127267
747.468300
747.494233
747.553333
747.709067
748.281700
748.547567
748.685500
749.436967
749.577267
749.710967
749.835267
749.855500
750.205500
750.268733
750.326067
750.352000
750.870933
750.921533
751.064300
751.158667
751.211233
752.103267
752.271333
752.584000
752.794133
752.819033
753.097900
753.189933
753.214400
753.336033
753.479300
753.702100
753.927533
754.352233
755.009800
755.237567
755.275800
755.396400
755.617700
755.878300
755.882800
755.954600
756.261300
756.377167
756.904267
756.970733
757.041000
757.890000
758.023500
758.115367
758.152367
758.279433
758.422767
758.550933
758.559533
758.572167
759.397167
759.791967
760.523567
760.545933
760.600000
760.638567
760.661467
761.362867
761.390167
761.890667
762.011800
762.477733
762.799000
762.847033
762.866800
763.111200
763.196667
763.426567
763.506367
763.932500
763.969033
764.084767
764.130900
764.240600
764.243467
764.595800
764.931367
765.073733
765.777900
765.857167
765.931600
766.454300
766.566200
766.666333
766.720367
766.763167
766.792567
766.882933
766.945933
767.008067
767.184233
767.282800
767.332833
767.376367
767.681300
767.713167
767.782100
767.967833
768.074500
768.118267
768.265100
768.495467
768.952067
769.153933
769.238667
769.246700
769.472100
769.798100
770.034033
770.106467
770.573333
770.645033
770.924500
771.237333
771.348100
771.409367
771.680267
771.732633
771.842467
771.945033
771.985300
772.015367
772.021900
772.136967
772.303533
772.475567
773.412200
773.687667
773.835167
774.835033
775.080667
775.279067
776.330700
777.092133
777.165767
777.220167
777.253833
777.570300
777.667500
777.703833
777.975967
778.096533
778.207133
778.354700
778.388133
778.626900
778.666633
778.854567
778.863467
779.292800
779.613900
779.825900
779.861033
780.433667
780.715067
781.033400
781.094533
781.243800
781.342000
781.507067
781.948100
782.016900
782.089367
782.454967
782.839133
782.939767
782.993133
783.039100
783.156200
783.269133
783.327367
783.894133
783.972467
784.224633
784.405433
784.575133
784.749233
786.173367
786.601067
786.643633
787.023733
787.074633
787.229467
787.397567
787.592867
788.012467
788.093567
788.203233
788.649500
789.144733
789.636500
789.785833
790.128433
790.530367
790.741267
790.827000
790.965100
791.012600
791.082567
791.711300
791.733700
791.867633
793.579700
793.882500
794.065233
794.416000
794.835033
795.253600
795.363467
795.444067
795.522733
795.530533
795.692933
795.697167
795.757233
795.879633
796.615100
796.724733
796.808867
796.883300
797.566100
797.649400
797.728267
797.874000
798.041800
798.252667
799.233233
799.910367
800.683567
800.957433
801.149567
801.237833
801.416167
801.782000
801.913567
802.040733
802.121967
802.169933
802.390333
802.503867
802.655100
802.763733
802.896067
803.041933
803.119700
803.230300
803.261933
803.458000
803.652667
803.702600
803.786267
803.897367
804.266767
804.344400
804.361967
804.417333
804.447433
804.848833
805.112300
805.389500
805.545100
805.741833
805.876233
806.312000
806.392300
806.543600
806.717467
806.820000
807.643167
808.562700
808.657233
808.863600
808.943100
809.176200
809.178167
809.456233
809.511200
809.576233
809.685400
809.716967
809.755767
810.489200
810.633633
810.706333
810.858667
810.999500
811.383133
811.495000
811.880933
811.986367
812.275167
812.322367
812.663200
812.718533
812.773633
812.920867
813.055800
813.255200
813.447133
813.601367
813.690733
814.006567
814.316300
814.324133
814.505467
814.562800
814.622567
814.664800
815.034000
815.169400
815.342700
816.080267
817.253667
817.891767
817.906300
817.944700
817.976800
818.011000
818.012767
818.055267
818.083067
819.081367
819.182767
819.369333
819.442400
819.481533
819.739633
819.844467
819.937767
819.997067
820.090000
820.148533
820.290133
821.032467
821.034133
821.471467
821.504267
822.036000
822.166800
822.227500
822.276533
822.442200
822.561933
822.736933
822.884567
822.979500
823.094767
823.191900
823.259267
823.294267
823.334867
823.384567
823.397100
823.470100
823.790700
823.935167
824.012400
824.082533
824.116067
825.115867
825.393500
825.482333
825.751667
825.909900
825.980567
826.346200
826.375100
826.737500
826.819533
826.851400
827.017233
827.384767
827.448300
827.967600
828.357933
828.409133
828.678167
828.952633
829.122100
829.234600
829.270900
829.366700
829.659200
829.776800
830.511167
830.848933
831.282600
831.435900
831.486633
831.718133
831.826167
831.828900
832.099467
832.230900
832.556167
833.376867
834.447267
834.537033
834.628133
834.869133
835.497933
835.590367
835.669733
835.994600
836.216533
836.299367
836.982433
837.026367
837.490467
837.766833
837.847767
838.239100
838.266100
838.313433
838.429200
838.475300
838.522767
838.865533
838.914633
839.464967
839.939767
840.176300
840.756033
840.861500
840.955400
841.026800
841.327600
842.698933
842.737700
842.786067
843.183300
843.378700
843.741500
843.758800
843.875433
844.079900
844.213133
844.258933
844.300300
844.708400
844.853500
845.018933
845.072833
845.157133
845.330533
845.536300
845.589400
845.623700
845.743500
846.078533
846.156100
846.176233
846.408200
846.491167
846.520267
846.616767
847.379267
847.629600
847.744567
847.807667
848.022200
848.115167
848.166733
848.504333
848.799400
848.849967
848.907700
848.926333
849.091267
849.176633
849.499433
849.549367
849.760433
849.784233
849.816167
850.229700
850.299633
850.325100
850.722433
850.783200
850.886567
851.210633
851.259167
851.381067
851.639133
851.820600
851.998733
852.403167
852.519067
852.690533
852.774400
852.826800
852.844933
852.903100
852.959033
853.307800
853.474433
853.963800
854.093267
854.267467
854.321000
854.548267
855.299900
855.449600
855.485933
856.212867
856.383800
856.657500
856.708100
856.800300
857.359133
857.501600
857.758200
857.813167
857.893133
858.187400
858.682533
858.716233
858.735333
858.804300
858.890267
858.979767
859.094833
859.146400
859.602933
859.694633
859.747500
859.818533
859.892400
859.932467
859.986167
860.081333
860.145400
860.251300
860.465100
860.720067
860.752067
861.008300
861.101067
861.179100
861.412533
861.436433
861.455933
861.495733
861.602033
862.006267
862.121933
862.221300
862.328367
862.378067
862.805633
862.939767
862.998800
863.000733
863.705233
863.743033
864.092033
864.507867
864.650033
864.835067
864.915500
865.638733
865.756300
866.046200
866.432867
866.571600
867.086567
867.346900
869.033133
869.321233
869.458700
870.140967
870.254400
870.297900
870.749567
870.937633
871.465367
871.523633
871.562900
871.806000
872.155700
872.192500
872.512600
872.515067
872.560800
872.594067
872.677667
872.696733
873.022667
873.085600
873.207867
873.578933
874.148367
874.169300
874.504967
874.710467
874.858467
874.926667
874.952767
875.011200
875.070933
875.154600
875.534333
876.205867
876.394900
876.569967
876.649867
877.186600
877.216467
877.270067
877.300433
877.540767
877.842400
877.878833
878.051067
878.235933
878.432533
878.682800
879.144100
879.215367
879.685233
879.839700
879.947733
880.189333
880.364633
880.600533
880.655700
880.834433
880.853233
880.932200
881.543400
881.596000
881.773567
881.787000
882.061500
882.163667
882.327033
882.388733
882.461767
882.534467
882.608000
882.664967
882.765500
882.835967
882.842800
883.057700
883.257967
883.672033
883.879233
884.220833
884.780533
884.883067
885.153767
885.220467
885.371800
885.458433
886.224700
886.337833
886.554067
886.698200
886.796200
886.884067
887.216167
887.325933
887.397267
887.545300
887.556500
888.022333
888.024900
888.151433
888.216000
888.747267
888.832067
889.326733
889.383400
889.473533
889.616367
889.703733
889.717633
890.227233
890.335400
890.460567
891.070133
891.248433
891.344133
891.409733
891.510500
891.613467
891.867100
892.053400
892.153767
892.242333
892.363100
892.415633
892.595933
892.671433
892.981967
893.035800
893.125167
893.216267
893.385267
893.505200
893.670167
893.725733
893.801933
893.892833
894.219567
894.241533
894.314767
894.444467
894.510600
894.527500
894.575333
894.614400
894.728067
894.827433
894.989000
895.341800
895.823367
895.927733
896.477533
896.634633
896.700467
897.152400
897.177733
897.318500
897.342067
897.475833
897.512000
898.390567
898.659767
898.987833
899.360733
900.231867
900.437900
900.503700
900.672033
901.752567
901.922600
902.357800
902.435200
902.592567
902.722100
902.802233
903.215967
903.271800
903.510567
903.615867
903.731267
903.835000
903.921067
904.013933
904.109967
904.343067
904.422600
904.642600
904.795633
905.109967
905.220300
905.270767
905.290933
905.382067
905.453200
905.822433
905.860100
905.893733
906.038833
906.153200
906.278633
906.289333
906.374267
906.403300
906.475533
906.491733
906.636433
906.888000
906.962600
907.018200
907.858733
907.974133
908.105900
908.243900
908.409333
908.577967
909.191467
909.267633
909.347600
909.972600
910.299100
910.333767
910.387200
910.555100
910.589100
910.654333
910.842367
910.877367
910.898900
910.960200
910.984667
911.590133
911.772333
912.117300
912.225500
912.404167
912.522733
912.650767
913.214200
913.300167
913.369633
913.592200
913.621433
914.059467
914.209000
914.270800
915.192567
915.260067
915.282233
915.396200
915.443733
915.460200
915.555667
915.610800
915.716967
915.809933
915.849200
915.970500
916.211400
917.462767
917.656100
917.741067
918.467267
919.355800
919.485367
919.573667
919.677800
919.740100
919.806033
919.872067
920.066767
920.238867
920.347767
920.369533
920.769667
920.980067
921.076733
921.246767
921.465933
921.932833
922.116633
922.277933
922.361233
922.710867
922.768800
922.858533
923.779333
923.913233
925.158667
925.636500
926.065200
927.144967
927.280567
927.365967
927.396833
927.464400
927.690000
927.962733
928.047333
928.141400
928.198000
928.328033
928.723100
928.756633
928.967900
929.016200
929.239433
929.303367
929.339667
929.437400
929.686867
929.906767
929.916933
930.401600
930.574967
930.884033
931.389200
931.953833
932.164433
932.399633
932.880167
933.126867
933.223733
933.226000
933.429100
933.594933
933.971533
934.011533
934.245833
934.680667
934.993433
935.226967
935.551900
935.622267
935.742500
935.808767
935.934300
936.621567
937.024767
937.403000
937.825567
937.923400
938.029933
938.151100
938.238900
938.343933
938.587700
938.671433
938.793900
939.291100
939.601700
939.644800
939.800567
940.107800
940.152200
940.273600
940.485500
940.515433
940.756867
940.872900
940.995967
941.205767
941.269000
941.488100
941.868300
942.020167
942.241700
942.291667
942.357433
942.552633
942.741933
942.833867
942.876767
942.924400
943.025900
943.057800
943.065600
943.120200
943.211333
943.269033
943.276867
943.587467
943.674267
943.694167
943.911433
944.276433
944.552400
944.673500
944.853367
944.870567
944.973367
945.476000
945.576300
945.627967
945.679133
945.950533
946.155700
946.289700
946.318867
946.379700
946.529933
946.618200
946.761500
946.781667
947.266133
947.775133
947.837333
947.930267
948.316833
948.403933
948.457333
948.580733
948.613100
948.662567
948.807900
948.881167
949.090567
949.595033
949.918300
949.962667
950.000200
950.113500
950.277033
950.653733
950.718100
951.054533
951.079367
951.357433
951.653000
951.708633
951.982933
952.537900
952.793900
952.907667
952.951867
952.989267
953.381033
954.310900
954.606633
955.250333
955.336467
955.557933
955.597667
955.663133
956.016033
956.199567
956.351767
956.363567
956.520133
956.611933
956.670767
956.873300
957.011100
957.176100
957.592100
957.799800
958.256767
958.360400
958.466467
958.533733
958.601133
958.801033
959.198833
959.285367
959.380833
959.430500
959.565967
959.693833
959.737933
959.782600
959.837800
960.620067
961.256733
961.314100
961.587333
961.640300
961.897300
962.094633
962.275233
962.379533
962.686367
962.830500
963.065800
963.792600
964.008033
964.199567
964.246767
964.314667
964.329533
964.503600
964.563467
964.696033
964.826867
964.968300
965.020267
965.032067
965.327667
965.361133
965.408033
965.458300
965.918933
966.148033
966.183433
966.235833
966.293533
966.402800
966.726633
966.827167
966.865500
966.985933
967.252933
967.708867
968.276333
968.546933
968.867500
969.243833
969.334100
969.399767
969.594100
969.859900
969.936267
969.983067
970.246333
970.307100
970.665467
970.674833
970.783300
970.969267
971.176600
971.279800
971.282200
971.326367
971.518900
971.698433
972.030400
972.035567
972.128100
972.266200
972.586433
972.635700
972.717533
972.945333
973.027633
973.109567
973.391133
973.430700
973.447933
973.581567
973.722633
973.759967
973.974600
974.208067
974.262233
974.424333
974.469600
974.630733
974.914267
975.154400
975.363500
975.400833
975.681767
975.696067
976.397133
977.224067
977.288333
977.303433
977.849833
978.007600
978.136100
978.393533
978.531667
978.684867
978.860967
978.925200
978.930200
978.967367
979.395767
979.508233
980.509533
980.561167
980.582433
980.600400
980.929200
981.185900
981.866767
982.076367
982.474833
983.021000
983.345067
983.394000
983.697533
983.881300
984.044000
984.448333
984.599367
984.724233
984.884200
984.965100
985.349033
985.739633
986.519433
986.582900
986.656000
986.961533
987.367367
987.516467
987.576600
988.286567
988.355367
988.474567
988.581767
989.082100
989.479100
989.689700
989.748900
989.927067
990.195067
990.218000
990.245333
990.786233
990.822067
990.863200
991.081033
991.157800
991.330733
992.091600
992.420400
992.755867
992.923367
993.021200
993.187400
993.207700
993.241500
993.268467
993.346700
993.634033
993.731633
993.742100
993.799200
993.916200
994.308400
994.395133
994.535333
994.764133
994.816800
995.362200
995.925000
995.949833
995.973733
996.221233
996.365833
996.494767
996.759733
996.837467
996.886233
997.520267
997.809933
997.849867
997.950700
998.008933
998.095300
998.109067
998.250267
999.353567
1000.045467
1000.158967
1000.602733
1001.001400
1001.563167
1001.674633
1001.762800
1001.797967
1002.065933
1002.232500
1002.517867
1002.571600
1002.621567
1002.715200
1002.847933
1003.334167
1003.512533
1003.642067
1004.038667
1004.254433
1005.273833
1005.389167
1006.076800
1006.139733
1006.991833
1007.280933
1007.398267
1008.243400
1008.511100
1008.807633
1008.902100
1009.108667
1009.322133
1009.935300
1010.635033
1010.818767
1011.583000
1011.707667
1012.181333
1012.572000
1012.637300
1012.705233
1012.754033
1012.909367
1013.014900
1013.063100
1013.112900
1013.123867
1013.141933
1013.592400
1013.636333
1013.985467
1014.115867
1014.406833
1014.428833
1014.462733
1014.563900
1014.599467
1014.655567
1014.684067
1014.686967
1014.707533
1014.881467
1015.116867
1015.303967
1015.526033
1015.538200
1016.244067
1016.883533
1016.978033
1017.325700
1017.605733
1017.770233
1017.861067
1017.924400
1018.146500
1018.624900
1018.681633
1018.844833
1018.972000
1019.457200
1019.528333
1019.551333
1019.597067
1019.630000
1019.684967
1019.756100
1019.793000
1020.775933
1021.334867
1021.393867
1021.890600
1022.120533
1022.511433
1022.614833
1023.495200
1024.017000
1024.421367
1024.902500
1025.289033
1025.311700
1025.556500
1025.626167
1026.028200
1026.149267
1026.163933
1026.170633
1026.206800
1026.295700
1026.383200
1026.434000
1026.521267
1026.627367
1026.692433
1026.794300
1027.792867
1027.826633
1027.967733
1029.259900
1029.332767
1029.363000
1029.488667
1030.144400
1031.145533
1031.204567
1031.428600
1031.867367
1031.975100
1032.104600
1032.222000
1032.300700
1032.362567
1033.036833
1033.118933
1033.161567
1033.193100
1033.437100
1033.552867
1033.617033
1033.625733
1033.654300
1033.801700
1033.899933
1033.941367
1034.039567
1034.280500
1034.381200
1034.507533
1034.550500
1034.647467
1034.959200
1035.259433
1035.322867
1035.406700
1035.459400
1035.512533
1035.627067
1035.762633
1036.062500
1036.269900
1036.422633
1036.535067
1036.543000
1036.771300
1036.944933
1037.384167
1037.678900
1037.771433
1037.959267
1038.470267
1038.713200
1039.058767
1039.588933
1040.110033
1040.326600
1040.364367
1040.398433
1041.280700
1041.383267
1041.403400
1041.695700
1041.768200
1041.834800
1041.866300
1041.906033
1041.939933
1043.695767
1043.827133
1043.912333
1043.989833
1044.054767
1044.202067
1044.434000
1044.638033
1045.168100
1045.486167
1045.569167
1045.822133
1045.882533
1045.925800
1046.004633
1046.006767
1046.177633
1046.231167
1046.340367
1046.389733
1046.534733
1047.069167
1047.284267
1047.357500
1047.455600
1047.503333
1047.542833
1047.565400
1047.661367
1047.709033
1047.731833
1047.955833
1048.070333
1048.149300
1048.202167
1049.035400
1049.240600
1049.331967
1049.416333
1049.879767
1050.037467
1050.074600
1050.189933
1050.296967
1050.430867
1050.613933
1050.772167
1050.820033
1050.898933
1051.151500
1051.428367
1051.710400
1051.836567
1052.202600
1052.256700
1052.295500
1052.534800
1052.636467
1052.797333
1052.872000
1053.661100
1054.157767
1054.503000
1054.843667
1055.533300
1055.621900
1055.702600
1055.929433
1056.090933
1056.202500
1056.256167
1056.471900
1056.485467
1057.564833
1057.671867
1057.768067
1058.272433
1059.043667
1059.328267
1059.455633
1059.817067
1060.027900
1060.198333
1060.326767
1060.582933
1060.719367
1060.822967
1060.881833
1061.096100
1062.382633
1062.503233
1062.705433
1062.745400
1062.815133
1062.965400
1063.023533
1063.404633
1063.491067
1063.759233
1063.836300
1064.014600
1064.188700
1064.247533
1064.337767
1064.388033
1064.582333
1064.749767
1064.931633
1064.935133
1065.224167
1065.304200
1065.418300
1065.439667
1065.505733
1065.633267
1065.712433
1065.848067
1065.929300
1065.959167
1066.041767
1066.154300
1066.184533
1066.256967
1066.578400
1066.601633
1067.494533
1067.712200
1068.198300
1068.411600
1068.653067
1069.262233
1069.345400
1069.379533
1069.463667
1070.205000
1070.434433
1070.521900
1070.627567
1070.829467
1070.849767
1070.966200
1071.284233
1071.384733
1071.419200
1071.472200
1071.593300
1072.917467
1073.133433
1073.208933
1073.301500
1073.339300
1073.453333
1073.518367
1073.602167
1073.899100
1074.055033
1074.297167
1074.552633
1074.602733
1074.815767
1074.851000
1074.885200
1075.018967
1075.067033
1075.130133
1075.249567
1075.562167
1075.595367
1075.679533
1075.957200
1075.974367
1076.054000
1076.341400
1076.448367
1076.528000
1077.326333
1077.450833
1078.403067
1078.635633
1079.403300
1079.411900
1079.466000
1079.596600
1079.607767
1079.803100
1080.114533
1080.733400
1081.146333
1081.246267
1081.588867
1081.736600
1082.495433
1083.222500
1083.435667
1083.454000
1084.881067
1084.957200
1085.009167
1085.014433
1085.201433
1085.255567
1085.367433
1085.400867
1085.485467
1085.519033
1085.682400
1085.825533
1085.880333
1085.964667
1086.697733
1087.287300
1087.885000
1087.950933
1088.059267
1088.096167
1088.186600
1088.799467
1088.997433
1089.001233
1089.532767
1089.539567
1089.622867
1090.108867
1091.322667
1091.357333
1091.535733
1091.566267
1091.879700
1091.902967
1091.938233
1092.286800
1092.382967
1092.445067
1092.557167
1092.573433
1092.972900
1093.258800
1093.629933
1093.771400
1093.803833
1093.824967
1094.088267
1094.286100
1094.676333
1094.771533
1095.045967
1095.159533
1095.239800
1095.310100
1095.776100
1096.279667
1097.769333
1097.867567
1097.921233
1098.045667
1098.104367
1098.123367
1098.345267
1098.430733
1098.591133
1098.630200
1098.639733
1098.663633
1098.743733
1098.928300
1098.946433
1099.004833
1099.083333
1099.127000
1099.152633
1099.246933
1099.328267
1099.475433
1099.514333
1099.660500
1099.764900
1099.835167
1099.972933
1099.983867
1100.055267
1100.110633
1100.452467
1100.822367
1101.140233
1101.195033
1101.336333
1101.393233
1101.464667
1102.005133
1102.130900
1102.342300
1102.441367
1102.576600
1103.070967
1103.229567
1103.392033
1103.681800
1103.805267
1104.015600
1104.286033
1104.379367
1104.430467
1104.489967
1104.980333
1105.632667
1105.797733
1105.876333
1105.899967
1106.801567
1106.831967
1106.944767
1107.362167
1107.406100
1107.616467
1107.753900
1107.795267
1108.914500
1109.169600
1109.202333
1109.286000
1109.372933
1109.456467
1109.885400
1110.288300
1110.388733
1110.576033
1110.737200
1110.906700
1111.293533
1111.382567
1111.582733
1111.610300
1111.732267
1111.822900
1112.379367
1112.773367
1113.086433
1113.737033
1114.176900
1114.398400
1114.502733
1114.602967
1114.744833
1114.782467
1115.061233
1115.163033
1115.304700
1115.467700
1115.966100
1116.269533
1116.402600
1116.595000
1116.906367
1117.149900
1117.299867
1117.660933
1117.791133
1117.972100
1117.987467
1118.250200
1118.658800
1118.718300
1118.750867
1118.788700
1118.946300
1119.190467
1119.836500
1120.723300
1120.734467
1121.664433
1121.962433
1122.288533
1122.534000
1122.596867
1123.059900
1123.334400
1123.410167
1123.448533
1123.505633
1123.909367
1124.603500
1124.907600
1125.223633
1125.273433
1125.604467
1125.714733
1125.877033
1125.981267
1126.108900
1126.156700
1126.334533
1126.626467
1127.408433
1127.451467
1128.691233
1128.993467
1129.084433
1129.697967
1129.891100
1129.934300
1130.081800
1130.095833
1130.658933
1130.860467
1131.427100
1131.657000
1131.778200
1132.076900
1132.326600
1134.442633
1134.769267
1134.814067
1135.358467
1135.721533
1135.923400
1136.452300
1136.600133
1137.590767
1137.726233
1137.968700
1138.493400
1138.563333
1138.668800
1139.256933
1139.388867
1140.105367
1140.137267
1140.189500
1140.411300
1140.617133
1140.837267
1141.007900
1141.275400
1141.283800
1141.356400
1141.787300
1142.223033
1142.938600
1143.504033
1143.534067
1143.674500
1143.737833
1143.898233
1143.924533
1144.221967
1144.320367
1144.408467
1144.457900
1144.561633
1144.768133
1144.917967
1144.950100
1145.760767
1145.780033
1145.936267
1146.003700
1146.070867
1146.156367
1146.577967
1146.785167
1147.299133
1147.365200
1147.492100
1147.995833
1148.489800
1148.502900
1148.565233
1148.607600
1148.711367
1148.756067
1148.771867
1148.781733
1148.804800
1148.856100
1149.036933
1149.058133
1149.149800
1149.183067
1149.277433
1149.471233
1149.473167
1150.322567
1150.352967
1151.259100
1151.277367
1151.646267
1151.795033
1151.876267
1151.983100
1152.379933
1152.471300
1152.592200
1152.869367
1153.356933
1153.530333
1153.537300
1153.819933
1154.095733
1154.133267
1154.173833
1154.297733
1154.353167
1154.479100
1154.879067
1155.936367
1156.056300
1156.256100
1156.259733
1156.577500
1156.843400
1157.092467
1157.162900
1157.194867
1157.250767
1157.297500
1157.420933
1157.477767
1157.641867
1157.659767
1157.706300
1157.802400
1157.816667
1157.824767
1157.995900
1158.188233
1158.293267
1158.502700
1158.794233
1159.063433
1159.080933
1159.190400
1159.279900
1160.017933
1160.228233
1160.245400
1160.355267
1160.439200
1160.500033
1160.656833
1160.778333
1160.933067
1161.005300
1161.405767
1161.477100
1162.520467
1162.569500
1162.647533
1162.649900
1162.684767
1163.141733
1163.339433
1163.425567
1163.489167
1163.671167
1163.674867
1163.712700
1163.779500
1164.186767
1164.422933
1164.673567
1164.833733
1164.867667
1165.005367
1165.222433
1165.923700
1165.932800
1166.051100
1166.083833
1166.545567
1166.677600
1166.721333
1166.876433
1167.159967
1167.860267
1168.031133
1168.561967
1169.538167
1169.932067
1170.175433
1170.565967
1170.644133
1170.857900
1171.798767
1172.109100
1172.132100
1172.520767
1172.855500
1173.981200
1174.300833
1174.525067
1174.858700
1175.091267
1175.157933
1175.596967
1175.711133
1175.756000
1175.809233
1175.821833
1176.050600
1176.430367
1176.491333
1176.541933
1176.655000
1177.501700
1177.814067
1177.955967
1178.106767
1178.222200
1178.359233
1178.389567
1178.908167
1179.283567
1179.496000
1179.500600
1180.363667
1181.242800
1181.669100
1182.112300
1182.244467
1182.300300
1182.558833
1182.957200
1183.339900
1184.371200
1184.426800
1184.564333
1184.632367
1184.866633
1184.870233
1185.950967
1186.188900
1186.311133
1186.373833
1186.422833
1186.463333
1186.563567
1186.608433
1186.648167
1186.721633
1186.730500
1186.922000
1187.085667
1187.762400
1187.872400
1187.916400
1188.589767
1188.787767
1189.182533
1189.262933
1189.321767
1189.738400
1190.015133
1190.380233
1190.529933
1190.773100
1191.447600
1192.025333
1192.265367
1192.886833
1192.966333
1193.015900
1193.068100
1193.155600
1193.294567
1193.365300
1193.469533
1193.529967
1193.641167
1193.675800
1193.716100
1193.910900
1194.011333
1194.246500
1194.687433
1195.404900
1195.472500
1195.808967
1195.878667
1196.197067
1196.310800
1197.084367
1197.626567
1197.655033
1197.943833
1198.079200
1198.340200
1198.434033
1198.642967
1198.743200
1199.072100
1200.201567
1200.407567
1201.457067
1201.476700
1202.056400
1202.401367
1202.507100
1202.746733
1202.871733
1202.923267
1203.000633
1203.088900
1203.327533
1203.362833
1204.325233
1204.376700
1204.431700
1204.586167
1204.764867
1204.815967
1205.093733
1205.400700
1205.529833
1205.567233
1205.633833
1205.722600
1206.876633
1207.375367
1207.571233
1207.629433
1207.931267
1208.091033
1208.558433
1208.634933
1208.655800
1208.694500
1208.820333
1208.903900
1208.943733
1209.063767
1209.067600
1209.153500
1209.318767
1210.052933
1210.469867
1210.742600
1210.934200
1212.102300
1212.179933
1212.663800
1212.791100
1212.864167
1213.215467
1213.432767
1213.665433
1213.901500
1213.950567
1214.051533
1214.666433
1215.011033
1215.164833
1215.973667
1216.219500
1216.461200
1216.518800
1216.924933
1217.070500
1217.618933
1218.031800
1218.316867
1218.762600
1218.783133
1219.424967
1219.947867
1219.965467
1220.095967
1220.145133
1220.275100
1220.818367
1221.231933
1221.348000
1221.474233
1221.479500
1222.513233
1222.963700
1223.065133
1223.108533
1223.415600
1223.542467
1223.834433
1224.090000
1224.182133
1224.239567
1224.249400
1224.851433
1225.217467
1225.239400
1225.454533
1225.724133
1225.793733
1226.767833
1227.126733
1227.443200
1227.635200
1227.681400
1227.770500
1227.916533
1227.949333
1228.343767
1229.098467
1229.115167
1229.766967
1231.260600
1231.333733
1231.495033
1231.570933
1231.691667
1231.880100
1231.964667
1232.135033
1232.218767
1232.295067
1232.411967
1232.758700
1233.606133
1233.819700
1234.069100
1234.231567
1234.816133
1235.565100
1235.877633
1236.171867
1236.303133
1236.323900
1236.428933
1236.600233
1237.033200
1237.729833
1237.905367
1238.116533
1238.789800
1238.826400
1238.879433
1238.904733
1239.306167
1239.789300
1239.867733
1240.024333
1240.311467
1240.516633
1240.521600
1241.083967
1241.110733
1241.303267
1241.422200
1241.616000
1241.887900
1242.086400
1242.828567
1243.544167
1244.066067
1244.158967
1244.161300
1244.188900
1244.489400
1244.784967
1244.918733
1245.325200
1245.489733
1245.517067
1245.582800
1245.766667
1245.847767
1246.137267
1246.270700
1246.423033
1246.439233
1246.470433
1246.853200
1246.997600
1247.032200
1247.092467
1247.351067
1247.740433
1247.768000
1248.303667
1248.382867
1248.768600
1248.847400
1248.951500
1249.159233
1249.417067
1249.516333
1249.753067
1249.806233
1249.874367
1249.933400
1249.985000
1250.444767
1250.702600
1250.862867
1251.031100
1251.191167
1251.604800
1251.623500
1251.807800
1251.955033
1252.393533
1252.571533
1253.544800
1253.669833
1254.191833
1254.405100
1254.831400
1254.843200
1254.916100
1254.945400
1255.243167
1256.229033
1256.300467
1258.047100
1258.208367
1258.263267
1258.453133
1258.678833
1258.694700
1259.046367
1259.165533
1259.356500
1259.623833
1259.807533
1259.975067
1259.997633
1260.161400
1260.314700
1260.431900
1260.578900
1260.700000
1260.766933
1260.824567
1260.902967
1260.935100
1261.057633
1261.104067
1261.105900
1261.338967
1261.888133
1262.166100
1262.182267
1262.319400
1262.463167
1262.657100
1263.411000
1263.496133
1263.624233
1264.048400
1264.078600
1264.138267
1264.493900
1264.504600
1264.876767
1265.017600
1265.072367
1265.305200
1265.554667
1265.618467
1265.783300
1266.411433
1266.453700
1266.606467
1267.020167
1267.390633
1267.593167
1267.600267
1267.802400
1267.804000
1267.844433
1268.061433
1268.138700
1268.191167
1268.273467
1268.331900
1268.900467
1268.988200
1269.028000
1269.606067
1269.837133
1269.897400
1270.027100
1270.077867
1270.220700
1270.358867
1271.106200
1271.191467
1271.346933
1271.391100
1271.407533
1271.708367
1271.774367
1271.833300
1271.856433
1271.929533
1272.030767
1272.372567
1272.611900
1272.671667
1272.726700
1273.210133
1273.228133
1273.366367
1273.647133
1274.574933
1274.762433
1275.043633
1275.085900
1275.225000
1275.401233
1275.446133
1275.481233
1275.556667
1275.915467
1276.232133
1276.295400
1276.346033
1276.515867
1276.679433
1276.793700
1277.161300
1277.163767
1277.372167
1277.408700
1277.429633
1277.573800
1277.676867
1278.306700
1278.933767
1279.089133
1279.348900
1279.675267
1279.991400
1280.395900
1280.710567
1280.784200
1280.934267
1281.097867
1281.285400
1281.391600
1281.560933
1281.715933
1281.836500
1281.910033
1282.077267
1282.155233
1282.248100
1282.302367
1282.596533
1282.703233
1282.985900
1283.732633
1283.907267
1283.949667
1284.384800
1284.492567
1284.656133
1284.665600
1284.848200
1285.373633
1285.444033
1285.545800
1286.136400
1286.249500
1286.347067
1286.418333
1286.454133
1286.465467
1286.558333
1286.705967
1287.077900
1287.422800
1287.536467
1287.695633
1288.169133
1288.318967
1288.525800
1288.598800
1288.833867
1289.097233
1289.143133
1289.227200
1289.250133
1289.428567
1289.621567
1289.639667
1290.480867
1290.603433
1290.801900
1290.805833
1290.843467
1290.926033
1291.133533
1291.174000
1291.321333
1291.549833
1292.180200
1292.944100
1293.448167
1293.681700
1293.829433
1294.896933
1294.955767
1295.069033
1295.335833
1295.457133
1296.046267
1296.117233
1296.133900
1296.146933
1296.175600
1296.365500
1296.452933
1296.495967
1296.695000
1297.071067
1297.133000
1297.545400
1297.581000
1297.864300
1297.997600
1298.033867
1298.440267
1299.537867
1299.602900
1299.841733
1300.128033
1300.217800
1300.406633
1301.351767
1301.465367
1302.059933
1302.454933
1302.789533
1303.024033
1303.139667
1303.754667
1303.788100
1303.854400
1304.510433
1304.589633
1304.818967
1305.204067
1305.888900
1305.937133
1306.165567
1306.504400
1306.655167
1306.856033
1306.981167
1307.135767
1307.569133
1307.692233
1308.604200
1309.248600
1310.062633
1310.399533
1310.441667
1310.653167
1311.034833
1311.298100
1311.330400
1311.422467
1311.751833
1311.757800
1312.322500
1312.466733
1312.512267
1313.249567
1313.681700
1313.762700
1313.898800
1313.965233
