21.849533
36.405567
37.581100
55.519300
86.874600
135.213500
141.426400
194.636667
204.516267
210.707767
242.050800
276.660233
294.720633
347.099267
352.944567
357.383633
359.931833
366.332800
366.732233
397.426500
405.656167
459.420967
493.226900
503.605700
506.314733
536.086833
537.554200
538.986467
547.038067
552.281767
552.849200
570.525900
573.833100
574.589033
588.220467
588.539433
616.110900
661.525800
662.255333
676.529967
683.078433
704.385500
791.479500
819.943833
860.715400
865.184233
912.911200
923.327967
936.805133
942.190933
942.369767
948.527733
948.576567
961.424200
969.415633
1035.783733
1056.398433
1059.871167
1069.280300
1073.697533
1076.077367
1088.119867
1100.851500
1125.284100
1125.335100
1203.543967
1224.052833
1224.622300
1250.703167
1269.124133
1270.504400
1300.267200
