0.034300
0.186033
0.589400
0.629267
0.687500
0.779933
0.871367
1.103000
1.216000
1.601533
1.658667
1.685533
1.802400
1.923533
2.330100
2.378967
3.415267
3.478833
3.801267
3.951933
4.039300
4.362433
4.506033
4.561333
4.624900
4.855333
4.881700
5.114933
5.253033
5.433367
5.474400
5.824133
6.588800
6.997767
7.156300
7.286467
7.463200
7.843733
9.077000
9.255000
9.278533
9.701633
10.405867
10.949833
11.004700
11.067600
11.186367
11.229500
11.499067
12.159700
12.973567
13.019233
13.192967
13.227900
13.362033
14.361800
14.767667
15.029733
15.137633
15.995700
15.998167
16.406900
16.578633
16.663567
16.894467
17.902867
18.639067
18.972933
19.078367
20.617533
20.639767
21.565333
22.228567
24.767667
25.111700
25.169667
25.309900
25.648133
25.809333
26.497733
26.636700
26.961133
27.119667
27.584500
28.605700
28.629067
28.931200
28.997600
29.021400
29.233900
29.282800
30.198033
31.507533
31.940433
32.539900
33.555867
33.848567
34.054033
34.264267
35.185667
36.446833
36.701367
38.420200
38.729867
39.057267
39.146700
39.263700
39.310767
39.370667
39.915767
40.761267
42.053833
42.172767
42.837833
43.024000
44.642067
45.680933
45.708900
45.918333
47.242367
47.582300
48.202667
48.397500
49.021500
49.809333
50.046633
51.073567
51.344067
51.446167
51.612767
51.969100
52.274367
52.780433
53.442367
53.686267
54.501400
54.592700
54.613733
54.886833
55.062933
55.270733
55.365800
55.655467
55.805000
55.824400
55.887800
56.008967
56.045567
57.270033
57.511500
58.335500
58.666133
59.183133
59.920100
60.333300
60.403667
60.599300
61.135200
61.811133
61.914600
62.304167
62.584767
62.770567
63.441967
63.633833
63.668767
64.320067
64.605133
64.666033
64.906567
65.570867
65.738867
67.065167
67.449100
67.725933
68.631100
69.310933
69.494933
70.374433
70.538033
70.735933
71.875400
72.383200
72.626167
72.733967
73.448467
73.615867
73.735567
74.294333
74.601333
74.672833
74.731033
74.819000
74.928767
75.037633
75.041467
75.077867
75.290167
75.300833
75.450233
75.479033
75.590100
75.652733
75.694967
75.725233
75.809500
75.915067
75.975467
76.077600
76.178600
76.249300
76.296300
76.487033
76.560767
76.637067
76.686900
76.776667
76.819367
77.010433
77.056033
77.217300
77.277700
77.333700
77.382733
77.387333
77.472933
77.520500
77.672200
77.860300
77.928767
78.021833
78.063600
78.229400
78.461833
78.598100
78.673933
78.783867
78.859900
78.994200
79.004033
79.056500
79.655700
79.718467
79.748467
79.773100
79.911200
79.948767
80.022833
80.131467
80.400700
80.473333
80.613200
80.714467
80.775433
80.868833
80.991500
81.312800
81.365333
81.866267
82.080933
83.151000
83.583800
83.999400
84.182533
84.639500
84.772467
85.390933
85.827200
86.029167
86.902500
88.035067
88.227067
88.291433
88.617700
89.045667
89.160033
89.183767
89.280333
89.351433
89.358800
89.364500
89.440400
89.622467
89.650100
90.017233
90.324600
90.430767
90.712700
91.047767
91.579800
91.619367
91.709067
91.948567
92.056700
92.229567
92.539233
92.587500
92.625367
92.677767
92.901000
92.974467
93.006300
93.150700
93.268967
93.605667
93.723700
93.910967
93.948300
93.982500
94.066633
94.163267
94.202767
94.338167
94.380400
94.458233
94.679867
94.809200
94.922267
95.128933
95.541300
95.758700
96.114800
96.638700
96.759767
96.781100
96.882633
97.375000
97.501500
97.506100
97.649500
97.956800
98.058533
98.253600
98.491867
98.864000
98.978700
99.134867
99.192867
99.334100
99.394033
99.570667
99.732267
99.832467
99.923600
99.945833
100.478567
100.557333
100.730767
100.793900
100.813800
100.851267
100.857800
100.939633
100.959800
101.003267
101.141000
101.227500
101.336433
101.486967
101.531500
101.593167
102.185933
102.400000
103.543633
103.675000
104.558900
104.597567
104.611033
104.670000
104.718967
104.751000
104.801733
104.883833
105.025367
105.220500
105.275967
105.343333
105.412333
105.506733
105.545967
105.590600
105.861267
107.359867
107.539700
107.861500
107.938800
107.995633
108.009000
108.126567
108.474067
109.294733
109.870133
110.357000
110.416167
110.872967
113.928133
114.361567
114.426767
115.824833
116.546033
116.779233
116.919567
117.594167
118.014133
120.792967
120.930367
121.061467
121.115533
121.298533
121.329367
122.021067
122.179700
122.396367
122.493600
122.703800
122.854033
122.907133
123.647000
123.689267
124.027067
125.577300
125.647567
125.822500
127.281700
127.412100
127.525700
128.275567
128.418567
128.891167
129.230467
129.241867
129.829267
130.110433
130.715200
131.432600
131.937100
132.325100
132.523600
133.323900
133.455567
133.548900
133.672400
133.897367
133.981800
134.074200
134.279533
134.739933
135.107833
135.382467
135.492467
135.619533
135.631833
135.979767
136.010000
136.260367
136.274667
137.372433
137.445933
137.533000
137.932500
138.124333
138.857367
138.944300
139.022633
139.119733
139.161033
139.253033
139.408933
139.893900
140.495767
141.122800
141.234233
141.497867
141.501567
141.719700
142.000167
142.526600
142.667267
143.252733
143.386133
143.831433
144.251667
144.548500
144.717133
145.277900
145.852167
146.112267
146.326433
146.506200
146.754600
147.155867
147.230700
147.285633
147.402400
147.620100
147.680633
147.779167
147.814333
147.857233
147.920467
147.972000
148.122633
148.138333
148.214267
148.642433
148.690433
149.255967
149.827267
150.332800
150.400033
152.667867
153.037867
153.132000
154.194867
154.249833
154.711800
154.842333
156.058400
156.287667
156.306900
157.111433
157.707433
157.898467
157.959967
157.974633
158.200800
158.643867
158.815200
160.022433
161.117700
161.134433
161.306633
161.317533
162.175600
162.679867
163.051000
163.157600
163.316133
163.342333
163.456633
163.536400
163.748367
163.860533
163.887000
163.935500
164.006033
164.410367
165.429167
165.777800
166.608200
166.668867
167.080800
167.697267
168.104933
168.170233
168.575767
168.744733
169.075767
169.990567
170.178033
170.339833
170.567667
170.759867
171.546067
172.686833
172.793100
173.090267
173.418967
173.547400
173.668467
173.880367
174.023733
174.335800
174.339500
174.471333
174.484167
174.518167
174.679567
174.758667
175.011933
175.818500
176.479767
177.977667
178.852367
179.015833
180.978167
182.345400
182.735867
182.808233
182.912333
183.328967
183.535033
184.715833
184.918267
185.004500
185.100200
185.889767
186.011400
186.014267
186.205867
186.357867
186.494667
186.498800
186.602333
186.664867
186.798333
186.946833
187.054133
187.500700
187.698933
188.020967
188.322100
188.812467
189.091633
189.183067
189.334500
189.689833
191.236000
191.322467
192.473767
192.860333
192.933000
193.240233
193.255567
193.349733
193.564300
193.652267
194.048667
194.213500
194.314400
194.486167
194.780800
195.096033
195.201700
195.464233
195.530967
195.762900
196.637167
197.326667
197.834400
198.067167
198.234000
198.389867
198.450100
198.660500
198.934833
199.017933
199.344700
199.354967
199.477100
199.650300
199.659300
199.736133
199.923900
200.099900
200.158700
200.230233
200.551567
200.772300
200.824267
201.039600
201.063500
201.410333
201.465367
201.628000
201.837500
202.028233
202.391433
203.773967
203.937200
203.983533
203.994567
204.138267
204.638900
205.338300
205.719867
206.685933
206.705233
206.847067
207.905233
208.165233
210.255200
210.928767
211.521700
211.728633
214.541633
215.615800
215.995067
216.133100
216.980200
217.209100
217.249333
217.672733
217.878300
217.959300
218.128833
218.224400
218.588800
218.692267
218.919733
218.959200
219.386467
219.450833
219.575533
220.470800
221.740467
222.084033
222.131967
222.526333
222.745467
223.114133
223.861667
224.003433
224.186700
224.190200
224.312633
224.333300
225.265467
225.820933
225.869600
226.095433
226.287867
227.611733
227.616900
227.688167
228.921467
229.270267
229.753667
229.783933
230.012867
230.623033
230.862133
231.526067
231.603933
231.814667
231.901033
232.016867
232.123467
232.222500
232.330533
232.517933
232.612933
232.690767
232.817667
233.077067
233.095900
233.186200
233.464133
234.130867
234.850767
235.048367
235.309167
235.801200
235.976500
236.105100
237.185633
237.331800
237.492200
237.523333
237.601733
237.641533
237.672367
237.693333
237.777767
237.826867
237.869233
237.876400
237.884833
239.475867
240.518300
241.001200
241.176033
241.402633
241.638967
241.814667
241.889567
242.483267
243.674500
243.974267
243.977667
244.149167
244.290100
244.390800
246.731900
246.954767
247.546200
247.590067
247.725000
248.536033
248.788533
248.849267
248.971267
249.573400
249.656233
249.725133
249.957300
250.163033
250.685400
250.791967
250.943767
251.052167
251.822467
251.918100
252.802167
252.806433
253.289300
253.394267
253.452233
253.729367
254.012667
254.840233
255.488933
255.964100
256.265000
256.350200
256.403067
256.433733
256.640067
256.716633
256.795300
256.872600
256.924767
256.975267
257.355167
257.476733
258.029400
258.073000
258.220400
258.852433
259.946767
260.054433
260.335867
260.737533
260.806267
261.008800
261.060433
261.240333
261.253967
261.769200
262.692000
262.859100
263.066600
263.150867
263.567433
263.613833
263.663033
263.932567
264.191767
264.619067
264.748667
264.797033
264.840900
264.844433
265.152733
265.603500
265.682300
265.868167
266.004100
266.108100
266.240467
266.483900
267.010500
267.442533
268.066800
268.587067
268.757267
268.968833
269.426500
269.457033
269.489133
270.631633
271.708400
271.730200
272.231100
272.780367
273.090200
273.221000
273.350500
273.490833
275.415833
276.552400
276.673567
276.891200
277.027967
278.138600
278.379767
278.544433
278.688467
278.767100
278.898667
279.045133
279.320967
279.340433
279.534200
279.575233
279.841133
280.105033
280.126833
280.371133
280.477633
280.532033
280.587700
280.808133
280.921500
281.025633
281.233400
281.284300
281.286033
281.399900
281.714533
281.995667
282.383167
282.429067
282.482133
282.575600
282.658300
283.449300
283.511567
283.554833
283.607700
283.677033
284.076533
284.094833
284.149900
284.239300
284.275533
284.308133
284.345233
284.395300
284.425633
284.479700
284.656667
284.672133
284.865733
284.928167
284.953767
284.997133
285.323667
285.517900
285.523600
285.590067
286.146767
286.241700
286.393333
286.482967
286.675500
286.733267
286.876267
287.000167
287.196933
287.228500
287.384300
287.511000
287.751500
288.015200
288.493167
288.637667
288.740767
288.811967
288.915667
288.954833
289.187467
289.539000
289.596867
289.665533
289.691533
289.888033
289.935400
290.166833
290.284600
290.329533
290.427867
290.486767
290.559767
290.611867
290.641667
290.656867
290.690267
290.938800
291.020667
291.238733
291.277467
291.375433
292.056700
292.904933
293.161867
293.202267
293.244567
293.361967
293.527167
293.611700
293.769733
293.850667
294.284267
294.331633
294.361900
294.395400
294.418700
294.643867
294.734833
294.824300
294.914400
295.479067
295.950133
296.033533
296.158133
296.454133
298.046233
298.241800
298.369233
298.540233
298.593300
298.764967
299.469733
299.591233
299.897600
300.031467
300.295633
300.479133
300.578167
300.627000
300.652700
300.712733
300.782767
301.073433
301.196667
302.369900
302.400100
302.425400
302.488300
302.611833
302.869500
302.918067
302.958167
303.143833
303.515233
303.776867
303.839200
303.885067
303.934067
303.972400
304.033967
304.077500
304.544667
305.358300
305.491800
305.532400
305.646833
306.210133
306.270333
306.335133
306.541433
306.586400
306.713133
306.843600
307.201467
307.308367
307.439200
307.462733
307.576733
307.709867
307.714000
308.022533
308.198567
308.261167
308.378833
308.984233
309.017700
309.273033
309.567400
309.954400
310.342633
310.722333
310.740467
311.235367
311.692900
311.755533
312.152500
312.216733
312.303100
312.406100
312.424667
312.564067
312.715167
312.777333
312.945933
313.223933
313.273267
313.311933
313.320933
313.391267
313.413200
313.641900
313.909600
313.939467
314.047300
314.112700
314.137033
314.179433
314.243100
314.338600
314.480933
314.493000
314.542867
314.592833
314.700400
314.750667
315.173800
315.183233
315.185767
315.566733
315.616833
315.882700
315.957500
316.436500
316.716733
316.943567
317.421367
317.609633
317.828400
317.858200
317.900900
318.012900
318.023033
319.214367
319.558900
319.994500
320.137167
320.176933
320.200133
320.233500
320.322467
320.366700
320.428700
320.443300
320.534133
320.601900
320.856900
320.889633
320.997133
321.032733
321.075100
321.175867
321.305100
321.437767
323.015533
323.097733
323.182100
323.230833
323.770467
323.890100
323.945267
323.966500
324.288067
324.307067
324.349233
324.451367
324.665333
324.907833
324.983300
325.157500
325.198800
325.319533
325.422400
325.498100
325.525100
325.592300
325.674233
325.776233
325.893667
325.918733
325.935533
326.421867
326.511900
326.540967
327.408333
327.418100
327.837533
328.338533
328.388833
328.576767
329.357500
329.773167
330.760400
331.049200
331.299333
331.483667
331.784633
332.002900
332.050967
332.151967
332.203433
332.392967
332.422400
332.504433
332.520700
332.582200
332.612967
332.680733
333.047167
333.141433
333.273333
333.467433
333.552400
333.589667
333.771667
334.143000
334.203233
334.418800
334.501867
334.664600
334.760900
334.767767
334.825600
334.835467
334.884967
335.245500
335.377933
335.693133
335.787667
336.061733
336.099600
336.435033
336.525067
336.536000
336.810233
337.006500
337.123400
337.172200
337.216233
337.227667
337.359833
337.610533
337.714900
338.061867
338.171867
338.264700
338.309133
338.352533
338.397233
338.461900
338.498700
338.515600
338.573767
338.603000
338.625100
338.677800
338.771067
338.796567
338.855533
338.908633
338.949967
339.075167
340.245700
340.461833
340.806533
341.693667
341.769800
341.791433
342.106633
342.302433
342.673767
342.790700
342.992667
343.315700
343.761267
344.063267
344.177900
344.788667
344.839900
345.013933
345.390600
345.658433
345.727400
345.775933
345.903567
346.028033
346.043900
346.211300
346.234067
346.276133
346.504433
346.614967
346.692167
346.817467
346.870033
347.070767
347.135200
347.346433
347.454233
347.525400
347.618467
347.816967
347.874567
347.952133
348.078500
348.287933
348.350500
348.489200
348.695433
348.899667
348.969633
349.066433
349.136233
349.249967
349.317600
349.390233
349.491833
349.906367
350.098900
350.291433
350.635133
350.766100
350.879000
350.972000
351.012000
351.067833
351.161433
351.303733
351.322833
351.622067
351.724733
351.928400
351.996833
352.040067
352.064433
352.175233
352.310733
352.379667
352.467633
352.675500
352.891533
352.911533
353.119933
353.131900
353.214000
353.316967
353.416900
353.468167
353.472167
353.623200
353.764100
354.064867
354.437567
354.460833
354.626300
354.909367
354.982133
355.036000
355.109867
355.249367
355.278700
355.352200
355.420233
355.500667
355.813033
355.866467
356.197800
356.317333
356.435933
356.557467
356.822533
357.188400
357.619800
358.222433
358.804067
358.920433
359.156067
359.254800
359.333633
359.363200
359.552133
359.594767
360.524133
360.762433
361.099200
361.491033
361.524967
361.757767
361.938400
362.107667
362.511367
362.752133
362.881633
362.932433
363.112633
363.167133
363.272967
363.475600
363.590100
364.731200
364.774567
364.780333
365.187800
365.251467
365.447400
365.826467
366.083633
366.389033
366.512367
366.604800
366.909267
367.572667
367.613400
367.688933
367.809167
368.020167
368.163467
368.214967
368.648233
368.754300
368.868500
369.739567
369.854300
369.944600
370.011433
370.019133
370.123167
370.184300
370.285000
370.361133
370.701000
371.193400
371.292533
371.920067
372.160967
372.618200
372.835533
372.897833
372.993967
373.037800
373.062167
373.186200
373.225000
373.282867
373.427533
373.475167
373.588367
373.611200
373.643033
373.653900
373.658033
373.777300
373.839700
373.917400
373.994833
374.045033
374.094033
374.134733
374.176267
374.221867
374.249067
374.498833
374.563167
374.659133
374.710900
374.796233
374.840667
374.848000
374.909567
374.994433
375.031300
375.113233
375.135033
375.345733
375.394467
375.433100
375.741100
375.889367
375.945200
376.024067
376.063700
376.247167
376.331133
376.469900
376.499900
376.514133
377.047300
377.101300
377.255833
377.268733
377.358333
377.423267
377.517900
377.668467
377.704633
377.710833
377.831800
377.881400
377.912967
378.108033
378.231167
378.493333
378.577800
378.745800
378.888300
378.963467
379.427233
379.679933
379.743600
379.971967
380.155267
380.199500
380.282133
380.666067
380.685167
380.999167
381.181533
381.317133
381.381900
381.460533
381.557633
381.618900
381.930300
381.997433
382.258800
382.428267
382.544167
382.976200
383.153833
383.426067
383.490867
383.806767
383.959067
384.881333
385.455967
385.465767
385.493733
385.700967
386.040967
386.518000
386.627967
386.771833
386.813700
387.463800
387.546500
387.606933
387.752033
387.850167
387.897967
387.993600
388.148733
388.260833
388.471167
388.525333
389.113867
389.624100
390.333200
390.444600
390.589100
390.655167
390.716200
390.768667
390.917667
390.931033
391.082600
391.165900
391.252267
391.326667
391.855600
391.920167
392.090367
392.285633
392.635600
392.952833
393.060400
393.154867
393.192667
393.240467
393.336800
393.558733
393.773700
393.816867
393.928400
394.031633
394.486467
394.566400
394.655100
394.906000
394.973067
395.079633
395.114167
395.481233
395.646767
395.706467
395.949700
395.957200
396.025800
396.144600
396.213700
396.311667
396.334333
396.799367
397.034033
397.126933
397.154367
397.208300
397.310133
397.369733
397.530233
397.558633
397.658767
397.671733
397.834333
397.926333
397.938067
398.097700
398.612000
398.740233
399.057533
399.114200
399.355833
399.404367
400.122800
400.388933
400.424600
400.437700
400.556767
400.967400
400.973600
401.154367
401.543067
401.638767
401.795767
401.927733
402.245767
402.519633
402.565567
403.229533
403.277567
403.490667
403.566633
403.762467
403.812133
403.831833
403.901733
403.929767
404.141133
404.176867
404.516033
404.548300
404.571167
404.822867
405.111967
405.143900
405.307667
405.434100
405.596100
405.636500
405.853000
406.853200
406.861267
406.948633
406.997633
407.000000
407.100900
407.136200
407.413233
407.614833
407.650633
407.785300
408.226967
408.279133
408.475500
409.049033
409.061300
409.134433
409.173233
409.430200
409.436800
410.015667
410.064300
410.136367
410.206667
410.253767
410.312200
410.330567
410.335400
410.386533
410.696500
410.731833
410.819267
411.171367
411.241800
411.405333
411.479533
411.627833
411.651100
411.893600
412.201533
412.515500
412.536767
412.631633
412.873000
412.945600
412.981833
413.497767
413.709067
413.997067
414.500433
414.669933
414.694900
414.788333
414.917833
414.949333
414.977367
415.190300
415.198567
415.230900
415.322467
415.461333
415.463067
415.677800
415.721400
415.866167
415.916433
416.032533
416.038133
416.108700
416.198100
416.328267
416.347633
416.516133
416.540333
416.585700
416.701533
416.836500
416.985167
417.094500
417.283533
417.946200
418.142733
418.485833
418.653733
419.139800
419.316967
419.624700
419.790400
419.895000
419.976833
420.108300
420.186267
420.429167
421.172433
421.511033
422.346567
422.654400
423.704733
423.709433
423.790733
423.976567
424.320867
425.012533
425.076667
425.156367
425.214233
425.589167
425.693600
425.988267
426.243467
426.820133
426.960267
427.044133
427.197833
427.514467
427.688500
427.724133
427.778167
427.852200
428.060833
428.524700
428.715633
428.762833
428.798267
428.930433
428.967500
430.476567
430.961933
431.239600
431.284233
431.313567
431.333667
431.603733
431.821267
431.834033
431.862333
432.619267
433.094767
433.355967
433.582700
434.256867
434.966833
435.543033
436.387433
437.124267
437.901433
438.130100
438.437633
438.528667
438.602767
438.829900
439.007400
439.010000
439.763767
440.195267
440.312833
440.401167
440.684700
440.815600
440.984833
441.073667
441.202000
441.260067
441.355000
441.413067
441.423133
441.724533
441.773700
441.937633
441.965633
442.044333
442.223567
442.314800
442.357167
442.407300
442.535267
442.605267
442.652533
442.744267
443.328400
443.438367
443.570700
443.979933
444.941867
445.007267
445.031733
445.076967
445.136400
445.214667
445.241233
445.347533
445.513133
445.686400
445.724200
445.876833
447.018467
447.128433
447.614800
447.989800
448.039567
448.086833
448.823200
449.095267
449.657733
450.083200
450.812633
450.998133
451.104333
451.359300
451.536567
451.563467
451.597400
451.654267
453.144900
453.188067
453.398767
453.436467
453.600167
453.735600
453.780833
454.075700
454.287100
454.339733
454.894367
455.120167
455.541933
455.577000
456.738200
458.355667
459.165333
459.415767
459.480600
459.638867
459.902100
459.965600
459.989500
460.048700
460.070933
460.147400
460.225767
460.485967
460.772733
461.630833
462.012333
462.375100
465.264400
465.541667
465.969367
466.101300
466.367800
466.432333
467.314333
467.361467
467.660500
467.666300
467.708233
468.371433
469.461433
469.640067
470.175600
470.266333
470.605633
471.791700
471.918300
472.103633
472.329467
472.464900
472.551467
472.576367
472.598000
472.930600
473.183700
473.728933
473.768933
474.919067
475.545067
475.773233
476.065133
476.281800
476.692100
476.789867
476.818933
476.895333
477.037367
477.054300
477.234933
477.351600
477.447533
477.895567
478.116133
478.617033
479.799967
480.668800
480.786900
480.870200
480.915633
481.419733
482.598900
484.297267
484.322400
485.218133
486.716033
488.715267
489.097100
489.612800
489.663433
490.181933
490.822033
491.936500
492.599133
492.618300
493.099733
493.256433
493.320100
493.465533
493.633300
494.199500
494.423867
494.659400
494.870367
495.144300
495.233600
495.959600
495.979767
496.477300
496.652267
496.692167
496.907400
497.411000
497.456133
497.516233
497.618867
497.634133
497.698833
498.877733
498.941567
499.009000
499.227733
499.644067
499.745900
500.137900
500.370233
500.390100
501.309000
502.836633
503.047500
503.837500
503.920400
503.974767
504.176167
504.565500
505.267067
505.988200
507.068933
507.777867
508.164333
508.757900
508.871000
509.060767
509.277267
509.388467
510.104467
510.423033
510.480033
510.864967
510.975900
511.301800
512.283067
512.349100
513.154700
514.366433
514.494067
514.547967
514.608200
514.773500
515.502000
516.325900
516.957600
517.166833
517.678600
517.873967
517.999733
518.153833
518.276600
518.370800
518.459067
518.657367
518.781067
518.869833
519.481100
519.488633
519.624800
519.947700
520.356700
520.727867
521.580567
521.669400
522.289967
522.294900
523.151033
523.522800
523.855867
524.115400
524.450833
524.882900
525.788900
525.967233
526.208267
526.221933
526.391333
526.684133
526.918767
528.329767
529.735733
530.196300
530.368600
530.426367
531.307433
531.382600
531.930400
532.423333
532.904900
533.029933
533.396700
533.879800
535.008567
535.504233
535.753467
535.877100
535.981100
536.098267
536.549933
536.622100
536.851633
536.977367
537.116600
537.291933
537.982200
538.294700
538.349833
539.053367
539.965033
540.115133
540.282200
540.774867
541.321567
541.389167
541.730100
541.865000
542.044167
542.094933
542.484933
542.592067
543.221200
543.437000
543.696467
543.827433
543.886067
543.946500
544.031133
544.247933
544.416100
544.497400
544.539567
545.682933
546.327000
546.826800
547.047567
547.322367
547.645200
547.997900
548.108633
548.283667
548.727600
548.839900
548.870033
548.872233
549.050700
549.529133
549.884333
549.953500
550.646533
550.710867
550.897167
550.988667
551.052700
551.178200
551.439867
551.761467
552.846267
553.758133
553.894333
554.091900
557.059667
557.252733
557.484867
557.861533
558.061133
558.349767
558.355500
558.421567
558.671367
558.814733
559.490167
559.788900
559.831300
560.215900
560.642433
560.856033
561.170633
561.454500
562.265567
562.321200
562.516967
562.536667
562.867133
563.194067
563.447533
563.907833
564.087067
564.160400
564.826067
565.555333
565.624233
565.885667
565.920767
566.164733
566.183767
566.362433
566.526500
566.597300
566.661900
566.773567
568.969200
569.579267
569.630800
569.967733
570.005367
571.378767
571.749167
572.417033
572.673567
573.002133
573.805867
573.992900
576.002400
576.254333
577.278167
577.873367
578.017867
578.090900
578.515500
578.644833
578.765433
580.674967
580.788533
581.022933
581.779433
582.004667
582.174133
582.839867
583.039233
583.157633
583.407867
586.251967
586.530733
586.551367
586.664933
587.168400
587.600033
587.985833
588.582467
588.613100
590.107900
590.354567
590.688300
590.744500
591.025600
591.039567
591.716300
592.514967
593.353733
593.484967
593.536267
594.074567
595.144100
595.632233
595.652267
595.924200
596.214533
596.250533
596.300900
596.407900
596.464700
596.573567
596.655967
596.814400
596.903033
596.966433
597.402867
599.400567
599.637400
599.741767
599.752800
599.871267
600.406500
600.754533
601.474867
601.557100
601.667500
601.734233
602.249967
603.193867
603.343900
603.859133
604.117800
604.168667
604.888667
605.287600
605.519767
606.819933
606.951800
607.007900
607.180433
607.664000
608.408700
611.731367
612.101233
612.210933
612.516767
612.536467
613.197033
613.356900
613.438400
613.655033
614.351400
614.783900
615.372133
615.392467
616.028800
616.130400
616.524267
617.993067
618.731500
619.768133
620.555733
620.844833
620.896100
620.919033
620.987133
621.030800
621.122733
621.295567
621.886967
621.975733
622.608067
623.530667
624.297333
624.499967
624.815233
624.858167
624.937200
624.998167
625.221467
625.675100
625.775500
625.839267
627.140533
627.230633
627.478767
627.553267
628.214933
628.290000
628.360700
628.545700
628.877600
629.191433
629.375267
629.643300
629.716933
629.788367
630.175900
630.975700
631.576400
631.735267
632.232800
632.317233
632.470900
633.018267
633.360533
633.462133
633.738867
635.076467
635.142633
636.842967
637.238067
637.449167
637.926300
638.392433
638.710233
638.917267
639.039133
639.535700
639.730100
639.916633
640.731967
642.040833
642.196500
642.669433
642.883633
643.603267
643.719767
643.763600
643.983333
644.209133
644.592867
645.737933
645.895733
645.956833
646.050667
646.430433
646.769500
647.751933
647.931533
648.335867
648.912300
649.194700
649.298833
650.299000
650.335500
650.492300
650.775600
650.823033
651.818233
652.197867
652.794500
653.030533
653.876000
654.199000
654.309800
655.089667
655.346400
655.397433
655.523567
655.578533
655.607567
655.655600
655.779200
655.870667
655.880933
656.313967
656.430367
658.278333
658.355367
658.547367
658.602333
658.904233
659.146067
659.302800
659.707600
660.708433
660.795133
661.733767
662.157233
662.596967
664.251367
664.343667
664.746833
666.529367
666.915500
667.083300
667.311900
668.483033
668.572200
668.873733
669.419367
669.776033
670.950967
671.046667
671.169133
671.399833
672.635600
673.588967
676.019633
676.625700
677.107200
678.067100
678.155067
678.194433
678.356967
678.449133
678.655300
680.112200
680.279333
680.491167
680.607033
680.695000
680.852200
683.171433
683.418700
683.436500
683.442933
684.010933
685.288333
685.495033
685.719300
685.943767
686.325933
686.894733
687.510167
687.568933
687.605967
688.144267
688.665767
688.914600
690.037433
690.311133
691.002367
691.047867
691.612933
691.883933
692.974967
694.163900
694.268033
694.593233
694.889767
695.825900
695.854600
696.853233
696.970700
697.728067
698.708900
698.974067
699.429967
699.450467
700.799033
701.044533
702.263600
702.825800
703.875467
704.431700
704.620967
705.015367
705.037767
705.288300
705.353700
705.464800
705.768300
706.260367
706.484700
706.948300
707.120067
707.807367
708.246700
708.508900
709.495733
709.825667
710.063467
710.227567
710.403067
710.823767
711.267700
711.951700
712.243900
712.444733
713.146700
713.366900
713.800933
714.620367
714.660967
714.703500
715.157767
715.231033
715.372267
715.603400
716.178400
716.374433
716.515367
716.566367
717.341500
717.423433
718.643100
719.666467
719.752067
720.325133
720.668767
720.748467
721.726133
721.914000
722.792833
722.812333
723.710733
724.336400
724.634467
724.729667
724.961667
725.033433
725.082267
725.098700
725.159367
725.278233
725.763200
725.906433
726.546567
727.673100
728.929900
729.210200
729.251167
729.365067
729.501400
729.632833
730.670200
731.031767
731.358033
731.591733
731.744967
731.783100
731.846400
731.917800
732.706100
732.773467
733.058367
733.501633
734.132700
734.448467
734.592267
734.859567
735.204533
735.384967
735.573300
735.619333
735.853333
735.887833
735.958567
736.009800
737.078333
737.419767
737.614433
737.866933
737.972933
738.439167
738.738367
738.893200
739.302000
739.787600
739.844100
739.925800
740.005267
740.160033
740.772200
741.215733
741.345333
741.662433
742.120867
742.543000
742.544900
744.066967
744.298533
744.535733
745.121567
745.311767
745.514300
745.829333
746.069333
746.459133
746.850567
746.924500
748.200233
748.467733
749.125500
749.663633
750.306300
752.301033
752.985800
753.306533
753.768667
753.984500
754.023400
754.303600
754.346167
754.457067
755.437533
755.881167
756.608467
757.408467
757.411900
758.471067
759.132067
759.204300
759.492400
760.350333
760.619667
760.895133
760.981300
761.285433
761.657567
762.306200
762.394033
762.493900
762.592267
762.640333
762.823533
762.876733
763.104667
763.222900
764.296300
764.512033
764.869600
765.355433
765.404667
765.742533
766.398100
767.474700
768.686667
768.864567
768.999067
769.243733
769.615467
769.668167
769.712800
770.730333
771.781067
772.112367
772.343700
772.375600
772.612467
772.728833
773.711167
773.971833
774.832733
777.375733
777.482000
777.623867
778.910867
779.272100
779.337500
779.720100
780.482167
780.617533
780.877233
781.246033
781.438300
781.555333
781.564900
781.659633
781.799533
782.027000
782.872833
783.510867
783.925733
784.982500
786.149300
786.981700
787.468433
787.514833
787.718800
787.748067
788.200333
788.738967
788.827667
788.921700
789.091500
789.103667
789.441500
789.793800
790.003833
791.115700
791.479400
791.754567
791.824567
791.988033
792.164033
792.459167
792.746533
793.673000
794.018967
795.149933
795.213033
796.132233
796.286800
796.382867
796.431800
797.657433
797.823900
797.835200
798.256233
798.880000
799.421733
799.459367
800.566167
800.667933
800.969733
801.406433
802.091400
802.171133
802.771300
802.950500
802.996167
803.865033
804.183000
805.625400
805.646833
806.401300
806.759167
806.849133
807.268800
808.092800
808.229467
808.541367
810.150367
810.249600
810.616600
810.685267
811.063500
811.151133
811.357433
811.660067
812.749233
813.935600
814.261533
814.341433
814.806567
815.447133
815.567300
815.944467
817.688300
818.645967
819.343467
820.244833
820.341467
820.561500
820.706833
821.677200
822.101267
822.213700
822.479833
822.779133
822.920167
822.936000
823.487200
824.405067
824.759033
824.860400
824.871367
825.054267
825.344600
825.461433
825.675500
825.702033
825.705967
825.801633
825.922567
826.229700
826.295400
827.370067
827.743767
827.923867
828.309633
828.887500
829.073567
830.211367
830.270400
831.409333
831.596400
831.911200
832.029700
832.799867
832.974767
833.004367
833.023933
833.424333
833.555233
833.860933
834.315800
835.078400
837.499267
837.623167
838.811100
839.444233
840.033667
840.270700
840.366033
840.473333
840.672967
841.343967
842.112633
842.324633
843.469600
843.508500
843.883267
843.915667
845.226833
845.386867
847.239033
847.507000
847.853767
848.063333
849.462833
849.581633
849.742367
849.949100
850.001867
850.119867
850.364533
850.403200
850.753867
851.372667
852.196633
853.576133
853.679467
853.767767
853.774533
853.872733
854.725567
855.412933
855.620133
856.148200
856.490600
857.092367
857.173367
857.263333
857.723233
858.451600
860.399267
860.813633
861.363333
861.510767
861.652133
862.110267
862.239533
862.533400
862.684800
863.202567
863.901100
864.069467
864.213067
864.256633
864.307233
864.383800
864.542033
864.678667
864.978567
865.321133
865.844467
866.027433
866.510533
866.757367
866.797300
867.109267
867.893667
867.942133
868.087833
868.784100
868.862833
869.008633
869.650100
870.781633
870.927333
871.448700
873.153000
873.289733
873.435600
873.540800
873.785033
874.199433
874.304233
874.674100
874.977933
877.111067
877.252533
877.335667
877.568900
877.894700
878.034333
878.239233
878.278733
878.289700
878.533167
881.179267
881.493967
881.685700
881.755100
881.953533
882.527100
882.881967
884.084167
884.199633
884.253200
885.189633
886.590400
886.641333
887.190367
887.454000
887.603700
888.848267
889.175233
890.599033
891.698967
891.828800
891.969267
891.990633
892.122533
892.791633
892.999033
893.484233
894.030900
895.479767
897.115533
897.284133
897.321767
897.507000
897.557767
897.606400
898.063533
898.095233
898.560300
898.751000
898.819567
898.963267
899.100467
900.139767
900.522067
901.638333
902.663300
904.029433
907.137033
907.264500
907.935833
908.733100
910.951233
911.380233
911.630800
912.570367
913.156633
913.241400
913.517333
913.959100
914.023400
914.076533
914.098767
914.275133
914.917700
915.123533
915.217167
915.797733
916.018267
916.612533
916.693133
917.273800
917.830700
918.166233
918.266567
918.543500
918.713667
919.172567
919.309667
919.390767
919.979200
920.151233
920.661100
921.123567
923.552433
924.119433
924.207667
924.406200
924.576233
924.962833
925.282867
925.734200
925.810433
925.876600
925.883133
925.958033
926.516067
928.295000
928.751733
930.188333
930.474500
930.732800
930.863400
931.101600
932.379567
932.499600
932.599867
932.920933
933.527967
934.015633
934.406333
934.615267
935.462067
936.021967
936.358667
938.105333
938.293033
938.780267
938.877133
939.002200
939.085967
939.596600
940.492033
941.231333
941.290767
942.070867
942.540933
942.852733
942.945467
944.389133
944.549900
945.298433
945.500333
945.758433
947.642033
947.727867
949.043267
949.417667
949.507700
950.032033
950.165633
950.378833
950.396733
950.468333
950.529467
951.182767
951.498200
951.834967
953.009467
953.118900
953.682800
953.782667
954.227633
954.254200
954.907600
955.132733
955.637333
955.831100
956.190133
956.274067
956.350533
956.400033
956.674333
957.659167
957.915433
958.123533
958.539467
958.620233
958.683567
959.845100
960.376767
960.540733
960.827233
961.934267
962.316300
962.396567
962.543533
962.796600
962.938133
963.052100
963.200633
963.357500
963.421400
964.833267
965.616533
965.927500
966.019567
966.307800
966.589667
967.200300
967.209600
967.629000
967.716267
967.850500
967.879933
968.153600
968.251300
968.306133
968.501033
968.581100
968.927167
969.331833
969.828667
971.943200
971.993467
972.455133
972.582067
973.111700
973.156633
973.262967
973.419900
973.671367
973.762467
973.767033
973.833700
974.290667
974.781000
974.853933
975.360133
975.874667
975.908267
975.949400
976.437033
976.778700
976.830633
976.982433
977.082633
977.173300
977.890833
978.197567
978.488700
979.077667
979.568333
979.880033
980.040900
980.346433
980.389367
980.843600
981.384433
981.495800
981.555233
981.797400
981.978200
982.001333
982.177933
982.277000
982.627867
982.687700
983.193967
984.196667
984.279400
984.310433
984.373133
984.433400
984.502400
984.542733
984.687867
985.936833
986.057600
986.428400
986.485367
986.491167
986.556133
987.614033
987.684633
987.864000
987.898867
987.907700
987.939400
987.948400
988.054867
988.983000
989.044233
989.057600
989.385033
989.674000
989.770867
989.861533
989.870600
989.921533
991.140967
992.103000
992.110500
992.970233
993.051033
993.374033
993.500700
993.561233
993.566300
993.808367
994.014433
994.203000
994.387267
994.783867
995.234233
995.259533
995.408433
995.791600
995.889033
995.935467
996.119333
996.613367
997.029733
997.226467
998.733367
998.786900
999.055267
999.262167
999.291667
999.502267
999.582000
1000.643633
1000.676367
1000.803300
1000.840867
1000.846800
1000.882967
1001.357467
1002.720467
1003.044667
1003.891200
1004.310167
1004.316033
1004.372500
1004.418600
1005.001733
1005.099900
1005.256933
1005.362733
1005.496833
1007.042400
1007.260367
1007.643133
1008.101467
1008.289800
1008.302400
1008.344600
1008.411867
1008.447333
1008.512767
1008.678767
1008.945933
1009.529867
1010.557067
1010.644633
1010.681000
1010.826733
1011.430600
1011.868367
1012.133800
1012.229633
1012.295200
1012.374733
1013.636200
1014.144767
1014.584633
1015.784867
1015.865833
1016.067433
1016.234867
1016.959300
1017.745333
1019.180433
1019.526233
1020.537167
1021.627300
1021.878533
1022.352867
1022.763400
1023.114800
1024.017400
1024.645867
1024.959900
1025.550833
1025.843933
1026.593067
1027.689267
1027.954600
1027.969667
1028.045733
1028.373233
1028.597900
1028.608500
1028.620233
1028.737233
1028.824467
1028.845167
1028.916067
1029.308033
1029.330700
1029.522633
1029.606967
1031.086200
1031.200100
1031.263400
1032.230100
1032.659767
1032.755000
1033.080800
1033.314400
1034.960833
1035.732267
1035.759000
1036.840700
1037.910800
1037.978767
1038.026400
1038.593367
1039.190267
1039.196433
1040.978333
1041.071700
1041.465900
1041.673400
1042.217733
1043.595633
1044.863133
1045.197567
1045.583833
1045.778567
1046.059467
1046.267033
1046.509367
1047.066667
1047.842067
1047.977033
1048.797100
1049.071633
1049.180767
1049.432500
1049.894700
1049.974733
1050.469867
1050.928833
1050.982900
1051.188933
1053.571300
1053.627333
1053.653867
1053.980600
1054.764367
1054.803600
1056.558333
1056.704467
1056.773333
1056.854533
1057.839700
1058.654633
1060.388200
1062.455800
1062.880000
1064.651400
1066.031400
1066.334933
1066.398267
1067.001367
1067.772800
1068.262367
1068.276700
1068.400900
1068.991167
1069.239367
1069.307700
1069.899467
1069.980767
1070.357333
1070.470200
1071.050267
1071.741833
1073.377467
1073.596067
1073.993967
1074.294967
1074.455533
1074.474833
1075.007433
1076.271567
1076.695400
1076.758533
1077.916167
1077.931300
1077.937000
1078.228067
1078.312600
1078.464067
1078.465967
1078.509567
1079.462567
1079.599733
1080.313633
1080.380567
1080.493867
1080.810100
1081.239633
1081.280200
1081.318167
1082.107867
1082.684867
1082.728967
1082.800167
1083.050533
1083.145800
1084.035800
1084.187100
1084.731200
1084.770100
1085.707600
1086.218433
1086.683333
1087.051900
1087.245367
1087.477667
1088.633400
1088.741333
1088.792967
1088.871767
1088.940900
1089.017500
1089.722733
1089.910733
1090.577167
1090.594267
1091.839667
1092.212833
1093.134100
1093.814900
1093.817133
1094.209000
1095.324367
1095.584300
1095.651333
1095.716433
1095.955033
1096.145933
1096.185833
1096.482833
1096.688667
1096.789733
1097.193067
1097.782300
1097.966900
1098.140733
1099.269000
1099.511067
1100.411700
1100.554733
1100.889833
1101.003533
1101.191467
1101.413500
1102.230467
1103.142900
1103.204767
1103.510467
1103.566833
1103.835400
1103.848033
1104.083200
1104.313067
1104.431600
1105.759433
1106.038733
1106.040533
1108.652733
1109.178100
1109.368533
1109.463333
1109.617533
1109.657133
1109.721467
1109.884433
1111.349133
1111.741033
1111.870667
1111.980867
1112.001000
1112.008600
1112.772033
1113.337833
1113.340400
1113.659733
1113.716967
1113.839467
1114.618700
1114.745200
1115.012900
1115.122467
1115.433100
1115.560100
1115.588033
1116.202933
1116.324733
1116.815167
1117.141833
1117.298000
1117.917233
1118.069233
1118.437867
1118.796367
1118.960800
1119.037767
1119.113200
1119.140367
1119.288567
1119.399667
1119.776300
1120.320367
1120.862267
1121.204467
1122.106400
1123.954400
1124.465333
1124.748067
1124.751000
1124.908800
1125.317500
1125.936500
1126.005233
1126.172533
1126.259533
1126.706400
1126.715167
1127.518333
1127.796567
1129.570833
1129.855200
1130.558467
1130.964033
1131.046333
1131.085733
1131.174533
1131.372933
1131.640800
1132.176800
1132.837800
1133.271333
1133.353167
1133.690500
1133.990867
1134.052500
1134.407500
1134.758333
1136.333967
1136.881467
1136.962100
1137.601333
1139.072533
1139.268400
1139.564100
1139.771633
1139.993800
1140.034833
1140.404500
1140.443333
1140.810000
1141.215233
1141.861633
1142.119667
1142.143867
1142.646167
1142.718000
1144.857500
1145.159900
1145.469367
1145.588267
1145.929833
1146.169200
1147.260267
1147.961833
1148.276033
1148.643633
1149.810700
1149.825833
1150.406033
1150.778167
1150.982133
1151.299067
1151.701333
1151.955067
1152.429367
1152.932400
1153.530600
1154.975767
1155.095767
1155.262067
1155.714500
1156.019800
1157.051867
1157.232933
1157.311400
1157.657800
1157.805567
1157.875733
1157.946200
1158.348567
1159.091900
1159.315567
1159.468067
1159.661833
1159.855200
1159.919333
1159.959533
1159.970733
1160.005867
1160.090600
1160.116500
1160.216633
1160.903333
1162.470867
1163.145667
1163.404333
1164.618633
1165.397467
1165.732033
1165.941467
1166.161967
1168.186000
1168.580433
1168.690633
1168.922533
1169.086167
1170.000233
1171.127767
1171.558300
1172.227167
1172.260933
1172.753433
1172.831200
1172.890467
1173.178700
1173.231300
1174.174633
1174.792900
1175.030933
1176.455433
1176.627400
1176.743767
1176.895967
1176.910467
1177.668467
1178.395733
1178.680700
1178.685800
1178.746167
1179.116500
1179.206533
1179.395200
1179.426400
1179.959167
1180.046867
1180.145400
1180.829500
1181.278600
1181.640767
1181.800733
1181.830733
1182.101300
1182.294667
1183.216233
1184.064533
1184.300167
1184.327800
1185.089600
1186.454400
1186.760400
1187.500867
1187.643700
1187.669367
1187.808633
1188.053000
1188.186367
1188.732133
1188.847633
1189.185233
1189.764067
1189.969500
1190.441567
1190.588733
1191.364167
1191.534000
1191.573333
1191.626800
1191.861867
1192.520033
1194.121900
1194.337900
1194.660667
1196.048567
1196.143167
1196.245500
1196.437467
1196.540267
1196.554900
1196.917633
1197.099467
1197.344400
1197.388533
1198.658133
1198.875800
1198.878367
1198.996900
1199.111100
1199.298867
1199.391733
1199.596700
1199.810567
1200.080667
1200.292067
1201.506500
1201.707133
1202.261700
1203.126967
1204.334400
1204.445433
1204.526333
1207.864433
1208.578800
1211.034867
1211.104633
1211.803000
1212.329867
1213.738033
1213.967100
1214.066000
1214.259233
1215.003800
1215.611967
1215.677967
1215.793800
1216.186667
1216.606767
1216.873333
1217.109033
1217.496233
1218.036700
1218.259067
1218.468633
1218.759100
1219.374333
1219.530400
1221.430667
1222.280333
1223.171267
1223.337167
1224.894533
1225.006533
1225.063667
1225.181633
1225.820933
1225.906467
1228.282567
1228.666600
1229.250300
1229.981833
1230.433933
1230.807000
1232.175700
1232.767633
1233.320267
1234.076067
1234.563933
1234.806967
1235.014033
1235.962500
1236.134900
1236.140967
1236.193533
1236.578733
1236.679433
1236.877900
1236.958833
1237.103900
1237.175733
1237.801933
1239.194200
1239.458933
1239.681967
1239.759100
1239.816167
1239.912400
1239.956633
1240.275433
1240.833033
1240.985667
1241.024933
1242.219233
1242.541667
1244.011333
1244.120400
1244.532267
1244.541633
1244.564133
1244.623133
1245.517233
1245.863467
1245.961867
1245.977400
1246.662033
1246.777200
1247.868233
1248.234133
1248.574267
1248.596667
1248.709867
1248.786700
1248.946300
1248.977933
1249.028067
1249.086467
1249.475800
1249.526233
1250.042200
1253.146367
1253.404767
1253.913467
1254.030767
1254.094000
1254.210567
1254.303467
1254.328733
1255.345133
1256.718033
1258.504667
1259.087500
1260.408667
1260.757300
1261.096233
1261.437900
1261.605400
1261.728700
1262.204900
1263.568333
1263.670867
1263.720100
1263.808867
1263.920933
1264.720833
1265.020167
1265.584867
1266.107033
1267.119600
1268.253667
1268.650667
1268.689633
1268.768800
1269.024733
1269.430800
1269.530700
1269.697233
1270.060867
1270.124533
1270.129933
1270.200167
1270.621300
1270.678100
1270.882800
1271.040367
1271.114433
1271.129267
1271.237900
1271.815400
1271.913067
1271.925467
1271.935100
1271.942833
1272.246600
1273.146567
1273.216833
1273.301200
1273.369367
1273.401767
1273.610000
1273.705033
1273.795267
1273.925167
1274.016400
1276.431300
1277.367033
1277.618567
1277.834500
1277.992567
1278.294333
1279.065000
1279.144933
1279.316533
1279.407133
1280.154200
1280.205500
1280.740000
1280.831300
1281.887833
1282.394567
1282.605033
1283.059433
1283.318500
1283.395633
1283.653000
1284.423967
1284.585833
1284.619633
1284.738600
1284.780567
1284.946433
1286.070600
1287.746900
1288.269267
1288.315133
1288.531800
1288.607167
1289.037033
1292.174467
1292.391933
1293.156533
1293.284667
1293.388700
1293.465600
1293.475467
1293.641000
1295.838633
1295.910533
1296.206200
1296.574900
1297.368333
1297.438000
1297.531233
1297.654100
1297.674300
1297.735033
1297.760333
1298.727133
1298.761633
1298.792600
1299.415867
1299.555500
1299.954933
1300.645600
1300.672767
1300.772767
1300.827567
1300.936733
1301.038633
1301.151700
1301.217233
1301.745833
1302.058600
1302.101667
1302.298300
1302.310833
1302.372100
1302.487767
1303.251200
1305.555067
1306.524733
1306.599567
1306.644167
1306.828933
1306.898467
1306.923600
1307.004167
1307.077533
1307.273233
1307.347700
1307.399867
1307.552200
1308.001533
1308.556467
1309.245433
1309.330800
1309.647967
1309.913833
1310.158067
1311.017033
1311.379300
1312.046433
1312.060500
1312.318167
1312.837000
1313.343900
1313.886033
