2.831800
4.109400
4.422233
4.857533
4.941433
5.072467
5.156600
5.461000
5.496667
6.109800
6.679267
6.739067
6.755900
7.307733
7.458900
7.743867
7.942400
8.243933
8.569533
8.584333
9.091033
9.603067
9.957967
10.010267
11.190133
11.377567
11.632833
11.721433
12.058167
12.330433
12.817233
13.325333
13.609667
13.677867
14.189400
14.294300
14.704467
15.070600
15.746300
16.695967
16.731900
16.764767
16.886500
18.719067
18.896033
19.112967
19.119667
19.170167
19.279067
19.367233
20.764933
21.038067
21.910800
22.498800
22.766133
23.310500
24.225667
24.290800
24.417167
24.550500
24.641200
24.720600
25.168300
25.762000
25.816200
26.133333
26.575767
26.626467
26.838367
26.909667
26.986933
28.155433
28.499467
28.953200
30.495533
30.700633
31.642433
32.986467
33.040367
33.091800
33.908667
34.897067
36.711833
37.599167
37.617367
37.647100
38.033867
39.832100
40.169500
40.417533
40.832867
41.940433
41.945367
42.012033
42.585433
42.659900
42.793267
43.718133
43.844167
44.342533
44.671200
45.797633
47.330133
47.444667
48.288733
48.944833
48.955900
49.252600
49.554967
49.791533
49.929300
50.045000
50.820233
50.890300
51.345500
51.356267
51.551267
51.796467
52.197667
53.176467
53.362267
53.874567
54.128533
54.649700
54.865400
54.899367
54.957333
55.288300
55.321833
55.914033
56.201367
56.486000
56.548033
57.772667
57.881733
58.202733
58.283533
58.335067
59.707833
59.927600
60.171400
60.428100
60.631900
60.785433
61.102867
61.193767
61.342800
61.396400
62.118567
62.403867
62.495333
62.615500
62.790267
63.435900
65.630833
65.709833
65.868267
66.472767
66.548400
66.708733
66.801567
66.844133
66.905733
66.920233
68.609833
68.945000
69.352733
69.478467
69.502967
69.641533
70.406233
70.990867
71.216200
71.334733
71.490667
71.498267
71.650600
71.787100
72.395933
73.354833
74.075500
74.334633
74.400133
75.301633
76.251600
78.221300
78.763267
79.103733
79.569833
79.704533
80.392600
80.505567
80.623200
81.182267
84.570433
84.642133
84.716933
84.801533
85.191567
85.644367
85.729900
85.735667
86.283333
86.423433
86.758967
87.458100
87.829500
89.107233
89.306933
89.359567
89.402333
93.095933
95.262933
95.566100
95.889400
96.111367
96.180267
96.408033
96.770200
96.813500
97.210400
97.372700
97.477433
97.498033
98.043367
98.860400
99.438433
99.751233
99.945700
100.608167
101.648600
102.560300
102.592533
102.859633
102.941967
103.116100
103.444033
103.526200
103.618600
103.621733
104.057733
104.067433
104.164433
104.374900
104.772533
104.889167
105.523800
105.692467
105.894333
106.132833
106.157367
106.620200
106.912667
107.064133
107.452033
107.846333
108.046167
108.339800
108.516200
108.548267
108.658600
109.040900
109.377133
109.500867
109.545167
110.071800
110.271500
110.314433
110.754900
111.049333
111.273133
112.130633
112.642633
112.648000
112.731700
112.864800
113.256900
113.955800
114.350433
114.438567
115.033433
115.082967
115.857933
116.268667
116.278600
117.074433
117.185333
119.283700
119.343600
120.689600
121.616333
121.991800
122.217633
122.366100
122.773367
123.380333
123.676167
123.719800
124.092967
124.430033
124.751467
125.805767
125.881233
126.318900
127.345267
127.708700
128.054367
128.122867
128.387767
128.509967
129.173600
129.637033
132.565633
133.639867
133.731667
133.789100
134.862933
134.917500
135.124700
135.172600
135.433600
135.550200
135.744767
135.827800
135.975333
136.201300
136.238400
136.744500
137.293467
137.382333
138.359200
138.661100
139.116967
139.451600
139.667933
140.007867
140.232000
140.404300
140.494967
140.661800
140.863133
140.979633
141.281867
141.381333
141.421167
142.162600
143.204133
143.361567
143.407633
143.922467
144.029633
144.083467
144.105067
144.312467
144.353433
144.384433
145.509333
145.606067
145.741433
146.226000
146.550667
146.697033
146.891167
147.999267
148.087167
149.051433
149.074067
149.917067
149.953200
150.114233
150.191067
150.844267
151.260900
151.314167
151.615100
152.186800
152.459000
152.831767
152.894300
152.945567
153.367767
153.780900
154.028200
154.434767
154.470700
154.555367
154.600433
154.687967
154.851667
155.029600
155.307467
155.440900
156.466167
157.231200
157.419667
158.847000
158.894067
159.176000
159.580933
159.687467
160.417300
160.506400
160.544667
160.689233
160.832800
160.957433
161.420333
161.551933
161.599033
162.818300
162.837733
162.928367
162.994000
163.223800
163.330767
163.394667
163.818933
163.952567
164.292067
164.398433
164.613400
164.941333
165.258533
166.145367
166.438400
166.474467
166.595633
167.265300
167.307233
167.549767
167.845233
167.878800
167.905400
168.539567
169.411267
169.559167
170.523933
171.362500
171.407033
171.476833
171.622067
171.885733
172.232900
172.543833
172.909533
174.335333
174.975233
175.810233
175.957300
175.998533
176.023800
176.103600
176.254233
176.425767
176.861400
176.881700
177.902867
178.136433
178.146067
178.205300
178.261733
178.283833
179.174200
180.300633
180.540267
180.742133
181.019633
182.380533
182.749533
183.021700
183.218367
183.509267
183.593867
183.868933
184.408600
185.557600
186.486067
186.912200
187.168333
187.521267
188.202900
188.822000
190.021300
190.303533
190.585200
190.709300
191.169867
191.461333
191.547100
192.344033
192.505733
192.684000
193.567333
194.052567
194.180433
194.492000
194.814133
196.802533
197.113600
198.393100
199.038733
199.724967
200.094633
200.950267
201.575933
201.948767
202.147700
202.377433
203.767833
203.852233
204.262700
205.384967
205.445433
205.580767
205.797867
205.852033
206.142233
206.222933
206.825467
209.029133
209.841067
211.228300
211.412500
212.002700
212.322167
212.330400
212.847400
213.225567
213.494467
213.643633
213.667967
214.196700
214.405767
215.772300
216.083100
216.242967
216.736733
217.044900
217.154533
219.033967
219.350300
219.666133
219.765233
220.039933
220.102667
220.221267
220.304933
221.260667
221.295200
221.467667
221.478767
221.793067
222.704467
222.831433
223.285767
224.263000
225.356967
226.076600
226.277300
226.693233
227.373100
227.914333
228.917467
229.147633
229.361833
229.505600
229.967033
230.077533
230.345500
230.351367
230.812767
230.993967
232.025800
232.225667
232.278033
232.637300
232.892233
233.040233
233.334733
234.571200
234.764667
235.007533
235.150100
235.153900
235.666700
236.022533
236.331433
236.399867
236.691133
237.011667
237.389467
237.656467
237.689333
238.615533
238.645467
238.924667
239.186167
239.227800
240.038800
240.691933
240.877200
241.138167
241.606367
241.783933
242.011733
243.489933
244.055567
245.157733
245.572900
245.977467
246.767167
246.980067
247.346667
247.629100
248.107600
248.120700
248.623400
249.324267
249.396367
249.452367
250.173533
250.482533
250.780233
250.912633
251.824300
251.959533
252.139767
252.242733
252.444067
253.107833
253.964333
254.649100
255.347400
255.515633
255.684667
255.859233
256.611467
256.683300
256.948233
257.227367
257.281967
257.351367
258.281067
258.469233
259.261733
259.619267
259.657500
260.170800
261.567933
263.246033
264.153667
264.402767
265.635033
265.753333
266.134267
266.701700
266.802633
267.328933
268.889300
268.927733
269.259933
269.529767
269.683167
269.759067
269.904533
270.139267
270.425067
270.564433
270.611700
271.366833
271.400900
271.439967
272.041067
272.213933
272.217867
272.300433
272.466033
272.776500
272.786300
273.312600
274.661567
274.909900
274.954833
275.681633
275.953300
276.459900
276.753533
277.385233
277.450367
278.011267
278.038333
278.073500
278.176133
278.179033
278.876333
278.996833
279.022167
279.053933
279.143167
279.316767
279.514933
279.759033
279.802900
279.904333
280.025200
280.238000
280.478367
280.638333
280.751000
281.117600
281.578800
281.797433
282.260000
282.686867
283.115000
283.286233
283.647633
284.185967
284.260200
284.445800
285.507500
286.548133
286.894967
289.255467
289.431500
289.501067
290.626967
290.630933
291.227600
292.076400
292.245200
292.637633
292.872167
293.658833
293.934633
294.529400
294.611700
294.821533
295.669967
296.468067
296.488533
297.124167
297.242600
297.558900
297.909000
298.310800
298.752200
298.863433
299.312667
299.488767
300.188967
300.221500
300.547167
302.025300
302.091733
302.463500
302.605433
302.707467
303.439900
304.315967
304.605767
305.220400
305.943900
306.190467
306.410100
306.954633
307.517967
307.586767
308.306900
308.486833
308.828600
309.164700
309.205267
309.269400
309.390267
309.587067
310.105467
310.417367
311.761500
311.765800
311.797367
312.180733
312.445767
312.488033
312.649633
313.417167
313.463567
313.930100
315.541067
316.931000
317.364267
317.387200
317.498033
317.777433
317.853500
318.094467
318.839233
319.257200
320.673233
320.779733
321.134500
321.340267
322.312400
322.722800
323.421400
323.449133
323.832933
324.100833
324.291567
324.365467
324.548467
324.598167
324.660333
325.924100
326.129467
326.639100
326.663033
327.042833
327.142700
327.418800
328.098433
328.978067
329.095000
329.817967
330.081267
330.234433
330.369433
330.990733
331.677300
331.742867
331.788733
331.895533
332.148500
332.828100
332.848700
333.370867
333.541667
333.675000
334.656100
335.537833
335.815567
336.171633
336.428367
336.478100
336.756167
336.916400
336.939400
337.286100
338.135667
338.837767
339.069533
340.638000
340.664833
341.065667
341.129433
341.131600
341.180100
341.419533
341.973000
341.979000
342.255600
342.326733
342.390300
342.635600
342.850900
344.832467
345.169900
345.548900
346.002367
346.355200
346.815600
347.028267
347.757067
347.856800
349.003100
349.832100
350.558600
351.697733
352.097067
352.159667
352.895433
353.165100
353.186600
354.118833
354.316433
354.453433
354.878167
355.312467
355.448800
355.880567
356.390300
357.157667
358.276700
359.211933
359.437467
360.694533
361.914467
362.005367
362.051433
362.111200
364.268200
365.578400
365.879233
366.591000
367.571933
367.744567
367.798467
368.395600
368.549067
368.818767
369.018467
369.115333
369.389100
369.641400
369.783833
370.685233
370.812433
371.946233
371.980800
372.627133
372.946733
373.055433
373.397733
373.419733
374.137400
374.336433
374.518133
374.570800
375.148267
375.162700
375.377367
375.562167
375.910667
376.916667
377.314533
377.690800
377.736033
377.891800
378.032767
378.141133
378.186933
378.672967
378.711900
379.064400
379.327533
379.601767
379.935200
379.978500
380.735800
380.751867
380.760400
381.272267
381.938800
382.211367
382.418233
382.499700
383.268833
383.394600
383.933667
385.077900
385.609633
385.694833
385.852967
386.070800
386.229867
387.355933
387.419100
388.072300
388.341400
388.734000
388.840600
389.292467
389.325433
389.332067
389.456933
390.372300
390.873767
390.931467
391.321200
391.478667
391.933567
392.181500
392.643500
393.109667
393.511667
394.166600
395.063000
395.105733
395.429933
396.476467
396.745600
396.795600
396.959433
397.465633
398.306700
398.645100
398.746300
399.071233
399.157800
399.432533
399.994200
400.080767
400.620333
401.273967
401.673567
401.726867
401.918933
402.135667
402.387333
403.704333
403.978433
404.563933
404.736133
405.117733
405.148133
405.195033
405.388000
405.458600
406.230700
407.272533
407.702633
409.051367
409.301433
409.778767
410.176633
410.622733
410.717067
411.138167
411.344333
411.718333
411.836133
411.936533
412.188600
413.217833
413.317600
414.079833
414.212100
415.361900
417.312900
417.351567
417.391767
417.431667
418.177067
418.645233
418.839167
418.985300
419.143767
419.171500
419.569067
419.882167
420.131767
420.340833
420.391067
421.010300
421.121333
421.626200
422.845500
423.247200
423.973967
424.072767
424.435033
424.617633
425.097867
425.210700
425.245033
425.393700
425.534433
425.805100
426.194433
426.416800
427.996367
428.716433
428.938033
429.364000
429.434100
429.990200
430.331933
430.350033
430.891833
430.970967
430.990833
431.999800
432.190133
432.419000
432.621033
432.741100
433.036700
433.266333
433.566200
433.805933
433.977433
435.016667
435.872800
436.077067
436.160733
436.301867
437.042233
437.313200
437.660467
437.846167
437.885367
438.002667
438.203067
438.272233
438.277700
438.749433
438.796867
438.862467
439.140833
439.187667
440.336933
440.571300
440.624267
441.222933
441.332133
441.555833
442.297733
444.086733
444.642367
444.827867
445.073633
445.161667
445.803167
445.933167
446.203900
447.163867
447.355133
447.552267
447.945533
448.093833
448.152833
448.360200
448.426600
448.728100
448.862000
449.241967
449.266667
449.491300
449.896000
450.045967
450.050333
450.125667
450.259667
450.485733
451.016667
451.077767
451.160567
451.778667
451.814800
451.822833
452.245267
452.843367
453.271267
454.161033
454.632767
455.559333
456.238100
456.265200
456.305367
457.376667
457.811033
458.568600
458.965233
459.862033
459.865133
459.908200
460.106467
460.134833
460.271733
460.302900
460.329267
460.354733
460.879167
461.167533
461.202900
461.370167
461.909433
462.118433
462.421333
462.735500
462.983967
463.114300
463.847967
464.152233
464.296367
464.549233
464.983500
465.154800
465.917300
466.164600
466.234033
466.848867
466.948133
467.581567
467.794700
468.582433
468.635633
468.900133
468.926933
469.156500
469.443867
469.489767
469.578100
469.993933
470.039933
470.053467
470.140033
470.400700
470.967533
471.324033
471.939200
471.999100
473.456967
473.640800
473.813167
473.939433
473.957900
474.408167
475.644467
475.850467
476.063133
476.112267
477.114133
477.235333
477.422667
478.018300
478.385267
478.533233
479.941233
480.003333
480.039133
482.403433
482.462667
483.440633
483.541833
483.881067
484.032200
484.564300
484.670833
484.760133
485.358267
486.472167
486.664033
487.252767
488.608167
489.125500
489.153833
489.730833
489.884633
490.040467
490.161633
490.878167
490.902667
491.061933
491.528567
492.147167
492.673600
493.381000
493.526967
493.588633
493.628433
494.099733
494.623467
495.356300
495.613733
495.688400
496.904000
497.346200
497.395167
497.693433
499.145867
499.720900
499.815267
500.427267
500.586733
501.185567
501.212767
502.113500
502.127500
502.420067
502.817033
502.916367
503.259033
503.427167
504.215733
505.405600
506.104933
506.745633
506.920000
507.289067
507.400533
508.683000
508.781700
509.272000
509.343433
509.659700
509.812233
509.833567
509.982433
510.049033
510.684400
510.995500
511.022033
511.124267
511.166667
511.355733
511.709633
512.006133
512.115567
512.423467
512.777000
512.885500
514.105133
514.187900
514.921733
515.313033
515.464800
515.485500
515.524867
515.986267
516.014133
516.113667
516.206567
516.492667
516.637767
516.656200
516.911933
517.217467
517.357133
517.383900
517.602067
517.741433
517.940500
518.199033
518.326733
518.460967
518.868533
519.463700
519.515400
519.631800
519.679600
520.264433
520.396333
520.510867
520.668967
520.818900
520.848867
520.935667
521.028267
521.273867
521.882800
521.932100
522.074267
522.551133
523.887067
523.909167
524.233033
524.247800
524.359067
524.732000
525.252967
525.373967
525.494467
527.012533
527.037300
527.161067
527.500000
527.605033
528.148100
528.435967
529.023267
530.261900
530.278767
530.589633
530.744767
531.129933
531.234033
531.430067
532.055967
532.144600
532.456000
532.747333
532.814633
533.054967
533.069900
533.397567
534.139900
534.390133
534.444300
534.472633
534.670367
534.923700
535.104867
535.741900
535.887567
536.333533
536.610033
536.904200
536.937567
537.125233
537.938067
538.325633
539.164433
539.307800
539.553000
539.743233
539.942533
540.268367
540.941867
540.959233
541.317933
541.709200
542.313933
542.527033
542.640833
543.775600
543.867567
543.952500
544.155067
544.706100
544.728067
544.816700
544.871267
544.917033
544.950500
545.118367
545.434167
545.878667
545.951767
546.046100
546.074233
546.094933
546.285733
546.334800
546.868000
546.898900
547.128400
547.437533
547.456400
547.802133
548.046267
548.401367
548.417433
548.659833
548.673667
548.866367
549.243667
549.558367
549.854867
550.067400
550.097200
550.241433
550.530867
550.896433
551.431333
552.159167
552.280467
553.187533
553.575667
554.509533
554.829833
554.955833
555.110500
555.677200
555.741467
556.096400
556.934967
557.686433
558.121767
558.588333
558.675500
558.987033
559.082700
559.370533
559.426067
559.532500
559.604367
559.676767
559.874700
560.885700
562.442533
562.472933
562.600833
563.310800
563.473500
563.797933
564.363233
564.685133
565.008200
565.216067
565.374300
566.683200
566.841033
568.033833
568.098800
568.286533
568.453267
568.728767
568.838933
568.916433
568.960633
569.056500
569.202367
569.820100
570.588067
570.632167
570.656533
571.839500
572.459733
572.533967
572.857767
573.037300
573.354967
573.506267
574.519033
575.162100
575.975867
576.687533
577.073533
577.135600
577.222200
577.461500
577.465267
577.568733
578.043767
578.420533
579.720833
580.735833
581.201533
581.325733
581.567733
581.697700
581.990600
583.003167
583.050833
583.143867
584.900833
585.138000
586.808633
587.533433
588.853767
589.196467
589.203267
589.388033
589.412567
589.494033
589.908800
589.990333
590.090033
590.485933
590.610000
590.688300
590.784267
590.795733
591.531067
592.219533
592.504700
593.338300
594.024400
594.151433
594.606333
594.646433
595.107267
595.368400
596.032000
596.069267
596.510067
596.754267
596.971700
597.084700
597.204100
598.293033
598.683033
598.734933
598.978700
599.034667
599.092900
599.118167
599.237667
599.319333
599.667033
599.769400
600.976233
601.044667
601.217167
601.224000
601.298400
601.626933
601.632100
601.699833
602.044300
603.140767
603.472200
604.356167
604.586067
605.578133
606.036333
607.290633
607.450967
608.018633
608.263800
608.400633
608.670633
609.013233
609.085500
609.517100
609.693667
609.738767
610.329733
610.360767
610.534433
610.656467
610.680967
612.313967
612.685567
612.721833
612.884633
612.948000
613.247400
613.833533
614.406567
614.476300
615.253767
615.437367
615.745000
615.796800
616.337667
616.471467
616.889367
617.149400
617.514500
617.591900
618.347633
618.516833
619.641400
620.334400
621.167733
622.332800
622.366267
622.578300
622.709133
623.065267
623.147367
623.190333
623.193500
623.295900
623.508867
623.846267
623.869367
623.906333
624.090267
625.030267
625.120700
626.019400
626.242100
626.328867
626.711067
628.529267
628.577467
628.857933
630.467433
630.684767
630.802300
630.897100
632.014967
632.297533
632.392700
633.443000
634.384567
634.562767
636.845100
639.367833
639.369667
639.428600
640.184300
640.810967
641.000667
641.313000
641.351300
641.946933
642.741633
642.949367
643.078433
643.593233
643.615933
643.937467
644.104000
644.118600
644.157300
644.503867
644.692133
645.042733
645.167400
645.220767
645.424233
645.683600
645.958567
646.005733
646.601867
646.828233
647.389467
647.523467
647.943500
647.987967
648.361567
648.394400
648.531167
648.849933
649.357000
649.394067
649.744900
649.857600
650.215967
650.411500
650.490833
650.586633
650.640767
651.279067
652.166467
652.250400
652.643067
654.067067
654.490433
654.595733
654.779367
655.023000
655.551533
655.630000
655.669667
655.794967
655.915800
656.295367
656.410000
656.492867
656.897767
657.094067
657.411633
657.430800
657.626100
658.552733
658.591600
658.615733
658.856833
660.260733
661.110267
661.307967
661.349300
661.523433
663.312300
663.562733
664.475867
664.627967
664.629700
664.663300
664.783567
664.931967
665.091533
665.539900
666.711000
666.850333
666.967300
667.048533
667.271567
667.595000
668.496067
669.135367
669.424733
670.387367
671.561000
673.373733
673.805400
674.104200
674.277167
674.331233
674.464567
674.796900
674.878933
675.228133
675.243400
675.595100
675.692100
676.394400
677.406900
677.660433
678.676000
678.979067
679.607267
680.072233
680.495567
680.549400
682.793067
682.819533
683.041600
683.051067
683.124433
683.601133
683.623100
684.212533
684.283433
684.538100
684.686267
684.969600
685.128267
685.138033
685.210733
685.331567
685.382367
685.649333
686.574800
686.854333
686.940467
687.149300
687.949600
687.978833
688.320533
689.834533
690.039133
690.219033
691.151867
691.712300
692.270667
692.501967
693.324400
693.366700
693.392167
693.397100
693.575000
694.397333
694.736567
695.173933
695.702267
695.852833
696.283067
696.728600
697.360400
697.480700
698.123567
698.377933
699.115067
699.165967
699.739467
700.648067
701.829567
702.653900
702.678133
702.680500
704.392567
705.159433
705.349200
705.390300
705.562333
706.163633
706.635833
706.724933
707.081233
708.818100
709.092233
709.231500
709.233933
709.516867
709.596200
710.198833
710.372133
710.938767
712.053567
712.319300
713.147833
713.622133
713.970733
714.034933
714.232667
714.418167
714.480467
714.949767
716.095200
716.243400
716.568767
717.178933
719.327133
719.646933
720.103967
720.357000
720.767933
721.100567
721.917300
722.053333
722.191033
722.812667
722.906033
723.287567
723.343700
723.651533
724.293067
724.534267
724.871067
725.066733
725.674233
725.707100
725.966333
725.978700
726.599667
727.899767
728.212233
729.960633
730.033833
730.327600
730.447000
730.588367
731.688767
731.896300
732.045400
732.235733
734.185267
735.258633
735.486833
735.687800
736.167533
736.669733
737.032633
737.143733
738.058667
738.161900
739.962467
740.941167
741.801567
742.203333
742.230767
742.634267
743.019300
743.327433
743.462400
743.570067
744.277400
744.582967
744.615033
745.355967
746.150767
746.178067
746.286700
747.077267
747.645300
747.741800
748.205300
748.380467
748.398500
748.639633
748.667067
748.934467
749.006267
749.312600
749.467267
749.628967
750.417200
750.465667
750.704500
751.083600
751.161600
751.485867
751.708567
751.726133
751.764633
751.822700
751.930033
752.246933
752.563533
752.726000
752.834467
753.154100
753.908867
754.111167
754.470800
754.684333
754.723267
754.748200
754.920133
755.155600
755.395033
755.489933
755.703100
755.768133
755.927033
756.358833
756.495800
756.703633
756.719600
757.045500
757.715600
757.826667
757.914467
758.404900
758.828800
759.323933
759.359567
760.134733
760.248767
760.459333
761.715733
761.749100
761.835933
762.621467
762.857333
763.590533
763.648500
764.928133
765.152233
765.342533
765.345633
765.759900
766.209300
766.594867
767.245467
767.466000
767.976967
768.003100
768.814433
769.441133
769.679633
769.931233
770.218033
770.332967
770.778267
771.339567
771.843767
772.464967
773.291333
773.816800
774.587567
774.804967
774.936033
775.036933
775.463967
775.806133
775.980533
776.220600
776.465667
776.677900
776.705100
776.786467
776.805033
776.937400
777.430267
777.964833
779.236233
779.471667
779.616733
780.641833
781.348567
782.318100
782.678067
782.866567
783.971567
784.478667
785.364200
786.351567
786.387300
786.445000
787.102300
787.135400
787.334600
788.232300
788.333000
788.605300
788.834867
789.001433
789.972800
789.984300
791.255333
792.097433
792.183300
792.308967
792.322167
792.328900
792.576733
792.710567
793.037133
793.277000
795.228767
795.935533
796.031967
797.138300
797.224033
797.264567
798.003333
798.103333
798.711333
798.793433
798.839067
799.236267
799.809700
800.125567
800.420000
800.438467
800.464900
800.554233
800.558100
800.585367
800.665800
801.476133
801.482833
801.523767
801.566767
801.921867
801.935000
802.937900
802.966800
803.306667
803.551233
803.994767
804.535167
804.799633
804.838800
805.099233
805.766567
805.858233
806.778067
806.908367
806.923467
806.945633
807.066500
807.229700
807.320167
807.561200
807.631433
808.531267
809.544467
810.195500
810.271733
810.903867
811.235600
811.859300
811.915667
812.085100
812.181933
812.369300
813.292233
813.391200
813.435700
813.641300
813.656100
814.082867
814.091567
814.124500
814.555300
815.103967
816.526833
816.686933
817.169067
817.474167
817.888733
818.079433
818.421167
818.463833
818.504033
818.525033
818.561567
818.974733
820.138000
820.309800
820.394433
820.692133
820.991800
821.218367
822.490900
822.730300
822.838800
822.943700
822.952100
823.066633
823.083267
823.193533
823.368367
824.301300
824.469533
824.477933
824.540067
824.739633
825.209433
825.531933
825.904000
827.113900
827.253433
827.387867
827.720400
828.042033
828.899633
828.955033
828.990000
829.196400
830.156233
830.235100
830.287900
830.322867
830.498533
830.641967
830.710400
830.723267
831.288700
831.981733
833.850100
834.015567
834.691433
834.698533
835.315067
835.641700
835.762800
835.919567
836.168667
837.442333
838.185367
838.468033
838.742333
838.744533
838.812800
839.672200
839.699267
839.753833
839.793700
839.810967
839.916700
840.577033
840.602500
840.914467
841.026000
841.135767
841.790833
842.264700
842.723267
842.782800
842.796467
842.965533
843.294033
843.522800
843.720167
844.451467
844.785633
845.015567
845.651433
845.683967
845.770300
845.920067
845.923300
846.184633
846.214667
846.578933
847.039967
847.205167
847.510633
847.887800
848.093467
848.233733
848.445033
848.458900
848.539033
848.564900
849.098533
849.428433
850.411867
851.277700
851.399067
851.621100
852.295367
853.873933
854.393300
854.422633
855.148467
856.042867
856.169467
856.267100
856.500667
857.616800
858.424833
858.493833
859.760267
859.913233
860.017967
860.286300
860.614933
860.732233
861.167067
861.831533
862.097300
862.445467
862.522733
862.738333
863.356900
863.646200
863.680400
863.813267
864.021367
864.357800
865.165867
865.936667
866.080633
866.170667
866.174800
866.961933
867.612300
868.073600
868.486767
868.489867
868.594967
868.717700
869.185867
869.392933
869.470700
869.762167
870.575767
871.183633
871.443700
871.577933
871.688300
871.939733
872.486200
872.948767
873.224867
874.263100
874.942133
874.950267
875.919600
875.922700
876.075833
876.194733
877.041500
877.754533
877.862867
877.973533
878.074467
879.342100
879.704167
879.750300
880.130633
880.459367
880.938400
881.119967
881.599133
881.832833
882.424900
882.595667
882.988467
883.134900
883.684367
883.888867
885.325700
885.740733
886.009833
886.032233
886.037433
886.091400
886.373433
886.476167
887.009233
887.639367
888.337900
889.172467
889.272833
889.344800
889.368667
889.644400
889.982400
890.352433
890.650767
891.406600
893.228333
893.572100
893.659633
893.920867
894.613967
894.921800
895.009033
895.445333
895.519800
895.980300
896.912533
897.657200
897.773867
898.141767
898.714800
898.904033
899.072967
899.830967
900.136533
900.558667
900.625133
901.427067
901.465700
901.518567
902.422533
902.488367
902.922400
902.936067
903.040033
903.255733
903.278433
903.393567
903.489767
904.512400
905.863800
906.395633
906.468567
906.834167
907.801667
907.897100
907.912900
909.031933
909.566733
910.239700
910.259133
910.860367
910.989633
911.101433
911.335533
911.823500
912.947400
913.161433
913.412900
914.165133
914.196800
914.290833
914.506000
914.655233
914.894100
916.003500
916.600300
917.496567
917.660233
918.042900
918.052033
919.041100
919.364400
919.592733
920.020500
920.029967
920.282267
920.739033
922.023567
922.669000
923.421867
923.599767
924.254133
924.536467
924.640400
924.673600
925.997067
926.037233
926.390267
927.505600
928.176400
928.464400
928.493200
928.630767
929.323667
929.336900
929.605700
929.856600
930.455633
930.508833
930.580100
930.680000
930.767933
930.786433
930.912267
931.256033
931.388267
931.622067
931.763200
932.046433
932.349700
932.839633
933.184200
933.285900
933.580267
934.227567
934.595300
936.451867
936.615933
936.663767
936.792500
937.613533
938.626067
938.947967
939.493600
939.815667
939.890367
939.995733
940.375567
940.682867
940.728633
941.052067
941.801267
942.084067
942.300133
942.719233
943.207733
943.673600
943.919967
944.185000
944.944533
944.959700
945.287300
945.858933
946.142167
947.175000
947.253800
947.366500
947.407367
947.907433
947.985300
948.103767
948.108800
948.147300
948.197900
948.437333
948.628100
949.301733
949.530167
949.800733
950.129633
950.139133
950.212333
950.600567
950.749567
951.202900
951.910900
952.178833
952.375100
952.465000
953.337300
953.643667
953.844000
954.372033
954.568867
954.571067
954.824167
955.050067
955.341100
955.374433
956.048467
956.745367
956.785267
957.535600
958.300233
959.201467
959.314467
959.781767
960.317867
960.698867
961.498400
962.291033
963.313700
963.478933
964.298167
964.509933
964.617133
964.821100
964.937933
965.660067
966.030400
966.174933
967.209200
967.216433
967.569567
967.933800
967.951633
968.677533
968.707300
969.580900
970.567067
970.581933
970.849767
971.517267
971.745100
971.768567
972.409667
972.804700
972.823700
973.182500
973.342967
973.521233
973.944167
974.081967
974.696167
974.825233
975.461400
975.591467
975.670833
975.742533
975.851700
975.865267
976.211533
976.383000
976.431333
977.256000
977.632900
978.108567
978.786800
979.318667
979.768400
980.827033
980.945700
981.450700
981.784067
982.231667
982.610667
983.289500
983.412367
983.620067
983.913600
984.180000
984.530633
986.614600
987.157967
987.793800
987.987633
988.159900
988.359267
988.464533
988.891900
988.998267
989.403267
989.500700
990.363100
990.584733
991.129767
991.359233
991.387267
991.411567
991.720400
991.957833
992.221133
992.313667
992.828100
992.840100
993.771433
993.787233
993.964133
993.970433
994.135467
994.280867
995.785500
995.905633
996.583667
996.856633
996.993500
997.321067
997.324300
999.185533
999.630700
999.654500
999.787700
1000.325800
1000.506333
1000.845233
1001.495100
1001.952700
1002.048433
1002.558767
1002.658867
1002.894300
1003.254700
1003.465533
1003.548967
1004.420667
1004.630800
1004.809767
1004.934867
1005.008133
1006.209800
1006.397233
1006.976400
1007.411433
1007.413833
1007.835300
1007.896367
1009.720800
1009.919233
1010.369200
1011.072267
1011.833900
1012.345567
1012.599133
1012.855367
1012.909400
1013.133833
1013.183800
1013.673033
1014.032800
1014.154833
1014.896733
1015.494867
1015.713967
1016.214467
1016.679567
1017.217567
1017.564533
1017.596567
1017.776633
1018.290767
1018.341000
1018.404433
1018.832100
1020.234000
1020.256000
1020.566933
1020.650067
1021.312967
1021.607667
1021.864867
1022.622600
1022.782167
1022.853067
1022.966400
1023.019333
1023.284800
1023.334667
1023.587533
1024.225167
1024.707400
1024.869633
1025.209567
1025.772067
1026.712700
1026.970133
1027.110867
1027.984900
1028.398700
1028.591100
1028.793600
1029.294033
1029.453400
1029.491367
1029.524800
1029.622367
1029.927000
1029.963400
1030.696500
1030.866067
1032.226900
1032.753333
1034.582533
1034.880967
1035.687167
1036.143167
1036.355233
1037.047367
1037.420133
1037.909467
1038.059533
1038.142900
1038.832000
1039.524567
1039.677467
1041.092767
1041.101867
1041.137000
1041.365733
1041.542700
1042.171033
1042.448633
1042.777500
1043.184400
1043.230067
1043.348467
1043.829733
1044.320800
1044.728633
1044.760233
1044.822467
1044.878500
1044.924133
1045.423267
1045.837833
1045.972833
1046.095200
1046.211433
1046.623267
1046.659200
1046.965100
1047.446633
1048.571800
1048.583733
1048.877667
1049.047367
1050.435433
1050.710100
1050.875567
1050.883667
1051.168400
1051.479333
1051.687033
1052.210900
1052.432367
1052.580400
1053.029633
1053.110133
1054.451200
1054.676500
1054.723833
1055.178667
1055.395667
1055.699000
1056.560233
1056.986133
1058.689633
1058.961100
1059.099467
1059.692567
1059.704633
1059.800667
1059.825200
1060.979900
1061.078167
1061.177867
1061.849600
1061.871867
1062.151300
1062.223733
1062.844200
1063.550400
1063.583900
1064.139100
1064.266400
1064.336600
1064.666467
1064.719833
1064.852333
1066.048167
1066.570233
1066.702867
1067.314367
1067.951533
1068.433900
1068.512833
1069.854800
1069.956267
1070.019400
1070.070267
1072.113033
1072.292667
1073.273767
1073.552700
1074.091833
1074.143600
1074.544533
1074.595433
1074.616867
1074.940467
1074.969367
1076.451767
1076.794767
1076.892500
1077.024767
1077.443667
1077.546933
1077.710433
1077.890500
1078.444667
1078.669200
1078.908800
1079.631100
1080.217033
1080.384600
1080.926667
1081.906767
1082.039900
1083.065233
1083.179200
1084.125067
1084.500267
1084.596433
1084.606867
1084.730700
1084.911500
1085.657667
1085.680533
1086.070000
1086.151067
1086.416933
1086.672867
1086.951233
1087.001867
1087.151300
1087.157333
1087.306667
1088.198300
1088.649300
1089.523767
1089.708433
1089.732133
1090.158933
1090.763400
1090.882300
1091.031600
1091.663833
1091.684233
1092.768033
1093.041033
1093.642667
1093.692267
1094.124133
1094.139900
1094.486433
1095.835700
1096.085200
1096.711233
1097.168300
1097.373433
1097.877100
1097.915100
1098.309467
1098.331000
1098.686233
1098.817800
1098.839633
1099.184733
1099.322567
1100.006833
1100.284667
1100.343633
1100.640733
1100.785267
1100.898000
1101.891200
1102.533300
1103.116067
1103.682633
1103.997100
1104.140733
1105.078867
1105.357700
1105.521700
1105.650933
1107.848367
1107.958967
1107.972567
1108.197400
1108.335300
1108.360333
1108.823700
1108.847367
1109.406467
1110.027267
1110.094933
1110.603500
1110.799600
1111.331933
1111.492933
1112.241067
1112.385867
1112.872133
1113.318267
1114.022000
1114.448433
1114.728233
1115.483533
1115.809300
1115.936100
1116.095933
1116.437067
1117.269333
1117.609767
1118.784967
1118.968000
1119.270600
1119.397567
1120.539367
1120.638533
1121.499067
1121.964567
1122.167267
1122.343400
1122.378833
1122.652500
1122.908700
1122.917900
1122.962967
1123.109333
1123.241200
1123.342367
1123.574833
1123.758400
1124.052367
1124.059500
1124.173033
1124.236867
1125.397233
1125.430567
1126.082600
1126.097933
1126.384433
1126.475133
1126.999200
1127.683300
1127.832300
1127.915567
1128.397067
1128.912167
1128.924600
1129.666467
1129.910100
1130.005167
1130.037933
1130.357667
1130.825000
1131.276467
1131.341733
1131.403533
1131.542467
1131.959467
1132.114000
1132.849600
1133.639767
1134.051767
1134.966567
1135.612967
1135.857333
1136.018767
1136.082433
1136.215933
1136.318467
1136.435267
1136.726900
1136.852833
1136.918833
1137.479633
1137.677600
1138.036500
1138.219933
1138.242900
1138.305233
1138.600067
1138.618867
1138.678900
1139.184000
1139.363067
1139.512733
1139.935133
1140.615667
1141.854700
1141.901333
1142.334767
1142.393567
1142.757633
1142.950467
1143.138233
1143.445567
1143.809933
1144.664400
1144.974267
1145.802067
1145.827833
1145.976100
1147.172400
1147.481333
1147.850267
1148.097233
1148.144833
1148.181533
1148.555167
1149.038067
1149.457133
1149.553767
1149.640900
1149.731867
1150.153333
1150.322600
1151.366200
1151.894033
1151.916500
1151.969900
1152.176233
1153.085400
1153.111733
1153.131200
1153.139567
1153.301300
1153.489167
1153.595467
1153.623000
1153.792267
1154.217433
1155.128500
1155.401333
1155.529900
1155.964967
1156.075067
1156.594467
1157.111833
1157.268933
1157.356700
1157.399733
1157.552900
1157.688633
1158.039333
1158.298500
1158.503700
1158.556433
1158.977967
1159.703633
1159.900333
1161.437067
1161.947667
1162.221100
1162.266533
1162.277667
1162.586800
1162.639367
1163.099667
1163.687767
1164.156900
1164.447400
1164.653967
1165.641667
1165.749367
1165.940400
1166.113667
1166.161167
1166.199533
1166.847233
1168.077367
1168.618100
1168.741967
1170.090600
1170.246333
1171.347567
1171.960633
1172.985000
1173.306433
1173.399800
1173.684867
1173.693933
1173.713167
1174.242533
1174.305933
1174.653900
1176.190567
1176.706667
1177.013067
1177.247900
1178.278833
1179.092300
1179.546333
1179.790933
1180.322533
1180.486067
1180.760000
1181.092733
1181.730867
1181.810033
1181.884433
1182.658433
1183.394967
1184.639200
1184.743233
1186.219600
1186.260333
1186.445133
1186.673233
1187.119033
1187.414867
1187.445333
1187.765767
1188.342700
1189.258200
1189.409133
1189.427067
1189.952300
1190.369700
1190.838700
1191.369300
1193.221500
1194.440933
1194.763833
1194.939133
1194.967500
1196.194400
1196.354733
1196.538833
1197.547567
1197.574267
1197.735300
1198.479967
1198.605600
1199.192000
1200.086500
1200.614233
1201.268367
1201.331567
1201.877800
1203.006767
1203.038200
1203.174667
1203.413700
1203.605133
1203.966733
1204.341500
1204.663700
1205.485200
1205.739167
1205.879467
1206.518733
1206.679133
1206.904100
1207.129533
1207.605067
1208.176600
1208.747233
1209.757100
1210.131167
1210.333000
1210.686233
1211.771433
1211.875800
1214.384833
1214.783100
1215.071833
1215.118933
1215.288667
1216.049300
1217.707267
1218.855067
1218.913567
1219.355667
1219.396067
1219.744267
1220.426300
1220.532933
1221.064267
1223.212700
1223.351633
1224.580233
1224.594433
1225.045500
1225.195867
1225.576633
1225.848267
1226.090133
1226.202333
1227.823333
1228.046133
1228.142267
1228.411867
1228.586033
1228.651133
1229.004600
1229.353367
1229.781767
1230.048767
1230.081567
1230.324600
1230.457467
1230.536533
1230.641933
1230.659600
1231.203967
1231.235600
1231.360133
1231.779800
1231.819400
1232.908600
1232.941667
1233.451167
1233.665333
1235.066200
1235.246067
1235.281167
1235.382667
1235.458267
1235.515200
1235.743367
1236.437367
1236.872400
1237.210800
1237.422000
1237.708867
1238.461600
1239.600300
1239.886000
1240.048167
1240.174600
1240.558600
1241.394000
1241.442033
1242.026467
1242.275633
1242.905200
1243.146133
1243.198467
1243.353200
1244.649933
1244.800167
1245.770667
1246.236200
1246.284167
1246.461633
1246.878867
1247.633067
1247.910867
1247.960533
1248.118167
1248.302600
1248.352433
1248.429833
1248.555833
1250.111133
1251.129767
1251.494733
1251.943867
1252.880367
1254.205600
1255.274833
1256.208667
1257.265233
1258.313100
1259.427800
1260.351000
1260.866233
1261.355667
1262.359900
1262.650700
1263.753367
1264.302133
1265.021100
1266.915400
1267.156500
1267.348767
1267.661600
1268.728000
1268.797967
1268.941400
1269.110633
1269.859367
1270.075800
1270.470067
1271.697033
1271.780900
1271.875133
1272.862100
1272.946800
1273.660000
1274.124500
1274.275167
1274.712367
1274.810467
1275.081833
1275.389667
1275.960233
1276.374600
1276.583367
1277.152500
1277.869800
1278.121667
1278.371833
1278.572400
1278.714133
1279.445800
1280.354133
1280.796533
1280.944233
1281.189733
1281.244700
1281.707833
1282.727333
1283.581033
1283.590000
1284.024167
1285.551300
1286.309233
1286.615867
1286.954200
1289.069600
1289.614633
1290.434033
1291.277767
1291.378467
1291.900300
1292.168700
1292.859967
1292.903100
1293.295833
1293.435400
1293.836500
1294.947167
1295.945767
1296.241600
1298.686267
1298.699533
1299.011100
1299.122533
1299.512733
1299.902533
1300.595100
1300.725333
1300.749033
1300.874833
1300.995933
1301.092033
1301.174600
1301.679400
1302.766600
1302.836867
1303.153300
1303.191100
1303.404700
1303.463767
1304.037100
1304.325600
1304.382233
1304.649567
1304.938167
1305.961567
1306.238733
1306.312133
1307.494300
1309.074733
1309.534867
1309.621933
1309.922333
1309.999400
1310.318567
1310.523533
1311.503267
1311.531567
1311.581667
1311.693367
1311.852400
1312.016600
1313.232867
1313.730900
1313.813567
