0.718300
2.616267
5.359500
5.752733
6.302233
6.398333
6.682367
6.724467
6.798067
6.841533
6.900467
7.405567
8.578033
8.825000
9.356100
9.417733
9.680433
9.737100
10.570300
10.632500
10.704433
10.755567
11.121633
11.268533
11.315033
11.426233
11.473067
11.577467
11.746933
11.928167
12.001867
12.217400
12.319967
12.367333
12.403233
12.452933
12.490033
12.518433
12.769767
12.835567
12.904033
13.075233
13.413033
13.481667
13.519400
13.582233
13.600267
13.626267
13.674767
13.789133
13.817067
13.852233
14.023133
14.979800
15.146267
15.208567
15.327667
15.410267
15.582633
15.713167
15.786300
15.822767
16.317833
16.375433
16.458233
16.541700
16.748767
17.301600
17.446800
17.514367
17.564600
17.600133
17.637200
17.668133
17.710300
17.757533
17.791833
17.848333
17.907633
18.429467
19.336833
19.380633
19.674767
19.741067
19.869433
20.686900
20.844000
21.246467
22.135500
22.230300
22.300900
22.364100
22.398033
22.922767
22.985433
23.074033
23.563100
23.606467
23.629000
23.966133
24.192633
24.417567
24.588733
24.627967
24.804933
24.860200
24.921633
24.971633
25.053900
25.641333
25.729367
25.766600
25.848967
25.877633
25.959433
26.125233
26.191867
26.214933
26.234500
26.273100
26.352800
26.472700
26.499767
26.528233
26.548833
26.590167
26.799133
26.834133
27.781967
28.258800
28.524800
28.810700
28.967867
29.049933
29.793700
29.828100
29.877000
29.945033
30.151833
30.179300
30.292233
30.473967
30.504967
30.569000
30.775200
31.362667
32.423833
33.016167
33.052267
33.628833
33.960900
34.286067
34.506300
34.531133
34.567667
34.707267
34.739467
34.821800
34.852933
34.972300
35.069433
35.157733
35.256367
35.347233
35.527833
35.601033
35.646767
35.737867
36.191133
36.224867
36.324800
36.378333
36.515400
36.786333
36.860600
36.898033
36.983600
37.010767
37.769100
37.979533
38.029700
38.817367
39.005533
39.578433
40.494100
41.194200
41.691767
42.292900
42.367433
44.283833
44.353933
44.436600
44.631233
44.695867
44.762867
45.854800
45.898133
46.025100
46.082700
46.929367
46.995233
47.067733
47.113400
47.479633
47.540967
47.673633
47.706700
47.749500
47.988233
48.073400
48.120767
48.181267
48.251700
48.345500
48.491900
48.626233
48.716067
48.829433
48.895700
48.978367
49.388133
50.094500
51.084667
51.177533
51.272267
51.314933
51.358800
51.519367
51.549233
51.576767
51.738500
51.947367
52.039900
52.361233
52.709267
52.875500
53.015167
53.251300
53.729800
53.944000
53.988400
54.159600
54.227767
54.265000
54.344200
54.427033
54.607067
54.940233
55.056800
55.170433
55.222367
55.312533
55.347867
55.417933
55.510800
55.620233
55.673600
55.754533
55.771500
55.853633
56.082700
56.103633
56.166800
56.210167
56.296867
56.410167
56.471900
56.510667
56.571700
56.623067
56.743067
56.978700
57.010067
57.044167
57.084400
57.220867
57.259700
57.290767
57.315933
57.358467
57.380100
57.511933
57.558033
57.583567
57.651033
57.820533
57.870300
57.928000
58.035767
58.121100
58.139400
58.254467
58.354300
58.405767
58.526733
58.614133
59.217367
59.272767
59.437600
59.526467
59.563033
59.613667
59.669900
59.806433
59.861667
60.264433
60.286800
60.313600
60.359300
60.386900
60.476300
63.802067
63.889733
63.985067
64.015567
64.305833
64.375100
64.412433
64.475367
64.532400
64.576967
65.548333
65.580533
65.628367
65.751700
65.802100
65.827267
65.858200
65.900467
65.926800
65.997133
66.009533
66.097700
66.159500
66.494900
67.426233
67.631867
68.267533
68.396467
68.526200
70.598600
70.664767
70.745067
70.794300
70.846467
70.903867
71.012933
71.289733
71.429233
72.588000
73.996367
74.133300
74.218633
74.245867
74.276833
74.555300
74.576100
75.005033
75.044067
75.123233
75.491567
75.574700
75.921667
75.975600
76.681233
77.492733
77.582867
77.893667
77.927467
78.030133
78.208233
78.695533
79.026700
79.092467
79.191700
79.233400
79.270733
79.589233
79.615900
79.643633
79.719733
79.835367
79.949467
80.057800
80.194033
80.252533
80.358833
80.407700
80.627867
80.792267
81.169200
81.248467
81.297767
81.341733
81.434167
81.490933
82.062067
82.436333
82.790800
82.917067
82.963067
83.023733
83.094867
83.597600
84.002533
84.249700
84.299700
84.361733
84.442200
84.633900
84.801067
84.865700
85.005833
85.034633
85.468800
85.593633
85.680867
85.831800
85.904733
86.192333
86.415600
86.497133
86.646367
86.930900
87.016600
87.136700
87.664433
87.719900
87.766033
87.837567
87.987367
88.081033
88.113033
88.166067
88.255600
88.322300
88.436967
88.484900
88.584267
88.724433
88.907733
89.093133
89.134500
89.293667
89.382367
89.439967
89.570833
89.836967
90.022800
90.083733
90.189200
90.729867
90.787133
90.913467
91.034500
91.135600
91.218467
91.656500
91.747267
91.823967
91.874933
92.059833
92.133800
92.260200
92.306433
92.339700
92.579200
92.650033
92.677800
92.711100
92.741733
92.767667
92.804600
92.817100
92.890533
92.944233
93.046267
93.083800
93.125633
93.256500
93.337767
93.482033
93.563867
93.807900
93.852667
93.874800
93.900433
93.918533
93.941933
93.993833
94.071133
94.115633
94.133933
94.170667
94.204400
94.260933
94.299200
94.367567
94.430167
94.482367
94.546833
94.572800
94.696200
94.721300
94.900500
94.958267
94.986333
95.009233
95.101700
95.236533
95.296833
95.378000
95.670733
95.693733
95.830633
96.067033
96.289133
96.324867
96.373667
96.398933
96.649067
96.757100
97.124400
97.224033
97.270000
97.431033
98.367600
98.408633
98.565833
98.606400
98.694333
98.741933
98.779033
98.838900
98.961800
99.055967
99.156833
99.226467
99.590933
99.644833
99.789600
99.824167
99.901067
99.923333
99.943067
100.012800
100.096933
100.125933
100.243033
100.340333
100.361800
100.401967
100.448167
100.543100
100.752900
100.822967
101.014633
102.300067
102.385300
102.772167
102.879033
102.929467
103.009367
103.139333
103.349100
103.475133
103.592467
103.720267
103.762867
103.877000
104.057933
104.390167
104.945533
105.053233
105.124333
105.149500
105.189600
105.298333
105.371133
105.444033
105.520167
105.595967
105.938633
106.000400
106.125933
106.161333
106.203200
106.280267
106.337900
106.352200
106.391133
106.404367
106.416733
106.448800
106.456833
106.510333
106.870667
106.991900
107.201233
107.331867
107.608800
107.700467
108.624967
108.656467
108.763167
108.808033
109.709567
109.777500
110.228067
110.986333
111.037067
111.076900
111.128033
111.390067
111.442933
111.482767
111.583933
111.730767
111.785867
111.845033
112.590633
112.635333
112.950567
113.000133
113.049567
113.231633
113.459067
113.616833
113.992500
114.185533
115.457500
115.684867
116.082367
116.328000
116.853967
116.994367
117.234700
117.484733
117.621867
118.673433
119.058900
119.116267
119.265767
120.218133
120.252767
120.297400
120.335967
120.373733
120.400933
120.423833
120.547867
120.611900
120.764400
120.825200
120.901700
120.965167
121.036967
121.362100
121.923733
121.960700
122.039233
122.258733
122.847667
122.936700
123.234233
123.621533
124.245667
124.353267
124.531000
124.566567
124.779433
125.086600
125.147733
125.232433
125.472167
125.521800
125.719067
125.771833
125.810200
125.870667
125.917933
126.625867
126.662600
127.463900
127.741233
127.832300
127.888900
127.922600
128.028633
128.492133
128.782867
128.855600
129.181800
129.281633
129.376100
130.001833
130.082167
130.154767
130.848667
131.113000
131.198500
131.307700
131.351000
131.384533
131.454500
131.557467
131.620167
131.660033
131.698667
131.770800
132.082333
132.199767
132.935633
133.325800
133.436733
133.545667
133.620733
133.697167
133.765400
134.331433
134.530333
135.121333
135.181800
135.220600
135.362933
135.449000
135.747100
135.771867
135.826167
135.859000
136.668000
136.721833
136.761733
136.863633
137.731500
137.784833
138.107333
138.202800
138.244500
138.374700
138.447033
138.692100
138.811133
139.077100
139.140633
139.229667
139.712733
139.766467
140.141500
140.345033
140.908300
140.948833
141.024333
142.357333
142.543600
142.776467
142.845833
143.034167
143.120700
143.157167
143.418533
143.943767
144.604633
144.832767
145.045400
145.632100
145.660100
145.692533
146.587067
146.688533
146.870267
146.980800
147.028767
147.090400
147.148467
147.196633
147.223400
147.267267
147.298333
147.442500
147.592733
147.654733
147.688933
147.816100
147.849500
147.954767
147.992933
148.022767
148.057967
148.077500
148.127400
148.153933
148.268133
148.317500
148.398867
149.404567
149.703267
150.104233
150.778233
150.958733
151.239900
151.275900
151.311933
151.340500
151.428500
151.458900
151.613900
151.656467
151.702533
151.944967
152.062667
152.251733
152.322300
152.347200
152.379433
152.643967
154.753233
158.202767
158.296167
158.346933
159.036933
159.286300
159.395567
159.456967
159.628833
159.791867
159.914200
160.399900
160.490533
160.514067
160.535333
160.653500
160.705000
160.814400
161.661167
161.887467
161.956667
161.985367
162.013500
162.139367
162.349300
162.419467
162.465233
162.648533
162.857067
163.537800
163.609533
163.830333
164.222500
164.263500
164.364900
164.435667
164.488567
165.341700
165.499000
166.718133
166.751100
166.790800
166.820300
166.863900
166.966067
167.026000
167.065933
167.087633
167.136733
167.171100
167.188733
167.212267
167.334033
167.791267
167.836733
167.903367
168.255700
168.293833
168.382100
169.030800
169.087767
169.302067
169.341133
169.418400
169.758867
169.806000
169.900900
170.011067
170.056667
170.151567
170.618633
170.784967
170.945867
171.039067
171.101567
171.139567
171.374067
171.922767
172.970333
174.305433
174.373167
174.453800
174.558367
174.809100
175.005133
175.520067
175.708767
175.777333
175.865933
175.921233
176.249333
176.405800
176.449233
176.531333
176.716700
176.979967
177.308400
177.347900
177.379900
177.395500
177.418867
177.424800
177.445033
177.475467
177.505833
177.523100
177.538200
177.556533
177.604933
177.616600
177.701033
178.343367
178.504300
178.758800
178.848700
179.266833
179.920967
180.041233
180.545600
180.682433
181.419333
181.461067
181.697800
182.022800
182.205133
182.385700
182.466167
182.578100
182.673300
182.709233
182.742433
182.787700
182.831300
182.877433
183.045467
183.214100
183.245600
183.284700
183.524400
183.576667
183.763367
183.799667
183.843633
183.942600
184.009967
184.052200
184.122933
184.443533
184.681033
184.766267
184.839533
184.983267
185.022367
185.047300
185.132233
185.185600
185.268167
185.298967
185.321633
185.352033
185.389167
185.428000
185.492567
185.575633
185.655467
185.752433
185.788733
185.823833
185.882867
186.018100
186.054833
186.096267
186.140700
186.180000
186.234500
186.304533
186.407967
186.551200
186.730533
187.810333
188.044833
188.067667
188.120133
188.524767
188.618200
188.733667
189.202967
189.260900
189.399433
189.468733
192.277933
192.657567
194.056833
194.129667
194.168833
194.325867
194.559233
195.276233
195.683033
195.749100
195.768867
195.897200
195.987233
196.031600
196.080600
196.143733
196.260767
196.453933
196.863200
196.891900
196.933933
196.972900
197.217533
197.443433
197.879267
197.943000
198.144267
198.789167
199.107900
199.350567
201.285600
201.406333
201.506633
201.812933
201.852100
201.892133
201.930567
201.958767
201.992500
202.156100
202.189267
202.335400
202.381533
202.559500
202.873233
202.945767
202.986133
203.025700
203.074767
203.208133
203.267933
203.433333
203.576867
203.670433
203.702100
203.725067
203.755200
203.780333
204.169933
204.273500
204.301233
204.335100
204.544433
204.623267
204.814300
204.850133
205.187567
205.205667
205.239933
205.282800
205.310400
205.314133
205.389733
205.421300
206.582467
206.956267
207.089600
207.124233
207.230867
208.343067
208.730267
210.188800
210.289033
210.318533
210.352800
210.370133
210.449400
210.518800
210.631667
210.716200
210.756700
210.788300
210.956667
211.103600
211.194167
211.385200
211.464533
212.036600
212.238200
212.329233
212.436600
212.514167
212.666900
212.719533
212.735533
212.748733
212.780700
212.840467
212.926333
213.411800
213.774033
213.826900
213.898600
214.027667
214.206067
214.519500
214.594600
214.766667
215.150500
215.330267
216.760267
216.830467
216.926867
217.046100
217.092867
217.193633
217.374433
217.451067
217.827500
218.270333
218.417067
218.554733
218.598200
218.770600
218.828767
218.894633
218.929867
218.965300
219.003133
219.029600
219.773900
219.925233
219.982633
220.242567
220.314167
220.590300
220.625000
220.677967
220.926533
221.144333
221.190233
221.233800
221.590733
221.731067
221.932733
222.134533
222.250067
222.489500
222.525833
222.625767
222.719400
222.801567
222.851800
223.042233
223.238267
223.464033
223.526133
223.563667
223.609700
223.650000
223.738400
224.009400
224.572033
224.616100
224.651233
224.706400
224.827567
225.463633
226.050133
226.411967
226.654467
226.700933
226.788567
227.622433
227.667000
227.969467
228.096433
228.860700
229.130333
229.855433
230.315267
230.996467
231.153733
231.718633
231.785100
231.834000
231.867000
231.920033
231.953633
232.085533
232.111133
232.131533
232.175633
232.206100
232.324633
232.364033
232.440300
232.553133
233.007833
233.057467
233.113333
233.561300
233.867967
234.011367
234.058967
234.109800
234.143867
234.496433
235.481600
235.524067
235.686567
235.774900
236.048233
236.236600
236.266933
236.363767
236.435400
236.497633
236.525300
236.640233
236.700700
236.715567
236.738967
236.761900
236.847100
236.993300
237.037033
237.231933
237.261433
237.420667
237.465067
237.720133
237.874800
238.222967
238.313400
238.457600
238.777800
239.333133
239.439800
239.789200
239.973600
240.025933
240.180700
240.208333
240.257500
240.311100
240.342833
240.375100
240.607900
240.911300
241.089800
241.130833
241.164667
241.203600
241.256767
241.345133
241.639167
241.682567
241.776867
241.853267
242.425000
242.496033
242.545533
242.549433
242.832767
243.009800
243.131167
243.164133
243.213000
243.338200
243.376567
243.513833
243.787767
243.979000
244.330100
244.374500
244.423867
244.518367
244.806733
244.841967
244.924267
246.785200
247.107800
247.147633
247.197100
247.249767
247.990933
248.030633
248.142700
248.178367
248.219533
248.258067
248.335933
248.422200
248.516533
248.606500
248.735100
248.756033
248.794900
248.855400
248.881467
249.033833
249.067767
249.205133
249.235667
249.296967
249.324633
249.447033
249.495367
249.712433
249.773167
249.861400
249.987300
250.030933
250.110833
250.134300
250.183200
250.206567
250.250033
250.379633
250.397100
250.422400
250.453500
250.489367
250.679267
250.760233
250.962167
250.994600
251.111967
251.155633
251.333267
251.375567
251.492733
252.005000
252.647000
252.745600
253.430833
253.833133
255.116600
255.225200
255.232633
255.337133
255.416433
255.744000
256.135033
257.759267
257.815100
257.875100
258.075067
258.142400
259.116267
259.202000
259.486033
259.534033
259.587400
259.652900
259.691767
259.759733
259.844533
259.881633
259.964667
259.995600
260.074433
260.091633
260.121533
260.176633
260.209567
260.352933
260.423533
260.558100
260.589900
260.639700
260.723633
261.021333
261.138300
261.183133
261.320833
261.361567
261.403500
261.442367
261.481433
261.570967
261.600600
261.642600
261.812967
261.862167
261.942933
262.156733
262.359367
262.521800
262.657367
262.740100
263.064600
263.713900
263.784900
263.980133
264.084333
264.138800
264.189667
264.676667
264.716867
264.760633
264.852200
264.990800
265.229367
265.347667
265.455467
265.837800
265.882133
267.038567
267.155033
267.981100
268.548633
269.007567
269.610533
269.653467
269.683533
269.764100
269.944767
270.002267
270.084700
270.145700
270.223567
270.301733
270.391867
270.476467
272.501033
272.588733
274.328767
274.428533
274.816767
274.865600
274.926267
275.814700
275.900700
276.713000
277.295533
277.350833
278.374033
278.419833
278.560700
278.866567
278.921100
278.970167
279.157833
279.284733
280.187367
280.253767
280.389400
280.403600
280.412067
280.671267
280.777633
280.823300
281.071833
281.181567
281.325267
281.410800
281.433933
281.504867
281.553800
281.624867
281.854200
281.927567
281.981500
282.020067
282.035067
282.073067
282.101800
282.125833
282.149700
282.194167
282.248067
282.333933
282.377067
282.461267
282.491400
282.527700
282.548433
282.608767
282.672433
282.690967
282.774700
282.840333
282.950533
282.968433
282.990867
283.017700
283.044867
283.130267
283.225300
283.621300
283.676133
283.839333
283.990167
284.081433
284.106167
284.125067
284.172733
284.307967
284.747500
284.784700
284.850933
285.178100
285.255967
285.306100
285.351100
285.401200
285.491000
285.544233
285.568833
285.600333
286.013000
286.370933
286.428167
286.468833
286.641967
286.730367
286.765567
286.820700
286.898600
286.921300
287.017500
287.060033
287.102833
287.178967
287.201200
287.225700
287.349700
287.402567
287.501033
287.544733
287.565300
288.038233
288.900400
288.944600
289.002433
289.071400
289.467667
289.524500
289.575000
289.647100
289.702133
289.828267
289.925900
289.944167
290.186200
290.217333
290.278300
290.299633
290.331667
290.495300
290.527467
290.560100
290.580600
291.070733
291.375233
291.418267
291.434467
291.472000
291.568300
291.646600
291.664233
291.697200
291.941167
292.118000
292.268633
292.527333
292.760633
292.833400
292.872033
292.904067
293.016733
293.258567
293.752367
294.009100
294.061100
294.123233
294.225533
294.317733
294.366500
294.397733
294.463033
294.487600
294.600633
294.652833
294.688567
294.721900
294.790600
294.817067
294.947233
295.111367
295.139800
295.161567
295.182400
295.314933
295.490867
296.031800
296.254467
296.301867
296.331600
296.362233
296.442267
296.501800
296.554633
296.642367
296.750100
296.793867
296.849333
296.885800
297.081467
297.111000
297.162067
297.576100
297.858400
298.030267
298.459933
299.509733
299.740733
299.779133
299.806100
299.837667
299.897700
299.971367
300.326467
300.416133
300.523833
300.559500
301.009867
302.386800
302.682600
302.761000
303.175500
303.456967
303.542400
303.666033
303.735433
304.846633
304.888833
304.943000
305.112800
305.168467
305.488833
305.619133
305.871267
305.927500
305.980167
306.299500
306.368733
306.477467
306.577200
306.922800
307.177100
308.526600
308.574467
308.795900
308.884667
309.391933
309.595333
310.531400
311.568067
312.103233
312.330833
312.496967
312.556733
312.630033
312.661267
312.690300
312.794267
312.842100
312.898667
312.962900
313.060933
313.179467
313.236067
313.268400
313.297000
313.312867
313.544200
313.606800
313.772200
313.873900
313.923700
314.145600
314.817233
314.894367
315.077333
315.296833
315.349100
315.388033
315.457600
315.699333
315.745000
315.835500
316.043767
316.142933
316.227467
316.315233
316.457067
316.814500
316.852600
316.890700
317.079467
317.272467
317.313833
317.480733
317.523133
317.574867
317.655300
317.700700
317.907733
318.273767
318.664100
318.704100
319.024300
319.097033
319.177367
319.315500
319.556967
319.727500
319.772233
319.861200
319.993000
320.179567
320.417400
320.596167
320.647067
320.686833
320.736200
320.795333
321.068967
321.876500
321.883667
321.933500
321.971933
322.046833
322.150233
322.491933
322.638533
322.897533
323.099967
323.260467
323.460100
323.491867
323.602867
323.647367
323.686567
323.741533
323.768133
323.815600
323.840900
323.897433
323.933700
324.055367
324.085500
324.173033
324.259867
324.383167
324.415600
324.553333
324.617900
324.673733
324.859700
324.909367
324.987167
325.024767
325.077333
325.154400
325.205700
325.266267
325.364000
325.687767
325.772500
325.818233
325.892500
326.040200
326.306133
326.793500
326.840567
326.957433
327.079367
327.100767
327.133367
327.157067
327.237633
327.272200
327.281300
327.296467
327.326200
327.365000
327.373167
327.447800
328.178867
328.776200
328.872767
328.923533
328.987633
329.096800
329.195100
329.262467
329.294533
329.436800
329.974900
330.006200
330.116400
330.167367
330.218467
330.313367
330.709033
331.316567
331.368633
331.640267
332.431167
332.472233
332.617467
332.815867
332.988767
333.038167
333.112033
333.142900
333.188933
333.213133
333.231433
333.268367
333.289633
333.316567
333.328833
333.360633
333.742300
333.810100
333.908433
333.992600
334.046300
334.106567
334.146067
334.301967
334.356267
334.520367
334.635333
334.961200
335.220567
335.291833
335.354700
335.400100
335.542733
336.022833
336.276567
336.443967
336.491033
336.608833
336.654700
336.682233
337.014067
337.086367
337.161000
337.230800
337.284033
337.340933
337.364667
337.437367
337.485567
337.526900
337.812033
337.932900
338.019500
338.053200
338.115400
338.227167
338.415800
338.483033
338.507933
338.548400
338.580767
338.619700
338.660500
338.707267
339.157700
339.178200
339.199233
339.215833
339.222733
339.290233
339.308833
339.426867
339.560067
339.676767
339.760400
339.848367
340.017200
340.063667
340.303800
340.322767
340.435167
341.357033
341.378467
341.408933
341.560700
341.622667
341.733567
341.895767
342.347567
342.412233
342.454200
342.505333
343.072800
346.453733
346.598767
346.737333
346.885133
346.994533
347.761133
347.868767
348.371700
349.523167
349.676033
349.813333
349.972100
350.219433
350.267067
350.362400
350.489033
350.533867
350.581767
350.835067
350.885133
351.037467
351.079900
351.119100
351.231167
351.272167
351.397033
351.544700
351.578300
351.594467
351.635867
351.646133
351.928100
351.984400
352.417633
352.529933
352.795167
352.851267
352.894367
352.967033
353.179200
353.261000
353.934900
354.029333
354.185133
354.278967
354.617500
356.007633
356.944967
357.394933
357.472567
357.988267
358.116500
358.154700
358.203067
358.346467
358.437800
359.233667
359.307867
359.353400
359.484767
359.553700
359.709967
359.776267
360.170467
360.919167
361.090433
361.311500
361.358933
361.467600
361.577733
361.985100
362.061467
362.111800
362.355767
362.440033
362.545500
362.576600
362.607867
362.638000
362.781000
362.830700
362.841067
362.972333
363.274733
363.308000
363.425967
363.514133
364.241333
364.301433
364.399833
364.568933
364.661333
364.730733
364.817000
365.167900
365.204467
365.237700
365.332500
365.368267
365.467333
365.509900
365.545733
365.633367
365.695933
365.713467
365.721467
365.738233
365.774400
365.815867
365.831233
365.870767
366.006400
366.120500
366.149133
366.238300
366.261800
366.279233
366.296300
366.350267
366.401867
366.480133
366.647100
366.823533
366.870000
366.894767
366.908000
366.941233
366.950267
366.992700
367.049533
367.078500
367.136700
367.187533
367.199167
367.228133
367.351867
367.387600
367.440633
367.454933
367.480700
367.553133
368.170733
368.320567
368.531233
368.720700
368.755667
368.810167
369.250533
369.386267
369.485533
369.539600
369.618967
370.022467
370.367600
370.621567
370.857433
370.997433
371.065867
371.124900
371.159133
371.220567
371.264000
371.312033
371.456700
371.647333
371.789067
371.904433
371.940600
372.077967
372.156533
372.219767
372.287567
372.368633
372.544567
372.574367
372.678567
372.826067
373.128633
373.225833
373.406067
373.439300
373.469333
373.598033
373.619667
373.641333
373.680667
373.697167
373.818300
374.156700
374.302500
374.424500
374.555700
374.595667
374.643533
374.796000
375.126667
375.173800
376.237400
376.269767
376.312900
376.352767
376.405200
376.466700
376.685100
376.760533
376.785933
376.808300
376.996067
377.042400
377.107200
377.224833
377.422733
377.516267
377.585333
377.759833
378.193333
378.235567
378.270967
378.352667
378.480267
378.983933
379.107133
379.329933
379.476300
379.624833
380.207000
380.496933
380.690867
380.727400
380.752933
380.845033
380.877433
380.917900
380.949967
381.023767
381.208700
381.249667
381.293567
381.361900
381.518767
381.574067
382.311600
382.424500
382.455333
382.506367
382.529133
382.584400
382.606867
383.075733
383.121833
383.243367
383.350567
383.449200
383.508800
383.576567
383.606800
383.636733
384.154467
384.186833
384.221500
384.285233
384.403833
384.609733
384.883233
385.133000
385.193533
385.246300
385.383533
385.696133
385.746933
385.816033
385.861367
386.102900
386.267733
386.337733
386.493800
386.604033
386.758167
386.839100
386.895567
386.908333
386.984700
388.536633
388.593233
388.623533
388.859200
388.937500
388.970467
389.272700
389.536600
389.626600
389.660233
389.719067
389.796300
389.829900
389.886200
389.957667
390.037700
390.103867
390.324833
390.362133
390.609000
390.641800
390.737233
390.789100
390.836900
391.319133
391.397400
391.479233
391.501200
391.525933
391.743733
391.782967
392.097900
392.503200
393.323933
393.502400
394.075600
394.143233
394.365400
395.257900
395.476900
395.522133
395.555133
395.603767
395.721233
395.962233
396.033033
396.060533
396.141333
396.176167
396.549767
396.689733
396.906367
396.984533
397.430467
397.668867
397.765000
398.206800
398.316967
398.373933
398.461900
398.504567
398.555967
398.708000
399.306300
399.330133
399.370333
399.470833
399.521533
399.548100
399.605400
399.829900
399.883933
400.038467
400.134933
400.218633
400.284167
400.414367
400.551433
401.078567
402.342733
402.670867
402.785867
402.877933
402.965067
403.188067
403.322800
403.361600
403.419733
403.592700
403.685200
403.868400
403.973200
404.002333
404.089267
404.128200
404.178967
404.231333
404.258167
404.816833
405.000967
405.039067
405.170433
405.284700
405.577700
405.717067
405.757200
406.165267
406.235533
406.369567
406.597700
406.774833
407.023600
407.176667
407.318967
407.550667
407.629367
407.970533
408.090433
408.169100
408.228733
408.290233
408.675500
408.812000
408.886733
409.049967
409.233500
409.267600
409.420233
409.512100
409.559233
409.609367
409.823000
409.893967
409.951667
410.004433
410.119400
410.179267
410.347033
410.417567
410.445567
410.490767
410.549733
410.596800
410.627600
410.674333
410.703733
410.728467
410.771800
410.822567
411.136667
411.180333
411.528733
411.697167
411.851367
412.266133
412.397800
412.675467
412.981733
413.051633
413.103533
413.176200
413.255500
413.445567
413.551767
413.595233
413.645033
413.692133
413.725833
413.752733
413.822667
413.906333
414.021667
414.056133
414.095467
414.121567
414.162267
414.215267
414.324867
414.554933
414.597800
415.010567
415.077200
415.199500
415.299500
415.334700
415.418400
415.502633
415.580967
415.623833
415.840900
415.994600
416.015600
416.059767
416.114367
416.980100
417.001967
417.021400
417.029633
417.044667
417.075400
417.107200
417.123467
417.149100
417.213433
417.232167
417.273867
417.303567
417.374367
417.399467
417.448667
417.939233
418.090700
418.112233
418.209200
418.240833
418.281500
418.362533
419.016800
419.061467
419.143900
419.516900
419.616800
419.672567
419.743600
420.299133
420.351833
420.397000
420.707033
420.780433
420.823700
421.256433
421.293633
421.350933
421.520433
421.600367
421.711733
421.891067
421.927367
422.085833
422.214200
422.769400
422.890333
423.068867
423.888767
423.975567
424.055333
424.086200
424.136833
424.229967
424.377000
424.426400
424.583733
424.619767
424.655633
424.703967
424.797867
425.045367
425.093333
425.138333
425.199433
425.326467
425.480400
425.577867
425.592733
425.653733
426.111600
426.292833
426.614633
426.666633
427.245300
427.347333
427.594433
427.634200
427.713767
427.871567
427.887033
427.903933
427.928433
427.955533
428.015567
428.118533
428.146333
428.172100
428.334667
428.375033
428.417767
428.492800
428.568000
428.589600
428.638767
428.679900
428.769133
428.822000
429.504667
429.528033
429.570600
429.753700
429.888367
430.042333
430.240267
430.330533
430.387100
430.474567
430.618800
430.675533
430.760933
430.911367
430.956133
430.999800
431.035433
431.091367
431.759100
431.987533
432.176100
432.285467
432.335833
432.444267
432.581700
432.670367
432.854167
432.958200
432.994633
433.012667
433.248033
433.465033
433.958833
433.985167
434.042233
434.078367
434.109533
434.145067
434.184467
434.211500
434.427000
435.033800
435.196300
435.238100
435.334533
435.375367
435.396300
435.719633
435.839200
435.977467
436.045700
436.239433
436.296967
436.338167
436.386033
436.435733
436.787600
436.922133
437.026600
437.052833
437.127100
437.156100
437.207267
437.247600
437.312833
437.412833
437.456900
438.164567
438.680667
438.711800
438.859933
439.097267
439.423567
439.849700
439.943033
439.985100
440.034700
440.266300
440.467733
440.524133
441.087967
441.143067
441.196000
441.239167
441.330667
441.600800
441.657933
441.717633
441.782833
441.821500
441.937633
442.088400
442.183367
442.306100
442.394300
442.570767
442.621800
442.836133
442.945367
442.984733
443.021400
443.051733
443.211767
443.298900
443.344033
443.413500
443.455900
443.484967
443.507967
443.574167
443.679200
443.725533
443.925300
444.132633
444.217900
444.284667
444.620833
444.655667
444.696467
444.716867
444.951967
445.253233
445.281167
445.299133
445.321367
445.349033
445.619567
445.745067
445.942833
445.981000
446.001267
446.019867
446.030800
446.360767
446.374300
446.390700
446.461867
446.486100
446.621867
446.785700
446.885300
446.957600
447.016667
453.248133
455.177000
455.358500
457.283167
457.328400
457.393333
458.388100
458.613767
458.685933
458.773433
458.827100
458.874233
458.898233
458.998433
459.029833
459.060133
459.082967
459.120900
459.157267
459.268367
459.309600
459.368267
459.468667
459.705667
459.863367
459.919033
459.985033
460.665733
460.757400
460.802033
461.140933
461.278200
461.329300
461.603000
461.763767
462.640433
462.762067
462.873700
463.368900
463.905500
464.015767
464.256800
464.705200
464.908267
464.941967
464.975700
465.157867
465.586900
465.703067
465.781533
465.818267
465.831333
465.858333
465.882600
465.899967
465.991933
466.425033
466.739300
466.893367
466.977933
467.049667
467.077267
467.091267
467.098533
467.153833
467.170500
467.180100
467.311967
467.425400
467.730833
467.881567
469.002067
469.088833
469.873133
469.928400
469.968767
470.063167
470.580933
470.951067
470.997367
471.205600
471.310800
471.335200
471.446367
471.573633
471.797533
471.994400
472.098700
472.135500
472.682033
472.820867
472.879967
473.523700
473.604000
473.779333
474.544600
474.686067
474.730433
474.850700
474.970067
475.648800
475.969267
476.103033
476.176433
476.262167
476.286167
476.309500
476.339300
476.373700
476.404133
476.486933
476.557933
476.601700
476.629633
476.639667
476.895100
477.422267
477.523233
477.952467
477.988133
478.285133
478.395467
478.445367
478.513800
478.664033
479.600833
479.636100
479.821200
479.884433
479.907367
479.930833
479.997667
480.033733
480.119800
480.147000
480.162333
480.196167
480.225133
480.253867
480.288700
480.349467
480.414567
480.497333
480.526467
480.621533
480.679033
480.719667
480.751733
480.781200
481.050833
481.130633
481.431067
482.248467
482.316667
482.493100
482.604900
482.727433
482.830633
482.893800
482.953600
482.994067
483.013967
483.048067
483.084100
483.224200
483.252633
483.291000
483.377467
483.424500
483.513300
483.587300
483.618000
483.650767
483.704733
484.014100
484.260067
485.353900
485.733433
485.845333
485.887600
486.057500
486.240333
486.441167
486.487833
486.517867
486.565067
486.594633
486.729767
486.841700
486.888533
487.122667
487.526567
487.662967
487.746400
487.789000
487.838200
487.878167
487.928867
488.012933
488.086333
488.227667
488.307300
488.398667
488.547500
488.803767
488.843667
488.885367
488.936167
489.101700
489.763367
489.879833
490.378100
490.582633
490.661833
490.745300
490.878667
490.980667
491.032167
491.087200
491.181067
491.425700
491.509533
491.739467
491.987533
492.052733
492.222600
492.398467
492.635133
492.698433
492.740067
492.785967
492.960867
493.542000
493.616600
493.696633
493.930533
493.982067
494.668567
495.527400
495.607833
495.829267
495.878067
495.965867
496.154500
497.160167
497.588867
497.763433
497.926733
498.180067
498.228733
498.553267
498.593933
498.620933
498.881333
499.542733
499.777133
500.202233
500.241833
500.283600
500.396767
500.435133
500.633733
501.112800
501.200900
501.430100
502.584600
502.619867
502.661300
502.812833
502.848867
503.076267
503.084733
503.112633
503.219000
503.366833
503.400067
503.525800
503.601467
503.678400
503.742433
503.767000
503.942567
504.109300
504.153067
504.215167
505.148867
505.227900
505.775767
505.840767
506.006767
506.120333
506.153700
506.198033
506.315267
506.356100
506.463967
506.517400
506.603300
506.684367
507.653467
507.696767
507.772633
507.814400
507.838000
507.989367
508.085133
508.167633
508.521700
508.817767
508.872333
508.913200
509.129833
509.317733
509.415600
509.724200
510.749300
510.889667
510.916133
510.965767
511.264800
511.342700
511.400033
511.606533
511.925567
511.945667
512.008700
512.348533
512.840967
512.982933
513.115967
513.177167
513.196867
513.308000
513.498000
513.527400
513.611300
513.649533
513.964133
514.011933
514.046933
514.138267
515.050800
515.245167
515.289033
515.324833
515.328833
515.361367
515.363133
515.400533
515.460200
515.499033
515.566967
515.589733
515.610067
515.634000
515.721467
515.899600
515.973300
516.080667
516.111567
516.205633
516.994500
517.293067
517.555133
517.700567
519.763900
520.036633
520.073067
520.167067
520.291467
520.389467
520.421233
520.464533
520.943367
522.810933
522.933033
522.937667
523.224067
523.278933
523.397900
523.477733
523.620833
523.689000
523.739400
523.789167
523.827033
523.925500
523.957900
524.022633
524.052033
524.083900
524.243833
524.282633
524.381467
524.509600
524.692033
524.801467
524.835467
524.881433
524.954933
525.085700
525.160833
525.426600
525.478533
525.917767
526.093267
526.230633
526.647300
527.213433
527.250767
527.278867
527.567900
527.600433
527.738700
528.432267
528.478767
528.658833
528.805767
528.939133
529.067033
529.294300
529.398900
529.452667
529.527200
529.555133
529.599267
529.702933
529.847733
529.933833
530.553233
530.612333
530.828467
530.875233
530.930667
530.999967
531.066500
531.188467
531.212233
531.329900
532.134533
532.310933
533.207533
533.252033
533.372333
534.136067
534.352067
534.415933
534.747733
534.784267
534.848500
534.877733
534.917300
535.017000
535.324967
535.388700
535.425733
535.493533
535.569300
535.786767
535.823900
535.862967
535.893000
535.911400
535.946467
536.220667
536.630867
536.715033
536.895633
537.659933
537.771900
538.170533
538.443833
539.027967
539.582667
539.661167
539.837933
539.928033
540.036733
540.077667
540.146133
540.293867
540.328533
540.423167
540.452300
540.726833
540.795000
540.831167
540.905967
540.999067
541.469833
541.618933
541.844033
541.977700
542.648667
542.727500
542.831133
542.855833
543.044400
543.386367
543.467700
543.502733
543.873600
544.587033
544.684967
544.755900
545.022800
545.329933
545.374600
545.452333
546.536367
546.733200
548.598500
548.908667
549.089467
549.233567
549.694167
549.722333
550.489433
551.809633
551.842500
552.030633
552.303267
552.453167
552.634967
553.737333
554.150300
554.310367
554.386300
554.508300
554.870167
554.901567
555.491867
555.647700
556.695167
556.839600
556.894233
557.279200
557.515833
557.616400
557.680233
557.919533
557.957800
559.084600
559.260833
559.575033
559.748967
559.826400
560.090733
560.200633
561.244667
561.296200
561.328500
561.434767
561.517467
561.544900
561.650000
561.729733
561.992367
562.033700
562.067867
562.151000
562.179967
562.318867
563.241167
563.282567
563.297867
563.322267
563.337467
563.395900
563.426767
563.456333
563.484800
563.583767
563.645333
563.906800
564.170300
564.229033
565.079367
565.247300
565.365300
565.437333
565.755100
565.855667
565.951033
566.057533
566.200767
566.534267
566.807767
567.309300
567.409133
567.484033
567.802400
567.866533
568.116267
568.500967
569.689433
569.818567
570.241067
570.289933
570.445033
570.557833
570.643467
570.821200
570.869367
570.919800
571.092900
571.727233
571.883800
572.030600
572.155900
572.200767
572.228867
572.269467
572.350733
572.453367
572.506833
572.762733
573.405500
573.465500
574.071200
574.111633
574.251033
574.504967
574.600533
574.684900
574.842933
574.940067
575.043700
575.466267
576.200333
576.249833
576.332233
576.389000
576.535000
576.851400
576.912467
576.969933
577.031500
577.076600
577.699400
577.921800
578.374300
578.709500
578.781567
578.840467
578.927833
579.112667
579.401600
579.450733
579.612600
579.741300
579.852500
579.899767
579.940733
580.018067
580.293567
580.376800
580.505300
580.603500
580.644067
580.828500
580.921667
581.108000
581.224233
581.429867
581.506300
581.563567
581.703733
582.558833
582.644833
582.689600
582.721400
582.746833
582.777500
582.860067
582.945167
583.047467
583.084033
583.133800
583.257600
583.299233
583.381633
583.496133
583.656567
583.846533
584.131567
584.250500
584.331500
584.498467
584.542667
584.725000
584.771900
584.815867
584.882233
585.053433
585.182333
585.220700
585.238400
585.325733
585.356800
585.420333
585.574467
585.622033
585.663733
585.694833
585.749333
585.796367
585.850200
586.057933
586.383667
586.457300
586.556800
586.610133
586.663067
586.687100
586.714833
586.730367
586.752067
586.843633
586.883400
586.920567
586.943033
586.975833
587.021700
587.066400
587.205467
587.265700
587.357967
587.451733
587.891700
588.059467
588.153233
588.206500
588.461067
588.641033
588.774267
588.881967
588.972800
589.197567
589.224233
589.246567
589.377167
589.411833
589.613000
590.024133
590.342433
590.579000
591.385367
591.429367
591.473633
594.797200
594.863200
594.947367
595.952867
595.965400
596.040300
596.060900
596.117533
596.634500
596.749833
596.895400
597.782900
597.962133
598.206433
598.429100
598.565100
598.610567
598.756133
598.830967
599.024100
599.109567
599.140333
599.174767
599.194733
599.263700
599.536267
599.641800
599.881033
600.254367
600.308500
600.400233
600.685067
600.831100
601.057867
601.203767
601.740667
602.158000
602.266667
602.318833
602.448467
602.481100
602.570433
602.643167
602.904567
602.942433
602.973733
603.118967
603.166067
603.330433
604.122800
604.324367
604.558100
604.760567
604.798567
604.866500
605.647667
605.760867
605.932667
606.125033
606.282000
606.393333
606.500867
606.585733
606.686000
607.353400
607.390933
607.504833
607.556933
607.874733
608.523900
608.957167
609.266667
609.539500
609.605733
609.656800
609.706033
609.791233
610.547933
611.216967
611.292567
611.316433
611.458533
611.502467
611.584567
611.831900
611.905133
611.934233
611.983833
612.043867
612.098867
612.180300
612.486067
612.831067
612.867033
612.913600
612.952500
613.011433
613.142833
613.183333
613.232233
613.377967
613.580767
613.612400
613.774967
613.803833
613.872900
614.326300
614.406700
614.428233
614.470100
614.542300
614.743867
614.790733
614.835367
614.884733
614.941467
615.080200
615.137400
615.173833
615.211067
615.348567
615.409667
615.843967
615.876933
615.979367
616.008900
616.118267
616.263967
616.415367
616.900767
616.973833
617.069067
617.096800
617.175900
617.191767
617.337367
617.551467
617.690433
618.399833
618.549767
618.858233
618.910300
619.045467
619.130133
619.291400
619.330500
619.388900
619.497467
619.514533
619.638400
619.694533
619.816100
619.968600
620.110700
620.201433
620.236267
620.306667
620.343967
620.385167
620.421667
620.455867
620.656433
620.695367
620.727867
620.774667
620.816067
620.853000
620.856500
620.931800
620.974367
621.000933
621.044533
621.094933
621.126267
621.218900
621.275067
621.401467
621.443700
621.483367
621.511167
621.528167
621.615733
621.667967
621.750300
621.798033
621.857367
621.913667
621.982333
622.007333
622.021567
622.055667
622.113233
622.181167
622.290300
623.605867
623.871767
624.616500
624.865033
625.326500
625.488300
625.678267
625.757467
625.817433
625.926467
626.051167
626.188300
626.459500
626.657433
626.866833
626.937100
627.010200
627.223433
627.440700
627.540633
627.605767
627.635567
627.897100
627.959000
627.999567
628.125567
628.196667
628.399533
628.478767
628.569367
628.677267
628.796600
628.960600
629.039667
629.229133
629.265800
629.345133
629.387800
629.535367
629.974767
630.046500
630.095167
630.387733
630.451833
630.643467
630.735133
630.792467
630.840667
630.983933
631.021433
631.127400
631.926933
632.554800
632.601233
632.888033
632.932433
633.634133
634.479467
635.047067
635.143200
635.311233
635.558167
635.594033
635.681367
635.811000
636.378467
636.450167
636.658167
636.778567
636.837567
636.986867
637.769767
637.824367
637.845700
637.890567
638.020433
638.122700
638.153467
638.157800
638.172800
638.513200
638.580933
638.667833
638.768700
639.009800
639.071700
639.845267
639.889433
639.989867
640.042800
640.115967
640.204100
640.244067
640.281033
640.313800
640.473433
640.657967
640.860833
640.936133
641.136167
641.590067
641.959767
642.024600
642.040600
642.065233
642.087933
642.104000
642.232733
642.292367
642.343700
642.801767
643.906700
644.838700
644.920200
644.977033
645.117267
645.232200
645.260167
645.366433
645.583233
645.645800
645.950067
646.082633
646.122033
646.292167
646.342633
646.968200
646.996000
647.091633
647.265233
647.337033
647.390467
647.460533
647.497367
647.529233
649.759667
649.931867
650.154400
650.241867
650.353767
650.401433
650.468700
650.967567
651.035667
651.124933
651.169467
651.362833
651.449967
651.490800
651.539800
651.855733
651.896567
652.066433
652.153533
652.195767
652.253367
652.274233
652.307633
652.467400
652.538000
652.575233
652.623933
652.660733
652.708300
652.734667
652.774100
652.817100
653.057767
653.161967
653.294367
653.370667
653.488133
653.563833
653.600400
653.622467
653.671200
653.769667
653.827933
653.853633
653.909767
654.084300
654.162967
654.341767
654.367433
654.458700
654.541700
654.599533
654.652467
654.679300
654.713467
654.974900
655.047500
655.075933
655.489533
655.586333
655.636600
657.956067
658.111033
658.205100
658.265967
658.680267
659.556033
659.591167
659.610800
659.622933
659.639033
659.651300
659.675333
659.773600
659.819767
659.847633
659.895467
659.941433
660.722233
660.803567
660.865967
661.561667
661.686900
661.779467
662.414667
662.766467
663.277767
663.486433
663.600667
663.653800
664.010567
664.049233
664.109033
664.168000
664.585400
664.653167
664.744700
664.818433
664.870200
665.020833
665.070367
665.160967
665.855533
666.024933
666.325933
666.385300
666.716000
666.828967
667.221533
667.648833
667.774133
667.956667
668.045967
668.123300
668.195100
668.363767
668.505767
668.529700
669.554000
669.741600
669.773967
669.935400
670.005833
670.047767
670.138500
670.203567
670.319867
670.431567
670.654433
670.740933
670.841667
671.068700
671.536167
671.921367
671.964567
672.027100
672.105600
672.139967
672.222433
672.428300
672.506633
673.181900
673.518133
673.630867
673.721533
673.768633
673.830900
673.870633
674.221600
674.346733
674.417833
674.516567
674.693033
674.735333
674.817033
674.871600
674.955500
675.005500
675.119000
675.283467
675.434633
675.978867
676.163933
676.422433
676.510367
676.913333
677.122133
677.218467
677.252033
677.412233
677.459400
678.127833
678.383833
679.002433
679.700833
679.734200
679.867700
679.899633
679.953033
680.112867
680.192433
680.277067
680.327867
680.385133
680.456100
680.509467
680.755333
680.940633
681.201367
681.300767
681.406433
681.889100
681.919533
681.961533
682.068900
682.084800
682.112833
682.120500
682.171767
682.276167
682.297200
682.311333
682.332000
682.351733
682.493100
682.617133
682.655567
682.732833
682.758967
682.768367
682.818333
682.845167
682.872267
682.948100
682.973433
683.001367
683.024867
683.332667
683.525400
683.578467
683.702333
683.808100
683.889067
684.023700
684.058967
684.087333
684.125700
684.147833
684.163833
684.182800
684.203900
684.211033
684.297933
684.497700
684.525867
684.631800
684.952467
685.787567
686.163167
686.273400
686.618600
686.654533
686.869067
687.212267
687.262600
687.369533
687.418167
687.621967
687.756133
688.011900
688.395067
688.650000
688.792433
688.946767
689.093400
689.193100
689.470900
689.772000
689.819067
689.845767
689.930967
689.972300
690.154300
690.254533
690.309600
690.437933
690.791300
690.958200
691.017867
691.058333
691.110600
691.783800
692.180867
692.272500
692.321533
692.429100
692.989067
693.023000
693.190700
693.327667
693.413933
693.538600
693.807167
693.829900
693.870233
693.962033
694.004300
694.048400
694.157433
694.204533
694.236600
694.356467
694.556700
694.585133
694.633767
694.701767
694.790333
694.829100
694.876567
694.936967
695.956500
696.181967
696.232300
696.398233
696.446767
696.560800
696.994733
697.041267
697.081600
698.712233
699.107167
699.168733
699.461267
700.203300
700.250633
700.284167
700.379000
701.121333
701.219267
701.465633
702.567200
702.605067
702.861567
702.921833
703.242100
703.276100
703.339067
703.601967
704.038367
705.118500
705.405867
705.734700
705.787133
706.044100
706.107667
706.131467
706.161933
706.624500
706.848933
707.082567
707.369167
707.782367
707.881500
708.140633
708.257833
708.704567
708.935300
708.979900
709.116033
709.171167
709.315333
709.412767
709.473600
709.498967
709.551000
709.682933
709.732067
709.910600
709.948167
710.050567
710.068867
710.110067
710.172467
710.254767
710.343200
710.714300
710.798567
710.915633
711.027967
711.099700
711.237233
711.362700
711.401167
711.442767
711.470833
711.611967
711.737267
711.777867
711.824567
711.892567
711.920967
711.957633
711.999800
712.126967
712.859633
712.971233
713.008967
713.217767
713.392800
713.475267
713.537067
713.588400
713.767933
713.958467
714.117200
714.432467
714.717333
714.819267
714.863900
715.050467
715.087667
715.223267
715.305700
715.443200
715.486800
715.706267
715.908567
716.021300
716.075533
716.117800
716.140767
716.232200
716.253933
716.299767
716.966200
717.040833
717.184800
717.247800
717.353500
717.423467
717.548033
717.593700
717.729100
717.859833
717.898367
718.310967
719.759033
719.876733
720.083300
720.128633
720.152733
720.188967
720.224633
720.321033
720.366167
720.438167
720.536333
720.651000
721.392167
721.468633
721.619267
721.944833
722.074567
722.097700
722.785133
723.092467
723.409500
723.567933
723.608100
723.770633
723.802933
723.922433
723.992933
724.017933
724.127567
724.172800
724.243900
724.257467
724.389800
724.453933
724.810567
724.929500
725.121100
725.201933
725.657133
725.915133
726.194400
726.242800
726.334400
726.406867
726.667633
727.424733
727.732533
727.803167
728.298567
728.467767
729.411833
729.459367
729.793767
730.344300
730.488833
731.272767
731.462900
731.548967
731.621100
731.889067
732.104833
732.215200
732.582367
733.076767
733.189900
733.384133
733.751033
733.939967
734.006500
734.172900
734.239800
734.288533
734.320667
734.370800
734.408867
734.486000
734.708433
735.609633
735.690867
736.209933
736.319133
736.367400
736.627967
737.183567
737.441433
737.462867
737.467867
737.499867
737.594633
737.621533
737.676567
737.704933
737.744600
737.779200
737.888133
737.955767
738.072567
738.137767
738.169867
738.194433
738.261300
738.302100
738.333400
738.369533
738.551967
739.333367
739.461267
739.517333
739.580533
739.673267
739.721767
739.789267
739.869800
739.916033
739.957967
740.131200
740.262367
740.342367
740.421167
740.561067
740.599333
740.740033
740.928200
740.952167
741.036200
741.516600
741.628967
741.796967
742.944333
743.065167
743.228733
743.324500
743.416133
743.540333
743.946133
744.055167
744.097300
744.728033
744.808133
745.076733
745.150200
745.243767
745.299000
745.322400
745.378633
745.439367
745.567467
745.611867
745.742033
745.791333
745.821000
745.839600
745.867167
745.919200
746.072667
746.104333
746.229533
746.288733
746.364000
747.370633
747.448400
747.918533
748.075767
749.044933
749.148567
749.318167
750.207333
750.817700
750.884233
750.956500
751.373967
751.430100
751.465667
751.618133
751.693433
751.729667
751.749767
751.856833
751.946233
752.159700
752.365633
752.416800
752.490167
752.778467
752.826800
753.086333
753.682433
753.771967
753.882033
753.958900
754.146800
754.196900
754.312267
755.125667
755.675633
755.904333
756.385133
756.464867
756.505200
756.540267
756.780767
756.912900
756.959300
756.978033
757.032233
757.058467
757.098933
757.136467
757.260633
757.290133
757.466433
758.447067
758.508467
758.537700
758.577100
758.620767
758.632733
758.670933
758.751600
759.083900
759.418833
759.637200
759.684000
759.909133
760.024533
760.129967
760.249333
760.759133
761.353300
762.571400
762.643767
762.748333
762.853267
763.061367
763.115267
763.176833
763.238767
764.126067
764.207533
764.509933
764.629200
764.760567
765.064067
765.128333
765.256767
765.294800
765.794233
765.921167
766.068800
766.162567
766.224700
766.409767
766.528867
766.589967
766.629133
766.724967
766.749733
766.911967
766.961800
766.987500
767.091000
767.139667
767.370933
767.413900
767.473600
767.592267
767.698267
767.804767
767.814167
767.884800
768.509033
768.571533
769.155533
769.221967
769.388433
769.488733
769.632833
770.054833
770.276633
771.223033
771.300033
771.426100
771.458800
771.557700
771.588967
771.620500
771.832267
771.924700
771.997700
772.066367
772.124767
772.175133
772.250300
772.314000
772.404500
772.618033
773.472133
773.513900
773.581600
773.629100
773.916067
774.405067
774.571000
775.753133
775.899133
775.960400
775.997733
776.018700
776.100267
776.140733
776.171400
776.733900
778.152700
778.658800
778.875500
778.967600
779.062633
779.235900
779.414633
779.448633
779.478033
779.675167
779.990567
780.064467
780.172433
780.358200
780.431133
780.761633
780.796667
781.131500
781.240200
781.510767
782.016600
782.069833
782.216000
782.538867
782.597200
783.414567
783.500300
784.745767
785.015967
785.095900
785.470267
785.592333
785.639367
785.724800
785.787133
785.834767
785.897433
786.368300
786.505833
787.711500
787.865133
787.938733
788.115233
788.180333
788.375767
788.435333
788.559167
788.617967
788.708233
788.715700
788.858267
789.075767
789.449233
789.566833
789.678333
790.619200
790.684167
790.997267
791.069067
791.122767
791.187033
791.335767
791.373233
791.417000
791.495900
791.519833
791.533400
791.587467
791.685067
791.728233
791.760900
791.952700
792.299967
792.837533
792.898700
793.133800
793.182067
793.209100
793.252200
793.284833
793.374700
793.753400
794.855433
794.884933
794.919800
795.065767
795.115267
795.147433
795.227033
795.255400
795.318367
795.445100
795.468200
795.553667
795.678133
795.760933
795.839033
795.868067
795.928467
796.147467
796.258400
796.344600
796.432033
796.926967
797.092200
797.160167
797.234467
797.435500
797.607300
798.100833
798.116033
798.244900
798.317067
798.453800
798.518367
798.673767
798.801233
799.073267
799.135933
799.387467
799.492233
799.538433
799.632733
799.798067
799.840867
800.584433
800.770167
800.799200
801.436933
802.104900
802.222267
802.672733
803.350233
803.414633
803.605467
803.645533
803.680267
803.732300
804.033767
804.280000
804.323100
804.382367
804.428300
804.511600
804.567400
804.807700
805.602633
805.886233
805.923233
805.977533
806.962067
807.068333
807.108367
807.194733
807.230267
807.384567
808.927733
809.077567
809.181133
809.465933
809.493633
809.573900
809.691300
809.838467
810.654700
810.953100
810.994933
811.400933
811.997700
812.114733
812.399500
812.439333
812.623200
812.969233
813.539700
813.612167
813.726167
813.958133
814.225467
814.256700
814.327400
814.395433
814.433767
814.478700
814.515300
814.829133
814.860400
815.155900
815.206733
816.123833
816.147000
816.174700
816.206167
816.287400
816.313467
816.428667
816.462133
816.615133
816.659633
816.691400
816.740600
816.779100
816.876567
816.927867
817.467667
817.515233
817.611467
817.666900
817.985900
818.214233
818.265100
818.417667
818.657333
818.749800
818.956067
819.336933
819.464700
819.543733
819.611033
819.644700
819.674633
819.746133
819.849500
819.927300
819.972967
820.126867
821.430100
821.557433
821.600267
821.721067
822.827667
823.185300
823.507567
823.540067
823.648800
823.732000
823.841900
823.945567
823.993967
824.068400
824.135867
824.367433
824.462833
824.544867
824.954800
825.050067
825.099267
825.158967
825.713933
825.743967
825.774333
825.859600
826.002467
826.072467
826.142367
826.219367
826.268700
826.407400
826.896800
826.996667
827.246933
827.364167
827.631100
827.878700
827.996233
828.048800
828.092500
828.162900
828.205533
828.436000
828.479100
828.528200
828.578000
829.123067
829.291167
829.377400
829.549833
829.605400
829.706133
829.775067
830.485100
830.532867
830.582833
830.980733
831.268933
831.912000
831.971633
832.011333
832.038633
832.054133
832.084267
832.139267
832.353733
832.389800
832.511267
832.546100
832.571533
832.656600
832.705200
832.747900
832.767500
832.790000
832.853700
832.895367
832.914700
832.948033
832.981667
833.345900
833.602567
833.685200
833.721500
833.758967
833.801800
833.851267
833.878933
833.912200
833.936333
834.055433
834.212533
834.420133
834.663233
834.729233
835.063300
835.710300
836.152267
836.361433
836.629767
836.786033
837.083133
837.165467
837.348267
837.369100
837.468333
837.511067
837.546267
837.614333
837.670633
837.704467
837.731133
837.806400
838.404267
838.424400
838.448733
838.484967
838.495600
838.525667
838.550900
838.596967
838.613233
838.751267
838.831833
838.878833
838.897933
839.382800
839.454133
839.476333
839.552467
841.100467
841.218733
841.315367
841.387467
841.433133
841.459633
841.530600
841.824200
842.764500
842.936300
842.977633
843.324367
843.524300
844.390100
844.443967
844.962967
845.008200
845.323267
845.469300
845.580967
845.624133
845.822900
845.852133
845.912967
845.982600
846.081400
846.649900
846.700533
846.737933
846.816800
846.984300
847.101833
847.228267
848.345933
848.540467
848.609667
848.654233
848.686067
848.731767
848.775233
848.827967
849.413267
849.489800
849.786367
850.088667
851.215967
851.255400
851.314500
851.353767
851.429000
851.476733
851.507533
851.541400
851.599667
851.719900
851.967433
852.060367
852.156133
852.290900
852.391067
852.445167
852.575500
853.243267
853.319600
853.538067
853.720067
854.552700
854.586000
854.613833
854.645467
854.679567
854.723967
854.759400
854.785733
854.972367
855.185967
855.276733
855.408867
855.577133
855.622333
855.839833
855.867133
855.894367
855.942633
855.984733
856.142633
856.318833
856.371100
856.735233
856.904833
856.943000
856.985733
857.026300
857.246067
857.436267
857.656500
857.797033
857.846400
857.981167
858.046567
858.103933
858.597433
858.704567
858.908500
859.030967
859.088033
859.175133
859.298633
859.790267
860.660500
860.979167
861.035967
861.119767
861.233433
861.309500
861.392567
861.494500
861.526600
861.599167
861.682767
861.842033
861.912200
861.971100
862.051367
862.895100
863.081767
863.333267
863.359733
863.386700
863.413333
863.468267
863.584167
863.638467
863.821600
863.933967
863.969967
864.050633
864.092067
864.291833
864.897267
865.146467
865.231033
865.308033
865.375933
865.417200
865.605667
865.666867
865.729300
866.034400
866.102067
866.146567
866.434233
866.477100
866.528000
866.587000
866.669667
866.694800
866.761067
866.799300
866.834600
866.876500
866.890933
866.949100
867.018500
867.040933
867.070067
867.091100
867.115833
867.233267
867.399700
867.516500
867.563067
867.603767
867.624133
867.678033
867.737033
867.740200
867.756700
867.789467
867.828000
868.006933
868.065833
868.293833
868.485467
868.520633
868.570100
868.618067
868.732900
868.885833
868.918200
869.014067
869.057567
869.129733
869.167733
869.224400
869.264033
869.517400
870.567600
870.894167
871.262033
871.732533
871.936700
872.021800
872.857433
872.919400
873.015467
873.049833
873.188600
873.259567
873.313067
873.351433
873.444667
873.530000
874.197033
874.315733
874.350433
874.467667
874.548700
875.072967
875.098400
875.164833
875.173833
875.228133
875.266667
875.293500
875.362633
875.395033
875.515567
875.869567
875.912233
875.945833
876.043600
876.394767
876.519400
876.555867
876.638533
876.715933
876.784567
876.837033
876.945833
876.983600
877.025400
877.097300
877.361067
877.440500
877.478733
877.597567
877.620000
877.833333
878.118933
878.207600
878.252700
878.332100
878.421633
878.590600
879.175933
879.314433
879.822233
879.930600
880.057067
880.111433
880.282667
880.321567
880.490233
880.507100
880.514300
880.587700
880.642233
880.809100
880.888533
880.930467
880.966667
881.052733
881.079600
881.115167
881.199567
881.955300
882.048967
882.145833
882.276067
882.448467
882.560267
882.639933
882.750000
882.834533
882.859800
882.900500
882.940467
882.978100
883.144667
883.300233
883.326900
883.418000
883.477133
883.501600
883.545767
883.578833
883.602733
883.646833
884.020433
884.063467
884.604500
885.100933
885.135333
885.176800
886.292233
887.503967
887.707200
888.237800
888.540633
888.888333
888.965200
889.423667
889.468133
889.602633
889.670933
889.732133
889.781367
889.829900
889.863700
889.907200
890.549100
890.597333
890.761733
890.788933
890.885767
890.957500
891.000667
891.078433
891.245767
891.267200
891.386233
891.479900
891.625033
891.955133
892.036200
892.160033
892.342667
892.527200
892.566567
892.594867
892.634600
892.842133
892.967667
893.162400
893.226233
893.256767
893.507500
893.738867
893.795200
894.116300
895.154400
895.556600
895.574233
895.805633
895.886900
895.930467
896.047333
896.233367
896.310133
896.431967
896.444133
896.624600
896.697733
896.930200
897.118600
897.309367
897.634933
897.668600
897.732800
897.939167
897.989033
898.120900
898.411700
898.551700
898.595167
898.728900
898.882267
898.911333
899.097400
899.165800
899.217967
899.648267
899.693733
899.844000
900.119233
900.829967
900.913567
900.975733
901.029467
902.033433
902.331067
902.389400
904.041667
904.093267
904.171700
904.235400
904.268400
904.329867
904.448000
904.505167
904.526267
904.550133
904.608433
904.636333
904.687233
904.731867
905.023733
905.133267
905.210967
905.263700
905.438033
905.466767
905.497100
905.906067
906.494800
906.549467
907.094967
907.166033
907.244800
907.326733
907.453233
907.558800
907.723733
908.065600
908.618567
908.973367
909.070367
909.626100
909.692733
909.749667
909.898867
910.059100
910.144533
910.346367
910.516400
910.645333
910.690367
910.740733
910.796400
910.862667
910.884033
910.925567
911.009067
911.029667
911.051567
911.099833
911.169733
911.222000
911.236800
911.285433
911.310933
911.331833
911.355100
911.377233
911.395400
911.511500
911.547033
911.581233
911.650233
911.695567
911.768000
911.813467
911.916567
911.975700
912.193367
912.269367
912.324733
912.501433
912.538133
912.749033
913.498600
913.523867
913.548367
913.583567
913.630267
913.694933
914.393867
914.647467
915.358100
915.403133
915.500000
915.639267
915.667400
915.713400
915.774467
915.806500
915.827433
915.880567
916.370433
916.448033
917.107667
917.154600
917.283100
917.372567
917.418667
917.469100
917.613867
917.667900
918.000233
918.051600
918.098067
918.145200
918.254067
918.287633
918.599333
918.646433
918.672600
918.713967
918.800567
918.849333
919.120433
919.174200
919.380267
919.652867
920.041000
920.099600
920.160267
920.292267
920.444000
920.572833
920.776333
920.866400
920.902767
921.650033
921.777833
921.872000
921.943133
922.110000
922.179967
922.447400
922.621767
923.860533
924.341567
924.503233
924.740700
924.981667
925.202333
925.444967
925.627600
925.692867
926.012167
926.088700
926.206833
926.584533
927.013167
927.275333
927.898367
927.950267
928.072000
928.106333
928.159467
928.290233
928.330567
928.418133
928.699867
929.414733
929.450833
929.503533
929.540233
929.595667
929.637067
929.784433
929.833533
930.038267
930.404900
931.261167
931.352200
931.397767
931.473233
931.521433
931.934467
931.967733
932.013633
932.118667
932.137267
932.194033
932.257600
932.426267
932.546400
933.574567
933.660800
933.695333
935.238833
935.405267
935.502800
935.638433
935.697533
936.300500
936.515233
936.546833
936.646133
936.740367
936.935267
937.055033
937.137367
937.239933
937.296533
937.371333
937.476933
937.551900
937.603067
937.627167
937.795900
938.033700
938.192900
938.352767
938.415867
938.452167
938.480300
938.755233
939.327200
939.514000
940.152267
941.050767
941.436633
941.494900
941.874167
941.967333
942.124100
942.442500
942.691533
942.734767
942.784333
942.788600
943.184433
943.381600
943.442033
943.715033
943.777033
943.796800
943.849600
943.868067
943.897367
943.933567
944.080567
944.319033
944.461967
944.571667
944.642733
945.080367
945.234633
945.276533
945.337200
945.372400
945.416167
945.612933
945.770867
945.882500
945.940033
946.053200
946.357033
946.480233
947.103967
947.212467
947.320533
947.357933
947.592567
947.682233
947.788400
948.261467
948.303133
948.372967
948.427700
948.493433
948.552733
948.587267
948.618633
948.837900
949.405367
949.429400
949.493900
949.530600
949.555300
950.384233
950.430067
950.582933
950.788000
950.812333
950.828667
950.906500
950.952700
951.120033
951.151733
951.224433
951.436533
951.575433
951.660833
951.704867
951.937800
952.890667
953.066133
953.095733
955.187667
955.247233
955.311933
955.380033
955.458567
955.519233
955.585733
955.640667
955.691633
956.357767
956.685267
956.956667
957.005867
957.103833
957.158533
957.333433
957.371400
957.704800
958.005067
958.114800
958.271100
958.578733
958.633000
958.656033
958.690200
958.847267
958.937633
958.994133
959.028400
959.099267
959.154267
959.423567
959.472033
959.516933
959.585933
959.814133
959.878667
959.957967
960.009533
960.116167
960.167400
960.280933
960.373433
960.633133
960.858067
961.239400
961.373267
961.415933
961.600567
961.648467
961.670400
961.733000
961.866967
962.002300
962.025233
962.049567
962.114100
962.159200
962.189133
962.261767
962.302833
962.825500
962.907967
962.940633
962.993100
963.017833
963.106367
963.236400
963.619500
963.662333
963.698367
963.812300
963.849933
963.982900
964.081167
964.151033
964.203833
964.527833
964.624667
964.777067
964.824967
964.914567
965.030967
965.066567
965.106233
965.232600
965.265733
965.328967
965.506600
965.536933
965.624800
965.690267
965.840900
965.866967
965.895967
965.952967
966.283700
966.429633
967.090933
967.132500
967.241233
967.311100
967.366133
967.475067
967.780033
967.831000
967.907967
967.967100
968.000100
968.303900
968.658000
968.897333
969.413033
969.583267
969.612100
969.668633
969.702300
969.774400
969.844833
969.919667
969.958633
970.016633
970.118233
970.153467
970.670300
970.761033
971.030733
971.352133
971.418267
971.858533
971.932000
972.103200
972.237233
972.267767
972.326467
972.358867
972.673867
973.035700
973.162333
973.333800
973.612033
973.898300
974.490000
975.102400
975.178067
975.345833
975.493467
976.548033
976.577367
977.068200
977.137033
977.266733
977.337467
977.548133
978.141133
978.193867
978.434633
978.700133
978.748833
978.786367
978.893300
979.041367
979.092000
979.143700
979.272600
979.306900
979.359933
979.400300
979.422467
979.450567
979.484767
979.551033
979.581500
979.618933
979.673667
979.697633
979.756033
979.972100
980.014367
980.047533
980.083867
980.122200
980.168100
980.786200
980.818000
980.848333
981.015700
981.031133
981.075600
981.104033
981.150000
981.318100
981.569400
981.997200
982.134367
982.725100
982.917533
982.962467
983.058333
983.114433
983.157033
983.280667
983.380967
983.817733
983.899267
984.089100
984.714433
984.757333
984.780800
984.794100
984.834333
985.048700
985.116600
985.185667
985.659533
986.744167
986.965533
987.060833
987.110967
987.192433
987.270267
987.306400
987.492333
987.554000
987.629300
987.676300
988.172600
988.724133
988.816500
988.867033
988.940367
989.096367
989.204033
989.327033
989.563167
989.694033
989.807167
989.839667
989.877300
990.169033
990.236367
990.309467
990.491733
990.617033
990.654733
990.697633
990.782267
990.792767
990.857967
990.899100
990.988267
992.604333
992.864333
992.885433
992.988233
993.265233
993.350200
993.403900
993.489367
993.858900
993.894300
993.954067
994.052133
994.285667
994.345467
994.387567
994.553600
994.640133
994.690900
994.775433
994.811500
994.879967
994.933533
994.975400
995.069933
995.103300
995.150367
995.643700
995.768400
995.846233
995.888667
996.042267
996.333033
996.390500
996.615067
996.838067
996.926800
996.962100
997.108600
997.205233
997.279000
997.305933
997.784267
998.358267
999.645633
999.715367
1000.005733
1000.179100
1000.222433
1000.252133
1000.293133
1000.337233
1001.150400
1001.273333
1001.371067
1001.485567
1001.819767
1001.922533
1002.073467
1002.332667
1002.440500
1002.607167
1003.989967
1004.047733
1004.465267
1004.558433
1004.600300
1004.633700
1004.730833
1005.013367
1005.102867
1005.190800
1005.260700
1005.309733
1005.406967
1005.458633
1005.641867
1005.674367
1005.999867
1006.040933
1006.082133
1006.101267
1006.402467
1006.635100
1006.694567
1006.812100
1006.947033
1006.983833
1007.067533
1007.099700
1007.226333
1007.445567
1007.486433
1007.508533
1007.633333
1007.747267
1007.802867
1007.926800
1007.983800
1008.164800
1008.220567
1008.305967
1008.412233
1008.440267
1008.523667
1008.533033
1008.603400
1008.632533
1008.683367
1008.713800
1008.746800
1008.842500
1008.849400
1008.860733
1008.928900
1009.138967
1009.228667
1009.314800
1009.359600
1009.476633
1009.636667
1009.711800
1009.758833
1010.341667
1010.453700
1010.563167
1010.875300
1010.893933
1010.937533
1011.111967
1011.138500
1012.295967
1012.563867
1012.605067
1012.650433
1012.684167
1012.749633
1012.886333
1013.110600
1013.207633
1013.333167
1013.743400
1014.196833
1014.298967
1014.577533
1014.884233
1014.972967
1015.075400
1015.150300
1015.267200
1015.571100
1015.660267
1015.705600
1015.856067
1016.027133
1016.201800
1016.276367
1016.328400
1016.403867
1016.455833
1016.724600
1016.801167
1016.995733
1017.089033
1017.163833
1017.229733
1017.633433
1017.718000
1018.109833
1018.179233
1018.267900
1018.494767
1018.574933
1018.717467
1018.900633
1019.093933
1019.124200
1019.312067
1019.419267
1019.481500
1019.512400
1019.562733
1019.650067
1019.827700
1020.075400
1020.145067
1020.294600
1020.451333
1020.499733
1020.552967
1020.593200
1020.772133
1020.828633
1020.911533
1020.946833
1020.996367
1021.052233
1021.212033
1021.258000
1021.287200
1021.345067
1021.360800
1021.410000
1021.426733
1021.941333
1022.043533
1022.497133
1022.630033
1022.669200
1023.016400
1023.187500
1023.313200
1023.375100
1023.396300
1023.438700
1023.471333
1023.499367
1023.531467
1023.558600
1023.679233
1023.862767
1023.939033
1024.132267
1024.684767
1024.906067
1025.615600
1026.025667
1026.198500
1026.403867
1026.823667
1027.273600
1027.651833
1028.103000
1028.181467
1028.527033
1028.564833
1028.615167
1028.857733
1028.907000
1028.940633
1028.958233
1029.069000
1029.124367
1029.168033
1029.499867
1029.561833
1029.731833
1029.832367
1029.974700
1030.077500
1030.240333
1030.390967
1030.512867
1030.649567
1030.693867
1031.208000
1031.290433
1031.478500
1031.534533
1031.658033
1031.848833
1031.886600
1032.059667
1032.125800
1032.146000
1032.177967
1032.260900
1032.418300
1032.570033
1033.037367
1033.110333
1033.198700
1033.231200
1033.250833
1033.310700
1033.325767
1033.433200
1033.473500
1033.494800
1033.525067
1033.884500
1034.494000
1034.545633
1034.588500
1034.651533
1034.671233
1034.819433
1035.650833
1035.698967
1035.723600
1035.859267
1035.920300
1036.091567
1036.207967
1036.304333
1036.456867
1036.465400
1036.478333
1036.496967
1036.508333
1036.536400
1036.663000
1036.760433
1036.834533
1036.974367
1037.081267
1037.167167
1037.422700
1037.653767
1038.402833
1038.464800
1038.533200
1038.562533
1039.294400
1039.400100
1039.704233
1039.749967
1039.804000
1039.846600
1039.874500
1039.968300
1040.089867
1040.138033
1040.632733
1040.784900
1041.279033
1041.408133
1041.449933
1041.689367
1041.739967
1041.794733
1041.842467
1041.872000
1042.164600
1042.263567
1042.384567
1042.440200
1042.471400
1042.653100
1042.683200
1042.711533
1042.738167
1043.000667
1043.037467
1043.095167
1043.384467
1043.513567
1043.556267
1043.595367
1043.745500
1043.865800
1043.897500
1043.971767
1044.031033
1044.130967
1044.340333
1044.446400
1044.646800
1044.727433
1044.765600
1044.797833
1044.954800
1044.994367
1045.117333
1045.456200
1045.514600
1045.591400
1045.692067
1046.087033
1046.206800
1046.357033
1046.441567
1046.494233
1046.544567
1048.042033
1048.098167
1048.168267
1048.304600
1048.602067
1049.045333
1049.207967
1049.465900
1049.509800
1049.575733
1049.625300
1049.650067
1049.697733
1050.054467
1050.250600
1051.054900
1051.093633
1051.790400
1052.091100
1052.178900
1052.216800
1052.248400
1052.298967
1052.336367
1052.464333
1052.506233
1052.536533
1052.589667
1052.638100
1052.738367
1052.773233
1052.822800
1052.865467
1052.934300
1052.956733
1052.977867
1052.994567
1053.099500
1053.125900
1053.234133
1053.291333
1053.344000
1053.383267
1054.052200
1054.207567
1054.529233
1054.585067
1054.675833
1054.874300
1054.920533
1055.027133
1055.376133
1055.640867
1055.708433
1055.745900
1055.786500
1055.890833
1055.972000
1056.010033
1056.036433
1056.232400
1056.325533
1056.437433
1056.508167
1056.551300
1056.608067
1056.705633
1056.768833
1057.017233
1057.089567
1057.551233
1057.612133
1057.695433
1057.723833
1057.832300
1058.084400
1059.575733
1059.995267
1060.077133
1060.114800
1060.297500
1060.416067
1060.535367
1060.608833
1060.695633
1061.089567
1061.132033
1061.171067
1061.325100
1061.425433
1061.460000
1061.577133
1061.630400
1061.807633
1061.873667
1062.231800
1062.907300
1062.973300
1063.024433
1063.279467
1063.845000
1063.912967
1063.950633
1064.134300
1064.429767
1064.558433
1064.631733
1064.673100
1064.731200
1064.819867
1064.938567
1065.189467
1065.311833
1065.391100
1065.493667
1065.540600
1065.596733
1065.685767
1065.741333
1065.797433
1065.888233
1065.939700
1065.973933
1066.019700
1066.116933
1066.157167
1066.240433
1066.515200
1066.595100
1066.658367
1066.722200
1066.907333
1067.467567
1067.503533
1067.534467
1067.565033
1067.586067
1067.699400
1067.803767
1067.836800
1067.875067
1068.219167
1068.247667
1068.280500
1068.328800
1068.352167
1068.422200
1068.451133
1068.557300
1068.594767
1068.699767
1068.783467
1069.034667
1069.389233
1069.613133
1069.653700
1069.706000
1069.943867
1070.046567
1070.262200
1070.471700
1070.531400
1070.780867
1071.045700
1071.381267
1071.584067
1071.785967
1071.954500
1072.266367
1072.556800
1072.733100
1072.899200
1072.990767
1073.038500
1073.109567
1073.154100
1073.185900
1073.252633
1073.733433
1073.793367
1073.865800
1073.921167
1073.969467
1074.084433
1074.988267
1075.031200
1075.797267
1075.886800
1076.020100
1076.115500
1076.163033
1076.526133
1076.773133
1077.551167
1077.631433
1077.661367
1078.099033
1078.247867
1078.282133
1078.442067
1079.264033
1079.707300
1079.792400
1079.922600
1079.980400
1080.024333
1080.073800
1080.134833
1080.166933
1080.231567
1080.266433
1080.319967
1080.462067
1080.508033
1080.560333
1080.600167
1080.636633
1080.674267
1080.955133
1081.248633
1081.537000
1081.605067
1082.072500
1082.852800
1083.143367
1083.305400
1083.334600
1083.407333
1083.489033
1083.673833
1084.549867
1084.684700
1084.968467
1085.082967
1085.201967
1085.241633
1085.572867
1085.753333
1085.878067
1085.947433
1086.138800
1086.247900
1086.338767
1086.469100
1086.863000
1086.940833
1087.027767
1087.452233
1087.531733
1087.601067
1087.642500
1087.690167
1087.735433
1087.805067
1087.849033
1087.885500
1088.015767
1088.078633
1088.139767
1088.182900
1088.265500
1088.563833
1090.164667
1090.225000
1090.624133
1091.087633
1091.307867
1091.582367
1091.662200
1091.693167
1091.815600
1092.050667
1092.087933
1092.120833
1092.148167
1092.180200
1092.310667
1092.592133
1092.720433
1092.822067
1092.854433
1092.991967
1093.099567
1093.212233
1093.290233
1093.543733
1093.659767
1093.712900
1093.748100
1093.807367
1094.836233
1095.314700
1095.541900
1096.493033
1096.548000
1097.240767
1097.802367
1098.049000
1100.128800
1100.177000
1100.325667
1100.397900
1100.446667
1100.511567
1100.588033
1100.863533
1101.160400
1101.305333
1101.490100
1101.529333
1101.608033
1101.673700
1102.366333
1102.419633
1102.555200
1102.597433
1102.728067
1102.774033
1102.813033
1102.881267
1102.962967
1103.009267
1103.017933
1103.124700
1103.162533
1103.217433
1103.258933
1103.332067
1103.378000
1103.428833
1103.665133
1103.738000
1103.765633
1103.819667
1103.847267
1103.892200
1104.058467
1104.117300
1104.206567
1104.286333
1104.355933
1104.439067
1104.523467
1104.571100
1104.609700
1104.640700
1104.690600
1104.762300
1104.837233
1104.975533
1105.011733
1105.132633
1105.172267
1105.241033
1105.314167
1105.351167
1105.385367
1105.405933
1105.426833
1105.473433
1105.502067
1105.527333
1105.840500
1105.918467
1105.983200
1106.047667
1106.093433
1106.157067
1106.191900
1106.304800
1106.325867
1106.356000
1106.404667
1106.538133
1106.585000
1106.610900
1106.644833
1106.674967
1106.728867
1106.823300
1106.972700
1107.150167
1107.279100
1107.362467
1107.386333
1107.426667
1107.568800
1107.597067
1107.624167
1107.657167
1107.719267
1107.747433
1107.827633
1107.861133
1107.897367
1107.918867
1108.049000
1108.128533
1108.242767
1108.340533
1108.602333
1108.898567
1108.970667
1109.023100
1109.120867
1109.149067
1109.185167
1109.303133
1109.343333
1109.364233
1109.394667
1109.487500
1109.568633
1109.602200
1109.775633
1109.839333
1109.936167
1110.053033
1110.414033
1110.651100
1110.675500
1110.704000
1110.786933
1110.868533
1110.926633
1111.096967
1111.152700
1111.271567
1111.371167
1111.417867
1111.433600
1111.466833
1111.544433
1111.618767
1111.652333
1111.678900
1111.703133
1111.742700
1111.810167
1111.866633
1111.921233
1111.952967
1112.025800
1112.095700
1113.114567
1113.239700
1113.353867
1113.647667
1113.912567
1114.576067
1114.616533
1114.661767
1114.762633
1114.793200
1115.503800
1115.599900
1115.721800
1116.550500
1116.746733
1116.832200
1117.068667
1117.166100
1117.299200
1117.759033
1117.816500
1117.846033
1118.023100
1118.052733
1118.113300
1118.347900
1118.447233
1118.601533
1118.711200
1118.775067
1118.831933
1118.864333
1118.910800
1118.961800
1119.174433
1119.307733
1119.473767
1119.896433
1119.966533
1120.342100
1120.700733
1120.755800
1120.780567
1120.813800
1120.879900
1120.941567
1121.026400
1121.479533
1121.557033
1121.708167
1121.827733
1121.909933
1121.989100
1122.462400
1122.646567
1122.933400
1122.988000
1123.096733
1123.167700
1123.336200
1123.610767
1123.721100
1123.854600
1124.035133
1124.513800
1124.946600
1125.277467
1125.367567
1125.717467
1125.795067
1125.833833
1125.911633
1125.977800
1126.008933
1126.037933
1126.109267
1126.322800
1126.374733
1126.412567
1126.442000
1126.475133
1126.505533
1126.540933
1126.567167
1126.717467
1128.067567
1128.111333
1128.156667
1128.273200
1128.693367
1129.171733
1130.142667
1130.206067
1130.256333
1130.344567
1130.377500
1130.463400
1130.497267
1130.536567
1130.585933
1130.644000
1131.021900
1131.519333
1131.692633
1131.777700
1132.023300
1132.063833
1132.214500
1132.546000
1132.602100
1132.701900
1133.029900
1133.068667
1133.093800
1133.119800
1133.197367
1133.229567
1133.513367
1133.571267
1133.671367
1133.769300
1133.830167
1133.867733
1133.922767
1134.018567
1134.203633
1134.252800
1134.590533
1135.759567
1135.935667
1136.098167
1136.152867
1136.264500
1136.326700
1136.380033
1136.527900
1136.642367
1136.923400
1138.710233
1138.910233
1139.002267
1139.048333
1139.148833
1139.282033
1139.379667
1139.535900
1139.736600
1139.787867
1139.849967
1139.992367
1140.056067
1140.127467
1140.242833
1140.274267
1140.312933
1140.354300
1140.448667
1140.514967
1140.600633
1140.643900
1140.675133
1140.732300
1140.761433
1140.817600
1140.834467
1140.861900
1140.893533
1140.960333
1140.988000
1141.006900
1141.057933
1141.088867
1141.109067
1141.334867
1142.254533
1142.463133
1142.534133
1142.727767
1142.875067
1142.969833
1143.722067
1144.142000
1144.254033
1144.354500
1144.400933
1144.447200
1144.540167
1144.612700
1144.757133
1146.381800
1146.430400
1146.562167
1146.606033
1146.648933
1147.038833
1147.098133
1147.358800
1147.406100
1147.629433
1148.438300
1148.574133
1148.623167
1148.773167
1148.829067
1149.032200
1149.089667
1149.166367
1149.211633
1149.244133
1149.274000
1149.311867
1149.408767
1149.517633
1149.566500
1149.597400
1149.625600
1149.668500
1149.693267
1149.778367
1149.937200
1150.526167
1150.575367
1150.619467
1150.710833
1150.729633
1150.839633
1151.140033
1151.197467
1151.314500
1151.352467
1151.502300
1151.571900
1151.700567
1151.739267
1151.862200
1151.908533
1152.007167
1152.058300
1152.126000
1153.647567
1153.838967
1154.485367
1154.521067
1154.575767
1154.671667
1154.700067
1154.729567
1154.763467
1155.073533
1155.360533
1155.647200
1156.114933
1156.296033
1156.661300
1156.851167
1157.051200
1157.100100
1157.160567
1157.499300
1157.602700
1157.921133
1158.004267
1158.084033
1158.539433
1158.563233
1158.634367
1158.684067
1158.749733
1158.762033
1158.913833
1158.950200
1158.984433
1159.024933
1159.099933
1159.168200
1159.388033
1159.430433
1159.501233
1159.593633
1159.720533
1159.772333
1159.852400
1159.922867
1160.023167
1160.569967
1160.613867
1160.702633
1160.739767
1160.786300
1160.816967
1160.846667
1160.916700
1161.370400
1161.562433
1163.035733
1163.318600
1163.550433
1163.840700
1163.930233
1163.966900
1163.987633
1164.134633
1164.339500
1164.438367
1164.689000
1164.872400
1164.947367
1164.955733
1164.988000
1165.120500
1165.193400
1165.213133
1165.242233
1165.258333
1165.319833
1165.350733
1165.607133
1165.867200
1165.996433
1166.078300
1166.128567
1166.163233
1166.267933
1166.357767
1166.791067
1167.004567
1167.208100
1167.267100
1167.481733
1167.507033
1167.536067
1167.600267
1167.656200
1167.973400
1168.008033
1168.093767
1168.468567
1168.597600
1168.670533
1168.931300
1169.470767
1169.512533
1169.557900
1169.625133
1170.262100
1170.291767
1170.366033
1170.400067
1170.522900
1170.573933
1170.645100
1170.836867
1170.855000
1170.879900
1170.894800
1170.932200
1170.978667
1171.011633
1171.031100
1171.152367
1171.227800
1171.266533
1171.303133
1171.961967
1172.069500
1172.081533
1172.094533
1172.107133
1172.126867
1172.139400
1172.192633
1172.750833
1172.831333
1172.928300
1173.024333
1173.206067
1173.269400
1173.371400
1173.462000
1173.538067
1173.898633
1174.048900
1175.680900
1175.841000
1176.067500
1176.097833
1176.199900
1176.246367
1176.304967
1176.379067
1177.105933
1177.170233
1177.584300
1177.621033
1177.665333
1178.045067
1178.077100
1178.127200
1178.914167
1179.033267
1179.068867
1179.118100
1179.589033
1180.586900
1180.647767
1180.685767
1180.840533
1180.931700
1180.983800
1181.056767
1181.188967
1181.227767
1181.416533
1181.439633
1181.477967
1181.510633
1181.550000
1181.642433
1181.680900
1181.709667
1181.831033
1182.228267
1182.547267
1182.595433
1182.617533
1182.647567
1182.671833
1182.720767
1182.929767
1183.160967
1183.215467
1183.278500
1183.318900
1183.417867
1183.495900
1183.746233
1183.853700
1183.901667
1183.984833
1184.617767
1184.829133
1184.883167
1185.037633
1185.131067
1185.547333
1185.661867
1186.216000
1186.306400
1186.329567
1186.357500
1186.452600
1186.485233
1186.522467
1186.606167
1186.742833
1186.806233
1186.949867
1186.987500
1187.028800
1187.081500
1187.152000
1187.183433
1187.216167
1187.257867
1187.284767
1187.341067
1187.407667
1187.467500
1187.774800
1188.244733
1188.267067
1188.332600
1188.354500
1188.422533
1188.445800
1188.493967
1188.603533
1188.795900
1188.932067
1188.972867
1189.262500
1189.301233
1189.376167
1190.276633
1190.364333
1190.732533
1191.085067
1191.233200
1191.341500
1191.404833
1191.993367
1192.013133
1192.097867
1192.152200
1192.210967
1192.240700
1192.319433
1192.348600
1192.387467
1192.751433
1193.182833
1193.236333
1193.335867
1193.573200
1193.640133
1193.677800
1193.732000
1194.324133
1194.377100
1194.494667
1194.624700
1194.914133
1195.006000
1195.033467
1195.074833
1195.110000
1195.145900
1195.171567
1195.214067
1195.277833
1195.373600
1195.515400
1195.545900
1195.633233
1195.661200
1195.881833
1195.927733
1195.963100
1196.311333
1196.352567
1196.395733
1196.511133
1196.585100
1196.779233
1196.997767
1197.411733
1197.483533
1197.593700
1197.612733
1197.660167
1197.696533
1197.719667
1197.879600
1197.933733
1197.971833
1198.003567
1198.030233
1198.117400
1198.155000
1198.207500
1198.253467
1198.281233
1198.342200
1198.371533
1198.438067
1198.573633
1198.612067
1198.745333
1198.793867
1198.901767
1199.044933
1199.510467
1199.676700
1199.765567
1199.813333
1200.117133
1200.472967
1200.623733
1200.833733
1200.957400
1201.018333
1201.087267
1201.182333
1201.812633
1202.557067
1202.615333
1202.687867
1202.767067
1202.869033
1202.968133
1202.996833
1203.113500
1203.148900
1203.182000
1203.216667
1203.237800
1203.259200
1203.282567
1203.338167
1203.434667
1203.479100
1203.533000
1203.576467
1203.604033
1203.630467
1203.779233
1203.830833
1204.310900
1204.483167
1204.682667
1204.918767
1205.111533
1205.324000
1205.718333
1205.750667
1205.823833
1205.992500
1206.044200
1206.062233
1206.086033
1206.125933
1206.151400
1206.217300
1206.268233
1206.572833
1206.667533
1206.708533
1206.748667
1206.828867
1206.953300
1207.062667
1207.210600
1207.251167
1207.290900
1207.428100
1207.498700
1207.674233
1207.720000
1207.778300
1208.126867
1208.150100
1208.476000
1208.614900
1208.646467
1208.673800
1208.716733
1208.769233
1208.796367
1208.833367
1208.905000
1208.929733
1208.953067
1209.036800
1209.153667
1209.181867
1209.266167
1209.346700
1209.550633
1209.602667
1209.669733
1210.169233
1210.264367
1210.282400
1210.386900
1210.404467
1210.495333
1210.564900
1210.831733
1210.895500
1211.068200
1211.115633
1211.161300
1211.308133
1211.427233
1211.555167
1211.636200
1211.784500
1211.921900
1212.761633
1212.827167
1212.889867
1212.985800
1213.085133
1213.296700
1213.432267
1213.476367
1213.515233
1213.556100
1213.694800
1213.858567
1213.902400
1213.959600
1214.013633
1214.586000
1214.804500
1214.992567
1215.078567
1215.300200
1215.493467
1215.548433
1215.611567
1215.622533
1215.657200
1215.796900
1215.899333
1216.020533
1216.168000
1216.385700
1216.451067
1216.524300
1216.601033
1216.787500
1216.809633
1216.889433
1216.915433
1216.962067
1217.141267
1217.300233
1217.430833
1217.509667
1217.548267
1217.574567
1217.727200
1217.786133
1218.058133
1218.103733
1218.260900
1218.323967
1218.433467
1218.494400
1218.714533
1218.813600
1219.011100
1219.070733
1219.121000
1219.165033
1219.206367
1219.329933
1219.334267
1219.429633
1219.520500
1219.594567
1220.555500
1220.636733
1220.694967
1220.806700
1220.903467
1221.073400
1221.337667
1221.431367
1221.483533
1221.736967
1222.168167
1222.288733
1222.342467
1222.416167
1223.187233
1223.724600
1224.547233
1224.592933
1224.665833
1224.707067
1224.858400
1224.892733
1224.944100
1224.985500
1225.604733
1225.694633
1225.982367
1226.407267
1226.629333
1226.732433
1226.794700
1226.830133
1227.476233
1227.776433
1227.855767
1227.904333
1228.028100
1229.210200
1229.270533
1229.321233
1229.589967
1229.635667
1229.725867
1229.796900
1230.072733
1230.139733
1230.207700
1230.264433
1230.323000
1230.357667
1230.398167
1230.480433
1230.487633
1230.618500
1230.683833
1231.325433
1231.380200
1231.459567
1231.513500
1231.567933
1232.614433
1232.740100
1233.038300
1233.084967
1233.266033
1233.653100
1234.274733
1234.401433
1234.452867
1234.491867
1234.790000
1234.861500
1234.907067
1234.941867
1235.003867
1235.073533
1235.131200
1235.759433
1236.171533
1236.275067
1236.320433
1236.429967
1236.772100
1236.980833
1237.042000
1237.121733
1237.173733
1237.281533
1237.332533
1237.378300
1237.437967
1237.568533
1237.626900
1237.749033
1237.770367
1237.800700
1237.862633
1237.895400
1237.953967
1237.987400
1238.128600
1238.566000
1238.801433
1238.869400
1239.069900
1239.111800
1239.279633
1239.703467
1239.791267
1239.933800
1239.971267
1240.102367
1240.158467
1240.256500
1241.056333
1241.306400
1241.317800
1241.526033
1241.661000
1241.678933
1241.730867
1241.758467
1241.794900
1241.864333
1241.904200
1242.072567
1242.106300
1242.346233
1242.380500
1242.473333
1242.741500
1242.816900
1242.963800
1243.010800
1243.148033
1243.247367
1243.284467
1243.327900
1243.600700
1243.869467
1243.911067
1244.049200
1244.193833
1244.261633
1244.356467
1244.525333
1244.654033
1244.749333
1244.923000
1244.961633
1245.212333
1245.562167
1245.619333
1245.709500
1245.836867
1245.868933
1245.938467
1246.046833
1246.085933
1246.117433
1246.474133
1246.503333
1246.535300
1246.569000
1246.641033
1246.730500
1247.242367
1247.365267
1247.390800
1247.569467
1247.656033
1247.761700
1248.086800
1248.136500
1248.185500
1248.238867
1248.408767
1248.459633
1248.563633
1248.802967
1248.900267
1249.696100
1249.908033
1249.947233
1250.049633
1250.084400
1250.255167
1250.450267
1250.571533
1250.665667
1250.762133
1250.781200
1250.834133
1250.962267
1251.217733
1251.258533
1251.323300
1251.394833
1251.498733
1251.698900
1251.735467
1251.824633
1251.872200
1251.926967
1252.031833
1252.158300
1252.203367
1252.251367
1252.524500
1252.935333
1252.980800
1253.013933
1253.110833
1253.145367
1253.209967
1253.773133
1253.891500
1254.012667
1254.044667
1254.119467
1254.280367
1254.333400
1254.456867
1254.505367
1254.553733
1254.696333
1254.855933
1254.906933
1255.041800
1255.142333
1255.191133
1255.201767
1255.249233
1255.277433
1255.325500
1255.390000
1255.784567
1255.845400
1256.298933
1256.978400
1257.126767
1257.361033
1257.397067
1257.445367
1257.474167
1257.516033
1257.562800
1257.616900
1257.973633
1258.283567
1258.549367
1258.631400
1258.660233
1258.729467
1259.147967
1259.590467
1259.749567
1259.809967
1259.846900
1260.113200
1260.382667
1260.442267
1260.512533
1260.542900
1261.003433
1261.148000
1261.351700
1261.666933
1261.799900
1261.954600
1262.130133
1262.283967
1262.337733
1262.354267
1262.444967
1262.483800
1262.556600
1263.044367
1263.173000
1263.322133
1263.350067
1263.676633
1263.687967
1263.712267
1263.734633
1263.811033
1263.868833
1263.984167
1264.023000
1264.476967
1264.816400
1264.873833
1264.901467
1264.913233
1265.066167
1265.298567
1265.352733
1265.415000
1265.581300
1266.210533
1266.739533
1266.982967
1267.117533
1267.270533
1268.670567
1268.709633
1269.095033
1269.124233
1269.211267
1269.250067
1269.702133
1270.094900
1270.137833
1270.437600
1270.750233
1270.838667
1270.889333
1270.957700
1270.988900
1271.024967
1271.082733
1271.208933
1271.415767
1271.706200
1271.755733
1272.449533
1272.573200
1272.723200
1272.839733
1273.007467
1273.050333
1273.143300
1273.524100
1274.191700
1274.337733
1274.760133
1275.189967
1275.714800
1275.884467
1275.947333
1276.001433
1276.147400
1276.238800
1276.276367
1276.414067
1276.578200
1276.651433
1276.708700
1276.748033
1276.782133
1276.818300
1276.970367
1277.085033
1277.792467
1277.845467
1277.912900
1277.971733
1278.526733
1278.617933
1278.645133
1278.692667
1278.957867
1278.986933
1279.039767
1279.066167
1279.175033
1279.515367
1280.076467
1280.249167
1280.271733
1280.352000
1280.511233
1280.606967
1280.706967
1280.864867
1281.160867
1281.638900
1281.756467
1281.868733
1281.913167
1282.021400
1282.276867
1282.366200
1282.420533
1282.524567
1282.617933
1282.854133
1282.925867
1283.086267
1283.693900
1283.763900
1283.833933
1284.080500
1284.221700
1284.328967
1284.413467
1284.452867
1284.661867
1284.961800
1285.128133
1285.326033
1285.411500
1286.164767
1286.578633
1286.652967
1286.716333
1286.999267
1287.054100
1287.084167
1287.269800
1287.348967
1287.372500
1287.416100
1287.495000
1287.535900
1287.698400
1287.772367
1287.818067
1287.874067
1287.922233
1288.009133
1288.051267
1288.753500
1288.783667
1288.816800
1289.083267
1289.124367
1289.328700
1289.378500
1289.644167
1289.926833
1290.429233
1290.904500
1291.035400
1291.142033
1291.195200
1291.228533
1291.258900
1291.348700
1291.769133
1291.803500
1291.838200
1291.890033
1292.089833
1292.138100
1292.193000
1292.326733
1292.361133
1292.424000
1292.461100
1292.635967
1292.746067
1292.779900
1293.087767
1293.360633
1293.430333
1293.459100
1293.506767
1293.526533
1293.650033
1293.763133
1294.049067
1294.175700
1294.359600
1294.410200
1294.492500
1294.743567
1294.851800
1295.010500
1295.107267
1295.215633
1295.280200
1295.325800
1295.411400
1295.497333
1295.685367
1296.010600
1296.048067
1296.110133
1296.183800
1296.218900
1296.289467
1296.309867
1296.377667
1296.475133
1296.619600
1296.899067
1297.043300
1297.065133
1297.131833
1297.200033
1297.660133
1297.876467
1297.930633
1298.038133
1298.622433
1298.886100
1298.988333
1299.799733
1299.908133
1300.106000
1300.177733
1300.292300
1300.415733
1300.899267
1300.954033
1301.036867
1301.931900
1302.002500
1302.094133
1302.130167
1302.188733
1302.527500
1302.570800
1302.901800
1303.851000
1304.113133
1304.208767
1304.397967
1304.480467
1304.620400
1304.653467
1304.673700
1304.715067
1304.877733
1305.027200
1305.051333
1305.372200
1305.463700
1305.699833
1305.726533
1305.750500
1305.813400
1305.869700
1305.948067
1306.043300
1306.108700
1306.145367
1306.243067
1306.400067
1306.482667
1306.557833
1306.604333
1306.672633
1306.841867
1306.920467
1307.101400
1307.170067
1307.386133
1307.467600
1307.530433
1307.682800
1307.900267
1307.923400
1307.969333
1308.067767
1308.228200
1308.636667
1309.062733
1309.523067
1309.970400
1310.041167
1310.484567
1310.531367
1310.581700
1310.631233
1310.755767
1310.927567
1310.993500
1311.037333
1311.113767
1311.164167
1311.336033
1311.515333
1311.717867
1311.820167
1312.111700
1312.158900
1313.092600
1313.348833
1313.499533
1313.514667
1313.738533
1313.763467
1313.812100
1313.862333
1313.935100
