0.146900
3.158033
3.852733
4.041700
4.169100
4.234967
4.495000
4.545667
4.872667
7.127967
8.803700
9.503600
9.531167
9.567133
9.824567
9.975233
10.517000
11.588767
11.861467
11.883933
11.914833
11.954867
12.039900
12.069933
12.140667
12.250200
12.554100
12.588367
12.701700
12.786433
12.937967
13.169033
13.194333
13.251667
13.280533
13.307500
13.325667
13.361833
14.696367
14.792867
14.891367
14.923533
14.967300
15.007600
15.221233
15.895900
16.061967
16.107433
16.168500
16.219233
16.270900
16.320400
16.369300
16.408833
16.459100
16.485633
16.526267
16.558133
16.574567
16.600500
16.624467
16.700933
16.725233
16.765567
16.786733
16.811133
16.828967
16.869033
16.903033
16.942333
16.988933
17.015733
17.035700
17.057133
17.148267
17.190233
17.225800
17.258000
17.293267
17.339400
17.379133
17.449133
17.534767
17.615400
17.652967
17.788500
17.955000
17.981733
18.001133
18.042600
18.074733
18.091200
18.114667
18.150533
18.186500
18.239667
18.281867
18.337700
18.368667
18.394733
18.411167
18.441933
18.462167
18.491800
18.526333
18.570467
18.590400
18.611433
18.637533
18.666800
18.690767
18.712367
18.728400
18.752900
18.798667
18.818200
18.833000
18.871067
18.900033
19.015333
19.042500
19.099700
19.134900
19.168233
19.218533
19.248767
19.301600
19.451133
19.506200
19.707100
19.905467
20.268400
21.904467
22.357967
22.503067
22.992300
23.115433
25.295067
25.352900
25.383233
25.699100
26.078100
27.452400
27.583667
27.636733
27.691033
27.739900
27.942967
29.831067
29.917600
30.290400
31.086600
31.196833
31.298633
31.405067
31.451833
31.550733
31.585767
31.654900
32.141233
34.489267
34.522200
34.849833
35.211133
35.612433
35.764500
35.925200
35.958500
36.001600
36.102000
36.147467
36.176967
36.228367
36.262967
36.517067
36.547467
36.944967
36.974900
37.963067
38.930967
39.412767
39.831600
39.876867
40.099100
40.189567
40.642200
40.821500
40.854900
40.984500
41.024667
41.089667
41.186067
41.235233
41.291167
41.320400
41.343733
41.388333
41.416867
41.514367
41.563800
41.593900
42.671800
42.727500
42.770533
42.819300
43.090933
43.461033
44.709367
45.480067
46.047333
46.133500
46.274233
46.477067
46.525133
46.609233
47.768100
47.827500
47.994433
48.038233
48.067833
48.105033
48.233233
48.263300
48.292267
48.334900
48.376000
48.427667
48.450967
48.463367
48.481400
48.493333
48.497067
48.501767
48.520167
48.533700
48.586900
48.601300
48.618400
48.641700
48.672400
48.702600
48.747767
48.882100
49.060333
49.296267
50.797000
51.871167
52.710033
52.899533
52.937800
53.954733
53.974667
54.148033
54.208067
54.308967
54.435767
54.578567
54.713233
54.906833
55.427500
55.475900
55.603700
55.668967
55.743733
55.867033
55.949333
55.977233
56.011033
56.068267
56.292400
56.376567
56.549900
56.599800
56.654900
56.724667
56.774567
56.834800
56.882967
57.004000
57.020900
57.140800
57.194700
57.424767
57.465933
57.518633
57.548200
57.567833
58.464733
58.867833
59.072500
59.265733
59.285433
59.342833
59.433100
59.973900
59.989733
60.026133
60.039167
60.045100
60.053367
60.061233
60.075433
60.084133
60.097000
60.105267
60.111500
60.124033
60.151467
60.168900
60.178833
60.198367
60.214967
60.225900
60.245700
60.296233
60.982133
61.020367
61.036800
61.039200
61.043833
61.064733
61.107500
61.125267
61.127433
61.138000
61.189300
61.192167
61.205400
61.224467
61.247467
61.275933
61.298300
61.316100
61.318567
61.352767
61.355967
61.378767
61.404400
61.431333
61.433433
61.448000
61.466967
61.475933
61.497167
61.516300
61.525567
61.545500
61.557067
61.568500
61.580033
61.596967
61.616433
61.633567
61.655867
61.680900
61.703300
61.733467
61.750067
61.783267
61.869567
61.957067
61.990833
62.012900
62.044833
62.081700
62.124467
62.253433
62.302067
62.366967
64.646567
64.670633
64.857400
64.901733
64.951800
64.977567
65.196533
65.235533
65.320967
65.373200
65.463367
65.516900
65.589033
65.738267
65.775000
65.797733
65.879667
65.922200
65.968600
66.000033
66.034867
66.050533
66.062600
66.072700
66.084867
66.092500
66.109133
66.130600
66.143900
66.157300
66.173033
66.198000
66.218533
66.247600
66.287067
66.322367
66.362733
66.380900
66.438833
66.476400
66.610733
68.228933
69.526900
69.605067
69.655067
69.872267
70.848500
71.551867
71.711033
71.810100
71.852633
71.908633
72.092000
72.799600
72.866267
72.951067
73.066267
73.258933
73.497300
74.172767
74.219733
74.243067
74.250600
74.262333
74.275033
74.280667
74.289867
74.305067
74.318433
74.321867
74.329533
74.339700
74.350233
74.359433
74.375333
74.392300
74.420133
74.439333
74.489567
74.514767
74.542133
74.577133
74.604500
74.628333
74.680700
75.793067
76.704467
78.246233
79.709333
80.291400
80.741667
80.916167
81.039167
81.109867
81.593367
81.903000
81.949500
82.089700
82.144633
84.284267
84.378233
84.490067
84.862200
84.929067
86.849600
86.914200
87.149133
88.367000
88.960633
89.617067
89.660500
91.243367
91.808733
92.360000
92.389033
92.743000
93.742867
94.199833
94.364033
94.630100
94.789000
94.904167
94.949833
95.814033
96.067367
96.178300
97.909500
99.535733
99.570967
100.955133
101.112200
101.140633
101.295533
101.338767
101.389867
101.417400
101.472600
101.526633
101.558467
101.582033
101.672133
101.709367
101.796633
101.834333
101.881333
102.062767
102.223433
102.286800
105.149667
105.311333
105.345633
105.380867
105.431200
105.456933
105.482000
105.511867
105.545600
105.591567
105.641867
105.667333
106.648533
106.666367
106.681933
106.695067
106.703233
106.706933
106.712100
106.721500
106.731900
106.736100
106.752200
106.762500
106.773633
106.782033
106.794067
106.804833
106.810233
106.822500
106.839833
106.852100
106.856867
106.863233
106.865667
106.873400
106.880433
106.888600
106.900800
106.909800
106.918367
106.940567
106.943733
106.953067
106.958933
106.971267
106.985500
106.994700
107.009267
107.021167
107.034333
107.068100
107.126933
107.153800
107.567567
107.592500
107.654267
107.671267
107.810533
107.817700
107.941800
107.961600
107.966700
108.048767
108.097867
108.103333
108.165067
108.178867
108.195967
108.202467
108.205633
108.218100
108.226167
108.232900
108.236167
108.240200
108.247033
108.253767
108.260900
108.263533
108.277833
108.291100
108.306833
108.315267
108.340700
108.362867
108.373000
108.379000
108.396900
108.409900
108.414667
108.427467
108.435933
108.463867
108.490533
108.496133
108.508533
108.519433
108.524400
108.541867
108.544967
108.559000
108.573633
108.584433
108.592267
108.610867
108.621700
108.624667
108.639000
108.649233
108.662867
108.697200
108.739100
108.807700
108.833300
108.855600
108.875100
108.891000
108.912367
108.970700
109.004233
109.044833
109.078933
109.114200
109.357333
109.624767
109.648767
109.712700
109.865533
110.031400
110.052100
110.255633
110.685300
110.717533
110.936767
110.976000
111.041533
111.850667
111.891533
111.947900
112.014967
112.050733
112.189467
112.245100
112.275767
112.314400
112.674167
112.777867
112.950633
113.043433
113.262367
113.472133
113.521800
113.534133
113.542767
113.555433
113.565633
113.576533
113.581567
113.589700
113.603700
113.608433
113.610967
113.623767
113.632300
113.638867
113.654333
113.660633
113.663500
113.669400
113.678133
113.687500
113.696900
113.699267
113.709000
113.719533
113.732933
113.739600
113.751867
113.762067
113.766933
113.777667
113.794133
113.810200
113.824567
113.849600
113.868367
113.890267
113.910300
113.938600
113.975067
113.987133
113.998800
114.009467
114.017100
114.024633
114.027667
114.036133
114.046267
114.053467
114.058167
114.066333
114.077300
114.081533
114.088667
114.094833
114.101133
114.108900
114.111833
114.117967
114.138733
114.150700
114.167900
114.186100
114.206667
114.226300
114.242033
114.286367
114.303833
114.333833
114.356333
114.379600
114.415867
114.461633
114.511800
114.621233
114.664633
114.780800
114.853700
115.542733
119.537700
121.310367
121.338033
121.547433
121.574533
121.600733
121.653267
121.679667
121.724100
121.743400
121.793833
121.873600
121.910067
121.983367
124.589067
124.835233
124.962533
125.118933
125.192367
125.255333
125.326433
125.393367
125.458633
125.815200
126.084333
127.512067
128.557500
128.683933
129.754567
129.987967
132.065300
132.106800
132.569300
132.797133
132.968433
133.832667
134.708033
135.314700
135.590500
136.752167
137.003433
137.202400
138.373867
140.699300
141.064867
141.127633
141.166200
142.907867
143.033633
144.225200
145.604367
145.853867
146.011800
146.126233
146.218633
146.625867
146.672100
146.708433
147.130700
147.241667
147.342233
147.702267
148.456667
148.663100
149.421667
149.599100
150.105867
150.413933
150.451733
150.600833
150.632167
150.668333
150.704900
151.174300
151.369167
151.453000
151.529033
151.824967
151.872167
151.903967
151.925300
151.937867
151.949667
151.960267
151.970900
151.993800
152.017767
152.035233
152.078567
152.113333
152.132100
152.150600
152.166000
152.180233
152.196167
152.226200
152.395800
152.725067
152.740867
152.754700
152.794600
152.838667
152.857700
152.893067
152.915367
152.919400
152.959733
152.973833
152.996267
153.000900
153.022633
153.025533
153.048867
153.057833
153.074600
153.105433
153.119067
153.146933
153.158967
153.175033
153.178933
153.197833
153.211400
153.237400
153.249733
153.268733
153.293667
153.332500
153.364167
153.390433
153.402200
153.429533
153.438800
153.463867
153.494467
153.526233
153.605733
153.641167
153.754467
153.801167
153.842467
153.864000
153.894867
153.933533
154.003367
154.064400
154.094933
154.131067
154.294167
154.343000
154.440033
154.490500
155.344400
155.712667
155.875267
156.160933
156.308200
156.332900
156.356733
156.391867
156.666900
157.144567
157.165967
157.184033
157.231633
157.249533
157.276400
157.314467
157.334200
157.354400
157.379333
157.400200
157.442867
157.523233
157.713900
157.759900
157.773900
157.784033
157.820267
157.845533
157.894167
157.942267
157.978467
158.010367
158.028167
158.048600
158.066300
158.116967
158.140400
158.178200
158.228667
158.257433
158.288433
158.447567
158.489200
158.516967
158.565533
158.601400
158.641400
158.690100
158.730200
158.748067
158.751000
158.798933
158.880367
158.937067
158.962067
158.993033
159.045500
159.435633
159.498733
159.535033
159.560033
159.577267
159.622167
159.639267
159.642800
159.658500
159.718367
159.745633
159.773800
159.796967
159.825433
159.838367
159.883500
159.923800
159.952800
160.000667
160.036200
160.111233
160.438633
160.679467
160.702400
160.734367
160.770100
160.793433
160.801167
160.814300
160.822900
160.838367
160.849000
160.856500
160.872767
160.887367
160.891467
160.913933
160.917633
160.920800
160.931367
160.939367
160.958067
160.983867
161.009900
161.048900
161.184233
161.866800
162.395733
162.451667
162.896633
162.933800
163.398533
163.447833
163.501700
163.560900
164.075933
165.200467
165.235133
165.628867
165.729667
165.770133
165.798867
165.848200
165.899500
165.944267
165.962900
166.019800
166.045167
166.073233
166.098733
166.552967
167.132867
167.220333
167.559567
167.814533
167.848167
168.019167
170.116300
170.185867
170.235500
170.265367
170.282733
170.318600
170.429700
170.476467
170.525867
170.573600
170.624367
170.758867
170.795467
170.934800
170.997333
171.644200
172.619400
172.776567
173.546667
173.637633
175.137267
175.139900
175.497700
176.095200
176.492767
177.008567
177.410100
177.487467
177.541367
177.572533
177.610100
177.623200
177.636733
177.646933
177.658033
177.670333
177.677100
177.683933
177.700033
177.719700
177.722667
177.737067
177.770467
177.782867
177.797400
177.814400
177.830833
177.850633
177.876400
177.895767
177.929567
177.977100
178.019967
178.050400
178.132533
178.216767
178.274900
178.299600
178.319767
178.377333
178.390233
178.410333
178.443867
178.471833
178.496167
179.572033
179.709400
180.376367
182.068067
182.858633
183.279333
183.378000
185.254700
185.748533
186.949067
186.971333
187.031067
187.283267
187.801767
187.875967
192.532933
192.566500
192.648167
192.673433
192.685667
192.714000
192.747500
192.819400
192.961067
193.028700
193.362167
193.798233
193.845900
194.037100
194.560767
194.659767
194.824733
195.543700
196.235567
197.466833
197.544867
197.983067
198.226933
198.270767
200.093567
200.209167
200.352467
202.154967
202.208067
202.956233
203.088533
203.277067
203.691400
204.651267
204.730467
204.785833
204.998400
205.242000
205.268367
205.288567
205.301433
205.326900
205.342433
205.350667
205.364033
205.377800
205.406233
205.417000
205.440267
205.481867
205.507500
205.540200
205.574100
205.599267
205.631500
205.660133
205.683633
205.706167
205.744733
205.785867
205.835033
205.870833
206.065500
206.162567
208.575000
210.549233
211.882933
211.934700
211.976867
212.024933
212.799100
212.826833
212.855833
212.885300
212.919200
212.953500
213.009000
213.050833
213.105067
213.156067
215.336267
215.451567
215.530233
216.088400
216.222567
216.495700
216.540233
216.752767
216.799067
216.923967
217.148767
217.170733
217.218700
217.277200
217.296633
217.343167
217.405600
217.469500
217.594400
217.646300
217.741067
217.990600
218.520567
219.276167
219.315467
219.451067
219.646833
219.669500
219.783133
219.830433
219.902867
219.938533
220.081100
220.371333
220.577067
221.377867
221.419200
221.598167
221.652900
221.725167
222.492833
222.512367
222.549600
223.323367
223.406633
223.729500
223.753467
223.910867
223.943533
224.210967
224.384067
225.585067
226.198200
226.254967
226.312133
226.364233
226.408467
226.512900
226.549033
226.735067
226.769400
226.798667
226.810133
226.826433
226.841967
226.848167
226.867500
226.877500
226.881400
226.890533
226.908433
226.922533
226.929467
226.941200
226.969200
226.989133
227.025533
227.065767
227.095133
227.120100
227.153433
227.237567
227.264200
227.295533
227.326967
227.398933
227.424100
227.447467
227.479267
227.497733
227.520033
227.534633
227.561733
227.582000
227.610067
227.634700
227.655500
227.705733
227.731600
227.757200
227.778867
227.799600
227.811967
227.821633
227.837467
227.856233
227.881233
227.896200
227.917000
227.941367
227.954400
227.966600
227.973233
227.988467
227.999233
228.007300
228.026167
228.041667
228.054767
228.058767
228.070767
228.082900
228.091033
228.099933
228.106800
228.114933
228.120167
228.128033
228.144867
228.158733
228.172000
228.188400
228.205233
228.226167
228.253333
228.301433
228.325300
228.361200
228.384533
228.421633
228.451567
228.473233
228.516767
228.548533
228.587567
228.695800
228.762467
228.821100
228.860967
229.223133
229.378933
229.507200
229.614200
229.658733
229.708567
229.767233
229.838267
229.866433
229.958200
230.636567
230.749133
230.911067
231.028567
231.198600
231.223500
231.359400
231.474133
231.919400
233.446233
233.665000
233.805933
233.880233
237.369833
237.442200
237.664100
237.800067
237.846633
237.869900
237.908833
237.929967
237.942633
237.978667
238.002700
238.026767
238.056833
238.101467
238.141633
238.190633
238.237700
238.311000
239.960300
240.105200
240.153133
240.216167
240.388167
241.113267
241.439433
241.468967
241.508033
241.544233
241.583600
241.642900
241.672467
241.696267
241.717067
241.746000
241.788200
241.894467
241.920267
241.938900
241.964867
241.991200
242.032767
242.072267
242.126967
242.154700
242.174767
242.223400
242.260800
244.475167
244.522833
244.542833
244.605667
244.632767
244.660133
245.573033
245.851100
247.040167
247.323167
247.678400
248.112800
248.214067
248.236667
248.559700
248.628667
248.680567
248.866800
249.184567
249.496400
249.616767
249.661100
249.704533
249.805567
249.886000
250.289700
250.354100
250.390567
250.417767
250.486633
250.516367
250.548233
250.603633
250.666667
250.719067
250.755667
250.791800
250.884033
250.988633
251.184933
251.449000
251.969233
253.036733
254.047133
254.159367
254.805267
254.960433
255.004533
255.234867
255.271600
255.305767
255.355567
255.396700
255.576367
255.615367
256.191200
256.252833
256.770867
257.504467
257.563267
259.322033
259.399800
259.563533
259.619233
259.691600
259.780467
259.928533
259.968400
260.042900
260.090667
260.126967
260.171533
260.315900
260.743567
260.882600
261.112900
261.584967
261.741600
261.791333
261.988200
262.021700
262.064867
262.425333
262.537633
262.576700
262.681500
263.804067
263.896033
265.252600
265.336500
266.867333
266.940367
267.330500
267.479667
267.528633
268.749300
269.916667
270.394867
270.444200
270.462200
270.491133
270.526033
270.618667
270.662033
270.717833
271.041133
272.682800
273.111333
273.205867
273.236667
273.267667
273.396867
275.054000
275.094267
275.140500
275.173100
275.223233
275.254400
275.272200
275.298400
275.335867
275.371800
275.390500
275.407600
275.457933
275.492700
275.546533
275.570700
275.599767
275.629367
275.654633
275.694000
275.733033
275.771867
275.799300
275.829200
275.876467
275.918833
275.959133
276.003467
276.152400
276.280933
276.347867
276.525700
276.941267
276.989233
277.596067
277.780100
277.843333
277.923567
277.975600
278.299200
278.505033
278.552633
278.587900
278.718567
278.745533
279.145000
279.280200
279.550667
279.590967
279.743600
279.910067
281.239100
281.406433
281.618500
281.766267
282.191433
282.235867
282.261233
282.317433
282.365633
282.503767
282.549967
282.571767
283.070633
283.099967
283.337533
285.260533
286.919800
286.956167
287.016267
287.168433
287.210400
287.335533
287.402600
287.518767
287.652400
289.148867
289.202733
289.933500
290.005933
290.083800
290.149600
290.243100
290.297500
290.332400
290.382300
290.498867
290.552833
290.597833
290.655967
290.692733
290.761933
290.794567
290.842133
290.884233
290.906033
290.954867
291.015033
291.105767
291.137033
291.172900
291.205700
291.259667
291.345833
291.384933
291.412767
291.465567
291.537200
291.643567
291.766467
291.848000
291.921267
292.053367
292.264300
292.345567
293.118233
293.256167
294.408600
294.870400
295.062833
295.799133
297.583900
297.734633
297.844000
297.928967
297.953267
297.998467
298.042767
298.081167
298.118867
298.152467
298.235867
298.278133
298.328600
298.356633
298.382167
298.413000
298.434000
298.467933
298.523767
298.540500
298.563667
298.584367
298.618267
298.625967
298.642433
298.686833
298.702100
298.722567
298.739567
298.754900
298.774500
298.799667
298.823633
298.845033
298.870233
298.893067
298.922633
298.966367
298.985633
299.021367
299.076333
299.156400
299.208600
299.246733
299.414100
299.631767
299.680967
300.023667
303.358800
303.423733
303.494900
305.064500
306.367200
306.399167
306.487967
306.633367
307.230600
307.884700
307.963700
308.649467
308.696500
308.743733
308.785900
308.834433
308.872267
308.892367
308.908933
308.974800
309.012467
309.065033
309.159767
309.189500
309.220033
309.242733
309.260567
309.280567
309.297433
309.326400
309.347067
309.364767
309.387467
309.415500
309.445567
309.470400
309.545267
309.574900
309.616467
309.665233
309.692800
309.722733
309.841667
309.877200
309.908867
310.373300
312.440833
313.279367
313.424133
314.036600
314.235033
314.328967
314.410267
314.431533
314.472700
314.518100
314.564867
314.615267
314.688467
314.725333
314.758267
314.816100
317.657467
318.333233
318.951967
318.996867
319.245533
321.774567
321.887600
322.006767
322.139533
322.193667
322.266567
323.671467
323.774533
323.941500
323.981733
324.064700
324.107633
324.141167
324.279367
324.365300
324.458367
324.574533
324.906833
325.015000
325.042900
325.202833
325.291900
325.880100
326.439200
326.789600
326.947000
326.968533
326.993700
327.010367
327.033733
327.046900
327.059200
327.094533
327.109333
327.127500
327.144667
327.160133
327.187667
327.226000
327.240233
327.252867
327.298133
327.326900
327.345633
327.370700
327.402700
327.423267
327.443767
327.465267
327.478933
327.487000
327.510233
327.531033
327.537833
327.553267
327.571167
327.594733
327.620867
327.630967
327.652967
327.667567
327.700267
327.728800
327.770233
327.795300
327.827433
327.861967
327.876133
327.901700
327.943633
327.976267
328.034000
328.064433
328.132700
328.179600
328.259233
328.332667
328.356367
328.437967
328.712700
328.751033
328.790733
328.818833
328.891600
329.037967
329.093200
329.204100
329.255833
329.328033
329.361533
329.440233
329.561600
329.592067
329.768133
329.891133
330.064533
330.109200
330.754133
330.814533
331.129000
331.501067
331.567600
331.617833
331.653400
332.492300
333.393100
333.431167
333.549900
334.244333
334.325533
334.349733
334.383367
334.557533
334.998733
335.199133
335.556667
335.673733
335.971067
336.976867
337.039533
337.096867
337.154867
337.690700
337.836567
337.874900
337.916033
338.028033
338.087067
338.149800
338.208400
338.338500
338.371267
338.410867
338.438400
338.479633
338.505867
338.538067
338.559967
338.575900
338.632800
338.660167
338.748333
338.795333
338.832200
338.857267
338.887400
338.928733
338.947067
338.979700
339.013767
339.030267
339.051033
339.085300
339.105367
339.127667
339.155133
339.188667
339.281433
339.322667
339.342367
339.371633
339.412033
339.454633
339.835867
339.896233
339.930800
339.952300
339.971167
340.007167
340.021833
340.033167
340.046433
340.060433
340.088333
340.095733
340.117133
340.123100
340.134167
340.149633
340.173267
340.192767
340.210533
340.270833
340.293133
340.329700
340.358867
340.377200
340.410533
340.428833
340.469367
340.489033
340.511500
340.526200
340.542233
340.559467
340.568867
340.586567
340.602567
340.637300
340.657667
340.673533
340.695467
340.714667
340.736767
340.763067
340.783400
340.809700
340.835967
340.861200
340.886267
340.920533
340.944900
340.968333
341.099300
341.161833
341.200433
341.243333
341.279533
341.388867
341.442033
341.549700
341.587467
341.650833
342.021767
342.122967
342.160100
343.013067
344.412967
346.571867
346.783533
349.822667
349.865533
349.934767
351.037367
351.228100
351.822100
351.884667
352.395800
353.074400
353.497300
353.556167
353.698333
353.813300
353.909633
354.423667
354.481400
355.322800
355.394400
355.509233
355.542433
357.550933
357.624933
357.693900
357.825867
358.588267
358.738433
359.867333
359.948067
360.005967
360.087733
360.125767
360.161967
360.199733
360.225267
360.624000
360.709033
360.902233
361.054233
361.465033
361.551300
361.703800
361.867500
361.950133
361.968900
361.975367
362.125467
362.276233
362.439300
363.402633
363.458833
363.503200
363.567167
363.588400
363.662033
363.727933
363.804033
363.869933
364.288533
364.468833
365.195700
365.594367
365.665167
365.824600
365.870033
365.973667
366.366600
366.755100
366.759567
366.786800
366.803733
366.831300
366.907333
366.937033
366.939567
366.980400
367.058200
367.191033
367.346033
367.551467
367.603867
367.639233
367.660200
367.740400
367.925867
368.043167
368.083267
368.171133
368.351200
368.647133
368.698600
368.849033
369.524500
372.264833
372.302867
372.418200
372.466600
372.564333
372.598733
372.624667
372.675467
372.752167
373.561967
373.629367
373.651967
373.660100
373.703067
373.749933
374.602867
374.807500
375.534300
375.604767
375.718267
375.751167
375.796067
375.846000
375.979567
376.028700
376.073300
376.812500
376.930133
376.991267
377.056133
377.124300
377.741267
378.116533
378.729167
379.282233
380.656067
381.103633
382.011000
382.070267
382.135900
382.446200
382.504200
382.574067
382.613267
382.654400
383.779633
384.368033
384.561667
384.730700
384.812800
384.850667
384.877167
384.948300
385.879300
386.085233
386.308133
386.364233
386.391167
386.595933
386.640067
387.027200
387.932433
388.239433
389.187700
389.240733
389.301567
389.411200
389.447100
389.508867
389.542800
389.577233
389.625733
389.688800
389.731067
389.931867
389.975400
390.100367
390.166533
390.225200
390.502233
390.539133
390.577333
390.609100
390.718800
390.787433
390.834133
390.863933
391.014600
391.026200
391.116033
391.162533
391.204767
391.229067
391.256167
391.282967
391.315133
391.343700
391.382433
391.410967
391.459967
391.524333
391.675700
391.753367
392.144867
395.125833
395.905167
395.931700
396.003267
396.036667
396.064800
396.447833
397.939433
398.080867
398.123800
398.436567
398.463400
398.495533
398.523433
398.549633
398.583500
398.604967
398.625700
398.647767
398.667067
398.700167
398.730233
398.761633
398.794733
398.881500
398.936067
398.977567
399.186067
399.268200
399.418933
399.467467
399.495300
399.512233
399.533133
399.547967
399.570667
399.595267
399.620233
399.666700
399.700533
399.770233
399.802933
399.839267
399.863700
399.903000
400.017067
400.049233
400.121433
400.148867
400.196300
400.262900
400.294267
400.348367
400.432000
400.624967
400.728400
401.013533
401.161667
403.333467
403.387100
405.315033
405.526000
405.597333
405.635667
405.661567
405.705433
405.730600
405.757900
405.784833
408.847933
409.647267
409.739733
409.833100
409.863267
409.896133
409.979700
410.014433
410.082700
410.227100
410.801133
410.830667
410.864133
410.986967
413.339067
413.934633
413.975833
414.074467
414.502100
414.870033
414.922767
414.959533
414.993600
415.037100
416.394633
416.585800
416.684467
416.726767
416.764467
416.952700
417.122733
417.182233
417.202333
417.234400
417.254967
417.286967
417.310300
417.336567
417.369700
417.410767
417.481567
417.609567
417.644900
417.698433
417.787533
417.825400
417.860000
417.927233
417.959567
418.000367
418.043233
418.071367
418.093767
418.121167
418.141500
418.154333
418.174567
418.189067
418.200400
418.209467
418.235867
418.243333
418.251167
418.259567
418.276700
418.287000
418.303633
418.315000
418.324100
418.338533
418.347767
418.351600
418.371067
418.380533
418.388667
418.404333
418.412533
418.415133
418.425633
418.434367
418.446333
418.459967
418.465967
418.486333
418.497667
418.512933
418.527800
418.551600
418.583000
418.625067
418.656600
418.682100
418.712633
418.748167
418.779000
418.806867
418.832733
418.867800
418.900733
418.946233
418.990900
419.042300
419.159067
419.201433
419.998600
420.433933
420.496367
420.609867
420.645233
421.647633
425.910167
426.394033
426.416767
428.180000
428.256300
428.324500
428.368233
428.591133
428.637833
428.782300
428.866567
428.898933
428.924733
428.948400
428.958233
428.969867
428.991633
429.058433
429.088933
429.105833
429.132767
429.147133
429.215767
429.249200
429.324133
429.515100
429.575900
429.690567
429.768367
430.613533
431.707567
432.448133
432.738667
433.011167
433.314100
434.608000
435.441333
436.517633
437.732200
437.832200
437.928200
438.861467
440.256100
440.984267
441.033667
441.062567
441.311133
441.338367
441.701900
441.788700
441.827567
441.867667
441.928833
441.959467
441.986833
442.015600
442.034733
442.066533
442.110133
442.203167
442.368200
443.276700
443.332500
443.367167
443.461700
443.497633
443.847867
443.876000
443.939367
444.168700
444.243600
444.857100
444.894767
445.152033
445.210633
445.261533
445.381767
445.441367
445.544733
445.603367
445.743867
445.779867
445.809767
446.431767
446.481900
446.672500
446.686167
446.707400
446.715600
446.718800
446.722633
446.731500
446.734433
446.737200
446.745267
446.749067
446.755467
446.770767
446.787300
446.794000
446.796367
446.805033
446.815133
446.830433
446.836633
446.849333
446.852533
446.866200
446.875733
446.878933
446.887567
446.899633
446.910467
446.915033
446.919567
446.927500
446.935933
446.945900
446.949533
446.957700
446.962100
446.970467
446.974867
446.985700
446.989033
446.997767
447.010767
447.016733
447.023300
447.031967
447.040567
447.060767
447.066333
447.076000
447.079300
447.087067
447.092967
447.124900
447.144800
447.275500
447.313000
447.341667
447.344667
447.371067
447.380233
447.418767
447.437200
447.465033
447.474800
447.596867
447.604267
447.632767
447.657467
447.679133
447.763500
447.783567
447.881033
448.004167
448.026933
448.040933
448.072867
448.092833
448.114067
448.119433
448.123967
448.128133
448.140133
448.156633
448.188533
448.206467
448.208400
448.221767
448.236100
448.246200
448.254333
448.263533
448.284667
448.308300
448.327833
448.373133
448.408933
448.442667
448.528033
448.644100
449.584267
452.077200
452.297000
452.320100
452.424000
452.479700
452.482700
452.495833
452.526633
452.552000
452.570800
452.594267
452.699067
452.909900
452.972067
453.016267
453.252433
453.905000
454.305767
454.323467
454.425433
454.511433
454.698433
455.349833
455.627333
455.688567
455.722033
455.754467
456.044067
456.074700
456.139200
456.268433
456.406033
456.955600
457.073367
457.118533
457.172667
457.245533
457.325800
457.537067
458.577000
459.117467
459.146567
459.420967
459.662200
459.902767
459.946733
460.088167
460.266200
460.317933
460.338267
460.537833
460.654667
460.870833
461.125000
461.377833
462.110600
462.845867
462.917467
462.988233
464.030067
464.139333
464.958767
465.454000
465.952533
466.325000
466.397200
466.583233
466.586067
466.896767
466.922300
466.970200
467.027567
467.063167
467.163667
467.193733
467.202900
467.224100
467.240133
467.248733
467.256167
467.268700
467.281133
467.295933
467.302633
467.306533
467.317733
467.332267
467.340267
467.356733
467.370733
467.387200
467.404667
467.451633
467.468767
467.510767
467.548600
467.581567
467.644700
467.677867
467.749000
467.787300
467.955233
468.076700
468.083067
468.132700
468.163967
468.189167
470.470933
472.496133
472.517200
472.545433
472.870933
472.903667
474.708800
474.849700
474.924567
474.956567
474.993233
475.033800
475.058533
475.139933
475.184933
475.218600
475.260433
475.315100
475.399433
475.449400
476.281867
476.500867
476.525233
476.555800
476.608800
476.684900
478.583767
478.768967
479.215533
479.351400
479.852400
480.005200
480.120200
480.195367
480.210000
480.290233
480.329500
480.379633
481.350133
481.359033
481.366867
481.425100
481.902233
482.347533
482.960800
483.468933
483.577100
483.623367
483.965567
484.015600
484.048500
484.092833
484.225600
484.294567
484.385733
484.422500
484.635300
485.168567
485.317567
485.346567
485.680367
485.712933
486.666933
489.529967
489.814967
490.032967
491.254500
491.461267
491.551867
491.671800
491.765433
492.020833
492.128067
493.423033
495.296600
495.719267
495.846933
495.985200
496.027100
496.717533
497.051767
497.083933
497.277033
497.435633
497.489800
497.559433
497.695867
497.758533
497.808967
500.323867
500.377267
501.006367
501.616667
502.052167
502.704933
502.717733
502.739700
503.538700
503.714733
503.828233
504.006967
504.052767
504.087667
504.119533
504.136267
504.157467
504.188700
504.430733
504.467933
504.519067
504.548900
504.581467
504.629800
504.732667
504.764967
504.794000
504.818000
505.403167
506.319400
506.493800
506.577633
506.634300
506.725100
506.809200
506.868733
507.008333
507.157667
507.186533
507.223700
507.333333
507.393333
507.473467
507.636633
508.362000
508.551667
508.632033
508.722167
508.996067
509.033733
509.320833
511.222167
511.541267
511.631667
511.671600
511.978300
512.048833
513.477033
513.533800
513.682200
513.771333
513.819867
513.865300
514.300400
514.341867
514.404133
514.440700
514.473400
514.512367
514.535800
514.578800
514.642200
514.736833
514.873767
514.915000
515.083433
515.176600
515.244767
515.287300
515.334833
515.354567
515.387733
515.402133
515.418667
515.429967
515.449967
515.472300
515.506133
515.524233
515.546433
515.560533
515.575667
515.597967
515.613900
515.628233
515.640733
515.664833
515.711367
515.942333
515.976967
516.144400
516.181500
516.243133
516.283867
516.312867
516.317900
516.344167
516.385433
516.778700
516.806167
516.864733
516.998967
518.002400
519.709467
519.757133
519.806467
520.036567
520.437200
520.488967
520.519033
520.550900
520.736300
520.770467
520.848800
520.908333
520.979167
521.231000
521.257700
521.301733
521.380433
521.569733
521.603733
521.636567
521.749333
522.420033
522.645700
522.943667
523.022000
523.403467
523.527433
523.786000
523.835167
523.999467
524.040567
524.362333
524.405433
524.735667
524.852967
524.941133
525.021000
525.571000
525.650000
526.415567
526.528900
526.654333
526.675533
526.708967
526.798033
526.943733
527.039667
527.949233
528.155500
528.557700
528.627867
528.658933
528.681600
528.711900
528.998067
529.317467
530.302867
530.333867
530.504333
530.570167
530.725767
530.851833
530.947633
531.066433
531.087467
531.114100
531.135800
531.149433
531.166767
531.182500
531.199100
531.208467
531.222400
531.245267
531.251300
531.268033
531.280433
531.292733
531.298367
531.305533
531.321933
531.334300
531.344000
531.363933
531.378367
531.409233
531.435633
531.463467
531.493300
531.511700
531.533567
531.584933
531.640267
531.699733
531.734367
531.814800
531.844300
531.950333
531.994467
532.156167
532.299600
532.354667
533.162767
533.234267
534.503333
534.573867
534.614833
534.679300
534.755967
534.811733
534.871467
535.049867
535.289933
535.876233
535.907900
535.953067
536.109400
537.187000
537.243533
537.745967
537.814133
537.976700
538.135500
538.229533
540.035267
540.438067
542.404067
542.440800
542.901933
543.309100
543.774433
543.962267
544.112500
544.177767
544.211400
544.233933
544.257900
544.305700
544.455733
544.485833
544.510133
544.551700
544.577500
544.649900
546.101967
546.230267
546.261300
546.311033
546.689467
548.826767
549.709167
549.765800
549.819900
549.860600
550.006933
551.213767
551.378700
553.222600
553.289267
553.497167
554.025300
554.052867
554.080967
554.102200
554.160467
554.192200
554.577567
554.681500
554.770133
555.665600
555.956400
558.320933
558.354033
559.574733
559.632467
559.783133
560.100567
560.556933
560.893233
561.421167
561.571267
562.385367
562.436433
562.462967
562.586733
562.611900
562.668700
562.693167
562.727600
562.853267
562.912500
562.923667
562.965900
563.050500
563.106700
563.145833
563.170300
563.199833
563.248133
563.290267
563.333233
563.380933
563.542800
563.597667
563.642000
563.773400
563.814133
564.201200
564.505200
564.645333
564.865667
564.926167
565.071167
565.143200
565.493600
565.538167
565.624367
565.678133
565.886667
565.943900
566.011533
566.040233
566.080367
566.138800
566.171767
566.201467
566.250567
566.288800
566.340533
566.389267
566.448967
566.486267
566.545000
566.602367
566.646933
566.700367
566.722033
566.745667
566.804100
566.833967
566.861200
566.878067
566.919033
566.940133
566.966800
567.003333
567.023567
567.051500
567.077500
567.113533
567.143233
567.180500
567.214700
567.273867
567.309133
567.335767
567.381833
567.433100
567.489100
567.599767
567.639633
567.667333
567.702400
567.764600
568.050233
568.300133
569.216100
570.306867
570.573367
570.601033
570.708067
570.737567
571.679333
571.990633
572.249967
572.331300
572.382233
572.428633
572.471667
572.530033
574.259800
574.287733
574.360933
574.799267
575.224500
575.363700
575.450167
575.476933
575.685267
575.836900
575.932900
576.093233
576.207233
576.242267
576.288000
576.314000
576.489333
576.548567
576.631900
576.765633
577.004400
577.128067
577.840433
579.866033
579.916633
580.071533
580.122233
580.167167
580.195000
580.267467
580.316067
580.352267
580.400033
580.471333
580.555100
580.925100
581.179467
581.234133
581.274233
581.512467
581.584867
581.671000
581.720500
581.779967
581.835367
582.070133
582.105700
582.171833
582.205700
582.895700
583.080767
583.121067
583.185000
583.249567
583.357267
583.422967
583.465233
583.526333
583.594467
583.628633
583.671033
583.748567
583.803633
583.846500
583.875933
583.903867
583.930900
584.201033
584.418467
584.663200
584.731933
585.039200
585.053367
585.055200
585.114533
585.123167
585.143767
585.391600
585.476767
585.566967
585.585667
585.664400
585.675700
585.690600
585.695033
585.718467
585.749967
585.753200
585.755733
585.829500
585.892000
585.922300
586.000400
586.047333
586.103400
586.118133
586.309300
586.381300
586.487100
586.490733
586.492967
586.506700
586.561600
586.671933
586.685233
587.090133
587.294533
587.541800
587.551167
587.555900
587.660733
587.726033
587.772867
587.774967
587.784967
587.850467
587.882700
587.949533
587.962733
588.060300
588.095000
588.166067
588.270233
588.367567
588.423400
589.036833
589.048800
589.202467
589.210900
589.232167
589.300667
589.374733
589.722333
589.932233
589.983933
590.010333
590.045700
590.205700
590.329333
590.344233
591.373633
591.578467
591.635033
591.659700
591.676833
591.706100
591.719000
591.738867
591.759200
591.772400
591.789367
591.801267
591.820500
591.849567
591.893433
591.923067
591.980833
593.824167
595.111333
595.155200
595.192167
595.379300
595.505067
595.788300
596.038467
596.072300
596.516500
596.660967
596.806567
598.602367
598.717267
599.033033
599.150200
599.207100
599.229733
599.437467
599.484833
599.533967
599.579200
599.925833
600.999133
601.418933
601.465967
601.509067
601.546633
601.595067
601.622333
601.679833
601.713933
601.740600
601.780367
601.818200
601.869067
601.920000
601.959667
602.017300
602.118267
602.200933
602.375367
602.488967
602.523400
602.563633
602.649267
602.684700
602.724067
602.747700
602.797300
602.834767
602.867167
602.910300
602.946900
602.980567
603.011633
603.036233
603.052833
603.082067
603.116567
603.143767
603.167967
603.199967
603.379300
603.411000
603.506400
603.543667
603.586400
603.629200
603.654833
603.699900
603.799433
603.822300
603.856800
604.023200
604.065767
604.861367
605.214667
605.327733
605.348167
605.386067
605.508200
605.541933
605.889933
605.979567
606.404767
606.612700
606.710933
606.844133
606.871500
606.953867
606.993633
607.026867
607.079167
607.120033
607.187767
607.214700
607.259667
607.293300
607.320533
607.440933
607.570200
608.837567
609.387267
609.615033
610.131000
611.366267
612.249167
612.895900
613.103700
613.140100
613.198700
613.399200
613.679033
613.734833
613.789900
613.889900
614.102167
614.132267
614.154400
614.288233
614.335267
614.360633
614.396433
614.662900
614.739033
614.850300
615.090300
615.120267
615.505333
617.064433
617.200300
617.222000
617.259667
617.303433
617.415900
617.441700
617.520500
617.572967
617.598300
617.653267
617.668600
617.684700
617.698067
617.704333
617.713167
617.725367
617.747200
617.763900
617.766533
617.790267
617.820100
617.859400
617.941633
617.972967
618.014100
618.118467
618.167900
618.250433
618.324100
619.331033
619.493867
619.537033
619.740267
620.537333
620.739533
620.803633
621.072533
621.534400
621.593567
621.613433
621.640833
621.653967
621.672000
621.710833
621.739667
621.789467
621.815467
621.836100
621.873533
621.912233
621.961300
622.000067
622.042800
622.178200
622.234800
622.257967
622.276933
622.309400
622.391067
623.011067
623.157967
623.298900
623.409033
623.475967
623.541400
623.864367
626.909867
626.942867
626.989633
627.125933
627.840533
627.874367
627.901367
627.936367
627.957733
628.013533
628.457267
628.838967
628.885133
629.233900
629.848267
629.945567
630.090467
630.139000
630.314100
631.823100
631.899100
631.939533
632.901200
632.958300
633.170100
633.280800
633.362500
633.465300
633.499500
633.589233
633.662967
633.699933
633.734067
633.779633
635.489333
635.691867
636.205367
636.213333
636.675133
636.809767
637.067133
637.221167
637.315767
637.399100
637.442700
637.477667
637.522900
637.631000
637.675333
637.804667
637.871267
637.902433
637.936667
637.961267
638.010600
638.059067
638.197900
638.223767
638.268700
638.967233
639.026833
639.179833
639.572633
639.795633
639.849267
639.915367
639.953400
640.013033
640.325700
640.470367
640.840433
640.916633
640.951467
641.008833
641.130333
641.194000
641.263233
641.289600
641.316567
641.348767
641.383633
641.419733
641.452333
641.476800
641.548267
641.589200
641.610000
641.658000
641.734800
641.770500
641.797133
641.829467
641.857367
641.910933
641.994700
642.044033
642.061867
642.078367
642.094800
642.115433
642.134733
642.152233
642.167633
642.186633
642.222833
642.241100
642.251733
642.280833
642.294833
642.304167
642.322633
642.348200
642.402433
642.576133
644.957033
645.207067
645.260000
645.311200
645.390700
645.428700
645.543033
645.816867
645.933700
646.046167
646.080700
646.136300
646.163067
646.210567
646.251500
646.282967
646.318800
646.350367
646.403233
646.431367
646.462300
646.494533
646.575367
646.656033
646.696133
646.736667
646.770367
646.810833
646.870933
647.499167
647.527000
647.538167
647.556167
647.564400
647.593667
647.608800
647.672167
647.703067
647.967900
648.030900
648.122467
648.726067
649.472700
650.095500
650.824300
651.510400
651.537767
651.562467
651.628433
651.690433
651.724400
651.749167
652.053467
652.434333
652.649000
653.124033
653.242200
653.280733
653.372467
653.494200
653.664333
653.691867
653.736767
653.764467
653.800800
653.836333
653.955567
654.056667
654.707933
655.196933
655.402667
656.763900
656.971033
657.014233
657.059767
658.053300
658.771100
659.117933
659.196267
659.229633
659.255833
659.493833
659.530100
659.553233
659.586567
659.626300
659.650600
659.698000
659.730133
659.774867
659.786800
659.824200
659.837400
659.862967
659.881300
659.906533
659.934700
659.959433
660.011200
660.073000
661.320100
661.535000
663.701800
664.028600
664.123933
664.166000
664.205633
664.292600
664.348833
665.351533
666.657367
666.726367
666.779867
667.130800
667.493600
667.537533
667.635367
668.154033
668.250767
668.333933
668.438500
668.470333
668.509700
668.571700
668.632567
668.770800
668.853500
669.416200
669.463233
669.492533
669.837000
669.903433
669.994233
670.136700
670.265733
670.368133
670.412900
670.444000
670.480567
670.509900
670.574367
670.672600
670.717333
670.885867
670.910133
670.962633
671.032467
671.079167
671.122633
671.158533
671.252500
671.348133
671.373267
671.399733
671.544200
671.575467
671.609900
671.640967
671.664033
671.703433
671.732967
671.810633
671.850433
671.895267
671.931267
671.980567
672.043900
672.102600
672.127633
672.176133
672.230867
672.278967
672.373400
672.625167
672.671867
672.730467
673.911567
674.001200
674.104467
674.115767
674.708367
674.786000
674.861867
675.078567
676.139167
676.660400
676.792600
677.094533
677.276800
677.452733
677.611433
677.736633
678.036167
678.136067
678.253267
678.292567
678.391167
678.500300
678.574600
679.337333
679.440100
679.547067
679.983600
680.067500
680.188600
680.312633
680.338833
680.356667
680.391567
680.415667
680.439733
680.577033
680.625267
680.647333
680.745333
680.842100
680.872567
681.202600
681.241033
681.499233
681.540767
681.677867
681.792000
682.007233
682.035200
682.144233
682.212300
682.249000
682.729233
683.103133
683.223300
683.259467
683.289267
683.333967
683.370300
683.420967
683.448867
683.592867
683.644733
683.679300
683.703367
683.739567
683.772333
683.806467
683.852933
683.894100
683.898000
683.916367
683.994200
684.036733
684.067333
684.093633
684.113033
684.129700
684.159333
684.170367
684.182900
684.196867
684.214667
684.223567
684.238367
684.259267
684.267800
684.291067
684.304567
684.316300
684.334333
684.348233
684.374567
684.386367
684.420367
684.449567
684.472567
684.497400
684.551733
684.568567
684.585033
684.592367
684.609967
684.617000
684.627833
684.641933
684.655667
684.664100
684.695600
684.710833
684.734933
684.764000
684.792067
684.812833
684.852567
684.909700
684.968667
685.027967
685.205933
690.074533
690.090200
693.010533
693.591700
693.621033
693.653067
694.163367
694.306067
694.512967
694.566833
694.991433
695.030467
695.196733
695.232167
695.270000
695.648967
695.933500
696.054667
696.158067
696.207767
696.436500
696.871833
697.042467
697.102033
697.420067
697.915067
698.595533
698.659233
699.430567
699.469467
699.539067
699.910367
700.553767
700.602200
700.653133
700.778667
700.825767
701.154933
701.339867
701.383633
701.436067
701.457667
701.501733
701.551033
701.594733
701.638800
701.679700
701.703733
702.430700
702.616267
702.702567
702.712533
702.758833
704.045233
704.151100
704.270233
704.341033
704.541567
704.644000
704.695700
704.769067
705.162800
705.339967
706.080300
706.188700
706.242333
706.299767
706.429933
706.467667
706.652467
707.275533
708.272633
708.495667
708.579633
709.183700
709.259700
709.288700
709.333600
709.363000
710.005567
710.044000
710.068567
710.100367
710.207200
710.234633
710.474267
710.701733
710.760833
711.223800
711.660833
711.772333
711.843600
712.133533
712.256567
712.496600
712.670433
712.727533
712.770000
712.793100
712.832767
712.976967
713.071600
713.167433
713.635433
713.659600
713.664833
713.692467
713.797467
713.963800
714.101167
714.160600
714.230933
714.393967
714.507033
714.589633
714.640600
714.676333
714.739967
715.263467
715.388267
715.686767
716.104133
716.188567
716.250233
716.283767
716.308167
716.336367
716.369567
716.405567
716.440900
716.479667
716.549233
716.551767
716.612167
716.659433
717.362233
717.761800
717.900400
717.977200
718.021867
718.056900
718.119400
719.490467
719.762000
719.858000
720.049900
720.124633
720.236300
720.425033
721.533467
721.698500
721.854967
721.863000
721.945333
721.995000
722.314967
722.392033
722.617000
722.628600
722.700400
722.702567
722.716833
722.728900
722.776000
722.804700
722.818567
722.922800
722.952867
722.995933
723.087733
723.165067
723.261967
723.300633
723.545000
723.564567
723.743033
724.189200
724.232033
724.243200
724.245067
724.247267
724.654100
724.794600
725.607300
725.778433
726.078167
726.120900
726.174533
726.602300
726.652133
726.693267
727.505067
727.794700
727.950500
728.596667
728.974867
729.083300
729.954567
730.490733
730.695333
730.783467
730.878367
731.211867
731.259667
734.056600
734.293633
734.660967
735.890067
735.947000
736.332500
736.375967
736.415767
736.459200
737.150500
737.235700
737.450033
738.163300
738.225000
738.256667
738.290067
738.312233
738.332400
738.407300
738.501533
738.765667
738.827600
738.894400
738.928067
738.952667
738.998600
739.086167
739.113667
739.161000
739.250733
739.282133
739.336133
739.373033
739.432100
739.489200
739.661167
739.768867
739.908167
740.431733
740.463367
740.529367
740.565300
740.634467
740.714200
740.798733
740.842300
740.898200
740.949100
740.986367
741.714900
742.014100
742.552467
742.622233
742.760533
743.705833
743.749333
743.858367
743.961067
745.186567
745.651967
745.688767
745.840333
746.102433
746.251500
746.319400
746.347233
746.398367
746.418333
746.489867
746.532400
746.602533
746.640367
746.669900
746.718433
746.782833
746.824333
746.869500
746.910933
746.925800
746.965167
746.989500
747.015267
747.042867
747.082233
747.115867
747.146733
747.173633
747.205633
747.235133
747.300433
747.342767
747.364833
747.415633
747.461367
747.508800
747.575267
747.753767
747.798667
748.315933
749.333233
749.611433
751.612467
751.971767
752.242000
752.336467
752.413800
752.605933
752.899500
753.366767
753.428867
753.479033
753.571767
753.747100
754.201433
756.139467
756.421467
756.683433
756.736300
757.003600
757.724800
757.796300
757.845300
757.884100
757.958000
758.214867
758.288300
758.370900
758.404433
758.502500
758.606767
758.639033
758.734233
758.832600
758.995667
759.025500
760.676667
760.760300
761.395633
762.007767
762.070600
762.092467
762.109700
762.195633
762.315733
762.351100
762.406900
762.435667
762.553333
762.788733
763.450833
763.646167
763.988833
764.070500
764.091067
764.152800
764.197300
764.243367
764.254967
764.497033
764.533033
764.692433
765.697000
765.725867
765.836800
767.063000
767.182233
768.738267
768.813167
769.000533
769.018633
769.070567
769.112967
769.175467
769.231733
769.405067
769.445367
769.475967
769.693833
769.830900
770.096367
771.067000
771.127567
771.238633
771.291433
771.550733
771.581733
771.763533
771.848600
771.918100
771.987000
772.004533
772.088767
772.211500
772.291033
772.325967
772.384700
772.423833
772.461367
772.488500
772.582700
772.666900
772.703033
772.750967
772.780000
772.828933
772.878767
772.948967
772.992967
773.036767
773.069733
773.110600
773.140333
773.181200
773.212000
773.248600
773.302767
773.332100
773.363233
773.420267
773.513733
773.627633
773.674967
773.881700
775.039900
775.135833
775.191467
775.249500
775.284400
775.354700
775.948333
775.993700
776.094900
776.926333
777.314767
777.368533
777.436000
777.471900
777.509167
777.537000
777.577400
777.620767
777.879633
778.258200
778.516233
779.486600
779.564033
779.605100
779.650700
779.693767
779.755333
779.810533
779.849867
779.879733
779.922067
779.974367
780.010233
780.084333
780.118500
780.155500
780.366167
780.485833
780.731400
780.891733
780.950333
781.599033
782.622267
782.652933
782.775833
782.808067
782.824700
782.836667
782.874833
782.897667
783.128700
783.133033
783.279633
783.532600
783.579967
783.647733
783.875667
783.929967
783.994133
784.064400
784.104533
784.154933
784.199033
784.231200
784.257700
784.299800
784.328833
784.382133
784.441300
784.499500
785.052833
785.357200
785.527133
785.623633
785.703967
786.460033
786.558600
788.652367
788.823133
788.903867
789.030533
789.152933
789.209800
789.242333
789.271533
789.319800
789.345833
789.392067
789.436100
789.507333
789.550633
789.629400
789.677600
789.731300
789.769700
789.871233
790.240733
790.701233
790.892533
790.933300
791.101900
791.123967
791.186633
791.256867
791.330033
791.428133
791.454533
791.533000
792.476967
793.275200
793.316000
793.351833
793.379200
793.456167
793.538033
793.920100
793.983900
794.662733
794.790933
794.860733
794.939067
795.070433
795.142333
795.207600
795.281567
795.754233
795.813633
795.971033
796.002100
796.041500
796.074500
796.141600
796.171667
796.192467
796.250733
796.284133
796.313867
796.349833
796.375433
796.401067
796.493033
796.548233
796.582100
796.615267
796.636200
796.695533
796.756267
796.783967
796.822367
796.938433
797.014867
797.059367
797.227733
797.244033
797.293333
797.335167
797.383800
797.406000
797.465033
797.491333
797.587967
797.612167
797.679400
797.733433
797.789867
797.824400
797.847967
797.870067
797.915267
797.946600
797.964167
797.988267
798.067400
798.124133
798.155333
798.180767
798.217467
798.272400
798.436600
798.562367
798.693200
798.736967
798.794200
798.819333
798.849600
798.883500
798.912533
798.923133
798.933600
798.953167
798.966600
798.976733
798.984767
799.001967
799.013433
799.034800
799.062800
799.083333
799.111167
799.141267
799.184400
799.211400
799.241367
799.282867
799.311400
799.348767
799.379867
799.414400
799.436567
799.469267
799.493300
799.520967
799.554667
799.566867
799.591567
799.620233
799.647867
799.667833
799.689100
799.701233
799.709700
799.721800
799.731167
799.736333
799.750833
799.759900
799.768533
799.777433
799.796033
799.808167
799.821300
799.833400
799.850267
799.865967
799.900233
799.927933
799.992433
800.017000
800.103200
800.145633
800.187333
800.254800
800.349233
800.393733
800.540900
800.589367
800.644433
800.681133
800.789600
800.877633
800.919000
800.994967
801.035667
801.920867
802.217833
802.899300
804.692067
804.730400
804.772400
804.873000
805.083233
808.106700
808.246367
809.273433
809.455567
809.652367
809.988467
810.375933
810.594633
810.616633
810.670467
810.753933
811.158167
811.425767
812.863100
813.398467
813.830667
814.094400
814.126300
814.185633
814.307233
815.205000
815.245100
815.288600
815.324633
815.415867
815.501433
815.571533
815.604133
815.646233
815.682900
815.760400
815.789800
815.818933
815.845600
815.864333
815.905633
815.932400
815.968433
816.312067
816.603500
816.639167
816.713367
816.751267
816.826933
817.085367
817.165833
820.092700
820.162967
820.793367
820.834033
820.926067
821.178700
822.772500
822.843767
822.913767
824.926300
824.938367
824.963133
824.984233
825.017533
825.073333
825.095333
825.125000
825.383467
825.452167
825.769967
825.817867
826.214000
826.332700
826.397600
826.415133
826.674200
827.132933
827.322167
827.441033
828.354200
828.873000
828.904700
828.966133
828.990300
829.105067
829.145767
829.180800
829.237633
829.715067
829.946200
830.002967
830.159067
830.188967
830.270600
831.709567
831.751333
833.080867
833.121033
833.138733
833.164767
833.197633
833.223800
833.256267
833.295933
833.323767
833.351500
833.419667
833.472200
833.493200
833.554867
833.616833
833.655233
833.683667
833.783033
833.845933
833.883167
833.978500
834.137467
834.431233
834.457967
834.828000
835.342800
835.399867
835.444567
835.508300
835.698833
835.734167
835.797233
835.852233
835.954833
837.968400
838.106100
838.280833
838.319133
838.425300
838.517600
838.558733
838.584767
838.613600
838.647467
838.678933
838.696533
838.726767
838.754900
838.787933
838.825133
838.856133
838.883467
838.913733
838.938333
838.957100
838.973967
839.009233
839.067300
839.619667
839.663800
839.876933
839.912800
840.357733
840.411100
840.557200
840.623467
841.061867
841.202700
841.285200
841.313167
841.385900
841.410167
841.420767
841.436967
841.444633
841.455933
841.464933
841.470733
841.486533
841.499033
841.513067
841.523900
841.536867
841.545767
841.557000
841.564000
841.572233
841.580700
841.592167
841.604333
841.614833
841.623567
841.641700
841.661000
841.667600
841.723067
841.747333
841.784233
841.816600
841.843233
841.908467
841.961500
842.114967
842.177533
842.232300
842.284100
842.370367
842.704933
842.777233
842.819900
842.865933
842.991833
843.285333
843.511167
844.488333
845.320667
847.111767
847.141333
847.351133
847.410933
847.808033
848.984467
849.025300
849.090367
850.423333
850.933633
852.259100
854.743433
855.170333
855.239500
855.389967
855.420133
855.464567
855.505767
856.029300
856.667200
856.703200
856.980067
857.020333
857.632667
858.932433
858.995267
859.028733
859.104967
859.145300
859.182033
859.210733
859.288733
859.353400
859.390633
859.436667
859.458567
859.594833
860.285633
860.508267
862.877533
862.939300
862.994267
863.101633
863.130933
863.210433
863.281333
863.400800
863.440067
863.570967
863.857767
864.248633
864.284833
864.334100
864.394400
864.481833
864.509033
864.674233
864.738733
864.783400
864.813533
864.841800
864.865567
864.893300
864.979533
865.010567
865.043567
865.069000
865.114700
865.138900
865.180700
865.445133
865.530133
865.662600
865.703733
865.746067
865.878100
865.928900
865.968200
866.163467
866.271367
866.308467
866.374900
866.427600
866.522333
866.552767
866.640967
866.831467
866.941367
867.042733
867.091767
867.113333
867.171300
867.355200
867.377400
867.579233
867.634667
867.664767
867.797267
867.826500
867.846067
867.870233
867.889967
867.916967
867.938633
867.974933
868.002533
868.038100
868.058833
868.089500
868.135433
868.190133
868.263133
868.288100
868.322200
868.343533
868.366400
868.390033
868.424633
868.462233
868.490900
868.532500
868.583333
868.601667
868.630033
868.646333
868.660700
868.673700
868.699467
868.734400
868.743133
868.755733
868.765133
868.780233
868.801467
868.829333
868.855033
868.890900
868.916933
868.947133
868.971567
868.993733
869.026567
869.048300
869.095400
869.113000
869.135433
869.161900
869.178000
869.193167
869.207167
869.218133
869.226967
869.236767
869.252500
869.261333
869.265367
869.294767
869.313433
869.332500
869.347000
869.373067
869.451400
869.511600
869.566667
869.639400
869.728600
869.898533
869.950567
870.023800
870.301867
872.067900
873.105133
873.227200
873.452267
873.508833
874.583233
874.632300
874.654300
874.714033
874.743967
874.774167
874.793733
874.815667
874.837533
874.874867
874.918000
874.960700
875.001867
875.040600
875.229767
875.267367
875.332233
875.746767
876.037867
876.096933
879.038667
879.069700
880.051367
881.079133
881.118467
881.249567
881.337167
881.446900
881.484467
881.513100
881.582200
881.604800
881.649033
881.995467
882.074967
882.308367
882.452467
882.525867
882.622367
884.225367
884.266200
884.340567
884.825967
885.043667
885.106700
885.245733
885.279900
885.322767
885.429333
885.467100
885.498467
885.565033
885.653600
885.705133
885.750033
886.085867
886.194333
886.298900
886.394433
886.587400
886.668433
886.714367
887.892200
887.937400
888.592867
888.653000
888.772067
890.526100
891.157467
891.871300
892.527333
893.319300
893.370133
895.760067
895.940800
896.615000
896.761300
897.819867
897.857300
897.879933
898.132000
899.399000
899.451933
900.228500
900.452367
900.519800
900.587367
900.629933
901.443567
901.525533
901.569200
901.599767
901.621500
901.644433
901.673367
901.693800
901.714367
901.731833
901.756067
901.769567
901.777300
901.793367
901.815633
901.836600
901.860000
901.887400
901.937333
902.001633
902.054200
902.124967
903.641500
903.828600
903.896500
906.480900
906.561267
906.620333
906.724133
906.845067
906.890800
906.922967
907.112833
907.633067
907.794467
908.292467
908.332700
908.424833
909.687633
909.773867
909.845067
909.923967
909.989767
910.200700
910.241033
910.355633
910.455600
910.532600
910.559667
910.627467
910.947367
911.032567
911.037967
911.103900
911.109567
911.194400
911.231467
911.318233
911.435500
911.507667
911.540400
911.569367
911.646400
911.729100
911.821800
911.999767
912.072367
912.180967
912.185733
912.231867
912.240433
912.271933
912.366867
912.518233
912.616500
912.623300
912.765767
912.871500
912.875133
913.022633
913.370867
913.417800
913.473033
913.534967
913.644733
913.734700
913.777367
913.787333
913.815067
913.820000
913.852200
913.904600
913.943167
914.497333
914.696267
915.145233
915.203367
915.207400
915.214900
915.223000
915.463200
915.566600
915.649433
915.675833
916.089600
916.180367
916.190200
916.194733
916.322000
916.344433
916.521400
916.672967
918.557333
919.825667
920.139433
920.826533
920.846667
920.862233
920.875600
920.901233
920.914267
920.925133
920.941467
920.955533
920.966667
920.985967
920.996433
921.013267
921.024600
921.039167
921.057967
921.084400
921.177033
921.228567
921.305733
921.360733
921.513000
922.420233
922.684833
923.503700
924.475933
924.729500
924.768867
924.875467
925.651100
925.847633
925.920333
925.955633
926.031900
926.945900
927.000333
928.840100
928.974767
929.008500
929.023200
929.040867
929.061300
929.100100
929.145933
929.186600
929.231567
929.537933
929.613133
929.997533
930.028300
930.076067
930.112267
930.141567
930.191433
930.269300
930.323533
930.734133
930.909067
931.241833
931.702900
931.961933
932.183667
932.667600
932.726567
932.755600
932.849867
932.887933
932.967700
933.006500
933.189067
934.334533
934.478167
934.515533
934.551700
934.619433
934.653933
934.682767
934.707133
935.104533
936.835200
936.963800
937.012233
937.162900
937.184267
937.613900
937.688400
937.717667
937.779033
937.977733
938.297133
940.830733
941.033900
941.069900
941.126200
941.703467
942.056433
942.516700
942.616333
942.700767
942.799967
942.818700
943.052000
943.287000
943.751600
944.512600
944.572233
944.605467
944.651700
944.687133
944.742133
944.782133
944.856033
945.016733
945.152767
945.285200
945.309833
945.355833
945.511067
945.695667
945.742700
945.904033
945.948033
945.978500
946.015533
946.081567
946.108200
946.157300
946.216333
946.311467
946.365633
948.076367
949.165633
949.654167
949.874767
949.928933
949.974433
949.997100
950.298333
950.378333
950.627867
950.671667
950.911967
950.955667
951.428767
951.932433
951.988733
952.157400
952.768800
952.932833
953.256200
953.516567
953.552700
955.764167
955.851067
955.906700
955.943200
956.982833
957.339767
957.416200
957.501567
957.672000
957.702100
957.766233
957.805433
957.835433
958.053633
958.180700
958.214167
958.296800
958.391367
958.474600
958.579433
958.613833
958.717233
961.104667
961.429900
961.644800
961.720167
962.322600
962.806733
962.912733
962.978633
963.027400
963.084200
965.143300
965.311900
965.403867
966.519567
966.745533
967.122867
967.170400
967.240233
967.288433
968.617567
969.829600
969.862033
969.899933
969.933533
970.014300
970.050533
970.088533
970.118500
970.145500
970.161900
970.186067
970.203467
970.217833
970.264400
970.287333
970.330400
970.428433
970.487500
970.537800
970.562400
970.586800
970.611100
970.631433
970.651367
970.688033
970.704733
970.725400
970.744700
970.766800
970.787833
970.806100
970.818200
970.841833
970.865533
970.898067
970.919033
970.935200
970.956700
970.981433
971.006267
971.030333
971.055367
971.077733
971.291967
972.888533
972.959933
973.000433
973.052667
973.102000
973.147200
973.265167
973.341900
973.563633
973.636467
974.803167
976.182733
976.217133
976.346467
976.506200
976.569700
976.620233
976.654500
976.686400
976.762400
976.802833
978.595933
979.115700
979.172533
979.699633
980.014067
980.130067
980.185467
980.213633
980.249367
980.276867
980.355167
980.393133
980.443933
980.508367
980.545200
980.589233
980.608533
980.638667
980.777567
980.805800
980.882267
981.244600
982.559300
982.776667
982.807367
983.036933
983.510233
983.648367
983.747467
983.821400
984.107733
984.196133
984.243033
984.283000
984.336533
984.431733
984.499267
984.633000
984.675033
984.709200
985.713500
986.463133
988.256200
988.317300
988.423267
988.444967
988.473900
988.503167
988.514433
988.737400
988.758367
988.850933
989.222033
989.318767
989.551733
989.761167
989.786900
989.862767
989.977333
990.050167
990.053833
990.598167
990.629133
990.659200
990.691333
990.714000
990.767567
990.797967
990.831833
990.904000
990.963133
991.012433
991.060300
991.102300
991.130000
991.185600
991.204033
991.224000
991.238300
991.259767
991.273667
991.309033
991.339533
991.355233
991.373267
991.389900
991.412667
991.428733
991.434667
991.442600
991.453667
991.466700
991.475867
991.484900
991.492000
991.498033
991.515167
991.521500
991.535933
991.560800
991.569967
991.577033
991.589333
991.605233
991.617900
991.642567
991.663900
991.683133
991.702633
991.724467
991.737567
991.759433
991.769833
991.787500
991.805133
991.830200
991.856633
991.890333
991.973167
992.967433
993.557000
993.588200
993.653333
993.699367
994.485233
994.937933
995.157900
995.352733
995.386000
995.550433
995.597433
995.600100
995.624700
995.656300
995.732333
995.770933
995.815267
995.855600
995.907567
998.570733
998.638533
998.673867
998.851633
999.282500
999.342267
999.579633
999.968667
1000.355867
1000.596433
1001.521700
1001.842267
1002.877000
1003.922400
1003.952733
1004.013367
1004.055767
1004.113567
1004.169700
1004.753833
1005.804333
1005.870500
1005.901467
1005.945267
1006.042467
1006.309400
1007.079167
1007.104300
1007.203333
1007.589967
1007.670000
1007.950533
1007.978600
1008.028933
1008.519400
1008.620333
1008.711833
1008.863567
1009.690800
1009.737567
1009.770233
1009.836200
1009.865167
1009.964533
1010.035933
1010.312733
1010.362300
1010.599800
1010.644100
1010.888633
1011.082500
1011.123033
1011.130600
1011.151200
1011.198167
1011.282400
1014.680300
1016.038967
1016.212300
1016.282800
1016.358567
1016.607267
1016.641000
1016.863400
1016.906067
1016.936533
1017.049133
1017.269067
1017.339233
1017.382767
1017.476733
1017.696900
1017.739700
1018.656367
1018.975833
1019.049200
1019.098967
1019.171533
1020.381733
1020.445567
1020.571633
1020.844533
1021.443067
1021.490100
1021.536967
1021.574733
1022.107867
1023.412233
1023.678100
1024.949400
1025.546233
1025.589367
1025.628333
1025.665767
1025.802533
1025.914433
1025.946500
1025.989333
1026.153100
1028.870667
1029.104433
1029.506333
1030.642967
1030.852533
1030.863367
1031.026667
1031.206900
1031.352900
1031.368800
1031.451233
1031.548633
1031.626933
1031.642900
1031.809500
1031.879567
1032.018267
1032.036667
1032.053733
1032.065067
1032.072233
1032.297767
1032.644833
1033.283267
1033.345333
1033.386967
1033.402700
1033.653867
1033.716467
1033.723267
1033.981967
1034.065833
1034.155267
1034.407233
1034.820767
1034.840167
1034.982733
1035.106233
1035.230900
1035.541433
1035.546733
1035.713733
1035.774633
1035.842133
1035.930300
1035.998733
1036.083000
1036.850800
1036.956300
1037.075067
1037.119400
1037.151533
1037.189600
1037.418567
1037.487767
1037.618833
1037.667067
1037.689800
1037.692467
1037.739367
1040.595500
1040.784367
1040.942433
1043.424200
1043.502300
1043.560100
1043.655200
1043.876600
1043.938100
1044.143033
1044.679000
1044.730267
1045.505633
1045.737967
1046.887467
1047.162667
1048.117300
1048.233533
1048.728567
1048.760800
1048.819733
1048.913133
1048.937167
1048.978767
1049.057167
1049.496200
1049.532867
1049.578767
1049.622567
1049.643767
1049.674433
1049.701233
1049.738767
1049.784100
1049.808267
1049.834233
1049.926833
1050.987600
1051.415600
1051.479533
1051.642867
1051.866967
1051.998100
1052.028933
1052.791333
1053.227467
1053.314533
1053.394100
1053.440467
1053.465533
1053.498767
1053.522933
1053.548500
1053.575867
1053.618467
1053.688333
1053.727600
1053.917100
1054.001267
1054.403633
1055.474533
1055.515667
1055.633633
1055.683767
1055.831300
1055.873533
1055.908567
1055.970700
1056.054733
1056.084900
1056.109900
1056.191567
1056.229000
1056.280567
1056.340000
1056.374467
1056.389567
1056.420600
1056.504967
1056.746333
1056.777867
1056.816267
1056.847533
1056.880533
1056.922067
1056.947967
1056.989967
1057.014333
1057.035800
1057.073100
1057.101900
1057.208100
1057.283333
1057.335633
1057.374267
1057.409833
1057.431267
1057.478267
1057.532333
1058.439667
1058.797233
1061.605700
1061.709067
1061.732767
1061.767067
1061.792767
1061.828033
1061.856833
1061.892633
1061.908767
1061.954467
1061.982767
1062.007833
1062.030833
1063.121967
1063.510867
1063.669533
1063.699600
1063.783467
1063.836933
1063.863567
1063.889733
1063.932233
1063.959367
1063.981100
1064.003100
1064.082833
1064.181233
1064.240800
1064.870600
1065.938867
1066.000467
1066.647600
1066.679833
1066.928300
1066.986567
1067.331433
1067.669967
1067.708500
1067.770067
1067.802533
1067.907900
1067.965867
1068.119600
1068.326433
1068.634667
1068.657200
1068.756533
1068.781000
1068.824267
1069.309767
1069.552867
1069.888667
1071.562233
1071.641667
1071.824100
1072.361000
1072.415833
1072.450467
1072.506800
1073.660300
1073.708300
1073.860967
1073.901533
1073.955500
1074.007733
1074.643733
1074.700667
1075.723800
1077.165367
1077.203600
1077.250400
1077.302100
1077.340133
1077.457967
1077.490467
1077.597867
1077.631100
1077.679333
1077.722133
1077.797267
1078.626933
1079.015800
1080.104000
1080.136800
1080.197200
1080.307767
1081.129400
1081.207900
1081.239433
1081.275933
1081.318733
1081.403500
1081.463500
1081.514567
1081.553500
1081.583200
1081.609400
1081.641967
1081.722533
1081.754133
1081.784600
1081.815300
1081.880733
1081.927233
1081.982033
1082.016467
1082.050867
1082.134333
1082.210900
1082.295733
1082.334767
1082.381533
1082.847867
1083.056900
1083.216667
1084.026833
1084.092700
1084.472400
1084.863733
1085.747767
1086.831833
1087.205833
1087.505167
1087.797100
1087.822967
1087.874600
1087.909900
1087.958767
1088.141100
1088.213800
1088.245233
1088.301000
1088.363333
1088.422567
1088.447100
1088.498100
1088.592367
1088.846167
1090.201033
1090.268500
1090.287567
1090.401400
1090.828167
1090.919767
1090.960167
1091.163600
1091.241033
1091.283833
1091.309667
1091.753633
1092.182933
1092.695800
1093.520133
1093.579467
1093.923567
1094.135400
1094.183933
1094.242133
1095.762767
1095.964167
1095.984133
1096.020667
1096.060733
1096.091000
1096.127400
1096.212433
1096.470833
1096.533033
1096.580167
1096.615500
1096.649767
1097.451000
1097.500167
1097.713600
1097.801700
1097.845600
1098.188533
1099.923200
1099.956267
1100.290100
1100.370433
1100.456867
1100.490867
1100.630433
1100.681400
1100.918333
1101.266367
1101.327667
1102.117600
1102.155067
1102.225633
1103.170800
1103.235800
1103.269367
1103.618900
1103.741167
1103.774033
1103.909200
1104.135833
1104.189000
1104.468133
1104.758933
1105.577967
1105.655667
1105.699533
1105.749367
1106.176567
1106.498467
1106.560500
1106.606833
1106.783867
1107.193700
1107.289100
1107.502367
1107.722700
1107.742867
1107.822800
1107.850667
1107.927267
1108.125700
1109.221333
1109.301700
1109.376233
1109.504300
1109.546067
1110.431533
1110.745733
1110.774567
1110.868967
1111.497633
1111.965933
1112.012733
1112.068867
1112.088367
1112.124400
1112.155200
1112.180900
1112.210267
1112.238567
1112.274400
1112.315367
1112.351433
1112.377833
1112.411200
1112.437800
1112.466000
1112.526167
1112.562533
1112.584867
1112.626800
1112.659100
1112.682233
1112.702800
1112.971667
1113.083400
1114.458767
1114.878400
1114.982967
1115.908067
1115.937500
1116.196633
1117.100800
1117.136333
1117.202900
1117.536633
1117.717933
1118.226733
1118.830667
1119.102733
1119.144967
1119.291600
1119.363800
1119.754567
1120.039067
1120.131067
1120.279667
1120.879767
1121.275200
1121.641733
1121.682167
1121.980100
1122.394300
1122.449700
1122.483633
1122.535400
1124.003933
1124.113167
1124.545200
1125.418667
1125.898667
1127.218300
1128.000700
1129.092233
1129.850000
1129.875200
1130.040267
1130.100200
1130.268500
1130.430867
1130.499467
1131.212300
1131.305933
1131.410133
1131.461200
1131.504800
1131.707233
1131.868933
1131.958300
1132.010467
1132.160200
1132.258467
1132.974300
1133.023600
1133.130700
1133.156200
1133.171233
1133.181700
1133.188800
1133.202133
1133.208300
1133.224400
1133.235667
1133.240767
1133.264933
1133.272267
1133.284000
1133.298767
1133.305800
1133.319233
1133.344733
1133.354033
1133.374833
1133.387333
1133.405967
1133.425200
1133.456200
1133.480233
1133.505000
1133.523533
1133.579467
1133.617767
1133.663600
1133.727467
1133.787500
1133.819267
1133.848567
1133.878367
1133.909400
1133.936533
1133.958867
1133.980967
1134.011700
1134.038400
1134.064700
1134.148800
1134.314100
1135.495067
1135.658533
1135.810733
1136.158933
1136.511200
1136.559100
1136.614300
1136.716167
1136.750200
1136.784800
1136.826000
1136.857033
1136.890933
1136.920567
1136.944733
1136.977000
1137.005733
1137.034233
1137.066333
1137.110700
1137.333100
1139.087600
1139.204433
1139.629267
1139.688033
1139.719867
1139.743467
1139.758833
1139.776100
1139.824900
1139.865833
1139.914733
1140.102733
1140.151433
1140.284800
1140.353200
1140.425800
1140.435633
1140.458333
1140.531867
1140.558967
1140.839133
1140.880500
1141.133167
1141.169433
1141.411167
1142.077967
1142.116400
1142.246867
1142.266800
1143.274267
1143.647367
1143.843100
1144.049400
1144.669600
1145.825000
1145.866900
1145.911200
1146.356967
1146.412900
1146.459367
1146.651333
1146.689967
1146.728200
1146.910967
1147.417900
1147.993100
1148.252433
1148.303400
1148.335300
1148.667767
1150.191767
1150.353800
1150.583333
1150.626433
1150.659133
1150.694133
1150.754167
1150.870033
1151.190833
1152.490533
1153.237067
1153.293467
1153.478100
1153.574500
1153.667933
1154.290100
1155.084500
1155.130033
1155.177267
1155.878900
1155.955367
1156.028000
1156.053767
1156.077167
1156.120033
1156.208300
1156.259900
1156.341267
1156.413000
1156.442500
1156.847100
1156.987600
1158.232333
1158.263133
1158.399533
1158.435100
1158.465533
1158.517200
1158.551000
1158.590633
1158.727867
1158.818500
1159.111767
1159.159933
1159.198933
1159.285133
1159.336500
1159.364233
1159.412500
1159.462133
1159.587933
1159.612367
1159.649400
1159.693867
1159.721867
1159.756300
1159.816267
1159.843967
1159.862367
1159.985067
1160.010967
1160.038200
1160.060167
1160.111000
1160.155067
1160.210367
1160.264567
1160.291133
1160.333567
1160.362767
1160.470100
1160.503700
1160.564767
1160.585833
1160.807300
1161.911867
1162.215300
1162.278767
1162.352033
1162.388633
1162.442667
1162.676533
1163.690567
1163.718033
1164.578633
1164.852767
1164.889867
1165.026467
1165.073900
1165.115233
1165.216200
1165.253500
1165.283133
1165.326367
1165.360000
1166.318067
1166.437867
1166.944133
1166.994000
1167.245233
1167.540900
1167.600767
1168.725367
1169.125233
1169.194033
1169.579267
1169.601033
1169.621700
1169.645000
1169.690433
1169.717933
1169.755967
1169.916833
1169.992267
1170.034600
1170.466400
1170.717700
1171.695067
1171.782667
1171.836600
1171.864800
1171.918600
1171.949133
1171.995967
1172.331433
1172.459100
1172.918233
1173.142900
1173.441000
1173.528433
1173.721800
1173.811300
1173.864467
1173.900300
1173.942800
1173.981500
1174.009900
1174.207467
1174.291833
1174.397033
1174.446367
1174.557500
1174.789333
1175.105500
1175.359033
1175.832400
1175.891533
1176.019133
1177.239767
1177.901767
1178.108633
1178.144867
1178.206400
1178.255867
1178.297933
1178.333367
1178.847967
1178.917400
1179.136733
1179.453267
1179.692433
1179.751767
1179.982133
1180.076033
1180.147767
1180.208933
1180.245067
1180.282867
1180.312500
1180.348333
1180.391467
1180.453533
1180.493033
1180.530133
1180.831500
1180.909433
1180.949700
1181.000867
1181.031800
1181.075033
1181.175867
1181.210367
1181.248100
1181.288033
1181.332300
1181.381933
1181.419133
1181.702233
1181.760333
1181.784367
1181.828967
1181.856600
1181.881367
1181.913233
1181.937400
1181.957000
1182.023000
1182.041433
1182.092067
1182.133767
1182.150233
1182.217800
1182.252100
1182.273700
1182.303933
1182.339767
1182.360933
1182.394833
1182.421800
1182.471433
1182.582833
1182.669400
1182.721600
1183.149233
1183.917100
1184.509233
1184.541467
1185.505567
1185.584733
1185.758900
1186.190233
1186.454767
1186.848867
1187.234033
1187.253467
1187.305467
1187.361967
1187.410067
1187.571067
1187.611233
1187.634333
1187.660433
1187.702500
1187.729867
1187.750400
1187.768200
1187.790167
1187.812167
1187.838867
1187.870533
1187.897033
1187.913500
1187.934200
1187.964700
1187.991167
1188.013467
1188.033633
1188.062800
1188.094800
1188.133567
1188.164533
1188.194100
1188.225333
1188.299733
1188.392400
1188.519100
1189.047667
1189.304000
1189.432433
1189.628167
1189.676867
1190.010800
1190.905000
1193.372033
1193.475533
1194.944333
1194.947667
1194.968100
1194.988033
1195.004333
1195.022600
1195.045233
1195.073800
1195.126733
1195.160267
1195.211567
1195.442733
1195.558433
1195.863467
1195.965600
1195.986467
1196.190833
1196.250000
1196.328400
1196.869067
1197.022267
1197.069800
1197.215900
1197.285000
1197.327933
1197.858300
1197.905700
1198.006567
1198.138733
1198.367333
1198.429767
1198.500733
1198.540067
1198.741667
1198.931200
1198.967833
1198.995867
1199.059067
1199.115933
1199.148133
1199.172167
1199.201700
1199.229200
1199.267333
1199.300933
1199.336400
1199.364133
1199.403133
1199.421133
1199.468367
1199.513233
1199.555267
1199.740600
1200.287433
1201.237100
1201.790967
1202.182267
1202.357733
1202.507967
1202.563067
1202.594800
1202.778533
1202.782333
1202.966867
1203.015400
1203.320033
1203.657400
1203.968967
1204.024200
1204.044967
1204.064233
1204.107400
1204.157267
1204.202533
1204.299600
1204.330600
1204.339800
1204.368600
1204.392767
1204.429633
1204.480267
1204.586000
1204.658500
1204.712700
1204.958300
1205.303567
1205.356333
1205.403533
1205.491800
1205.554500
1205.625333
1205.744733
1205.847600
1205.880133
1207.591900
1207.938167
1208.130033
1209.483267
1209.858333
1209.930367
1209.940100
1212.266667
1212.367567
1212.655533
1213.006600
1215.277500
1215.332500
1215.454167
1215.882567
1215.931967
1215.971300
1215.990567
1216.018833
1216.111467
1216.332667
1216.568200
1216.696233
1216.773833
1217.253267
1217.702233
1217.924600
1218.493200
1218.570833
1218.694000
1218.728900
1220.015600
1220.187400
1220.295433
1220.447067
1220.544833
1221.140500
1221.317967
1221.359233
1221.435133
1221.475200
1221.515100
1221.793667
1222.099800
1222.203500
1223.968300
1224.140867
1224.736133
1224.968733
1225.118333
1225.461167
1225.496967
1225.544867
1226.236900
1226.390267
1226.429667
1226.466033
1226.521367
1226.639167
1226.735333
1226.925433
1226.953167
1226.976600
1227.008467
1227.037833
1227.108267
1228.458067
1228.922500
1231.131867
1235.049300
1235.126600
1236.187133
1236.212733
1236.219100
1236.263533
1236.265900
1236.292233
1236.324133
1236.433133
1236.486367
1236.528100
1236.821033
1236.862767
1237.406367
1237.584700
1237.617533
1237.718000
1237.752633
1237.805267
1237.905100
1237.959933
1238.023267
1238.237367
1238.272067
1238.495667
1238.515300
1238.589700
1238.783633
1239.107600
1239.165033
1239.256067
1239.281067
1239.292767
1239.371167
1239.388467
1239.501433
1239.713900
1239.782667
1241.347633
1241.379100
1241.958867
1242.464867
1242.687100
1243.178433
1243.451567
1243.598667
1243.622933
1243.652967
1243.888033
1245.547533
1245.599300
1245.619967
1246.036633
1246.291300
1246.388333
1246.436500
1247.285333
1247.315667
1247.428433
1247.675900
1247.745067
1247.771000
1247.799367
1247.837233
1247.868233
1248.002100
1248.673333
1249.006767
1249.186167
1249.222333
1249.260267
1249.316533
1249.366733
1249.486967
1249.662033
1250.011067
1250.295667
1251.281333
1251.404933
1251.431367
1251.443367
1251.463867
1251.478733
1251.499600
1251.523467
1251.543733
1251.566133
1251.593867
1251.631500
1251.666867
1251.701300
1251.763633
1251.806467
1251.864867
1251.908133
1251.940100
1251.970933
1252.005500
1252.044333
1252.160967
1252.244600
1252.299933
1252.377667
1252.427600
1252.535300
1252.603700
1253.844600
1253.965533
1254.202900
1254.240567
1254.292800
1254.361733
1254.484267
1254.543300
1254.587400
1254.765467
1254.812267
1254.860033
1254.890267
1254.985000
1255.028800
1255.083267
1255.130600
1255.162567
1255.181767
1255.194600
1255.201733
1255.216500
1255.226400
1255.236267
1255.242133
1255.265200
1255.280300
1255.294700
1255.301467
1255.315967
1255.321867
1255.332500
1255.347167
1255.357433
1255.376533
1255.402700
1255.416600
1255.449667
1255.494100
1255.541567
1255.577300
1255.607100
1255.671433
1255.902333
1256.152800
1256.432033
1256.464633
1256.878000
1257.603433
1258.898467
1258.994433
1259.082900
1259.123667
1259.158067
1259.179233
1259.260800
1259.321300
1259.371067
1259.446067
1259.454600
1259.476567
1259.499167
1259.524900
1259.557267
1259.582067
1259.607200
1259.708733
1259.811233
1259.828567
1259.862367
1259.912333
1259.931700
1260.026133
1260.253867
1260.359167
1260.383800
1260.561267
1260.680467
1260.700500
1260.777333
1260.849333
1260.963967
1260.990633
1261.011100
1261.123400
1261.134767
1261.416900
1261.498633
1261.567033
1261.685433
1261.731700
1261.829267
1261.911700
1262.005600
1262.054333
1262.204333
1262.364600
1262.449267
1262.517767
1263.022433
1263.187733
1263.250467
1263.335767
1263.585933
1263.644367
1263.657967
1263.909900
1263.969467
1264.269133
1264.419367
1264.434900
1264.459200
1264.485367
1264.514067
1264.516333
1264.518233
1264.543767
1264.550933
1264.609700
1264.616933
1264.701067
1264.837500
1264.923167
1264.997433
1265.041800
1265.156233
1265.167767
1265.596433
1265.637433
1266.231900
1266.390233
1266.404500
1267.013300
1267.208367
1267.232933
1267.254067
1267.268400
1267.998733
1268.090167
1268.189133
1268.607300
1268.817700
1268.888467
1268.925133
1269.060600
1269.107133
1269.136433
1269.188733
1269.198700
1269.203100
1269.270333
1269.364133
1269.382500
1269.461333
1269.538900
1269.982767
1270.163533
1270.194933
1270.302567
1270.389567
1270.812667
1271.723767
1271.743133
1271.903633
1272.035267
1272.985800
1273.027767
1273.125233
1273.146200
1273.153767
1273.322600
1273.448433
1273.560000
1273.729133
1273.782967
1273.843000
1277.217000
1277.261600
1277.364033
1277.870633
1278.029300
1278.337833
1279.302867
1279.344067
1279.424067
1279.471900
1279.517567
1279.545067
1281.141333
1281.299733
1281.348567
1281.410800
1283.358600
1283.379867
1283.428867
1283.456900
1283.488967
1283.648567
1283.876233
1283.935667
1283.970000
1284.208367
1284.242667
1284.318800
1286.022667
1286.106433
1286.172833
1286.230600
1286.291800
1286.297500
1286.323733
1286.567500
1286.808767
1286.836500
1286.845200
1286.853000
1287.176833
1288.178967
1288.248133
1288.410867
1288.477200
1288.516167
1288.554967
1288.603500
1288.674133
1288.746533
1288.924733
1289.205633
1289.383567
1289.697567
1290.221633
1290.688967
1290.764633
1290.817367
1290.935600
1290.984433
1291.053500
1291.103667
1291.177300
1291.389733
1291.613867
1292.058267
1292.312000
1292.395600
1292.428633
1292.452567
1292.484600
1292.516067
1292.577033
1293.002300
1293.078367
1293.197000
1293.352467
1293.431733
1293.682433
1293.915600
1293.965867
1294.219133
1294.256067
1294.293933
1294.486400
1294.552500
1295.927567
1295.987933
1296.024467
1296.090433
1296.460000
1297.473333
1297.502833
1297.538867
1297.671367
1297.776333
1297.809567
1297.847500
1297.971933
1300.811900
1301.030367
1301.083433
1301.156233
1301.186033
1301.219933
1301.431533
1302.472367
1302.541000
1302.595067
1302.640300
1303.074500
1303.109400
1303.160400
1303.264667
1304.676833
1304.812300
1304.979533
1305.140867
1305.190033
1305.231367
1305.250633
1305.269767
1305.296600
1305.337833
1305.378833
1305.434300
1305.479800
1305.554067
1305.978667
1306.065267
1306.088700
1306.186500
1306.216133
1306.563933
1306.656800
1306.737567
1306.796767
1307.045467
1307.530233
1307.663167
1307.923600
1307.963867
1308.028933
1308.095467
1308.133167
1308.157100
1308.192100
1308.263467
1308.410833
1308.453533
1308.501367
1308.683200
1309.740267
1309.911800
1309.970033
1310.090033
1310.649467
1311.397233
1311.417900
1311.451967
1311.517000
1311.703233
1311.910633
1312.053033
1312.086300
1312.475333
1312.584767
1313.263000
