0.211367
0.503033
2.542700
2.726733
4.074300
4.569933
4.585067
5.345333
6.015367
6.144467
6.192000
6.250867
6.317100
6.329900
6.367267
6.377067
6.382900
6.467267
6.589867
6.629633
6.698333
7.071267
7.234500
7.273867
7.398100
8.590033
8.950600
9.801700
9.850500
10.940567
11.040433
11.141100
11.155933
11.277800
11.316967
11.399767
11.411633
11.433500
11.455567
11.822300
12.061567
12.142167
12.247033
12.257300
12.543667
12.570833
12.981800
13.165667
13.306400
13.493000
13.722300
14.694933
15.216867
15.309600
16.798900
16.887100
17.009267
17.308367
17.650067
19.994433
20.251767
22.098633
22.121067
23.872400
24.293367
24.539400
24.548633
24.598567
24.634767
24.950667
26.435900
26.727533
26.756500
26.968767
27.004167
27.060533
27.065767
27.152867
27.252233
27.420900
27.902600
27.935567
28.018633
28.211467
28.216433
28.286667
28.570167
28.792933
28.838533
28.894900
30.275367
30.832633
30.949600
31.087833
31.800333
31.900867
31.925533
31.973833
32.070967
32.160533
32.194167
32.235700
32.351133
32.359433
32.428467
32.750933
32.839500
34.321600
34.375000
34.462933
34.500533
34.505500
34.552500
34.669900
34.786267
35.276467
35.287867
35.310433
35.342933
35.428533
35.507567
35.597433
35.810567
36.644533
36.767467
36.786133
36.803000
36.847267
36.961633
37.565300
37.651100
38.506367
38.677533
39.171967
39.638133
39.799033
39.815467
39.838833
41.964667
42.045000
42.131200
42.208267
42.237133
42.348667
42.404900
42.443200
43.087100
43.126667
43.364367
44.576300
44.713800
44.751800
44.785900
44.899967
44.916400
44.948400
45.055800
45.143033
45.355700
45.418367
45.563267
45.606867
45.742833
46.166833
46.196267
46.249467
46.384267
46.579833
46.713667
46.961600
46.995567
47.728333
48.864700
48.890200
50.157700
50.246867
50.376033
50.577733
50.924067
51.294033
51.372800
51.804900
52.351600
52.440233
53.119767
53.294800
53.313067
53.332133
53.510900
53.539400
53.589067
53.803500
53.870433
53.922167
54.487333
54.799733
54.919000
54.964133
55.043167
55.488333
55.930867
56.009200
56.016600
56.078400
56.141067
56.177500
56.251100
56.470467
56.678100
56.714267
56.928833
57.131467
57.183233
57.393433
57.720100
58.020967
58.249100
58.540200
58.698800
58.730933
58.736967
58.841000
59.424200
59.454667
60.391400
60.449667
61.306700
61.708167
61.740733
62.020033
63.063800
63.724233
64.876800
65.163567
65.189333
65.234733
65.370933
65.844333
66.488833
66.534967
66.572167
66.657867
66.935067
67.121667
67.129600
67.281367
67.884000
68.428600
69.072300
69.230400
69.412600
69.427333
69.628033
69.746933
69.853900
70.260733
70.596900
70.730400
70.804933
70.847000
72.613867
73.293300
73.506800
74.387367
74.571133
74.940400
75.203133
76.111700
76.852067
76.894200
76.923400
77.145067
77.222500
77.244133
77.292000
77.330133
77.372900
77.792133
77.805567
77.810733
77.815167
78.270167
78.656733
78.869033
78.947833
78.990733
79.285367
80.117867
80.738100
81.411733
81.436667
81.510867
82.145933
85.197667
85.244067
85.308633
85.350700
85.357333
85.440200
85.453867
85.584067
85.635300
86.101833
86.368733
86.372600
86.386867
87.576733
87.688167
88.635800
88.659300
88.969600
89.146833
90.821133
93.267167
94.196133
95.761167
95.858467
96.673333
96.843000
96.910567
96.995733
97.044533
97.075033
97.203400
97.567167
98.240900
98.278267
98.306800
98.324767
98.375667
98.389233
98.564800
98.583433
98.728400
98.793433
98.944367
98.998433
99.440167
100.330633
100.908500
100.972667
100.978067
101.163900
101.225133
101.758700
101.832967
101.980200
102.491067
102.598000
102.651467
102.742767
102.753700
102.839533
102.857067
102.881533
103.197000
103.444967
103.463167
103.496800
103.529667
104.214233
105.278633
105.367867
105.428500
105.707267
105.714867
105.766633
105.769067
105.980933
106.069200
106.463433
106.558100
106.669767
107.705733
108.061600
108.367733
108.935533
109.253800
109.372267
109.483200
109.494067
109.588900
109.913033
110.085933
110.288700
111.964333
112.048333
112.150333
112.462133
112.613300
112.636433
112.733933
113.296500
113.981667
114.570800
114.580367
116.733667
116.781300
116.789300
116.883033
117.706867
117.767233
118.004967
118.148200
118.554867
119.030000
119.248433
119.371700
119.420867
119.493700
119.819667
120.489633
120.986900
121.251233
121.537267
121.659333
121.689000
121.770100
121.786033
121.847667
122.053267
122.077800
122.109800
122.139800
122.195200
122.283267
122.299600
122.329233
122.338667
122.470800
122.555467
122.692500
122.800433
122.866200
122.884733
122.931600
123.011000
123.046433
123.159733
123.170167
123.279533
123.390567
123.404333
123.536900
123.620700
124.303867
124.935133
125.029500
125.490133
126.026500
126.285767
126.354333
126.389733
126.489300
126.605033
126.969867
127.108300
127.187300
127.199967
127.260400
127.360200
127.431233
127.526133
127.653400
127.786567
128.193400
128.253667
129.348367
129.396067
130.240800
130.309433
130.335567
130.373000
130.519433
130.629467
130.740367
130.751700
130.908433
131.061033
131.118067
131.361767
131.416367
131.445000
131.805933
131.963233
132.231400
132.311433
132.322367
132.349867
132.381467
132.391667
132.465067
132.597133
132.921633
132.976867
133.925200
134.113067
134.138633
134.179500
134.243400
134.347833
134.354867
134.376300
135.039567
135.477467
136.280000
136.349433
136.491500
137.679833
138.582467
139.013067
139.500033
139.512633
139.584833
139.781367
139.799833
139.892600
139.898733
139.938800
139.941067
140.109400
140.150367
140.797967
141.893300
141.926200
142.147667
142.200367
142.256700
142.295300
142.682867
142.865233
142.871900
143.023533
143.231267
143.716767
143.737333
144.181067
144.433800
144.806100
145.482800
145.602133
145.649133
145.763267
145.779900
145.798400
145.809133
145.894800
145.929833
145.979400
146.013967
146.052267
146.950900
146.983167
147.110933
147.223067
147.245400
147.366200
148.112333
148.238133
148.271667
149.031800
149.575667
149.732767
150.017500
150.128533
150.226633
150.240233
150.251133
150.333000
150.434733
150.504133
151.135000
151.256100
151.334533
152.607433
153.353133
153.562000
153.606433
153.669033
154.030967
154.321133
154.394333
154.698700
155.216267
156.139667
156.636400
156.912400
157.026600
157.041233
157.085600
157.104700
157.125500
157.216400
157.264500
157.886733
157.987900
158.101667
158.197633
158.290800
158.952767
159.014933
159.117233
159.307533
159.341267
159.460633
159.616900
159.641633
159.681600
159.690700
160.233533
160.236300
160.438200
161.443533
162.306767
162.319333
163.151267
163.725967
164.754633
165.211033
165.325200
165.700400
165.740233
166.215667
166.362433
166.473467
166.739833
167.423600
167.570767
167.669667
167.884667
168.004033
168.025667
169.220833
170.200467
170.352700
170.425933
170.619800
171.054600
171.288600
171.394067
171.466900
171.567300
171.593167
171.621200
171.877633
172.049433
172.070633
172.100833
172.145767
172.793233
172.934800
173.937433
173.959067
173.997900
174.200633
174.263767
174.327600
174.398800
174.448733
174.488467
175.809200
176.390600
176.691667
176.713467
177.999900
178.645333
181.014533
181.294933
181.320333
181.510167
181.733067
182.541000
182.783667
182.983333
183.105267
183.117067
183.187933
183.366700
183.437100
183.600433
186.120300
186.553700
186.804233
187.060533
187.108867
187.169600
187.216100
187.318000
187.503533
187.738600
187.836500
187.966900
187.980800
188.022800
188.902733
188.985800
189.190167
189.469467
190.305900
191.793500
191.856100
191.981367
192.222167
192.509000
192.584400
192.635100
193.701567
193.930100
194.102400
194.185233
195.941800
196.158233
196.493367
196.981500
197.496700
197.575300
198.004267
198.024367
198.276333
198.536467
198.595833
198.714267
198.754000
198.798567
198.943900
198.973767
198.999400
199.335233
199.370400
199.396033
199.447200
200.992267
201.042433
201.624667
201.745033
201.747367
201.903167
202.379067
202.690633
203.076400
203.490167
203.532533
203.547367
203.584833
203.832933
204.513267
204.672767
204.729800
204.749300
204.867833
208.726533
208.949000
209.413200
209.891933
210.013567
210.563533
211.673067
211.978733
212.134167
212.233400
212.322200
212.507567
212.608033
212.809567
213.332533
213.605867
213.621633
213.659900
213.747533
213.769400
213.836733
213.945933
214.015533
215.186600
215.830667
215.875033
215.934267
215.979133
216.181200
216.341900
216.370267
216.614667
216.633333
217.041200
217.270967
217.275233
217.410933
217.872533
217.972367
218.330367
218.863533
218.975800
219.755933
220.053833
220.230300
221.613000
222.046767
222.139000
222.155600
222.417733
222.901367
222.975867
223.190133
223.440667
223.544100
223.569633
223.582433
224.085433
224.267433
224.818567
224.911067
225.168400
225.260167
225.295633
225.517367
226.410833
227.524633
227.833700
228.096200
228.198633
228.802167
229.298733
229.563733
230.136167
230.288533
230.471333
230.598667
230.609533
230.627033
230.703267
230.727667
230.775833
232.278400
232.808167
233.098667
233.298133
233.570600
233.583800
233.652667
233.697833
233.918567
234.428233
234.442167
234.478200
234.542700
234.752333
234.882200
234.937000
234.969667
235.035100
235.170700
235.243033
235.328400
235.523567
235.959733
236.011767
236.020000
236.085633
236.202100
236.694833
236.955133
236.960000
237.301167
237.364300
237.547333
237.655767
237.749133
237.814500
238.096233
238.132867
238.397433
238.601233
238.823100
238.981467
239.035133
239.077367
239.141767
239.300533
239.433467
239.464967
239.486900
239.516467
239.590033
239.610967
239.950933
241.349700
241.365300
241.716700
241.762433
241.960733
242.001800
242.048233
242.134567
242.154867
242.167600
242.322600
242.339200
242.367933
242.630100
243.294267
243.296167
243.755767
244.873733
244.954467
244.993600
245.165667
245.170733
245.747667
245.827500
246.685933
246.712867
246.778867
246.786767
247.024200
247.088433
247.159400
247.312300
247.368833
247.634333
247.827000
247.842400
247.933533
247.977967
247.994667
248.122933
248.579400
248.884767
248.988400
249.111200
249.131933
249.349600
249.510000
249.786567
249.798133
250.156400
250.170800
250.476233
250.578067
250.797233
250.919033
251.071100
251.116300
251.229967
251.253033
251.458633
251.683667
252.506533
252.557600
253.276467
253.422167
253.500233
253.918067
254.135300
254.172933
254.350733
254.929467
255.591600
255.748433
256.029700
257.234500
257.808367
257.831367
258.732667
258.753633
258.807733
258.917500
258.930200
259.031000
259.073500
259.293367
259.295700
259.314767
259.456833
259.481300
259.506133
259.562500
259.578200
259.679433
260.021533
260.414967
260.659467
260.727933
260.746867
260.898233
261.042967
261.069033
261.389167
261.402733
261.505467
262.306667
262.514433
263.683533
265.336767
266.106600
266.462267
266.528600
266.992100
267.803800
268.281867
269.346233
269.378000
269.522500
269.799567
271.394667
272.567700
272.800767
274.172533
274.517167
274.532100
274.559633
274.603467
274.724267
274.817500
275.460767
275.562733
275.701500
276.227433
276.258967
276.864600
277.108033
278.191267
278.588067
278.667033
278.903833
278.997300
279.061667
279.173333
279.776200
279.943267
280.036067
280.555767
281.035467
281.165367
281.322633
281.402933
281.732200
281.782167
281.809100
281.950633
282.574067
282.707267
282.794733
282.906567
282.957267
283.004533
283.036633
283.138633
283.290233
283.326033
283.500400
283.550233
283.725600
285.031233
285.133700
285.400633
286.033333
286.093700
286.100133
286.142000
286.208433
286.264467
286.307900
286.318233
286.606567
286.628133
286.669933
286.681833
286.891367
287.270867
287.495200
288.011767
288.564333
289.718100
289.735767
289.865633
290.730933
291.451933
291.470167
291.816300
291.861500
292.429867
292.675967
292.698133
293.975033
295.584267
295.639400
296.326833
296.631200
296.675800
296.791267
296.849700
297.180167
297.872833
298.305133
298.495300
298.557067
299.168867
299.210267
299.481833
299.941767
300.059467
300.189667
301.290767
301.864833
302.171400
302.431767
302.480867
303.375667
303.563233
305.220000
305.274100
305.314033
305.327333
305.350867
305.454333
305.766133
305.772267
305.922733
307.456400
309.482233
310.220700
311.695833
311.707900
311.711133
312.054400
312.236967
314.198667
314.594333
314.723800
314.810267
314.877033
314.899700
314.941700
315.506867
316.099400
316.133433
316.347033
316.671400
317.007433
317.054233
317.174533
317.223600
317.723433
319.444333
319.582967
319.713000
320.053467
320.539233
320.662967
320.838133
321.993267
322.560833
322.573667
322.667533
322.790333
322.968367
323.227333
323.372467
323.410667
323.583200
323.629667
324.428267
324.453867
324.507967
324.556267
324.642133
324.760067
325.421933
325.910433
327.224033
328.036100
328.181767
328.390933
328.450400
328.484533
328.594600
329.128133
329.357400
329.399233
329.690300
329.750933
330.065733
330.106300
330.198500
330.882967
331.868500
331.968000
332.080667
332.147567
332.164067
332.215333
332.340733
332.383733
332.439700
332.524633
332.708700
332.722067
332.726167
332.961267
333.221033
333.692167
333.722000
333.909900
334.204033
334.218000
334.337967
334.893700
335.080533
335.422433
335.575100
335.707967
335.759033
336.225700
336.558267
337.648233
338.102400
338.133067
338.215000
338.671267
338.748633
339.003667
339.026900
339.685400
339.895333
340.090000
340.455700
340.496900
340.733967
341.043100
341.274367
342.792833
345.098533
345.579900
345.613000
347.710233
347.786233
348.421633
348.433067
348.461567
348.637600
348.756133
348.821300
348.950900
348.975567
349.004567
349.262333
349.356700
349.389767
349.425600
349.437567
349.579133
349.599500
349.860300
350.057933
350.145900
350.171800
350.272767
350.350533
350.482767
350.685100
351.330700
351.365000
351.468233
352.527767
352.588367
352.711333
354.007700
354.679633
356.201333
356.294700
356.367467
356.435967
360.331333
360.569100
361.187467
362.849200
362.968367
364.399733
366.186200
366.289000
366.528633
366.972967
368.592967
368.615100
368.997333
369.068067
369.662300
369.812567
371.270800
371.459133
371.632567
371.650633
371.744200
371.840100
371.896767
371.955100
372.041633
372.169433
372.251800
372.266000
372.282500
372.389100
372.483167
372.541733
372.643833
372.819000
373.158500
373.202033
373.207633
373.233067
373.264500
373.478400
373.483767
373.556433
373.893300
374.184633
374.601600
374.701133
374.971533
377.823100
378.205133
378.367533
378.666333
378.803167
378.864867
379.122367
379.143900
379.149167
379.355233
379.581567
381.138233
381.712733
381.765167
381.902100
381.950633
381.984400
382.487467
382.829767
383.304400
383.340267
384.247933
385.257367
385.391367
385.736233
385.819400
386.143233
386.265100
386.352533
386.862967
387.002067
387.177733
387.477533
387.523467
388.160933
388.621367
388.639633
388.682600
388.756167
388.849600
388.905800
388.967967
389.064133
389.284100
390.476033
390.524000
390.591100
390.710700
391.566900
391.609167
391.662767
391.793867
391.849367
392.016467
392.658733
394.385567
394.718200
394.832700
394.902367
394.959100
394.967400
395.168767
395.631800
395.788700
396.330033
396.496033
396.592300
396.673833
397.007500
397.540400
399.486233
399.712833
400.191833
401.390400
401.516600
402.076667
402.588100
402.631300
402.680433
404.200133
404.334733
404.406633
404.522000
404.526800
404.586167
404.736900
404.754100
404.903667
404.955833
405.041267
405.254733
405.268067
405.805533
406.242133
406.443633
407.221933
407.345300
407.959233
408.754100
408.816567
408.969500
408.999367
409.065267
409.142500
409.236200
409.398500
409.420133
409.486467
409.556733
409.605733
409.673233
409.696733
409.718833
410.163333
410.364200
410.409033
410.551233
410.627000
411.130867
411.953567
412.464867
412.777133
413.025867
413.047067
413.087333
413.236000
413.270867
413.381433
413.465800
413.544800
413.587067
414.372367
414.449433
414.575500
415.212967
415.828233
416.169067
416.185633
416.210467
416.585167
416.669200
416.866967
417.202367
417.378133
417.421300
417.474933
417.538833
417.558400
417.581033
417.712167
418.326933
418.691133
423.695300
423.761900
424.438500
424.602300
424.634133
424.678333
424.707000
425.089267
425.176867
425.847500
425.872700
425.960100
426.565933
426.618033
426.740067
427.223533
427.310867
427.425567
428.893767
429.406500
429.691633
429.735367
429.946300
430.036000
430.544867
430.580667
430.733833
430.802100
431.145633
431.212867
431.685867
431.740167
431.842733
431.919867
431.948100
431.966500
432.452400
432.888933
433.079233
433.572767
433.820167
435.632867
435.700800
435.869600
435.893567
435.916700
436.145700
436.694900
436.725633
436.921633
437.188067
437.295967
437.328467
437.480700
437.941433
438.174367
439.504833
439.616500
439.673100
439.751267
439.757100
439.807100
439.835033
440.068967
440.157800
440.295533
440.391833
440.461167
440.486600
440.651933
440.727733
440.802167
440.898633
440.958200
441.189633
441.324767
441.521700
441.591433
441.737400
441.767400
441.824267
441.841167
441.908533
441.919467
441.922767
442.299600
442.516133
442.525300
442.608533
442.708533
442.715233
442.719667
442.803767
442.879600
443.102000
443.462800
443.701000
443.962133
444.000433
444.088267
444.348667
444.698967
444.949867
445.143000
445.156467
445.295067
445.384767
445.460933
445.914567
446.084200
446.110867
446.490767
448.238667
448.241933
448.382633
448.991433
449.013567
450.703667
450.879067
451.266367
451.711567
451.720233
451.736700
451.768533
451.781400
451.910633
451.957167
451.986567
452.333867
452.517467
452.980933
453.412900
453.512433
455.049467
455.104733
455.409633
456.023033
456.082533
456.439733
456.826867
457.498333
458.024667
460.073467
460.123233
460.182200
460.411300
460.460367
460.640500
460.661433
460.763633
460.956533
461.016167
461.045933
461.054433
461.108667
461.139000
461.302467
461.314733
461.325933
461.339567
461.664100
462.448900
464.146900
464.518733
464.627567
464.701767
465.488900
465.527400
466.343500
466.745733
466.788133
467.043267
467.794900
468.852633
469.391500
469.661100
469.737067
471.253967
471.873533
472.305033
472.461833
472.498000
472.962467
472.980500
473.014333
473.093600
473.170000
473.475167
473.524433
473.587633
473.679900
473.792167
473.901600
473.997700
474.470867
475.425433
475.512267
475.682567
475.701900
476.091833
476.140833
476.162233
476.217800
476.227433
476.244400
476.295767
476.397433
476.656800
477.086767
477.152667
477.317167
477.513467
477.692333
477.723033
478.640033
479.349467
479.388400
479.417467
479.455667
479.667667
479.812500
479.856700
479.988833
480.391767
480.431733
480.556267
480.660967
480.709533
482.488200
482.508033
482.555300
486.203467
486.346933
487.103033
487.416767
487.746600
488.614833
488.903967
489.193267
489.282533
489.314633
489.428600
489.478033
489.499967
489.619233
489.645867
489.797367
489.923100
489.947167
490.019133
490.077000
490.121467
490.204633
490.453767
490.514433
490.521100
490.725133
490.747967
490.785867
490.849400
492.947833
493.053533
493.156067
493.204667
493.517067
493.848667
493.888367
494.151400
494.268233
494.370367
494.508933
494.755733
494.803000
494.959467
495.020433
495.474600
495.488533
495.525000
495.552600
495.637233
496.263133
496.805133
497.836667
498.197867
498.717867
498.758667
498.839733
498.942500
499.371800
499.391200
499.478300
499.548200
499.579467
499.666700
499.880033
500.147700
500.420733
500.680700
501.153833
501.505567
502.454733
502.933467
503.783767
503.806600
503.966600
504.121300
504.309300
504.932033
505.520800
505.561233
505.590533
505.615733
508.003100
509.635867
509.777267
510.151367
510.238100
510.760467
510.792767
510.833000
510.866967
511.011000
511.027967
511.144133
511.179067
511.189800
511.218633
511.454667
511.497733
511.806733
511.882167
511.905467
511.942167
512.687133
513.994167
514.195967
514.593733
514.716400
515.009367
515.278567
515.336467
515.710133
515.844533
516.581100
516.833867
516.887633
517.035667
517.153067
517.346767
517.697333
518.991767
519.077933
519.335233
519.390467
522.577967
522.787467
522.849833
523.038567
523.178133
523.215967
523.226933
523.512400
523.597967
524.118600
524.303967
524.426333
524.728633
525.135900
525.265700
525.409433
525.808233
525.993067
526.029200
526.523467
527.034900
527.130200
527.235100
527.259767
527.291433
527.306567
527.617500
527.816933
529.329733
529.693667
529.699400
529.763667
530.237767
530.280033
530.372800
530.559700
530.628333
530.692633
530.892133
532.900033
533.026233
533.297967
533.639967
535.260600
535.676900
536.014467
536.047200
536.060933
536.120633
536.133233
536.214633
536.327700
536.353667
536.645067
536.696133
536.967833
538.104900
538.847433
539.098500
539.255833
539.632267
539.649633
539.721533
540.414500
541.208800
543.502433
544.207667
544.539567
544.648833
544.758100
544.825033
544.963467
545.079333
545.185000
545.525100
545.527667
546.569133
547.162333
547.926767
548.359300
548.615033
548.631167
548.636033
548.674133
548.714900
548.736933
549.042667
549.078467
549.120067
549.237667
549.988400
550.866500
551.003133
552.469700
552.786433
552.899567
553.025533
553.078700
553.091633
553.207333
553.343667
553.526067
553.554333
553.725133
554.453367
554.718033
554.954933
555.940667
557.308667
557.806500
558.231867
558.640833
558.768900
558.976033
558.991167
559.024933
559.042533
559.179167
559.226400
559.477133
559.643900
559.820000
560.507167
561.913067
562.334600
562.370667
562.676900
562.849300
563.118233
563.367167
563.820867
563.854200
563.881233
563.949600
564.078833
564.862967
564.986533
566.310500
566.369900
566.485333
566.574133
566.682800
567.300567
567.526167
567.863033
567.966667
568.329200
568.561633
568.713500
570.923700
571.093267
571.223000
571.728667
571.774700
571.908567
572.133967
572.497367
572.620300
572.722633
573.081967
573.189500
573.201300
573.438033
573.474600
574.826167
575.005500
575.187200
575.301700
575.370300
575.570767
575.636800
575.774467
575.794233
575.806033
575.816267
575.824800
575.839433
576.095267
576.142700
576.216667
577.146167
578.667167
579.141533
579.188500
579.375267
579.462200
579.580933
579.605567
579.635200
579.727700
580.866133
581.095633
582.001333
582.054233
582.484067
582.493433
582.680633
582.740300
582.927667
584.150333
588.057633
588.361767
588.953833
589.869833
594.082300
594.125933
594.166500
594.357100
594.412267
594.437100
594.450500
594.466167
594.700367
594.813467
594.984400
595.103467
595.301800
595.350600
595.801000
595.989900
598.178400
598.313367
598.337633
598.393267
598.444400
598.451200
598.604067
598.812033
598.833467
598.998733
599.054533
600.457867
600.504133
600.917800
602.526833
603.209767
603.493800
604.196800
604.224200
604.305667
604.362200
604.492933
604.543033
604.606833
604.695900
604.795067
606.278067
606.957533
606.961533
607.097067
607.165967
607.178633
607.267400
607.397367
607.557767
607.684533
607.801367
607.821067
607.918867
608.020100
608.044133
608.083267
608.127700
608.156300
608.187767
608.622100
608.716567
609.003867
609.373033
609.418000
609.453867
609.644633
609.699000
610.803567
611.689933
611.771167
611.828333
611.986367
612.042867
612.268600
612.283500
612.324733
612.397567
612.504867
612.602433
612.631433
613.747700
613.995000
614.041100
614.065533
614.517233
614.636600
614.995200
615.229633
615.304800
615.326300
615.458967
615.639200
615.708633
615.816100
616.314767
616.602767
616.606567
616.788800
617.172400
617.683700
617.745300
618.330600
618.427367
618.525033
618.545367
618.596633
618.618700
618.727967
618.831833
618.966067
619.000900
619.005767
619.049500
619.075200
619.110333
619.132600
619.294000
619.481300
619.976133
620.164967
620.337833
621.061833
622.111633
623.599833
624.055400
624.225833
624.244967
626.325133
626.336433
626.450067
626.688400
626.706100
626.753133
626.781000
626.812233
626.820067
627.403600
627.435800
627.531667
627.593067
627.638100
627.676733
628.148000
628.726800
628.810167
628.852967
629.591833
630.324333
630.408633
630.617200
630.744700
632.311067
632.783900
632.876533
633.299100
633.907733
633.928633
633.931467
633.975633
634.213933
634.254167
635.086533
635.420567
635.435567
636.620600
636.941133
637.178167
637.517033
637.683500
637.749633
637.975967
638.377767
638.451800
638.490767
638.867467
639.242167
640.810500
641.131133
641.247867
641.471700
641.487433
642.400300
642.546633
642.743933
642.765767
643.010033
643.067033
643.111100
643.760267
645.006900
645.180800
646.088967
646.314567
646.433433
646.455633
646.609067
647.212267
647.364867
647.518267
648.289367
648.483533
648.831233
649.677967
649.769833
650.470633
650.495833
650.528600
650.633733
650.721333
650.892100
650.981800
650.999300
651.008300
651.019200
651.048933
651.095167
651.139667
651.529767
651.648400
651.678167
651.725800
651.787300
651.964133
651.970767
652.046633
652.107367
652.772367
652.958233
653.685967
653.880967
654.310867
654.628967
654.742200
654.771500
654.807000
654.868000
654.896600
654.997833
655.106000
656.048233
656.433533
656.495767
658.050667
658.146833
658.290900
658.488167
658.562800
658.727267
658.822067
658.903833
658.952500
659.007400
659.055200
659.072933
659.086867
659.259733
659.374333
660.028933
660.113233
660.254733
660.312433
660.382533
660.496633
660.532433
660.558767
660.769733
660.989667
661.044833
661.630900
662.659933
662.770533
662.787167
663.106067
663.174133
663.374200
663.440900
663.486600
663.537867
663.745333
663.843567
663.887400
663.937533
664.423967
664.566967
664.984333
666.826167
666.994633
667.033067
667.648333
667.754500
667.897667
667.909133
667.955200
668.408600
668.598667
668.883900
670.927333
671.338433
671.342933
671.406867
671.575433
671.667900
671.822033
671.980933
673.150233
673.506233
674.173433
674.411767
674.434567
674.491300
674.652400
674.881233
675.043833
675.910067
676.736833
676.910733
676.973233
677.400133
677.588667
677.818633
678.038500
680.594467
680.794767
681.060300
681.418933
681.451733
682.331567
682.692000
683.160233
683.691200
684.075433
684.295067
684.328300
684.794567
685.271500
685.491300
685.789400
687.228133
687.928833
688.143167
688.354667
688.400533
688.416667
688.488300
688.534167
688.581667
688.667800
689.065933
689.163300
689.176200
689.326200
689.988367
690.242633
690.280033
690.782533
690.805500
691.839267
691.871500
692.229000
692.475967
692.513433
692.573667
692.616067
692.721200
692.743500
692.779533
692.823167
692.836500
692.867900
693.499467
693.841967
693.959133
694.031133
694.140933
694.612333
694.652800
694.746733
694.877800
694.913500
695.154100
695.158000
695.287700
696.402367
696.445000
696.939833
697.006167
697.054000
698.920600
699.755767
700.021900
700.513867
700.901667
701.830800
702.343033
704.156200
704.222767
704.225833
704.249067
704.300067
704.477633
704.529133
704.636867
704.716333
704.949300
705.036400
705.260000
705.573800
706.253033
706.353567
706.627200
707.612933
708.682467
708.696100
708.886233
708.956300
708.989467
709.214100
709.231267
709.281600
709.662933
709.830600
710.051033
710.099467
710.736267
710.768433
710.893567
711.021867
711.151500
711.304067
711.674067
712.554967
713.259433
713.391933
714.012333
714.072167
714.103133
715.032633
716.837200
717.013367
718.240067
718.897400
720.852367
722.777333
723.759733
724.051300
724.924200
726.042000
726.072700
726.313500
726.570933
727.119567
727.274600
727.312333
727.317267
727.331133
729.501967
729.517067
729.523433
729.545433
729.632467
729.676067
729.686967
729.761133
729.883867
730.022800
730.024700
730.120200
730.272533
730.297800
730.438933
730.544133
730.563833
730.574533
730.756533
731.435100
731.862400
732.223900
732.365100
733.981767
734.042467
734.139700
734.362333
734.379533
734.411133
734.697800
735.674100
735.689267
736.268100
736.854433
738.179433
738.675133
739.100233
739.332400
739.813967
740.267833
740.567967
740.803067
741.777533
742.089333
742.238833
742.293233
742.390000
742.785667
742.865900
742.894567
743.042633
743.196200
743.252767
743.847700
743.899900
744.026500
744.557800
745.939167
746.060967
746.140967
746.270700
746.299500
746.351567
746.599167
746.633133
746.708200
746.785667
747.064967
747.145300
747.426633
747.461867
747.650700
747.756367
747.793433
748.021167
748.064800
748.107467
748.158200
748.195067
748.509200
748.614400
748.815700
748.845700
748.893667
748.897567
748.942400
748.962667
749.083100
749.125500
749.186767
749.935200
749.947400
750.028133
750.725733
750.978600
751.039167
751.170367
751.342667
751.475567
751.517133
751.532000
751.714133
751.783900
751.992200
752.029333
752.148867
752.232667
752.832433
752.933567
753.074000
753.121733
753.334567
754.974467
755.040867
755.316467
755.359167
755.563500
757.236900
757.365933
757.604167
757.657900
757.678733
758.029067
758.061833
758.440200
758.545367
758.818933
759.454300
759.567533
759.622200
759.640333
759.959333
760.336633
760.902433
761.193533
761.206600
761.264067
761.353200
761.407567
761.591600
761.704467
761.731267
761.757067
761.896133
761.963467
762.094067
762.111167
762.135800
762.202200
762.328800
764.410033
764.721100
764.755767
764.851333
765.356600
765.961967
766.195433
767.338867
767.622267
768.164233
768.287133
768.320433
768.539500
768.830200
768.872500
768.954600
769.069467
769.103767
769.171200
769.320033
769.777133
770.489433
771.583900
772.579833
773.243800
773.610600
773.842067
774.044133
774.175467
774.196767
775.592167
775.694167
775.725900
775.859300
776.056967
776.188600
776.454333
776.551333
777.156633
777.735533
778.779467
778.805467
778.869367
779.122767
779.369567
779.538900
779.709867
779.735933
779.770733
779.786700
780.292933
780.306867
780.459367
781.353867
781.407700
781.846800
782.042933
782.098933
782.675500
782.996967
783.825867
784.514500
784.669300
784.704200
784.874067
785.135400
786.114867
786.651533
787.497067
787.872933
788.130800
788.454567
788.501967
788.616200
788.781567
789.219300
789.978667
790.100000
791.552867
791.646533
791.795067
791.815667
791.937633
792.133500
792.166800
792.181467
792.653100
792.770267
794.630833
794.648533
796.383367
796.434133
796.654233
796.669667
796.875400
796.977000
797.294367
797.433200
797.447967
797.567600
798.615133
798.693600
799.122533
799.919900
801.656033
802.874567
803.407333
804.000367
804.476500
804.646900
804.947967
805.224400
805.695267
805.936833
806.042467
806.387033
806.534467
806.685500
806.706667
806.762333
806.977967
806.989133
807.996300
810.139633
810.185333
810.209567
810.228100
810.618900
810.742667
810.938767
811.074667
811.333700
811.771267
812.728567
812.733733
812.836233
812.870600
812.909400
812.933100
815.809333
816.050967
816.082733
816.088100
816.969500
817.046333
817.151367
817.300467
817.378833
817.880367
817.949200
818.353767
818.399300
820.144367
820.260267
820.593333
820.621467
820.722500
820.845433
821.139300
821.154000
821.219767
821.291833
821.679600
822.358433
822.571067
822.586667
823.227333
823.378967
824.024800
824.056500
824.147033
824.178900
824.233300
824.269133
824.290133
824.572167
824.582367
824.805733
824.812800
824.859967
825.237867
826.048867
826.217100
826.520533
826.813233
827.227500
827.835100
828.713067
828.978367
829.076133
829.273400
829.288933
829.332667
829.673867
829.724833
829.739400
829.763533
829.906300
829.950233
831.347633
832.546767
833.240500
833.645300
834.077967
834.082200
834.257367
834.659667
834.711900
834.926367
835.133500
836.129167
836.310767
836.315433
836.814767
836.855633
836.898133
836.995167
837.043800
837.421600
837.519100
837.868933
837.953833
838.002733
838.029567
838.427867
838.526933
839.008233
839.244267
839.362833
839.449733
839.822367
840.261567
840.617333
841.176500
841.862933
843.401500
843.513933
843.553433
843.644500
843.933700
844.066467
844.998000
845.593967
845.701667
845.711833
845.759867
845.784567
846.737633
846.779167
846.834500
846.840567
846.901633
846.953967
847.802800
848.029300
848.781333
850.319400
850.449167
850.529633
850.558267
850.795667
851.007867
851.311767
851.862400
851.986867
851.997300
852.035000
852.221200
854.224167
854.393067
854.567800
854.656433
854.693767
854.809700
854.970867
855.253667
855.907300
856.055567
856.180233
856.353000
856.635233
857.386500
857.470300
857.918900
857.998967
858.259700
858.442533
858.447367
858.526433
858.813500
861.506833
861.545167
861.722700
861.778567
864.192867
864.260600
864.376433
864.702533
866.151033
866.247667
866.870700
866.907967
867.564233
868.087833
869.192167
870.280400
870.648667
870.677200
870.877300
871.107433
871.124367
871.236633
871.446333
871.719300
871.738500
871.813300
871.838567
872.260000
873.744733
873.799067
873.961167
874.002833
874.115733
874.239867
874.255433
874.570133
874.710933
875.609267
875.822033
875.909433
875.984300
876.441600
876.552367
876.636467
876.844500
876.865267
877.825967
879.297933
879.760833
879.890667
880.796200
881.130967
881.147700
881.241733
881.249833
881.558200
881.844300
881.951933
882.643733
882.758033
882.823533
882.896700
882.983567
883.068233
883.173033
883.345100
883.391633
883.521267
883.691233
883.761100
883.820133
883.850267
885.031933
885.384533
885.711933
885.941500
888.018333
888.927467
889.054033
889.536500
889.696567
890.167133
890.347333
892.029100
892.272900
892.291900
892.569600
893.034633
893.087667
893.158200
893.265867
893.493233
895.161833
895.475667
895.596667
895.605067
895.690500
895.958133
896.079267
896.398400
896.537733
896.625200
896.638133
896.750000
896.918533
897.333467
897.453500
897.512600
897.835900
898.208500
898.693700
899.243367
899.259533
899.280500
899.449433
899.508300
899.815800
899.870833
900.105567
900.140733
901.013733
902.107767
902.395733
902.686400
902.916233
903.106267
904.834133
904.923667
904.945033
905.008333
905.201533
907.181133
907.202067
907.269100
907.461733
907.474700
908.923167
908.966100
910.554967
912.885833
913.382500
914.348400
914.436200
914.547967
914.868667
916.844567
916.964500
917.010333
917.854400
917.868333
918.381133
918.524700
918.566567
918.703867
918.710033
918.881233
918.930600
919.646400
920.119000
920.246033
920.261367
920.300000
920.483167
920.684233
920.710633
921.413267
922.209867
922.966367
923.032900
923.989800
924.064033
924.141933
924.173100
924.310433
924.472800
924.607400
924.730133
924.814933
924.923767
925.260167
925.340200
925.372033
925.770667
926.108533
926.323433
927.440800
928.035467
928.452167
928.502933
928.702433
928.966633
929.137000
929.167433
929.456500
929.487700
929.738700
930.748967
931.571800
931.986933
932.421267
932.731867
932.812867
932.848433
932.911233
932.957300
933.272000
933.303000
933.362733
933.466300
933.471633
935.530033
935.877933
935.916167
935.927567
936.285900
936.319067
936.413100
936.463167
936.515500
937.319233
937.545767
937.640900
937.931200
940.483667
940.587033
940.595433
940.624167
940.839000
942.498267
943.152167
943.429000
943.452533
943.549167
943.616100
943.665900
943.702267
943.818167
943.865033
944.391267
944.823300
944.963033
944.965533
945.071733
945.638933
945.659767
945.705567
946.068167
946.129667
946.153067
946.206800
946.526267
947.063733
947.086400
947.106167
947.677967
949.050233
949.095967
949.293433
949.459867
950.209767
950.259967
950.287967
950.834567
950.962833
951.251467
951.472667
952.335067
952.732400
953.147167
953.875733
953.952833
954.043433
954.191400
954.524667
955.562100
956.047700
956.866900
957.497233
957.800433
958.006333
958.055033
958.298700
958.566967
958.995467
959.263400
959.635033
959.705200
961.994333
962.585400
962.731400
962.766700
963.139433
963.237500
963.341400
963.362967
963.417533
963.427433
963.440400
963.664133
963.870533
964.105233
965.970100
966.849133
966.974267
967.083767
967.200667
967.563667
967.801933
969.669200
970.656000
971.490800
971.650200
971.778567
972.159233
972.334600
972.409000
972.420300
973.549600
975.285100
975.315833
975.498967
975.531433
975.586333
975.628700
975.694400
975.756100
975.774200
975.792800
976.013500
976.099133
976.166833
976.342033
977.598833
977.626100
977.750900
978.144233
978.176933
978.379767
978.554167
978.639933
979.369700
979.712533
979.904900
980.143933
980.409600
980.519167
980.534467
980.639167
981.028033
981.273867
981.388300
981.808567
981.847467
982.459933
982.861700
982.900700
984.439633
984.688000
985.296367
985.436767
986.624033
986.728033
987.410867
987.900833
988.025167
988.085200
988.096267
988.439300
988.459167
988.485833
990.315067
991.906833
992.149967
992.269667
992.292567
992.574767
992.666567
992.774733
992.999167
993.184733
995.561767
996.444233
996.531433
996.630700
996.851067
999.041833
999.188367
999.215867
999.354667
999.356767
999.489367
999.654033
999.692700
999.870400
1000.043233
1000.272133
1000.602833
1001.988833
1002.122433
1002.144067
1002.288067
1004.177467
1004.464300
1005.012200
1005.138933
1005.476367
1005.679733
1006.260433
1006.384200
1007.119333
1007.329667
1007.353567
1007.448333
1007.459567
1007.568933
1007.616133
1007.632433
1007.645333
1008.627433
1008.677267
1008.718567
1009.162500
1009.652000
1009.737567
1011.494667
1012.398800
1012.439433
1012.845500
1014.196033
1014.530833
1015.189833
1015.525800
1015.546233
1015.555300
1015.765833
1015.988167
1016.620667
1016.720567
1017.447867
1017.696567
1018.013900
1018.275467
1019.174600
1020.007400
1020.096033
1020.581033
1020.630000
1020.758467
1020.901167
1021.673267
1021.701900
1021.953933
1023.041367
1023.137667
1023.179500
1023.852800
1023.958233
1023.977967
1023.984367
1024.146133
1025.259933
1026.102700
1026.197833
1026.355900
1026.753600
1026.980467
1027.020900
1027.146000
1027.257233
1027.281700
1027.325233
1027.504033
1028.447033
1028.456900
1028.870667
1028.901400
1030.160700
1030.305200
1031.467133
1032.378767
1032.812100
1033.690067
1033.800667
1034.777433
1034.847967
1036.780700
1037.781867
1037.946167
1038.364300
1039.127700
1039.172767
1039.632333
1039.647133
1039.728967
1039.758200
1039.834067
1040.507500
1042.140233
1042.240567
1042.260700
1042.304633
1042.363700
1042.551167
1042.911600
1042.968033
1043.190967
1043.275467
1043.303167
1043.394800
1044.216300
1044.498900
1044.622367
1044.624567
1044.774767
1044.990267
1045.275133
1045.848767
1046.089367
1046.297700
1047.278800
1047.401667
1047.551500
1047.695233
1048.336733
1048.358500
1048.442533
1048.522900
1048.526000
1048.866933
1048.941933
1049.088967
1049.291200
1050.610233
1050.626200
1050.701033
1051.214600
1051.360133
1053.059067
1053.424933
1053.580000
1053.658467
1053.675367
1054.019833
1054.061833
1054.119800
1054.176033
1054.365300
1054.459900
1056.682667
1056.710833
1056.992733
1057.111967
1057.377600
1057.530867
1057.806700
1057.961067
1058.076000
1058.155167
1058.281100
1058.359200
1058.388467
1058.407100
1058.882133
1058.944500
1058.976567
1059.131600
1059.228500
1059.600500
1060.854000
1061.043400
1061.053800
1061.288567
1061.308433
1061.358267
1061.496800
1061.536367
1061.614800
1061.699867
1061.912800
1062.550867
1064.274067
1064.385500
1064.394233
1064.462267
1064.526333
1064.756933
1066.313467
1066.379733
1066.453900
1066.485733
1067.014133
1067.025300
1067.078400
1067.133033
1067.226367
1067.294467
1067.603667
1067.692267
1067.813667
1068.316633
1068.346600
1068.576800
1068.612233
1068.699200
1068.973600
1069.689667
1070.204900
1070.589433
1070.613067
1070.740867
1071.334900
1073.729567
1074.313100
1074.358300
1074.887533
1076.297733
1076.339633
1076.383867
1076.449700
1076.499733
1076.658167
1076.661000
1076.969333
1077.021900
1077.159667
1077.221767
1077.877367
1078.045467
1078.850267
1078.944100
1079.491067
1079.711000
1079.791233
1080.438600
1080.522233
1080.620233
1081.657300
1081.921433
1085.072800
1085.228200
1085.308900
1085.463833
1086.036233
1086.315200
1086.400133
1086.765667
1087.104433
1087.543500
1087.585100
1087.596067
1087.642233
1087.833733
1087.901267
1088.138667
1089.157800
1089.202833
1089.986667
1090.352733
1090.356900
1090.390267
1090.452500
1090.860100
1091.547533
1092.433900
1092.620967
1092.652967
1093.164533
1095.585933
1095.743733
1095.971000
1096.029700
1096.844567
1096.938900
1097.599133
1097.839800
1099.282367
1099.382333
1099.590500
1099.875933
1100.113800
1100.164267
1100.313300
1100.392433
1100.545600
1101.429267
1102.960300
1103.011600
1103.138333
1103.523367
1103.868767
1104.433200
1104.685233
1104.766233
1104.812167
1105.428267
1105.501633
1105.566067
1105.576100
1106.383267
1106.664167
1106.855233
1106.986100
1107.617467
1107.653567
1107.750800
1107.843700
1108.631600
1108.790567
1108.898200
1108.945000
1109.026667
1109.284500
1109.355233
1109.739233
1109.893100
1109.935733
1110.812467
1111.025400
1111.563000
1111.938700
1112.078000
1112.232967
1112.320533
1112.721333
1113.168333
1113.256133
1113.262000
1113.284167
1113.322833
1113.399567
1113.525600
1113.659067
1113.763033
1114.144700
1114.414367
1115.131800
1115.173167
1115.253533
1115.362700
1115.572433
1115.599500
1115.617700
1115.686833
1115.788867
1115.802733
1115.892933
1115.922433
1116.030133
1116.078333
1116.207100
1117.096233
1117.098067
1117.316767
1119.139233
1119.284000
1119.474933
1119.571067
1119.577833
1119.977267
1120.406933
1120.570633
1120.611367
1120.639667
1120.666833
1121.125000
1121.927200
1123.858633
1124.116967
1124.477033
1124.815200
1124.884233
1125.328533
1126.076100
1126.463300
1126.550033
1126.684567
1126.903867
1126.937600
1127.105067
1127.137333
1127.153700
1127.158400
1127.436700
1127.554467
1127.598900
1127.826800
1127.888167
1127.897667
1127.962100
1128.168367
1128.489167
1129.312400
1129.343600
1129.663367
1130.390800
1130.412433
1130.853767
1131.009300
1131.243767
1131.282567
1131.315100
1131.338233
1131.523033
1131.689033
1131.699933
1131.752000
1132.443867
1133.070467
1133.766100
1134.953067
1135.528267
1135.707800
1135.850133
1135.859300
1135.922433
1136.435067
1138.100100
1138.490967
1138.712267
1138.744600
1138.769200
1138.788233
1138.851933
1138.861500
1139.307467
1139.366900
1139.420267
1139.430667
1139.488700
1139.509133
1139.524833
1139.533633
1139.541233
1139.577033
1139.626967
1139.872267
1140.099433
1140.122400
1140.293833
1140.448900
1140.618167
1141.017133
1141.193167
1141.218967
1141.240767
1141.375167
1142.322433
1142.353633
1143.015367
1143.965600
1144.020733
1145.082267
1145.205867
1145.245933
1145.296200
1145.363500
1145.704200
1145.881200
1146.104700
1146.153133
1146.173300
1146.518100
1146.548967
1147.560467
1147.749000
1147.754933
1147.840200
1147.874900
1148.910633
1149.834567
1150.415267
1150.467000
1150.925967
1151.000267
1151.047700
1151.061533
1151.239433
1151.435067
1151.442833
1151.529867
1151.650400
1152.365600
1152.658567
1153.089233
1154.115333
1154.226967
1154.281467
1155.316033
1155.325867
1155.554600
1155.585733
1155.758567
1155.796133
1155.814967
1156.181367
1156.473000
1156.588833
1156.610100
1156.738267
1156.839767
1159.362900
1160.326800
1161.114367
1161.220200
1161.383033
1161.612067
1161.911033
1162.000333
1162.600567
1162.682133
1164.546633
1164.631633
1164.900500
1164.968867
1164.995100
1165.665867
1165.827100
1166.686333
1167.074467
1167.473600
1167.816267
1167.849167
1167.908233
1169.348167
1169.362900
1170.955467
1171.042133
1171.514600
1171.869500
1172.029733
1172.059233
1172.233800
1172.494367
1172.740033
1172.757900
1172.936867
1176.268233
1176.276800
1176.283267
1176.431967
1176.919933
1176.999900
1177.579333
1177.637733
1177.649567
1177.654367
1177.694533
1177.736400
1177.758100
1178.040133
1178.414567
1178.523933
1178.545267
1181.971000
1182.111633
1182.333667
1182.625167
1183.031633
1183.110033
1183.313467
1183.413000
1183.573133
1184.273633
1184.287133
1184.325700
1184.348167
1184.571933
1184.615767
1184.700600
1184.740800
1184.758133
1184.852467
1184.874700
1184.878133
1184.897633
1184.918267
1184.937800
1184.948733
1185.037600
1185.285033
1185.333133
1185.927033
1187.655567
1187.683033
1187.779667
1188.516267
1188.656567
1188.771067
1189.241433
1190.642700
1191.156100
1191.292467
1191.720467
1192.128533
1192.154433
1192.172767
1192.273433
1192.530967
1192.562933
1192.897233
1193.786333
1193.956000
1193.982500
1194.092933
1194.169567
1196.331300
1196.603633
1197.872833
1198.699533
1199.024467
1199.170567
1199.313500
1199.652033
1199.673900
1199.721767
1199.747267
1199.843867
1200.075700
1200.094967
1200.349533
1200.582700
1200.640133
1200.820467
1200.913167
1203.510200
1203.766200
1203.983900
1204.209367
1204.855067
1205.007233
1205.957500
1206.004867
1206.340533
1206.601700
1206.824267
1206.871300
1206.885767
1207.018533
1207.046900
1207.072833
1207.153933
1207.856800
1207.899700
1207.962533
1208.191300
1208.634067
1209.337867
1209.430367
1209.848667
1209.923100
1210.023267
1210.458967
1210.608600
1210.736867
1210.799333
1210.886433
1210.912867
1210.938633
1210.956467
1211.078267
1211.165300
1211.170633
1211.350900
1211.356100
1211.616267
1211.759700
1212.017500
1213.720933
1213.795200
1213.867067
1214.051467
1214.246600
1214.267133
1214.608400
1214.704867
1214.772200
1214.887800
1214.969067
1215.066100
1215.153467
1215.611833
1215.765133
1215.881367
1216.852100
1216.866067
1217.039800
1217.122233
1217.225467
1217.415100
1217.421333
1218.021233
1218.078933
1218.126667
1218.300833
1218.327967
1218.377067
1218.677433
1219.365067
1220.074533
1220.671733
1220.954633
1221.578500
1221.598200
1221.969133
1222.218600
1222.231900
1222.509133
1223.281500
1223.284200
1223.399767
1223.573433
1223.822667
1225.196467
1225.731300
1225.809333
1225.829400
1225.869400
1225.947233
1225.970800
1226.163133
1226.429200
1226.634867
1226.678467
1227.720967
1227.912433
1228.452867
1228.617567
1229.126367
1229.873667
1232.054000
1232.155500
1232.398033
1232.429933
1232.685700
1232.786467
1232.813733
1232.857733
1233.121433
1233.128767
1233.538033
1233.560600
1233.709967
1234.256200
1234.276400
1235.333033
1235.470567
1235.515333
1235.561967
1235.602400
1235.659800
1235.900200
1236.089167
1236.538333
1236.560233
1237.301200
1238.389533
1240.262133
1241.269500
1241.536900
1241.562833
1242.213967
1242.249533
1242.427767
1242.481800
1242.486600
1242.502200
1242.519100
1242.534067
1242.570733
1242.691233
1242.715133
1242.880700
1242.995833
1243.057333
1243.227200
1243.283367
1243.330967
1243.455833
1243.529533
1243.590900
1243.699500
1244.474633
1245.000500
1245.496767
1245.801633
1246.971067
1247.047233
1247.064933
1248.007967
1249.752733
1250.724400
1250.870600
1250.884833
1251.012767
1251.030933
1251.057433
1251.147933
1251.263067
1251.675367
1251.961067
1252.023133
1252.113400
1252.377633
1253.494733
1253.506300
1253.555967
1253.810167
1254.062867
1254.201033
1254.222067
1254.626533
1254.645900
1254.753867
1254.771733
1254.800300
1254.820767
1254.971367
1255.881467
1256.538033
1256.679600
1256.794700
1257.168100
1257.251300
1257.900233
1257.929933
1258.147067
1258.262733
1258.278367
1258.355667
1260.431333
1261.427300
1261.585700
1261.596500
1263.186933
1263.682467
1263.806033
1263.989800
1264.334233
1266.035500
1266.367700
1269.641033
1271.111733
1273.976933
1274.357833
1275.656000
1276.819300
1276.845433
1276.848500
1276.856333
1276.934033
1277.025167
1277.126967
1277.193133
1277.254033
1277.280700
1277.711200
1277.717933
1277.835133
1277.925567
1278.373967
1278.434633
1278.471633
1278.503300
1278.520833
1278.660867
1278.850500
1278.923467
1278.964167
1279.433733
1279.537400
1279.680500
1279.743167
1279.845567
1279.887433
1279.931033
1280.046433
1280.071333
1280.219200
1282.697033
1282.972233
1283.011700
1283.034333
1283.046067
1283.065700
1283.123467
1283.156267
1283.161767
1283.305233
1283.404533
1283.425633
1283.491800
1284.043367
1284.084167
1284.162000
1284.766033
1285.287400
1285.313200
1287.417933
1287.458400
1287.962267
1288.094167
1288.191467
1288.343733
1288.400067
1288.678800
1288.772867
1288.834333
1288.902100
1288.920600
1289.084567
1289.123300
1289.229167
1289.363967
1289.440967
1289.582100
1291.894600
1291.912733
1291.940600
1291.960867
1292.080400
1292.086100
1292.104233
1292.116967
1292.159300
1292.477367
1292.629533
1292.642767
1292.944000
1293.568467
1293.661267
1293.718200
1293.992600
1294.150300
1294.672900
1295.196233
1295.439467
1295.491933
1295.500300
1296.646867
1296.789933
1296.899167
1296.929633
1297.244633
1297.594667
1297.909100
1297.999667
1298.175867
1298.307933
1298.354100
1298.384000
1298.425533
1298.484400
1298.636667
1298.648733
1299.468367
1300.023200
1300.096567
1300.293933
1300.431333
1300.466000
1300.752300
1300.801167
1301.007100
1301.511433
1301.752700
1302.033633
1302.063233
1302.078000
1304.493400
1304.576167
1304.821433
1305.015533
1305.081200
1305.105100
1305.213667
1305.443600
1306.086300
1306.146800
1306.165633
1306.336800
1306.387400
1306.423400
1306.453967
1307.119100
1307.150733
1307.200933
1307.442400
1307.461800
1307.795433
1308.670233
1309.011733
1309.082567
1309.259267
1310.553767
1310.668100
1311.004567
1311.130967
1311.273133
1311.344233
1311.781667
1312.217967
1312.354000
1313.095133
1313.171667
