1.087767
2.193100
5.265567
5.304467
5.681633
6.460100
8.741133
9.766000
10.768033
12.747167
13.117767
14.736067
15.381333
15.920667
15.962833
16.418000
16.753733
17.104733
17.990500
19.542267
19.699867
21.477800
22.281100
22.582900
24.759100
24.825700
25.267833
26.408333
26.892067
28.718700
30.295000
30.393833
31.158633
33.306100
34.750667
35.634667
35.700233
37.078633
38.073800
39.127367
40.733300
41.038900
41.073933
41.801000
42.608267
42.867367
43.572300
43.726533
44.301767
46.478867
47.313367
50.185833
50.587967
50.712300
51.046600
53.717400
55.463467
55.589167
55.789933
55.864100
57.076367
57.339200
58.288600
58.635533
60.457933
60.522633
60.563000
61.970733
62.011733
63.278433
63.739900
64.664067
65.323767
65.839567
66.653833
66.747900
67.211567
68.229900
68.694067
69.417867
69.462400
69.512733
69.591533
69.936967
70.382033
71.232900
71.532633
71.726367
71.751700
72.081533
77.725767
82.010100
82.660533
86.501900
98.019100
98.906567
98.939900
99.944933
100.825767
101.086233
101.391167
102.138400
102.923833
103.425233
105.523833
106.194500
108.904500
109.606233
109.908400
109.979167
110.625133
110.905100
111.163100
111.195633
111.254433
111.456667
111.509133
111.632067
111.787833
111.834300
112.343733
112.937800
113.049867
114.315367
114.756633
115.105067
115.622567
115.648633
115.696967
115.766400
115.849067
116.500933
116.531667
116.603533
117.315300
117.460833
120.044233
120.248967
120.798700
120.971433
121.965900
124.106633
124.549200
125.443700
128.017500
128.034900
128.458033
129.228233
133.408833
133.425767
133.478567
133.480500
134.864467
134.977967
135.170367
135.921500
136.710667
136.761300
136.940400
137.570967
138.291067
141.635633
143.880267
144.094900
145.659900
147.560967
148.364233
148.402667
153.312500
154.912967
154.914933
156.031933
156.140833
156.658100
158.521333
158.602700
160.043667
161.179300
161.414733
161.433867
161.672400
162.071300
163.934967
165.054300
165.287400
165.725233
167.724733
170.779867
172.039867
172.694600
173.175933
173.564233
175.291900
178.058733
179.759933
179.840267
180.803167
181.606967
181.721767
183.759067
184.463800
184.549967
185.500833
186.185167
186.472533
187.297700
188.395000
194.550267
196.914100
197.633467
201.975933
204.427333
208.133500
208.832933
209.153667
209.709167
209.869500
210.802867
210.912133
214.460733
218.320333
221.039500
222.884867
223.283500
224.627900
225.668500
226.342767
227.595400
227.726800
230.352333
232.693967
235.764667
237.241733
237.245967
241.405000
243.415400
243.786367
244.413233
245.169867
245.288267
245.318333
245.650933
246.802767
249.227733
250.431433
250.575133
251.511033
251.598433
252.015367
252.201733
253.605433
253.977400
254.006967
255.080967
256.143233
257.635133
261.350600
261.373000
261.665267
262.674200
262.716067
263.117567
263.177600
263.415833
265.949267
266.086933
266.155400
270.235733
270.330767
270.625633
271.053200
273.845533
275.555400
275.693700
279.797567
280.479367
283.203733
283.594400
287.828267
288.016300
288.128333
289.596833
291.210700
291.423300
292.224100
292.939333
294.057167
294.162933
298.508267
300.082767
300.176200
300.999233
302.303833
302.489633
303.338900
305.507233
305.589667
307.470133
310.299667
310.352900
310.585333
310.835100
311.035833
313.774400
313.916767
313.961967
313.994933
317.714667
318.219533
319.884500
320.141667
321.348567
324.353667
325.271400
325.505067
325.830433
326.226200
327.764267
327.943600
328.117033
334.525200
334.637033
334.882667
335.547933
335.633767
335.821400
336.123200
337.132533
338.313100
343.156767
344.028467
349.124800
350.678667
350.815533
351.644200
354.142400
354.733700
355.280600
355.282933
355.465733
357.553833
357.920433
361.117333
361.885433
362.929933
367.974500
368.223867
369.437133
369.605333
369.649400
371.125100
371.203067
372.208733
372.872333
372.893100
373.943333
374.527367
374.720600
376.535200
377.528833
377.652567
377.902567
378.031300
378.220233
379.277700
380.656833
381.602400
381.626967
385.670733
386.725133
387.085767
387.208267
390.231300
390.298333
391.146800
392.037567
392.726600
395.835100
396.082100
396.872467
399.041733
399.439900
399.622667
399.855800
400.080167
403.506600
405.874833
406.631167
406.682167
406.777967
407.045633
409.804733
410.060800
411.016000
411.333667
411.744667
411.904100
412.607233
414.769567
415.754467
416.533767
416.580100
416.748067
416.765533
416.794200
416.829767
418.337167
418.975300
420.214233
423.517833
425.609833
426.383133
426.734467
426.773233
431.075333
431.540700
433.374400
433.519033
435.158067
435.167767
440.887367
443.096100
444.749467
444.761400
448.951500
449.005933
449.261133
449.299933
450.626433
451.449867
451.939233
452.030267
452.511933
453.300600
455.839367
455.979900
457.039933
457.206300
459.822067
459.860200
460.205133
460.415700
463.901567
465.015867
466.105033
466.618333
467.662267
467.973200
469.066300
469.109633
469.648800
470.653167
471.240833
471.609433
471.800067
472.241133
472.247733
472.315033
474.968833
475.348200
475.498033
478.078433
478.872633
481.015067
481.343233
481.529300
483.895833
485.426700
486.593233
486.825967
487.609867
488.909700
489.254500
489.502667
491.714133
492.426200
495.918633
495.993867
496.105667
496.988233
498.489733
499.040167
501.089267
501.131500
501.217533
501.595833
501.644233
501.707367
501.968733
502.104400
502.333533
502.637067
502.766867
504.497200
504.554367
504.789367
504.924033
506.223900
508.812567
509.039000
509.122200
509.515333
509.690067
509.883700
510.036300
510.306200
510.309000
510.663033
511.469933
512.393467
513.148867
513.205967
513.493733
513.611633
516.614433
516.879067
517.377433
517.870433
518.607500
525.646533
526.998833
529.255867
531.004667
531.797700
531.858033
532.526867
532.543967
532.564433
532.599000
532.621067
533.360500
534.378267
537.234633
541.206967
542.086200
543.593067
546.390933
546.579833
546.675267
549.598600
550.250367
550.308367
550.423000
553.111967
555.021733
555.505367
555.580467
555.782900
557.718100
557.972000
558.341967
558.532800
559.380400
560.712600
561.268267
563.408567
563.672400
564.169767
564.240533
567.755900
568.388433
568.564267
568.673400
569.453400
571.506400
571.728967
573.454867
574.567933
574.640533
574.703267
575.582500
576.539133
576.921267
577.062767
577.122000
577.398933
579.884867
580.478500
582.191133
589.219400
590.141000
591.976200
592.430733
594.107333
594.650600
595.197067
596.262100
596.857233
597.199933
597.922367
598.819367
599.620833
600.207367
600.450667
601.157567
601.365833
601.777433
601.980567
603.026900
603.339600
603.819433
605.180100
606.523933
607.203933
609.765867
612.171633
613.133900
614.407400
615.621233
615.704100
615.742367
616.003733
616.621433
618.500167
620.869100
621.406400
623.252067
623.920133
624.004600
624.426867
625.384167
625.649467
628.161633
628.327067
629.104800
629.408567
629.448933
629.451633
629.904267
630.191600
631.188533
631.190233
631.951200
635.024200
635.349033
637.617767
641.804433
641.970400
642.653733
643.918933
644.417400
644.483200
646.027000
646.442467
646.819367
650.172533
652.176600
655.645733
656.167900
657.105533
657.701100
658.029900
659.214467
661.720133
663.130433
664.741967
669.002933
670.415167
671.126567
673.874800
677.929667
678.278533
679.162367
679.398767
680.301100
680.778233
681.153600
684.701900
684.908700
685.056933
686.700867
687.766567
688.937200
688.990167
690.407600
690.763467
693.280500
694.134233
695.308767
695.600833
695.602733
695.845000
698.278567
698.322900
698.698267
698.793067
698.825767
698.898700
699.027000
700.267533
700.281400
700.393800
700.395733
702.522567
703.193467
704.470967
705.029700
705.610867
705.689067
706.096467
706.932600
708.030033
708.164667
708.371000
710.171533
711.453133
711.564200
713.213733
713.299500
713.725100
715.873300
715.950300
725.526033
726.268500
726.439400
726.888633
727.710733
727.837867
729.054400
731.325600
731.350733
731.445767
731.550967
731.726300
732.582133
733.553067
735.203533
735.264867
735.394000
735.552933
735.555600
735.740500
735.768133
736.140000
737.468700
742.840267
748.387967
749.773033
749.830700
753.577967
753.950500
753.987200
755.057733
755.292900
755.500867
755.952900
756.523133
757.014767
757.202433
757.967467
758.039367
758.400933
760.580300
762.273967
762.317500
762.472267
765.144333
765.627933
768.495000
769.442333
771.408533
772.416500
772.463500
774.488600
774.823767
776.830367
777.152833
777.382333
779.376300
779.441000
780.836300
781.080167
781.111467
781.242933
781.667000
781.734433
782.081833
783.160200
785.450267
788.706767
789.052100
789.082167
791.245533
792.519600
793.396533
793.548533
793.756700
794.046933
799.580833
801.091733
804.510133
804.534233
806.388667
807.481133
809.133667
809.768300
809.966067
810.554367
813.036500
813.221167
813.984800
815.070467
815.727833
817.630467
817.941267
819.515233
819.602700
820.227000
823.592467
825.876200
825.909000
826.185967
826.219300
826.752267
826.893133
827.098700
827.672400
827.810767
829.136133
829.214533
829.289300
830.626100
830.806300
830.938233
831.047167
835.042567
838.332133
839.072033
840.056967
840.152967
840.456533
842.168667
842.535867
843.254400
844.137467
844.376733
846.009333
846.138433
848.692933
849.262367
849.590600
851.008800
854.389833
855.469133
856.938567
857.077200
858.152833
858.329933
861.906933
863.032700
864.817767
864.990100
866.090500
869.590367
871.007800
871.112267
874.917700
875.249067
875.367600
875.814133
875.868800
876.082367
876.963733
879.595933
881.228633
882.575500
884.573400
884.903433
885.090800
886.759600
886.990567
888.704733
890.746500
897.416233
898.024733
898.237600
898.384000
898.479033
898.538333
898.714233
899.480100
899.580200
899.672233
903.346933
904.739733
905.434000
905.641867
907.423233
907.569733
907.720633
907.773633
908.427733
908.692167
913.171133
914.518367
915.299033
919.011900
919.090400
921.382367
921.419100
922.817167
926.166600
926.240167
926.978833
928.347867
928.653200
928.730300
932.312567
932.405633
935.590133
938.236600
940.478867
941.599700
943.433967
945.099900
945.338200
945.500267
945.838700
947.071900
947.479567
948.375600
949.680333
950.061200
953.388400
955.421200
955.563167
958.489733
958.812400
958.999700
959.147267
959.168767
959.870033
959.953600
960.110433
960.214167
960.940067
962.584600
963.094567
966.505100
968.573767
968.674033
968.868633
969.022300
970.272367
972.200833
973.247667
979.816467
980.804700
982.146467
983.656200
983.954533
984.399367
984.621233
991.781267
992.165667
992.365033
992.456500
993.290567
993.406333
994.112733
995.679367
997.264000
997.871200
997.873200
999.449200
1000.565133
1000.608833
1000.892433
1001.750600
1002.504667
1002.668200
1007.724033
1007.766467
1007.904000
1007.993167
1011.163700
1011.511367
1011.570300
1011.719667
1011.763167
1015.667000
1017.556233
1017.593933
1017.973133
1019.730100
1022.296300
1022.515467
1022.754967
1023.709700
1024.640000
1024.767133
1027.838967
1027.989933
1028.110833
1028.152733
1029.359733
1035.141767
1039.535700
1039.868833
1039.951933
1040.052100
1040.545967
1040.658400
1041.658267
1041.932500
1044.601600
1044.628200
1044.703867
1044.744833
1044.844933
1045.553333
1046.661300
1049.730700
1049.869833
1050.477467
1050.510933
1050.879067
1052.356133
1053.720900
1054.869367
1055.772600
1056.649800
1057.312567
1057.347467
1058.870000
1058.973367
1059.661000
1062.293867
1062.874867
1063.380533
1064.718167
1064.911000
1065.041800
1069.237667
1069.317767
1069.396133
1069.448133
1069.617200
1071.059400
1071.165567
1071.705467
1072.473133
1073.479733
1073.723300
1075.056400
1075.648933
1076.707733
1076.765500
1077.393833
1078.690567
1081.406500
1081.449300
1082.792167
1083.330967
1083.457400
1083.780200
1084.409167
1085.918700
1086.872100
1086.996400
1087.226200
1090.941167
1092.144033
1092.180833
1093.530933
1096.005767
1096.250900
1097.047033
1097.386400
1099.207233
1099.673733
1101.861733
1103.681767
1105.414300
1106.012400
1106.428000
1106.799467
1107.912033
1107.976367
1108.227133
1109.500233
1109.818933
1111.668900
1112.155167
1112.195333
1114.103333
1117.038333
1119.439433
1119.811200
1119.852667
1121.810200
1121.869200
1124.095033
1126.496700
1127.046700
1127.322867
1127.420500
1130.136067
1130.464633
1131.228133
1131.302900
1132.706233
1133.704667
1134.014067
1134.261000
1134.264133
1134.641533
1134.957900
1135.215367
1135.531400
1135.599000
1135.629200
1135.713267
1137.454767
1137.739200
1138.570000
1139.211000
1139.281367
1139.851000
1141.787467
1142.203433
1142.551667
1142.600467
1143.094667
1145.549367
1145.696733
1146.060567
1148.871733
1149.297733
1150.391567
1150.418500
1150.505633
1151.552267
1151.977733
1152.686067
1152.819133
1154.077867
1157.352500
1157.940567
1158.001233
1159.068700
1159.090367
1159.542267
1160.165700
1160.307000
1160.654133
1162.647100
1164.789767
1166.162400
1166.375133
1166.557667
1170.915067
1171.783567
1171.831600
1171.933467
1173.901767
1173.968667
1174.406200
1174.460500
1177.188333
1177.254033
1179.687100
1179.973400
1181.808933
1184.446133
1185.441867
1190.688733
1194.204900
1194.540067
1197.711000
1198.889867
1199.485400
1199.981467
1201.434533
1201.810200
1203.445900
1203.761033
1204.173133
1204.451400
1205.836633
1209.866800
1213.014467
1213.309533
1217.286133
1219.528400
1220.178633
1221.919633
1221.991833
1222.151033
1222.829800
1223.049533
1223.645300
1225.254500
1225.811467
1226.216467
1228.489133
1228.869700
1232.212000
1232.996467
1233.108267
1234.118867
1236.452000
1237.615533
1238.388133
1238.520133
1239.713433
1239.997967
1240.088467
1240.132233
1240.952333
1243.763133
1243.864033
1244.190767
1246.599000
1246.782467
1248.309767
1248.786533
1253.913600
1256.515967
1256.569233
1256.873200
1256.948233
1259.931433
1260.134067
1260.296667
1263.395767
1264.369900
1266.054567
1267.329067
1270.104933
1270.340800
1271.794800
1272.855633
1274.231167
1275.570233
1275.612633
1281.325733
1283.350433
1284.659967
1285.784533
1286.475467
1286.776367
1287.237033
1290.562100
1293.397467
1294.268333
1294.448867
1294.590767
1294.927100
1294.974133
1295.401133
1301.178867
1301.234533
1305.419767
1308.869767
1309.377767
1309.424033
1309.908800
1312.394400
1312.785100
1313.616100
