11.254400
11.285300
11.308067
11.465433
11.583967
11.620233
11.802100
12.551500
12.598800
12.625533
13.946733
15.445000
16.557300
16.601100
16.771333
21.363667
23.114767
24.813633
27.091767
27.170967
27.236600
27.265900
27.291100
27.321667
27.393000
27.430300
27.475133
27.523000
30.900633
31.054133
31.078467
31.127867
31.147900
31.196767
31.225233
31.246900
31.296600
31.322033
34.770500
34.859367
35.468433
35.654067
35.738200
35.766000
35.797367
41.587733
44.349133
44.978867
45.382367
45.420567
45.453967
45.477800
45.500167
45.523867
45.548100
45.691767
45.714000
45.752900
45.775033
45.801167
45.836367
45.865667
45.883167
45.911000
45.948267
46.019000
46.056133
46.074967
46.106000
46.139900
46.193133
48.492967
48.520900
53.961067
54.159900
54.360100
58.088900
58.293000
58.338733
58.387700
58.691633
59.027833
59.048233
59.335500
59.979067
59.996833
60.029267
60.045567
60.059167
60.095533
60.117000
60.126000
60.160133
60.169933
60.197233
60.357667
61.059267
61.092600
61.169567
61.191967
61.266933
61.293233
61.317500
61.417500
61.431400
61.460933
61.506900
61.534500
61.548367
61.559667
61.584233
61.734533
62.029500
64.388200
64.677600
64.847633
64.886033
65.035333
65.193867
66.041033
66.056867
66.075867
74.245233
74.273567
74.288500
74.323833
84.863267
87.149433
91.876100
95.642800
100.074833
100.926467
100.954967
101.066133
101.128533
101.172600
101.232867
101.258100
101.290100
101.669200
105.050267
105.403600
105.521333
105.564200
105.597300
106.637933
106.657967
106.714033
106.745800
106.793867
106.807233
106.828933
106.853533
106.866833
106.879833
106.898267
106.910000
106.922233
106.946633
106.956133
106.987533
107.076133
108.065600
108.143400
108.194500
108.208633
108.234133
108.249400
108.296200
108.315967
108.334933
108.353467
108.386033
108.416067
108.441133
108.487900
108.512400
108.540633
108.564700
108.594500
108.638067
108.896333
109.352067
111.389233
111.707700
111.750200
111.802633
111.908333
111.952233
111.982367
112.042167
112.123667
113.536500
113.555567
114.047033
114.071733
121.282767
121.422533
121.457233
121.492800
121.510467
121.530367
121.547767
121.563767
121.577700
121.638967
121.656300
121.695067
121.724467
121.759733
131.471967
132.974000
134.514800
136.634400
140.268600
142.315600
143.005900
143.060467
145.565500
145.592633
145.616267
145.647700
145.766933
145.804100
145.832900
145.862333
145.902867
146.043500
147.380933
150.506633
151.882767
151.932800
151.989800
152.002267
152.080233
152.121400
152.135000
152.167567
152.194800
152.755300
152.808500
152.818333
152.914533
153.002900
153.138033
153.173567
153.238933
153.258067
153.293500
153.613800
153.678433
153.910600
154.096267
157.175633
157.246967
157.275933
157.335167
157.458600
157.508967
157.884000
158.063600
158.097400
158.184567
160.799067
160.815467
160.842667
165.199967
165.477033
165.522400
165.565167
165.630867
165.646967
165.664700
165.690100
165.710467
165.904200
169.939967
170.097267
170.138600
170.153300
170.186200
170.231767
170.278967
170.304533
170.335433
170.371267
170.429367
170.540600
172.776933
176.979567
177.005033
177.702167
178.395767
180.377200
186.729600
186.920233
186.948233
186.962500
186.979833
186.994667
187.044067
187.094433
191.574500
192.307933
192.372233
192.398100
192.431067
192.456667
192.483100
192.505267
192.529667
192.563333
192.714000
192.823067
192.924400
195.822000
196.084100
197.026200
197.094700
197.122667
197.159133
197.339367
197.364367
197.388433
197.459233
197.544433
202.001167
202.144700
203.610967
203.635300
203.666467
205.304567
211.600733
211.659033
211.681567
211.712100
211.756200
211.789200
211.845133
211.884067
211.981500
212.034833
212.213967
212.244467
212.266567
212.321467
212.449800
212.833700
216.079800
216.108533
216.152467
216.184800
216.222233
216.257700
216.286633
216.313333
216.336367
216.359800
216.377367
216.402267
216.429100
216.457100
216.516833
216.542500
216.602333
216.789133
216.817067
218.518967
218.558000
223.730000
223.777767
223.798033
223.825233
226.781267
226.815333
226.925700
227.948200
227.970067
227.989233
230.939700
233.413067
233.450867
233.652033
233.685133
233.710267
233.739600
233.764967
237.615400
237.683967
237.781100
237.855300
237.874200
237.925867
237.943433
237.986733
238.008400
238.043333
241.695667
241.722833
241.938500
242.049367
248.202400
248.232167
248.266333
248.358067
249.161467
249.210367
249.238833
249.381633
250.305833
250.401767
250.441333
250.488467
250.560867
253.692867
253.744300
253.770467
253.806233
253.937800
253.983600
254.011967
254.030933
254.051900
254.087933
254.108100
254.157100
254.176600
254.206633
254.231833
254.417333
254.454533
254.815933
254.851967
254.904500
254.977267
255.016500
255.062533
255.305867
256.197533
262.640367
269.607300
269.655567
269.695167
269.723800
273.644067
275.009767
275.064333
275.180367
275.899167
276.894200
278.206200
278.246567
278.474767
278.722967
279.285033
281.435767
281.490533
281.610700
281.774867
282.144267
282.175900
282.198400
282.224333
282.263133
282.312767
283.108433
283.132033
286.121467
286.232033
286.304567
286.356000
289.211067
290.661767
290.761933
290.806500
290.828400
290.845500
290.875800
290.902067
290.959733
290.982600
291.025267
291.069100
295.813300
295.872500
295.892533
295.939400
295.980600
298.417200
298.481500
298.728933
299.075967
302.785600
302.825733
303.140533
305.515267
305.564233
305.637800
305.862233
305.899267
305.931200
305.982200
306.011500
306.050433
311.762667
311.905533
314.189400
314.207967
314.223267
314.248500
314.267333
314.283833
314.324233
314.348033
314.370567
314.400367
314.414367
314.434833
314.451833
314.474933
314.502100
314.525033
322.964433
322.989067
323.016767
323.055400
323.095900
325.776233
325.856900
325.897033
325.999167
327.033633
327.386900
327.446300
327.822167
328.651533
328.730167
328.826467
329.042000
329.081533
329.135933
329.163533
329.190567
329.223633
329.289533
329.322267
332.476100
332.517167
332.563867
332.587433
332.613467
332.669100
333.292367
336.977067
338.632900
340.007900
340.616867
345.956733
346.060867
346.102133
346.231600
346.308833
349.013600
349.122833
349.169500
349.213533
349.281933
360.706533
361.968300
361.982833
362.434967
367.060133
373.701833
376.445533
377.495933
377.640267
377.672000
377.697800
377.753833
377.780500
377.812933
377.845633
377.868767
377.888500
377.919633
377.941500
377.964533
377.993667
378.033667
378.060033
378.113000
381.891200
381.925167
381.951867
381.999433
382.013167
382.030867
382.046800
382.067967
382.094533
382.133267
382.210400
385.613767
385.689167
385.718900
385.741133
385.783867
385.824967
385.860933
385.900000
390.670467
390.870967
391.026933
391.056967
391.090967
395.061700
395.112100
395.142300
395.170600
395.873967
395.903200
395.934433
398.674967
402.541433
402.565667
402.584233
402.614333
404.763133
404.829833
404.858533
404.914333
404.974067
405.074400
405.110433
409.325467
409.363367
409.386700
409.414967
409.467400
410.805500
410.830900
410.864400
416.418233
416.469067
416.490233
416.543967
416.571800
416.592933
416.608667
416.629700
416.645600
416.692400
416.714167
416.749033
416.837833
416.890900
418.152967
418.202633
418.227200
418.311167
418.347267
423.953300
424.017533
424.063933
424.211633
424.258233
424.441267
428.588300
428.925367
428.946533
429.102233
429.139667
434.608033
434.672133
437.739567
437.795000
441.033433
441.094233
442.032600
446.277633
446.633367
446.658467
446.676933
446.731900
446.746567
446.776567
446.818733
446.830100
446.870533
446.894967
446.910833
446.946333
446.965100
446.991100
447.005067
447.016733
447.040733
447.056467
447.143500
447.149400
447.162567
447.248733
447.277600
447.285367
447.305100
447.338500
447.374467
447.423533
447.800733
447.823167
447.905467
447.929267
447.953300
447.971033
448.003833
448.028467
451.965000
451.999133
452.023933
452.061900
452.089367
452.140000
452.178933
452.208133
452.237033
452.286800
452.323033
452.345700
452.391800
452.434833
452.479900
452.510367
452.577567
452.702333
453.134733
457.327133
458.595333
459.846700
459.897067
459.956200
460.014000
460.113067
460.139167
460.213500
460.359833
462.525333
464.147633
464.917233
464.955033
467.177233
467.195433
467.228733
472.285567
472.349800
472.450000
472.488100
472.510100
475.936633
475.983567
476.026367
476.697200
483.967533
485.113767
488.392133
489.255333
489.279867
489.325033
489.367933
489.396700
489.414533
489.469733
489.494967
489.530633
493.280200
493.346333
493.370567
493.394533
493.426400
493.449467
493.486367
493.550833
493.580300
493.690200
495.849633
495.875567
498.966133
499.002667
499.044333
499.079067
499.105067
499.135733
499.150867
499.176800
499.235533
500.013733
500.041900
503.929667
504.029500
504.050300
504.115233
504.134800
504.151867
504.223733
504.293333
504.354267
504.379867
504.420233
504.442700
504.475967
504.491400
504.508067
504.520833
504.532667
504.544400
504.559533
504.573067
504.588500
504.605267
504.639367
504.964467
505.000733
506.322833
509.239467
509.899667
510.114867
510.182067
510.253167
510.282200
510.330533
510.361000
513.793433
514.117533
514.150200
514.183667
514.226833
514.319267
514.364433
514.420300
514.501000
514.771300
515.576033
515.625867
522.421167
526.220433
526.288967
526.527333
526.707700
529.923967
530.074433
530.106067
530.142667
531.168300
531.185267
531.387667
533.126600
535.872100
539.186400
539.312633
539.366433
539.387133
539.420033
539.451667
539.471067
539.493300
539.515133
539.543500
539.585600
539.745167
539.782900
539.803067
539.845800
539.971667
539.996200
540.022967
540.055667
540.080533
540.158967
543.960600
544.018500
544.106733
544.129300
544.210567
544.232500
544.273067
544.312400
548.658867
548.695767
548.741500
548.795000
548.818800
548.859700
549.177567
549.346167
549.376033
549.405800
549.427967
549.449367
549.502067
549.523933
553.220733
553.301500
553.323267
553.370533
553.404433
553.437100
553.456867
553.491533
553.510267
553.526767
553.547733
553.569600
553.585300
553.612600
553.638367
553.681667
553.704100
553.735367
553.772200
553.801700
553.826400
553.845067
553.868433
553.884833
553.905700
553.925867
553.953867
553.979600
554.005400
554.022300
554.040633
554.065167
554.098667
554.158933
557.847633
557.881233
557.929433
557.965067
558.019000
558.048300
558.067067
558.095467
558.116600
558.135067
558.184700
558.222767
558.253733
558.320767
562.361300
562.425433
562.446400
562.465833
562.504533
562.530167
562.581667
562.633400
562.668667
566.378567
566.744367
566.801433
566.930567
566.964133
567.012367
571.224067
571.262000
571.309900
571.336067
571.363367
571.387667
571.455067
571.582267
571.627300
571.662800
571.698667
571.734867
571.772267
571.838867
575.367633
575.416733
575.452133
575.479133
575.502533
575.525967
575.542100
575.599367
575.616233
575.644133
575.663600
575.677433
575.694900
575.710967
575.746567
575.764467
575.799300
575.813667
575.826100
575.844833
575.858367
575.875933
575.928633
575.946067
575.968333
575.991167
576.042733
576.122867
576.153267
576.175133
576.196533
576.221267
576.245833
576.272000
576.300933
576.490033
585.119067
585.394533
585.469967
585.567167
585.593000
585.752500
586.990767
587.544400
587.566700
587.663067
587.721333
587.771967
588.977300
589.202267
589.232400
589.789333
590.204867
593.823933
594.682867
594.739100
594.790933
594.817400
594.868767
594.896767
594.932533
594.960800
594.987900
595.028933
595.143100
595.188000
595.208567
595.239167
598.603933
598.622867
598.651167
598.678000
598.703767
598.727567
598.782400
598.816200
598.859567
598.885800
598.909067
598.945567
599.003633
599.074267
599.747933
605.539767
605.898967
606.454900
606.735967
606.792267
606.872033
606.921300
606.965300
607.000067
607.058800
607.106533
607.129900
612.790500
614.360300
614.397033
614.443467
615.504467
617.725300
617.770033
619.566900
619.659167
619.942533
621.617800
621.642333
621.676867
625.466333
626.520033
627.123900
637.016867
637.210700
637.305900
637.333433
637.352633
637.377233
637.396333
637.420200
637.445867
637.469233
637.492800
637.536200
637.568833
638.792767
639.794433
639.823833
641.293433
641.591200
641.612433
641.643267
642.057900
642.152433
642.291300
646.276400
646.363000
646.449533
646.487433
646.655967
646.741767
647.525733
647.564267
647.610133
652.099167
652.221767
652.271167
657.509500
659.121967
659.183600
659.202267
659.217700
659.240900
659.256467
659.275000
659.293533
659.316233
659.363767
659.411167
659.443967
659.828933
663.133600
663.175800
663.200967
663.232933
663.298800
663.352500
663.389967
663.457500
663.491933
663.521567
663.552700
663.617900
663.666033
663.724600
663.761433
667.417633
667.447967
667.472600
667.493267
667.508167
667.540700
667.561167
667.579000
667.597633
667.614000
667.636133
667.661367
667.682167
667.740700
667.771167
667.838200
667.873133
667.896067
667.934900
667.954767
667.982367
668.020567
668.052833
668.104333
668.163800
668.198233
669.499533
671.430733
671.553000
671.668800
671.702967
677.257567
677.285233
677.308900
677.331067
677.385567
677.815067
678.088267
680.362567
681.159967
681.550400
682.714067
682.746900
682.778000
682.829233
684.179300
684.591700
684.678100
691.157100
694.092133
695.089533
695.113467
702.422300
702.452267
702.506133
704.335167
704.419433
704.456367
704.489867
704.535233
704.565367
704.598467
704.643400
704.675267
704.725367
704.762600
704.783533
704.803367
704.824200
704.862467
704.908700
704.950200
705.017467
705.066567
705.098133
705.153967
705.179833
705.227833
705.322500
705.353900
705.398767
705.556633
705.598800
705.635733
705.713933
705.823600
705.862833
706.040333
706.090333
706.120867
708.902500
710.203267
710.236833
710.454233
712.740667
716.550733
716.552533
722.617867
722.698900
722.713133
722.733000
723.564600
724.230533
724.234467
724.421267
724.547400
724.572167
724.794833
726.653133
726.713567
726.895467
730.439267
730.482667
730.519433
730.553333
730.583000
730.609300
730.643533
730.688700
730.719800
730.873900
731.215533
731.247300
734.216400
734.285667
734.324667
734.346600
734.365767
734.391467
734.431500
734.459300
734.482467
734.507700
734.534200
734.555000
734.779367
738.823733
738.937900
738.962000
739.780033
739.840933
743.969633
746.567200
746.672133
746.695433
746.730633
746.781033
746.808933
746.828500
746.866100
746.890200
746.919433
746.948900
746.993700
747.029900
747.199667
751.585600
751.657100
751.721600
753.415533
753.448800
757.576967
757.616733
757.644000
757.685767
757.711567
757.735100
757.768500
757.788433
757.808300
757.828067
757.847200
757.867400
757.954000
757.999700
758.040367
758.282967
761.907000
761.936967
761.975967
762.009033
762.036133
762.062400
762.100167
762.138933
762.184100
762.209633
762.242767
762.280567
762.308267
762.330700
762.352667
768.760333
768.790733
768.824367
768.840433
768.858967
768.874700
768.900167
768.927300
768.948333
768.968467
769.001367
769.050767
769.114867
769.168467
769.203533
769.239200
772.355533
772.847867
772.892967
776.508567
779.314133
779.469467
779.510467
779.602533
790.861867
790.925667
791.102200
791.131967
792.447467
792.471767
792.508200
792.550133
792.671300
792.708200
792.832067
792.970467
796.396600
796.615767
796.689267
796.856133
796.942867
797.025500
797.058833
797.159533
797.176733
797.205633
797.221567
797.240233
797.251567
797.271433
797.291100
797.325533
797.444267
798.919833
798.957000
798.982367
799.002667
799.050100
810.393100
810.424867
810.451667
810.473467
810.500267
810.535400
810.574833
810.595100
810.669767
810.753233
810.911400
811.027000
811.108167
811.167733
820.778100
820.822733
820.875800
820.946300
820.966933
820.992500
821.015533
821.037000
821.095700
821.133133
821.160533
821.225267
821.544567
824.408700
824.475700
824.969933
825.027433
828.795467
828.826200
828.843567
828.872333
828.910800
828.948333
828.981533
828.999100
829.039033
829.062500
829.116000
829.138400
829.171467
829.199367
829.237833
829.280633
829.305067
829.328400
829.358133
829.378900
829.424533
829.467800
831.759500
833.084200
833.120633
833.140067
833.192467
833.245133
833.289333
833.310133
833.474067
833.582633
835.856400
838.108333
839.915000
841.421800
841.457567
841.472033
841.545767
841.604667
841.625867
850.550767
850.570833
850.607733
850.644367
850.722100
850.757867
850.784700
850.811167
850.842100
850.874567
850.916900
850.939633
850.957267
850.987433
851.011733
851.041233
851.057800
851.112033
851.686633
854.496967
854.601500
855.602567
864.304467
864.674867
865.070500
865.576833
865.689067
865.705800
865.727367
867.235900
867.368933
867.384400
869.000467
869.217900
869.223033
869.269033
874.219133
874.255600
874.595267
874.667200
880.052200
881.495200
881.529167
881.573100
881.631200
881.824833
881.872700
881.928600
881.987833
882.289900
882.337733
882.396100
882.427667
882.473200
882.490567
882.516333
892.236967
892.389700
892.416733
892.435233
892.453333
892.477633
892.497767
892.524300
892.548667
892.586967
892.620400
892.697100
892.736500
892.757133
892.911067
892.960000
894.582067
895.738933
895.770867
895.810167
895.844433
895.890067
895.937800
897.844967
909.771100
910.648267
914.161267
914.182000
915.487933
915.568400
916.344467
920.401067
920.423767
924.282600
924.335967
924.397900
924.420633
924.641467
924.693933
924.781000
924.839067
924.872700
924.942000
928.651467
928.690533
928.741900
928.782400
928.807233
928.840333
928.878100
928.900400
928.928900
928.949367
928.960967
928.972400
928.985167
929.039567
929.048900
929.058700
929.078600
929.110133
929.144700
929.166833
929.190133
929.253733
929.293267
929.310867
929.362567
929.404433
929.451500
929.486933
929.517533
929.571467
929.622200
929.645233
929.677467
929.705667
929.802000
932.568400
932.618400
932.766300
932.806100
932.821267
932.843500
932.865033
940.827400
940.868267
940.900733
940.943267
942.816833
943.611200
943.723800
943.793433
943.873433
943.906733
944.432033
944.455367
944.488067
944.521133
944.557667
944.592033
944.632733
944.672567
944.703733
944.723967
944.740300
944.761333
944.803733
944.828600
944.850933
944.883233
944.959600
944.996833
945.026000
945.062700
945.102033
945.144800
945.167333
945.195833
945.232767
945.269833
945.309067
945.334800
945.361433
945.384300
945.413600
945.436900
945.464733
945.511067
945.547700
949.841000
949.899767
949.949833
949.970700
950.004867
950.039333
950.079500
962.714467
962.737867
962.753200
962.787800
962.831467
962.865567
963.014333
966.517500
966.570933
966.597100
966.615800
966.632733
966.661267
966.685733
966.701300
966.718433
966.746567
966.770733
966.837167
966.936133
966.984600
970.647867
970.721200
971.441767
975.862933
975.897767
975.922267
976.164500
976.195733
976.231900
976.306000
979.225500
980.116633
980.226667
980.470300
980.496667
980.519267
980.546667
980.587067
980.615533
984.201100
984.258300
984.297267
984.356433
984.431900
988.062200
988.090700
988.124000
988.176800
988.210700
988.247833
988.271800
988.302100
988.358433
988.410067
988.450533
988.515100
988.641767
988.677333
988.714100
988.755733
991.207133
991.276533
991.333200
992.703400
992.739433
994.939000
995.179267
995.350900
995.383433
995.405767
995.474800
995.587467
995.613500
995.671600
999.346167
999.426600
999.464200
999.494033
999.653067
999.766267
1008.501333
1015.584267
1015.625067
1015.654000
1015.676867
1015.843567
1015.880300
1020.040867
1020.071100
1020.124967
1020.153000
1020.183833
1031.450233
1033.246700
1033.300000
1033.388400
1033.672967
1033.716500
1033.725567
1034.072233
1034.100333
1035.115300
1035.541733
1035.577033
1035.880600
1036.896600
1036.952667
1037.492200
1042.717867
1043.417167
1043.452333
1043.488933
1043.521267
1043.543000
1043.558333
1043.580567
1043.605767
1043.635967
1048.123600
1048.765300
1048.834500
1048.939667
1048.965767
1048.997333
1049.060567
1052.022533
1053.419467
1053.444933
1053.484733
1053.506767
1053.563000
1053.616833
1057.084367
1064.034633
1068.787700
1068.850633
1069.748400
1077.250200
1077.338000
1077.363433
1077.435100
1087.326133
1087.405733
1087.753033
1087.778600
1087.815800
1090.679333
1090.793533
1090.827433
1090.891200
1090.939633
1090.957033
1092.695867
1095.804367
1096.276200
1096.313133
1099.502700
1099.605300
1099.778333
1099.809700
1099.850133
1099.877233
1099.923100
1099.945567
1099.977367
1100.000000
1100.032700
1100.064067
1100.095533
1100.138767
1100.166267
1100.191867
1100.274100
1100.306867
1100.340300
1100.369067
1100.408267
1103.758567
1103.802233
1103.843133
1103.890200
1103.925733
1103.949567
1105.209000
1110.442800
1110.878533
1112.056833
1112.085233
1112.334600
1112.454867
1112.523700
1112.542600
1112.555467
1112.576967
1112.592800
1112.618600
1112.633367
1112.656867
1112.680767
1112.706733
1112.765167
1115.918700
1115.973600
1116.002933
1116.087333
1116.242633
1119.373033
1119.414100
1119.500900
1119.576667
1119.604467
1119.653300
1119.696667
1119.732000
1119.754733
1119.777100
1119.818567
1124.015333
1124.187000
1126.936800
1126.974433
1127.017067
1127.036233
1127.063367
1127.105700
1127.127167
1127.193100
1127.285033
1127.339367
1131.072700
1131.113533
1131.143833
1131.168667
1131.239533
1131.266500
1131.287967
1131.305433
1131.321433
1131.336100
1131.355100
1131.380000
1131.405100
1131.422600
1131.538000
1131.598333
1131.625733
1131.655600
1131.715367
1131.741767
1131.763833
1131.782167
1131.806533
1131.831133
1131.859167
1131.897333
1131.925800
1131.956633
1132.046033
1133.157567
1133.180867
1133.288867
1133.324567
1133.466033
1135.895200
1139.116967
1139.736700
1139.761667
1139.783767
1139.816800
1141.452933
1145.549633
1145.619200
1145.641867
1145.665733
1145.692267
1145.714600
1145.736067
1145.755533
1145.798333
1145.826400
1145.981433
1146.014567
1146.058367
1146.166733
1146.193200
1146.217633
1146.264800
1146.331467
1146.359833
1146.393367
1146.421267
1146.460400
1150.080100
1150.135700
1150.164733
1150.196933
1150.237967
1150.269033
1150.287533
1150.315000
1150.335300
1150.359933
1150.416300
1150.482800
1155.630633
1155.678433
1155.726100
1155.850367
1155.892200
1155.952533
1156.036100
1156.117000
1156.136967
1158.424467
1158.464133
1159.812967
1159.884667
1160.274333
1160.305200
1160.344000
1160.413500
1160.482067
1164.615533
1164.657367
1164.725700
1164.754200
1164.782333
1164.803267
1164.825167
1164.840000
1164.867633
1164.891233
1164.911700
1164.936067
1164.988167
1165.017933
1171.490533
1171.515867
1171.571400
1171.613200
1171.654467
1171.680300
1171.695133
1171.715167
1171.746867
1171.794700
1171.818733
1171.842233
1173.195633
1177.132833
1177.158367
1177.198200
1177.227200
1177.248667
1177.298067
1177.326367
1177.350067
1177.374733
1177.399267
1177.416033
1177.434267
1177.451100
1177.715267
1177.751000
1177.775167
1177.802700
1177.866467
1182.073167
1182.115833
1186.098700
1186.190167
1187.564967
1187.614767
1187.766800
1187.792333
1187.820467
1187.854700
1187.910400
1187.941233
1187.968000
1188.014200
1188.097267
1194.231900
1194.264700
1194.331867
1194.366667
1194.400500
1194.427133
1194.458700
1194.503800
1194.584100
1194.621500
1194.972633
1198.864100
1198.980400
1199.113167
1199.149233
1199.171500
1199.220700
1199.262100
1199.304733
1199.341567
1199.429600
1202.786700
1203.604900
1203.994100
1204.029167
1204.046300
1204.065467
1204.090100
1204.141000
1204.186467
1204.222133
1204.274467
1204.323933
1204.392333
1204.973800
1205.307533
1209.838533
1209.863300
1209.900467
1209.925433
1209.951133
1209.995267
1210.012433
1210.033033
1210.055200
1210.080767
1210.109300
1210.162667
1215.336667
1215.990933
1226.226133
1226.253300
1226.329333
1226.353033
1226.379267
1226.396033
1226.411400
1226.445633
1226.466300
1226.488033
1226.508233
1226.527667
1226.547667
1226.584600
1226.615267
1226.637867
1226.667000
1226.689633
1234.860800
1235.499800
1235.562700
1237.413067
1239.176833
1242.692233
1243.600933
1243.636733
1243.683067
1247.107867
1247.127933
1247.143900
1247.173733
1247.191500
1247.213333
1247.232467
1247.255300
1247.279633
1247.317067
1247.361667
1247.384967
1247.410400
1247.430867
1247.458867
1247.476933
1247.502900
1251.247167
1251.279733
1251.303700
1251.323867
1251.339200
1251.352133
1251.392367
1251.406067
1251.432767
1251.446867
1251.490167
1251.512567
1251.534500
1251.568467
1251.878433
1255.194800
1255.258133
1255.264800
1259.612500
1261.291967
1261.827133
1262.203200
1262.446367
1263.273767
1264.441400
1264.461533
1264.485933
1264.545067
1264.764233
1266.247700
1266.368233
1266.404667
1267.268400
1268.093267
1268.188967
1268.315667
1268.606633
1268.885133
1268.926633
1270.163167
1270.387900
1270.498833
1270.572500
1274.960633
1275.004033
1277.036900
1277.120400
1277.158867
1277.187433
1277.207333
1277.228233
1277.248167
1277.266833
1277.285200
1277.336833
1277.357733
1277.377300
1277.398233
1277.423333
1277.460900
1277.487267
1277.518833
1277.545667
1277.735067
1277.775900
1277.798200
1277.826867
1277.895633
1278.036633
1278.078900
1278.104900
1278.167333
1278.195133
1278.226733
1278.269667
1278.298967
1278.347933
1282.982733
1283.125233
1283.242500
1283.273933
1283.325267
1283.344900
1283.369633
1283.394967
1283.423333
1283.448800
1283.469433
1284.255667
1288.142333
1288.174233
1288.250933
1288.280633
1288.325500
1288.376600
1288.450167
1288.468100
1288.494100
1288.519167
1288.541000
1288.560233
1288.592367
1288.647233
1297.335667
1297.400167
1297.452767
1297.474033
1297.497500
1297.535500
1297.557400
1297.596200
1297.658733
1300.825500
1301.262833
1301.351600
1304.733533
1304.776500
1304.821733
1304.846800
1306.793400
1308.865867
1308.964300
1309.477033
1312.578867
1312.627467
