0.374933
0.511467
0.750900
0.994033
1.194733
1.340233
1.388767
1.443300
1.856500
1.861533
2.010467
2.338667
2.628200
2.711933
2.742800
3.300733
3.459133
3.834700
4.196167
4.409100
4.877800
5.233400
5.584967
6.444567
7.425700
7.503367
7.568133
7.680167
7.778700
7.953900
8.144400
8.383933
8.567200
9.096567
9.449500
10.102400
10.432967
10.578767
10.676100
10.802933
10.962633
11.627933
12.330400
12.538767
12.676367
12.994000
13.197367
13.266900
13.283967
13.768433
14.375500
15.290300
15.292633
15.329167
15.520933
16.353033
16.675900
16.984567
17.469900
17.483600
17.562700
17.980000
18.355933
18.412267
18.802333
18.956033
18.982133
19.218367
19.288467
19.345900
20.034733
20.417833
20.451033
20.708733
20.942800
21.286233
21.412033
21.473467
21.573800
21.663567
21.823567
21.984467
22.455300
23.252400
23.376100
24.147000
24.330467
24.435100
25.421033
25.545133
25.652700
27.167133
27.274067
27.377433
27.509867
27.825300
27.916867
27.999733
28.148400
28.318000
28.327033
28.365533
28.529933
29.461000
29.740933
30.341000
31.092800
31.204767
31.293667
31.576800
31.648600
31.760833
31.831133
31.969533
32.175767
32.227067
32.341667
32.594600
32.838267
32.943400
33.181333
33.358833
33.412567
34.166933
34.370033
34.435733
34.549033
34.740400
34.966267
34.974900
35.074033
35.119067
35.152533
35.274967
35.404400
35.904367
36.124600
36.204433
36.550667
36.781900
36.901500
36.929800
37.150867
37.408967
37.516733
37.746800
37.946900
38.040167
38.351867
38.525033
38.589300
38.730500
39.224200
39.834233
40.196100
40.261167
40.897767
41.740600
41.773767
41.925033
42.457233
42.714000
43.719167
43.885167
43.910800
43.984900
44.426300
45.315100
45.730167
45.920200
46.317400
46.425100
46.727600
46.803433
46.817900
46.897500
47.110700
47.444233
47.467933
47.469767
47.936133
47.999567
48.071067
48.076533
48.174133
48.257133
48.502100
48.536467
48.672233
49.052633
49.114833
49.321433
49.408067
49.512333
49.622967
49.803967
49.891200
50.106833
51.083533
51.196300
51.369133
51.748100
52.141833
52.351833
52.540933
52.619467
52.987400
52.997600
53.097033
53.405133
53.524433
53.935933
53.969567
54.199167
54.253600
54.304400
54.419167
54.518767
54.595433
54.973567
55.147133
55.565000
55.638433
55.847467
55.854733
55.957933
56.281600
56.337367
56.436100
56.475033
56.519067
57.024300
57.125967
57.342033
57.584633
58.033633
59.035367
60.029667
60.051500
60.130033
60.462267
60.503600
60.726700
60.752067
60.829467
60.900867
60.967267
61.032700
61.086933
61.291733
61.305800
61.331500
61.569600
61.661800
61.851067
62.375833
62.555033
62.693033
62.710900
62.781233
62.828900
63.583433
63.602167
63.737267
63.904700
64.598867
64.799433
64.837900
64.962133
65.385367
65.411733
65.495067
65.566500
65.638467
65.693033
65.831567
65.930733
66.197267
66.293867
66.301000
66.331367
66.483533
66.785000
66.883967
67.300733
67.503600
67.550767
67.794133
67.860000
68.000867
68.269300
68.444433
68.634133
68.866733
68.912967
69.127033
69.370833
69.382600
69.566833
69.695133
69.859833
69.974500
70.128167
70.263433
70.332367
70.589633
70.618767
70.811833
70.857900
70.950000
70.984100
71.209400
71.271700
71.632100
72.491333
72.613133
72.705633
73.277267
73.776800
74.065100
74.184767
74.583500
74.615733
74.726700
74.920933
74.948500
75.001533
75.168900
75.300200
75.581733
75.677100
75.919167
75.960200
76.028233
76.030433
76.166933
76.392367
76.571900
76.751767
76.803167
76.900067
77.150300
77.238600
77.314733
77.574500
77.744767
77.917233
78.166767
78.468033
78.977867
79.200433
79.292867
79.364433
79.446767
79.758467
79.853100
80.232467
80.373300
80.463633
80.528433
80.678600
80.941533
81.000633
81.129000
81.539533
82.028600
82.180333
82.252267
82.414833
82.507500
82.735700
82.754300
82.765433
82.816567
82.821667
82.889333
82.988433
83.069933
83.215233
83.288700
83.362633
83.418100
83.518300
83.575300
83.609400
83.649333
83.849700
84.000867
84.063767
84.126367
84.136467
84.222033
84.336833
84.398033
84.525733
84.575133
85.208333
85.322433
85.492133
85.565133
85.697367
86.013400
86.048700
86.063100
86.082900
86.141033
86.356300
86.360800
86.591733
86.812200
86.878500
87.152867
87.189033
87.311400
87.559900
87.667233
87.740667
87.771967
87.939233
88.010533
88.130633
88.279867
88.451033
88.524767
88.635800
89.425267
89.506367
89.596933
89.755833
89.894100
90.068633
90.131367
90.203633
90.317333
90.697767
90.923767
91.049733
91.086533
91.292400
91.544867
91.694633
91.753433
91.847433
92.056700
92.293467
92.523967
92.576967
92.595167
92.702933
92.827300
93.084933
93.189133
93.252100
93.272067
93.293900
93.677533
93.758900
93.817933
94.227433
94.423367
94.760667
94.781433
94.987100
95.033600
95.488167
95.681200
95.813133
95.936400
96.027200
96.273367
96.373833
96.829333
96.950267
97.338933
97.499500
97.533200
97.737800
97.979533
98.102900
98.337233
98.421633
98.790733
98.922633
99.007633
99.055933
99.176100
100.568500
100.769733
101.000533
101.010400
101.082800
101.136667
101.232467
101.376500
101.532033
101.938067
102.099533
102.101167
102.150567
102.248300
102.312433
102.357933
102.506767
102.553200
103.027000
103.188667
103.245933
103.290100
103.498267
103.520300
103.707600
103.875733
103.972300
104.213567
104.568333
104.903567
105.069867
105.198200
105.281367
105.463533
105.582400
105.678900
105.742000
106.132800
106.168567
106.639700
106.671067
106.707467
106.785367
106.983200
107.115433
107.169500
107.250967
107.265233
107.284300
107.319833
107.397567
107.408033
107.467833
107.477467
107.709767
107.982300
108.518767
108.593467
108.679833
108.742567
108.799967
108.902933
108.987967
109.034300
109.070300
109.249200
109.556100
109.780167
110.224633
110.297667
110.532733
110.653200
111.388333
111.547667
111.789867
111.798133
111.946067
111.966000
112.057400
112.509700
112.667233
112.854100
112.860433
112.904933
113.057000
113.134400
113.283467
113.294733
113.388167
113.470767
113.518700
113.748733
113.982833
114.099200
114.180933
114.347167
114.678933
114.813800
115.066000
115.318867
115.646167
116.114500
116.152000
116.181033
116.242800
116.304700
116.361367
116.419467
116.535867
116.630433
116.739867
117.196300
117.487000
117.504733
117.842567
117.999267
118.103800
118.334067
119.466633
119.575267
119.678100
119.916867
121.540800
122.029667
122.196633
122.364133
123.581367
123.711533
123.927567
124.227067
124.403700
124.473867
124.696900
124.942033
125.326733
125.819567
125.893500
125.920367
125.991500
126.073400
126.183667
126.449467
126.587233
126.602733
126.719900
126.744733
126.780533
126.883200
127.054533
127.133833
127.219900
127.603000
127.741833
127.891333
128.032800
128.147000
128.226700
128.346100
128.460033
128.625300
128.748600
128.851367
128.957900
130.078800
130.186133
130.238133
130.351200
130.492367
130.595600
130.912933
131.136067
131.182000
131.343100
131.473467
131.546133
131.583967
131.873700
132.260667
132.446433
132.624700
132.671400
132.736900
133.147367
133.556533
133.781600
133.911067
134.015667
134.194567
134.314833
134.649400
134.742967
134.781300
135.151500
135.331500
135.695467
135.735167
135.847600
135.946900
135.981933
136.238833
136.361467
136.761533
137.562167
137.740167
138.010867
138.404333
138.550967
139.029967
139.145700
139.550433
139.605767
139.730233
139.804133
139.952267
140.649033
140.830967
140.888600
141.033300
141.288200
141.547367
141.739533
141.997533
142.040400
142.477633
142.589867
143.433200
143.617733
143.686467
144.028533
144.394967
144.944100
145.292867
145.373767
145.427600
146.830567
147.655300
148.176500
148.437667
148.556367
148.908533
149.053633
149.223333
150.196733
150.927867
151.107467
151.172633
151.294333
151.397633
151.460333
151.583567
151.665767
151.702167
151.753433
151.875433
152.553600
152.616333
152.688267
152.785833
152.933067
152.944767
152.970767
153.065667
153.200833
153.936967
154.020567
154.145533
154.308133
154.476700
154.530300
154.601967
154.711000
155.169733
155.306700
155.463233
156.424033
156.503367
156.838733
156.896900
156.968067
157.039367
157.105867
157.129133
157.350567
157.501967
157.615600
157.752000
157.912100
158.223567
158.794533
159.221267
160.007767
160.186267
160.190467
160.347933
160.452067
160.566100
160.740567
160.809333
160.880867
161.306400
161.830633
162.161567
162.221100
162.291800
162.485033
162.530733
162.657867
162.718267
162.757133
162.805600
162.980467
163.097967
164.198033
164.671000
165.051400
165.259633
165.342067
165.484867
165.544267
165.610933
166.215733
166.444133
166.554200
166.856833
167.454400
167.787633
167.979733
168.160900
168.356233
168.511333
169.319400
169.448500
169.544367
169.577533
169.684267
169.890467
170.019900
170.127500
170.291167
170.414033
170.824067
170.872767
170.925933
171.148533
171.291767
171.935633
172.041133
172.833033
172.844800
173.162633
173.236667
173.345133
173.604467
173.649400
173.733733
174.168600
175.559467
175.660967
175.767233
176.034233
176.121300
176.324467
176.540033
176.578100
176.682300
176.914567
177.021600
177.127933
177.306433
177.576633
177.625400
177.640833
177.864367
177.975933
178.015433
178.137633
178.214933
178.257867
178.326567
178.534833
178.536467
178.820333
178.931533
180.021367
181.512567
182.212833
182.246833
182.681367
182.854400
182.942600
183.131433
183.295400
183.373233
183.402033
183.436633
183.530733
183.991100
184.183833
185.944467
186.667400
186.835600
186.915933
187.098700
187.165900
187.943000
187.968100
188.084400
188.280833
188.335667
188.470300
188.602600
189.087633
189.134133
189.135867
189.428033
189.603700
189.663700
190.292000
190.716733
190.855400
192.378933
192.640433
193.090433
193.283400
193.409967
193.540600
193.667167
193.682000
193.856400
194.139500
194.326033
194.352067
194.415200
194.647167
194.834333
194.878400
194.957100
195.034967
195.195133
196.541500
196.649500
197.250833
197.304000
197.339533
197.409500
197.482267
197.723800
198.002233
198.049300
198.106200
198.108800
198.509733
198.994100
199.313900
199.527100
199.611333
199.885667
199.985333
200.410400
200.589567
200.964933
201.505900
201.671667
202.202900
202.252333
202.381067
202.487200
202.540133
202.575933
202.612767
202.696233
203.004767
203.058400
203.431700
203.512700
203.866767
204.012300
204.086267
204.797567
204.994633
205.062633
205.828500
206.316567
206.399633
206.502100
206.581100
206.787167
206.823167
206.963000
207.270033
207.429833
207.725100
207.754300
207.892333
207.980500
208.197567
208.388267
209.105633
209.189000
209.308833
209.454733
209.481667
209.580667
209.687533
210.151233
211.190800
211.349100
211.514133
211.612100
211.666300
212.617700
212.770600
213.248333
213.537100
213.813067
213.963200
214.036267
214.154333
216.198333
217.046400
217.297867
217.328867
217.521000
217.712600
218.004467
218.187267
219.344267
219.442633
220.559233
220.564233
220.716000
221.094100
222.177467
222.385700
222.538233
223.166967
223.321433
223.518100
223.580667
223.601833
223.658100
224.042133
224.091767
224.099200
224.260300
224.323833
224.458100
224.488533
224.682633
224.924333
225.228367
225.339867
225.453900
225.730500
225.752433
225.827600
225.900200
227.255600
227.362833
227.401100
227.742433
227.885333
228.507767
228.541733
229.000867
229.020267
229.150233
229.218267
229.279767
229.539700
229.554300
229.587467
229.654033
229.696533
229.763333
229.869033
229.938500
230.094367
230.121833
230.352000
230.549600
230.707200
230.814600
230.833200
230.939967
231.318600
232.260800
232.685167
233.330967
233.408733
233.415600
233.427300
233.608933
234.089433
234.133900
234.163300
234.303833
234.401600
234.454800
234.498967
234.575267
234.752433
235.102100
235.279933
235.468900
235.771567
236.067800
236.412767
236.530267
236.592867
236.892767
237.345933
237.574967
237.640800
237.693433
237.782467
238.069400
238.172800
238.204667
238.310000
238.419467
238.503133
238.636233
238.802900
238.817133
239.110633
239.191500
239.231833
239.296300
239.318500
239.404433
239.565000
239.936000
239.988167
240.744067
240.969533
241.414733
241.580167
241.694367
241.812333
241.840333
241.935167
241.972300
242.360667
242.389333
242.445533
242.548433
242.767000
242.880800
242.958767
243.068400
243.159433
243.717433
243.763300
244.059733
245.405500
245.513133
245.568533
245.669467
245.764967
246.035600
246.110233
246.261433
246.329533
246.619500
246.661033
246.754200
246.882233
247.116667
247.318200
247.334700
247.338467
247.382000
247.726567
247.819600
248.115567
248.151867
248.206167
248.274933
248.468133
248.522900
248.675400
248.812267
248.861833
248.958767
248.975500
249.501367
249.550033
249.637300
249.692167
249.732300
249.796100
250.123433
250.473433
250.497033
250.989900
251.752433
251.839333
252.562333
252.673300
252.781600
252.845133
253.255733
253.317167
253.955967
254.010700
254.099433
254.545967
255.202067
255.283400
255.378200
255.428200
255.645000
255.720633
255.839067
256.032600
256.141000
256.357100
256.422433
256.657500
256.794700
256.944533
256.991567
257.839000
258.265133
258.802100
258.939467
259.140333
259.509100
259.567367
259.663100
260.030500
260.186167
260.489833
260.564000
261.034533
262.082033
262.343400
263.048467
263.117767
263.271700
263.855600
264.004433
264.619067
265.274233
265.715867
265.949300
266.122933
266.218367
266.383133
266.458200
266.644100
266.862100
266.894433
267.321767
267.386867
267.965933
268.407867
268.460700
268.809567
268.914100
268.934067
269.025100
269.081600
269.105667
269.182100
269.772233
269.815733
269.867967
269.887500
270.051533
270.069133
270.425767
270.535567
270.714700
271.528900
271.706600
271.815133
271.884000
271.927933
271.999867
272.059267
272.108700
272.356000
272.458967
272.633167
273.599667
274.041033
274.154433
274.234667
274.297900
275.237567
275.263267
275.308400
275.342367
275.452500
275.461000
275.605133
275.703400
275.779900
276.170500
276.202533
276.281300
277.170367
277.560400
277.733167
277.898067
277.912000
278.138267
278.186467
278.315833
278.428100
278.450733
278.506600
278.574900
278.671800
278.733300
278.900567
278.913100
278.936300
279.326533
279.463867
279.534567
279.569033
279.599600
279.708700
279.777333
279.787133
279.829400
280.232033
280.285600
280.396533
280.461633
280.467767
280.517500
280.537000
280.687867
280.799067
280.949867
280.994133
281.051767
281.329300
281.416567
281.506800
281.634333
281.706433
281.747467
281.757367
281.976733
282.029800
282.070667
282.135267
282.168867
282.232767
282.377233
282.502967
282.525067
282.651667
282.815333
282.822767
282.879400
283.148800
283.518600
283.666467
283.886233
284.101300
284.212167
284.341433
284.415200
284.464467
284.566033
284.666800
284.758967
284.790367
284.894033
285.393467
285.805500
285.884767
286.006433
286.435567
286.523800
286.634100
286.736700
286.806733
286.913067
287.063967
287.282867
287.596033
287.644867
287.744700
287.849400
288.106900
288.189633
288.200567
288.334133
288.403067
288.474367
288.541967
288.672100
289.133367
289.350833
290.043367
290.617133
290.718000
290.826567
290.861600
291.043400
291.079267
291.352267
291.461233
291.465200
291.572067
291.624000
291.895233
291.956167
292.019067
292.059667
292.160567
292.252133
292.283167
292.335933
292.342133
292.714633
292.798467
292.962900
293.065333
293.533967
293.867367
293.951533
295.048133
295.145167
295.553867
295.556867
295.656867
295.739867
295.873400
295.926167
296.248200
296.373867
296.526500
296.574867
296.635000
296.722267
296.778733
296.825533
296.932100
297.101733
297.265300
297.849433
297.928933
297.970833
298.178767
298.210333
298.332733
298.414233
298.658400
298.694600
298.841867
298.969100
299.172067
299.413833
299.495067
299.535700
300.039833
300.242400
300.647800
300.839900
300.921667
300.974633
301.167867
301.322200
301.429000
301.608967
301.679133
301.683467
301.914667
302.190133
302.312000
302.472300
302.753300
303.235500
303.386933
303.456733
303.533433
303.643667
303.778933
303.825667
303.988300
304.099800
304.255533
304.427633
304.665200
304.870667
305.053200
305.124500
305.152900
305.338133
305.579500
305.744233
305.864400
305.905367
306.014200
306.307033
306.369133
306.440300
306.477067
306.777367
306.833467
306.899700
306.963367
307.278100
307.474567
307.621933
307.793333
307.860900
307.994433
308.062533
308.123400
308.399400
308.582700
308.656500
308.711467
308.904833
309.149100
309.252933
309.456000
309.523100
309.775200
309.927000
310.343333
310.399033
310.592167
310.779267
310.889333
311.089933
311.176767
311.635600
312.140967
312.213467
312.304733
312.365133
313.378100
313.811600
314.101267
314.232667
314.325767
314.592100
314.638200
314.823900
314.836933
314.997767
315.015167
315.163067
315.203200
315.234433
315.280033
315.496433
315.778167
315.922200
316.149167
316.172300
316.251767
316.351600
316.992833
317.187667
317.366733
317.419667
317.535867
317.675500
317.681067
317.740033
317.794200
317.866000
317.906567
317.956600
318.044033
318.362033
318.736167
319.327933
319.439200
320.111867
320.138667
320.435167
320.618267
320.676900
320.681567
320.871800
321.843867
322.205100
322.281933
322.289333
322.422500
322.562767
322.783733
322.936367
323.095933
323.129967
323.183367
323.185300
323.286700
323.372633
323.405833
323.463667
323.534200
323.610933
323.645833
323.709367
323.775833
323.997233
324.427167
324.481733
324.517233
325.021433
325.422833
325.537533
325.587467
326.047200
326.218033
326.605000
326.883733
326.904800
326.956567
326.997833
327.323533
327.393600
327.456300
327.510400
327.547933
327.620033
327.778467
327.907300
327.940433
328.008333
328.093800
328.183600
328.326467
328.463567
328.469300
328.534733
328.634333
329.205467
329.669300
329.734033
329.767433
329.774633
329.817933
329.948367
330.132833
330.248600
330.493000
330.612233
330.614067
330.723767
330.760533
330.920967
331.010967
331.203500
331.477733
331.748500
331.782800
331.789400
331.853833
331.905267
332.374300
332.427800
332.620067
332.713667
332.758800
332.786100
332.845867
332.997233
333.047067
333.071200
333.078700
333.143767
333.177533
333.281933
333.522500
333.711600
334.031833
334.526767
334.593100
335.007067
335.068300
335.172833
335.238600
335.680167
335.930767
336.238700
336.797800
337.807233
338.146400
338.511133
338.543333
338.667800
338.703900
338.760367
338.780433
338.848167
339.010067
339.402000
339.510267
339.840700
339.947667
340.079833
340.134567
340.309533
340.329333
340.363767
340.382467
340.502567
340.539000
340.630800
340.686467
340.747467
340.828867
340.927433
340.979500
341.027933
341.407767
341.471167
341.534433
341.657667
342.090200
342.157000
342.213367
342.668300
342.895233
342.942233
343.322800
343.621833
343.991567
344.241967
344.330033
344.363633
344.588967
344.662867
344.743633
344.787233
344.869133
344.886633
344.894533
345.057967
345.259400
345.347000
345.458033
345.500133
345.577533
345.603867
345.755633
345.868500
345.945367
346.004467
346.252067
346.580733
346.933167
347.018767
347.088200
347.189200
348.125233
348.212633
348.499467
348.504467
348.674800
348.756133
348.996867
349.069767
349.221400
349.264600
349.439367
349.519000
349.569167
349.643867
349.957500
350.026000
350.517733
351.257967
351.561500
351.944900
351.959667
352.136467
352.248200
352.377533
352.380167
352.530267
352.589100
352.905333
353.409633
353.483533
353.621533
353.790433
353.974000
354.073800
354.179100
354.372600
354.848133
354.995300
356.001900
356.068267
356.141433
356.405833
356.711333
356.801333
357.093967
357.152367
357.321733
357.424767
357.645333
357.832333
358.371000
358.489500
358.722767
358.777333
359.584467
359.686900
359.889200
360.325333
360.363500
360.507067
360.811933
360.841933
360.921667
360.993533
361.298900
361.791667
362.087233
362.185867
362.189567
362.234500
362.278533
362.337533
362.353433
362.359700
362.724533
362.991367
363.154767
363.379800
363.608267
363.774933
364.144500
364.225633
364.575933
365.012100
365.069267
365.276500
365.300033
365.609433
365.716600
365.989300
366.038867
366.188600
366.520933
367.102900
367.166400
367.492867
367.894933
368.023367
368.117167
368.119133
368.169833
368.290567
368.336333
368.867400
368.920833
368.981700
369.059667
369.108033
369.285533
369.416133
369.865300
369.950167
370.091667
370.098767
370.147267
370.181000
370.271900
370.487400
370.501467
370.676100
371.193933
371.226800
371.258200
371.340100
371.372767
371.430400
371.452733
371.622433
371.677767
371.797900
372.054100
372.128200
372.200033
372.410933
372.498467
372.591067
372.965767
373.114000
373.130333
373.194800
373.393600
373.633367
373.902233
373.913567
373.947900
373.959000
373.977767
374.078433
374.116333
374.132533
374.280033
374.447833
374.628867
374.818967
375.026367
375.131733
375.133900
375.683633
376.017000
376.557200
376.620333
376.787167
377.242433
377.829133
378.023400
378.375967
378.392600
378.425333
378.562433
378.686967
378.776100
378.964300
379.435867
379.548333
379.656567
379.890000
379.956500
380.304600
381.027833
381.294100
381.383233
381.438467
381.521500
381.560933
381.869600
381.919233
382.084467
382.246933
382.260400
382.331767
382.491000
382.620967
382.664933
382.730500
382.884167
382.966167
383.035933
383.228933
383.313033
383.380133
383.570867
383.869267
384.107933
384.163133
384.207900
384.262567
384.347000
384.433600
385.022233
385.488867
385.571400
385.646467
385.679900
385.835533
385.951233
386.031667
386.062333
386.148733
386.206600
386.240067
386.368133
386.522067
386.880833
386.922700
387.058967
387.067100
387.224900
387.437767
387.674367
388.059200
388.737000
388.754767
388.820967
388.961500
389.016867
389.076800
389.380567
389.687700
390.019500
390.115067
390.217733
390.251800
390.516800
390.653167
390.805500
390.856533
390.933500
390.938867
391.066033
391.105733
391.308833
391.331800
391.445900
391.740933
391.797367
391.810133
391.874300
391.975967
392.515667
392.849000
392.927567
392.959867
392.992400
393.530867
393.949967
394.931000
395.136300
395.323533
395.380833
395.443733
395.538733
395.554533
396.079867
396.299100
396.301933
396.369133
396.517567
396.611800
396.872533
396.991567
397.032033
397.223367
397.268400
397.503933
397.896100
398.242467
398.256400
398.467600
398.544867
398.717500
398.775000
399.006433
399.124800
399.227633
399.347500
400.281333
400.603533
400.639433
400.802467
400.835700
400.904467
401.094100
401.137533
401.314333
401.413833
401.418000
401.457667
401.503833
401.578133
401.711033
401.887800
401.899133
401.964567
402.127533
402.224267
402.440100
402.489467
402.592033
402.641133
402.784500
402.918433
402.981233
403.034500
403.108500
403.365133
403.447167
403.673467
403.786567
403.838233
403.889700
404.298000
404.336800
404.409900
404.772800
404.874533
405.012233
405.049400
405.198233
405.269500
405.305900
405.330000
405.523600
405.543267
405.685567
405.901467
405.952033
406.017900
406.063033
406.192900
406.309433
406.369867
406.412700
406.425800
406.631067
406.952100
407.003833
407.226767
407.300633
407.393033
407.761967
408.013967
408.517433
408.609567
408.659233
409.030800
409.122000
409.257100
409.422833
409.548367
409.587733
409.659367
410.015333
410.403533
410.537833
410.681133
410.983267
411.023233
411.094600
411.241467
411.292733
411.441333
411.856000
411.883800
411.911567
412.373167
412.500433
412.749467
412.849167
412.948267
413.033567
413.088433
413.145367
413.151733
413.367167
413.423633
413.523967
413.642333
413.742000
414.763733
414.868233
415.562367
415.719833
416.367533
416.379567
416.414467
416.506467
416.511200
416.552967
417.196033
417.249900
417.404067
417.466267
417.680667
417.706733
418.021733
418.051000
418.301900
418.383833
418.405167
418.582867
418.630533
418.647967
418.709400
418.979167
419.140100
419.145833
419.334700
419.501400
419.690600
419.757867
420.235533
420.322067
420.415067
420.547167
420.858700
421.010800
421.106167
421.181433
421.223833
421.282767
421.390467
421.931433
421.937667
422.196833
422.394100
422.464067
422.585433
422.646867
422.726300
422.825700
422.903833
423.454800
423.487367
423.549900
423.765333
423.848433
423.922467
424.055300
424.263967
424.283200
424.333600
424.371233
424.438700
424.455500
424.589233
424.663933
424.682567
424.748433
424.796767
424.934633
425.080000
425.240567
425.337700
425.927733
426.090233
426.105033
426.261733
426.674100
426.752467
427.114500
427.353167
428.732567
428.742100
428.778667
428.814700
428.894100
429.093767
429.103100
429.404933
429.688933
429.781500
429.880100
430.026600
430.212533
430.300700
430.362233
430.454233
430.486467
430.932700
431.133867
431.304667
431.338667
431.493800
431.613933
431.841500
432.681833
432.839733
432.937767
433.155733
433.422400
433.458533
433.665433
433.786233
434.338067
434.398500
434.483067
435.091533
435.144267
435.184667
435.319900
435.391667
435.441767
435.585267
435.723100
435.870233
435.930600
435.968867
436.396333
436.461767
436.645567
436.700333
436.719100
436.834933
436.862667
436.884967
436.889033
437.207200
437.439833
437.575033
437.638100
438.007800
438.057100
438.153567
438.228567
438.626767
438.663567
438.712167
438.992633
439.078367
439.218200
439.283367
439.361833
439.448133
439.489600
439.662500
440.074967
440.225067
440.270233
440.401367
440.432933
440.474833
440.667633
440.732133
440.760100
440.804667
440.973800
441.147700
441.196333
441.401933
441.455967
441.536467
441.600433
441.631500
442.626633
443.120233
443.826233
444.204667
444.426700
445.729033
446.043400
446.542967
447.133300
447.307167
447.398200
447.467933
447.649200
447.694433
447.779067
447.858733
448.004133
448.045467
448.064733
448.097333
448.112467
448.251433
448.320133
448.454367
448.507167
448.570333
449.140100
449.228000
449.647367
449.903767
450.175433
450.308433
450.375900
450.490467
450.667733
450.727400
450.906200
450.976267
451.371500
451.502767
451.552567
452.049300
452.146967
452.197100
452.282667
452.335600
452.374733
452.652133
452.740533
452.884767
452.991633
453.546767
453.710133
453.819133
453.889000
453.934500
454.066333
454.140733
454.474967
455.107767
455.929067
456.390733
456.521967
456.625433
456.696200
456.729467
456.813300
456.935700
457.345900
457.474467
457.651233
457.724167
457.874267
457.881333
457.898467
458.016400
458.190033
458.288033
458.597133
459.299600
460.016300
460.214867
460.665367
460.759333
460.970933
461.098667
461.880567
462.218067
462.482900
462.570833
463.968200
464.095633
464.250000
464.468600
464.888500
465.048433
465.097867
465.176933
465.189867
465.400433
465.618633
465.661033
466.265533
466.370100
466.720700
466.766433
467.599600
467.853667
468.408833
468.477000
468.502233
468.606100
468.661533
468.715767
468.732100
468.924900
469.170333
469.395533
469.415567
469.434933
469.462967
469.574433
469.605700
469.775267
469.859900
470.119467
471.909333
472.309067
472.389133
472.714500
473.537200
473.564533
473.658000
473.743400
473.882700
474.717300
474.782300
474.885533
474.997233
475.063100
475.146733
475.191967
475.296167
475.419933
475.440267
475.696167
475.762767
475.850733
475.929833
476.151733
476.383367
476.496133
476.678167
477.097800
477.176467
477.238333
477.369267
477.375867
477.545000
477.700967
478.054100
478.224000
478.362367
478.564200
478.898600
478.984133
479.423733
479.614367
479.808100
479.970300
480.601400
481.167533
481.234533
481.316633
481.401233
482.274033
482.420000
482.513467
482.580667
482.716600
482.842000
483.875933
484.502133
484.570133
484.694200
484.823933
484.956000
485.255067
485.387967
485.643700
485.783700
485.964733
486.236300
486.725733
487.008267
487.390067
487.445700
487.564667
489.269000
489.380833
489.691167
489.907033
490.107367
490.322433
490.373433
490.531733
490.593200
490.783267
490.848900
490.928100
490.991933
491.170467
491.230933
491.317900
491.585733
491.877833
492.106600
492.283767
492.474700
492.902867
493.669833
493.949800
494.127600
494.358067
494.534233
494.550933
494.676333
494.817800
495.449200
495.995900
496.226067
496.372900
497.247167
497.927100
497.934133
498.275267
498.281400
498.658100
498.764800
499.283100
499.537967
499.719800
499.772433
500.066833
500.320367
500.422133
500.431067
501.294533
501.503033
501.697033
502.183567
502.917033
503.165233
503.503500
503.539633
503.662633
503.836200
503.963167
504.073800
504.295667
505.444433
505.490600
505.626300
505.643900
506.099033
506.158067
506.174533
506.639867
506.849200
506.937533
507.168400
507.682967
508.503400
509.958433
510.184433
510.403133
510.974400
511.472667
511.572033
511.677733
511.810400
512.210867
512.357267
512.727267
514.010700
514.266700
514.395567
514.398900
514.457133
514.528867
514.592000
514.781733
515.218000
515.239333
515.323367
515.945900
516.152233
516.192867
516.334067
516.589633
516.628767
516.838467
516.901067
517.149167
517.539667
517.668367
517.993467
518.138600
518.385600
519.600033
519.719700
519.890200
520.251167
520.413567
520.583133
520.889167
520.940000
521.022600
521.676500
521.727567
522.029633
522.282733
522.860700
523.057200
523.195600
523.397733
523.889033
524.028633
524.220567
524.448633
524.497500
524.636000
524.674867
524.871133
525.011600
525.110733
525.261100
525.268433
525.519567
525.835633
525.927500
526.003767
526.414500
526.421933
526.879867
527.122467
527.250833
527.835767
528.785567
529.025167
530.001700
530.031567
530.064467
530.173800
530.230900
530.381167
530.532167
530.596867
530.696667
530.853467
530.906967
531.143567
531.311400
531.618600
531.669400
532.041167
532.421633
532.490100
532.574900
532.630567
532.663300
532.732500
532.844633
532.905067
532.978733
533.095033
533.258733
533.449567
533.507700
533.665133
533.841133
533.888333
534.099267
534.159867
534.333900
534.377167
534.651767
535.658833
536.343933
536.456467
536.470133
536.817067
537.126900
537.157800
537.394900
537.736167
537.775000
537.863133
537.966600
538.084800
538.238167
538.262767
538.571567
538.776133
538.983400
539.854167
539.902100
539.973367
540.244533
540.355000
540.497067
540.563933
540.667867
540.673500
540.761700
540.946000
541.143700
541.958500
541.972100
542.218400
542.235500
543.083300
543.884233
544.018733
544.066267
544.264233
544.326067
544.563700
544.652700
544.722533
544.781767
544.830000
544.867633
544.967233
545.047667
545.080500
545.134267
545.221433
545.349000
545.758600
545.819900
545.851133
546.224633
546.389600
546.421533
546.583267
546.862833
547.110933
547.264300
547.380700
547.456367
547.545733
547.704700
547.900267
548.061633
548.117067
548.198900
548.228533
548.602800
549.190667
549.308000
549.655267
549.808000
549.894733
549.963333
550.171100
550.613633
550.661700
550.835700
550.885900
550.972600
551.887833
552.150200
552.457500
552.625700
553.196867
553.256500
554.209100
554.321433
554.743867
554.835067
555.738900
556.028867
556.628867
556.653200
556.885133
557.194367
557.946233
558.019500
558.150667
558.190700
558.275233
558.316667
558.534333
558.609600
558.825233
558.896600
558.993567
559.094100
560.145433
560.323900
560.596267
560.655600
561.656900
561.980533
562.212867
562.304700
562.413533
562.486167
562.771600
562.800567
562.872700
562.891367
563.006133
563.181133
563.287600
563.784367
564.170367
564.296133
565.394600
566.566067
566.713367
566.833600
566.850067
566.916133
567.064100
567.135867
567.712233
567.905633
567.954267
567.999200
568.600433
568.786200
568.854567
568.945600
569.036300
570.724567
570.793633
570.986900
571.085100
571.241033
571.375200
571.550167
572.213367
572.440433
572.831533
572.893067
572.913567
572.938200
573.128200
573.756500
574.071267
574.144900
574.872633
575.217067
575.534000
575.971533
576.135900
576.163033
576.314100
576.382567
576.457767
576.597200
576.713000
576.812500
577.170767
577.220467
577.402500
577.428033
577.585400
577.686100
578.605233
578.856833
578.967967
579.183167
579.335933
579.397933
580.123267
581.044700
581.373100
582.835067
585.957167
586.058067
586.172600
586.559267
586.671433
587.079500
588.117067
588.183100
588.627067
588.801733
589.007700
589.783133
590.541600
591.113700
591.133700
591.175733
591.224567
591.541000
591.795333
592.282300
592.930433
593.427500
593.625467
593.712500
593.814200
593.886967
593.959767
594.711700
594.759633
594.907133
595.010367
595.181600
595.270533
595.379867
595.382500
595.424233
595.466067
595.570867
595.724867
596.072100
596.206833
596.547633
596.922700
597.689900
597.837467
597.873567
598.011267
598.327600
599.079500
599.406733
600.345633
600.456933
601.118033
601.230100
602.602767
602.842333
602.949500
603.016867
603.298133
603.402033
603.446267
603.573633
603.676533
604.061433
604.139367
604.154567
604.291733
604.448600
604.517933
605.352667
605.403533
605.567533
605.651667
605.815833
606.155867
606.503500
606.557500
606.586133
606.642567
606.700733
606.911800
607.020367
607.059600
607.177733
607.222267
607.469467
608.081267
608.131033
608.331500
608.355267
608.503433
609.044733
610.580800
610.634033
610.760733
611.642033
611.676900
612.165033
612.294500
612.495867
612.555733
612.649967
612.722967
612.791633
613.422467
613.687333
613.756900
613.811400
614.018733
614.239767
614.626733
614.795600
615.071067
615.182900
615.519433
616.570567
616.627267
617.296600
617.380500
617.433233
617.482133
618.011467
618.202333
618.314333
618.477933
618.521633
618.567567
618.617933
618.698033
618.937867
619.041600
619.384867
619.872033
620.146667
620.168100
620.507000
620.877500
621.530000
622.662267
623.079167
623.304467
623.668100
623.829233
624.051967
624.064800
624.118467
624.127167
624.161233
624.200533
624.529900
624.621300
624.700400
624.848333
624.922433
625.144333
625.203700
625.320667
625.543500
625.946700
626.186000
626.681533
626.819300
626.895900
627.383600
627.468133
627.485867
627.579033
627.592867
627.670267
627.785833
627.825100
628.020400
628.166700
628.395300
628.457867
628.595733
630.224367
630.722800
631.219700
631.332033
631.463067
631.724667
632.707200
633.298367
633.484000
634.435767
634.645200
634.685800
634.691233
634.759533
634.903900
634.951767
635.220067
635.319167
636.999333
637.109533
637.310867
637.374267
637.534833
637.688367
637.755400
637.933567
638.767967
638.844600
638.923700
639.020467
639.108533
639.213200
640.112800
640.439333
640.755467
641.196300
641.253733
641.384933
641.525933
641.649800
641.694167
641.766733
641.781833
641.893733
641.984600
642.002800
642.146533
642.323467
643.493833
643.578100
643.676033
643.681833
643.768733
643.843967
643.985400
644.129833
644.248367
644.585367
645.186333
645.432667
646.230667
646.381833
646.685467
646.871133
646.983567
647.707667
647.715167
647.821800
647.824200
648.011000
648.045867
648.683833
648.845667
648.909467
648.944800
649.058167
649.129900
649.436167
649.574467
649.832367
650.111367
650.261767
650.503300
650.646800
651.288233
651.340167
651.686867
651.730733
651.807400
652.653933
652.857733
652.890800
652.955500
653.070033
653.176767
654.433700
654.473067
654.514300
654.578067
654.708567
654.760800
654.867533
654.988600
655.058133
655.153900
655.184133
655.391300
655.519133
655.826200
656.030133
656.499433
656.609333
656.621333
656.705933
656.765267
657.988667
658.351700
658.606867
658.716033
658.729033
659.089600
659.323633
659.337267
659.431233
659.550833
659.651133
659.700767
659.800600
660.044433
660.230400
660.451433
660.617533
660.705500
660.924600
661.003767
661.171333
661.228967
661.973933
662.049367
662.112433
662.705133
662.789867
662.798000
663.004400
663.068633
663.498867
664.016767
664.123700
664.162467
664.164233
664.200167
664.285767
665.119767
665.172167
665.256467
665.299133
665.525533
665.595967
665.669167
666.244900
666.541633
667.342500
667.542100
667.613867
668.247233
668.499467
668.624567
668.780567
668.928200
669.009600
669.174400
669.292433
669.357800
669.963900
670.164667
670.601733
670.902433
671.295233
671.471433
671.519767
671.581467
671.677000
671.818167
671.861267
671.987967
672.198333
672.299000
673.023767
673.629433
674.062900
674.177367
674.779600
675.096500
675.186133
676.026233
676.171767
676.864200
677.451933
678.079967
678.289800
678.522167
678.585400
678.943500
679.005533
679.160333
680.058033
680.180633
680.314100
680.667500
681.328300
681.356233
681.861033
681.986833
682.331433
682.822667
682.824233
683.056867
683.200533
683.248000
683.664067
683.749600
684.157600
684.238467
684.854967
685.013100
685.064833
685.145333
685.190200
685.279967
685.332633
685.338633
685.344867
685.450133
685.577033
685.618800
685.626000
685.759233
685.863767
685.994133
686.082200
686.169300
686.186800
686.217333
686.420767
686.832867
686.902000
687.319400
687.517533
687.598733
687.668300
687.795700
687.999633
688.076700
688.166533
688.204500
688.263333
688.401067
688.427033
688.588733
688.949633
689.027567
689.175667
689.214100
689.262467
689.521067
689.642633
689.741233
689.880600
689.919800
689.964200
690.363033
690.594633
690.637267
690.645800
690.687600
690.738867
690.910933
691.093367
691.351233
691.665133
692.330933
692.417200
692.473867
692.566267
692.614400
692.670500
692.718867
692.868900
692.908867
693.068733
693.291267
693.340367
693.397367
693.515300
693.670967
693.810600
693.913933
694.047233
694.075533
694.282933
694.299867
694.368867
694.540133
694.568600
694.602367
694.740833
695.286067
695.510700
695.709833
695.743333
696.552967
697.187500
697.351167
697.414533
697.569867
698.356900
698.435733
698.953900
700.195633
700.349533
700.479033
700.534933
700.599667
700.670633
700.735833
700.795000
700.957233
701.362700
701.960700
702.192200
702.532833
702.674133
702.730000
703.888567
704.558100
704.665167
704.690467
704.722767
704.817567
704.819400
705.403433
705.549500
705.625500
705.991067
706.022833
706.047800
706.227367
706.286733
706.290933
706.361933
706.406667
706.428733
706.698800
706.814300
707.169667
707.287367
708.371833
708.457533
708.618367
708.812567
708.875633
709.027400
709.071167
709.252133
709.349167
709.401800
709.520467
709.623867
709.678300
709.763767
709.770433
709.835200
709.842767
709.970700
710.010600
710.043100
710.077633
710.156000
710.183333
710.214533
710.547900
710.698067
710.741867
710.891967
710.972267
710.981467
711.156967
711.543900
712.076400
712.816667
712.951567
713.080067
713.319133
713.408033
713.609667
714.714233
714.921400
715.073633
715.823000
716.905733
718.231533
718.600467
718.883300
719.211367
720.665733
720.889067
720.975167
721.068433
721.323633
721.445967
721.771133
721.870000
722.075067
722.107567
722.444067
722.753800
722.897400
723.080033
723.270567
723.488667
723.560200
723.624200
723.719767
724.085567
724.292700
724.474167
724.486133
724.602733
725.239000
727.097400
727.423333
727.483600
727.542033
727.651433
727.753400
728.272367
728.291233
728.357533
728.660433
729.156267
729.574700
729.757633
729.773100
730.589733
730.641367
730.712900
730.894600
731.132367
731.281400
731.424733
731.907167
732.030200
732.144867
732.230200
732.280833
732.585700
732.625100
732.670767
732.823067
734.221567
734.433000
734.522367
734.559600
734.591400
734.809600
734.846800
734.943033
734.987033
735.042700
735.164100
735.363033
735.434667
735.506733
735.657500
735.702167
735.709400
735.881133
736.103467
736.480333
736.522367
736.576733
736.914567
737.049700
738.471300
738.624233
738.705267
738.767667
738.838633
739.056300
739.105633
739.138200
739.320067
739.372300
739.526533
740.335000
740.454700
740.553367
740.652833
740.682733
740.694067
740.983000
741.075933
741.739633
742.568100
742.782633
742.957800
743.057200
744.099733
744.133700
744.273733
744.361500
744.489333
744.586167
744.608400
744.614533
744.901000
746.033100
746.072033
746.113867
746.151767
746.186700
746.227200
746.494833
746.574233
747.037433
747.180233
747.314933
747.659300
747.780067
747.976867
748.048200
748.138000
748.265367
748.333233
748.342133
748.494133
748.783667
749.026233
749.122967
749.273433
749.317033
749.575867
750.020400
750.077033
750.601433
751.037300
751.149200
751.170333
751.479500
751.597467
751.783767
751.823200
751.871900
751.973000
752.093500
752.179367
752.696400
752.753867
752.894067
752.949767
753.004000
753.198900
753.690100
754.406967
754.845433
755.819567
756.023433
756.317600
756.423700
757.322933
757.574800
757.639500
757.673233
757.684200
757.728233
757.792500
757.941067
758.006367
758.660967
758.691267
758.839633
759.063333
759.128767
759.255133
759.531733
759.727667
759.839667
759.933200
761.165133
761.584867
761.908233
762.177600
762.729800
763.020500
763.080300
763.923133
764.283467
764.844267
765.282733
765.670567
765.723100
765.913900
765.972733
766.309967
766.695233
767.128367
767.141100
767.650233
768.058000
768.263167
768.668467
769.360833
769.376900
769.587267
769.654967
769.727267
769.746500
769.777500
769.835167
770.168100
770.495300
770.549233
770.675533
771.642000
771.651067
772.456567
772.655033
772.850500
772.898967
773.122200
773.231267
773.464900
773.575100
773.973867
774.041800
774.202800
775.424800
775.705100
775.959433
776.324533
776.492067
776.821133
776.952333
777.389000
777.868867
778.026767
778.147567
778.902367
779.012833
779.367333
779.385300
779.562633
779.648900
779.704167
779.859567
780.349933
780.439400
780.557767
780.623067
780.660100
781.029367
781.416733
781.532733
781.690733
781.787900
781.970967
782.354500
782.693800
783.371167
783.963233
784.720967
786.601333
787.650733
788.606467
789.176667
789.675667
789.865667
791.732867
792.575167
792.646800
792.977500
793.129767
793.503967
793.862433
793.922000
794.245733
794.283567
794.567767
795.135333
795.674967
797.026867
797.090800
797.604033
797.717500
797.953700
798.271067
798.359767
798.417167
798.465533
798.596567
798.698800
798.809500
798.876100
799.196167
799.231867
799.350433
800.123300
800.205700
800.341200
800.433333
800.492567
800.528867
800.645900
800.770733
800.834200
800.886833
800.958633
801.199900
801.277267
801.369033
801.623000
801.643100
801.670767
801.730733
801.878000
802.331067
802.382333
802.471967
802.491900
802.564000
802.801400
803.097033
803.798567
804.124833
804.311800
804.406800
804.813033
804.874633
805.070233
805.339833
805.479533
805.508100
805.588667
805.620900
805.725433
805.799567
806.526900
807.133167
807.605700
807.612800
807.735233
807.787833
807.799533
808.415600
809.586733
810.194233
810.347567
810.605233
810.668800
810.874333
811.104533
811.260567
811.378167
811.476433
811.658600
811.759800
811.781600
811.833800
811.880767
812.019767
812.117267
812.221867
813.026567
814.105867
814.978933
814.994600
815.096467
815.140400
815.549700
815.594733
816.090100
816.195100
816.273467
817.024400
817.293933
817.332500
817.400633
817.428233
817.735500
817.997233
818.097233
818.131767
818.416667
819.221467
819.991967
820.705800
820.993967
821.379567
821.714033
821.796267
822.099667
822.304733
822.442833
822.490600
822.630000
822.774167
823.272600
823.970233
824.005567
824.250367
824.642800
824.825100
825.162167
825.243700
825.398100
825.470400
825.739333
825.816167
826.855100
827.090600
827.105700
827.599600
827.937533
828.102533
828.597000
828.652000
828.710400
828.840967
828.904300
829.766933
829.964600
830.178700
830.346433
830.403667
830.437833
830.934500
831.004333
831.146100
831.470200
831.889000
832.284967
832.423433
832.875333
833.014667
833.063833
833.070633
833.196933
833.405233
833.499367
833.643300
833.955133
834.031233
834.152333
835.063667
835.098700
835.234533
835.868267
836.727633
836.746833
837.441133
837.791633
837.889300
838.004600
838.034200
838.088867
838.115933
838.303000
838.763733
838.909800
839.318900
839.469333
839.531400
839.721033
839.772967
840.272900
840.313667
840.521767
840.598833
840.662067
840.767100
840.857767
840.898067
840.947033
840.971233
841.273467
841.416700
841.590167
841.599400
841.650933
842.061900
842.224500
842.279900
842.295367
842.368333
842.669467
843.193633
843.275633
843.352667
843.382533
843.436367
843.568000
843.569733
843.693233
843.978067
845.016600
845.173967
845.257400
845.562567
845.660400
845.676433
845.679300
846.199700
846.306900
846.318867
846.376267
846.426833
846.450433
846.658067
846.724800
846.773167
846.781633
846.856300
847.044167
847.056200
847.110367
847.116800
847.246467
847.310500
847.573700
847.745300
847.805100
848.295233
848.502733
848.529400
849.354467
849.940000
850.272133
850.695700
850.862633
850.914767
850.976200
851.053500
851.071633
851.114700
851.806933
851.867933
852.268333
852.328400
852.369633
852.628900
852.670267
853.611400
853.703633
853.962833
853.976867
854.226600
854.398933
854.563500
854.686333
854.802767
854.844700
854.930900
854.989600
855.057800
855.116400
855.234267
855.298500
855.357533
855.487033
855.646467
856.082067
856.154067
856.231667
856.301533
856.340033
857.205633
857.349500
857.628700
857.663300
857.731800
857.828100
857.925633
858.413900
858.592133
858.616500
858.767567
859.088200
859.164167
859.518133
859.566233
860.548933
860.708500
860.728767
860.794233
860.973000
861.100000
861.782633
862.105733
862.247167
862.301567
863.503700
864.121967
864.174700
864.225333
864.387767
864.436733
864.464633
864.567133
864.735000
864.817800
864.910967
865.151400
865.924933
866.112067
866.274800
867.220733
867.304333
868.056300
868.518433
868.617533
869.134900
869.493433
869.652300
869.698800
869.748933
869.772033
869.801733
870.048433
870.259667
870.392533
870.697233
870.737500
870.745467
870.823200
870.901867
871.050867
871.173900
871.258933
871.303433
871.339000
871.407700
872.248033
872.660967
873.126800
873.210133
873.661500
873.965033
874.375100
874.447033
874.548767
874.574100
874.614133
874.745100
875.100200
875.157733
875.262067
875.363300
875.498900
875.691700
876.176067
876.215300
876.222833
876.482833
876.555900
876.620900
877.075433
877.357200
877.820633
878.264067
878.858867
881.471700
881.609233
881.695200
882.120833
882.654867
883.364967
883.430633
883.492833
884.480433
884.536500
884.705133
884.837633
885.322533
885.766033
886.133133
886.200900
886.435367
886.450667
886.558733
886.689800
886.708833
886.782933
886.880000
886.910167
887.062500
887.079167
887.118000
887.149167
887.241367
887.316800
887.465567
887.492700
887.619533
887.683933
887.739000
887.897300
888.018433
888.134100
888.323300
888.344867
888.408267
888.692500
888.796400
889.230767
889.560167
889.610100
889.667633
889.768133
889.878333
890.055933
890.116167
890.189400
890.285100
890.511167
890.578200
890.655933
891.190867
891.610267
891.868867
891.972067
892.050933
892.140633
892.524367
892.644000
892.909267
893.009467
893.249367
893.362800
893.486467
893.536400
893.549900
893.576933
893.620367
893.663067
893.821533
893.889333
893.999800
894.010800
894.439167
894.538867
894.612300
894.986367
895.168700
895.199433
895.275567
895.450933
895.816967
895.884133
895.986833
896.103000
896.234467
896.436933
896.493567
896.518467
896.606567
896.952400
897.062200
897.189100
897.233067
897.422433
897.463967
897.622333
897.696767
898.003867
898.075267
898.158033
898.364033
898.498467
898.797200
898.908000
898.970533
899.107933
899.373333
899.763767
900.167700
900.485633
900.546433
900.649233
900.921267
901.011567
901.083967
901.190533
901.832800
902.171033
902.207333
902.352900
902.451667
902.520933
902.568733
902.621700
902.667333
902.715733
902.863800
902.894300
903.127067
903.345933
903.475700
903.768500
904.195433
904.338433
904.704833
904.857267
904.963200
905.127433
905.133067
905.197433
905.231633
905.612700
905.664633
905.838433
906.638433
906.688500
907.108067
907.284333
907.788633
908.032667
908.849867
908.959600
909.285067
909.456733
909.798033
910.084067
910.378500
910.471633
910.533333
910.676267
910.702867
911.061600
911.140467
911.607067
911.657300
911.993867
912.021600
912.215367
912.328667
912.358300
912.400700
912.457967
912.590033
912.651367
912.842133
913.032667
913.134933
913.188000
913.353633
913.495167
913.555533
913.772633
914.187267
914.306433
914.645667
914.723200
914.904600
914.919833
914.960833
915.503900
915.629967
915.786567
915.957367
916.401633
916.775700
917.051367
917.250867
917.440533
917.690467
917.770533
917.807067
917.914933
918.072233
918.208167
918.495200
918.696733
918.950433
919.816000
920.311933
920.367033
920.394600
920.639667
920.722967
920.938100
921.008300
921.070067
921.112667
921.166767
921.297000
921.517067
921.665833
921.755867
921.813300
921.995200
922.295567
922.672833
923.317033
923.369533
923.511933
923.837500
923.918733
924.250233
924.384700
924.450600
924.471400
924.539233
924.586167
924.589533
924.851400
925.477867
925.810300
926.053967
926.498367
926.579000
926.662900
926.765867
927.554533
927.930333
928.504533
928.602533
929.095267
929.953300
930.002333
930.228133
930.295233
930.470667
930.536133
930.601300
930.662300
930.735233
931.140100
931.236900
931.455500
932.557533
932.788367
932.842500
933.020600
933.085200
933.777433
933.784100
933.964667
934.051267
934.099267
934.191067
934.358633
934.955833
936.107633
936.391267
936.514733
936.579700
936.642667
936.696733
936.830400
936.883100
937.432067
937.516500
937.654400
938.032633
938.174167
938.194133
938.484467
938.659367
938.779567
938.877700
939.024267
939.321067
939.372767
940.070867
940.192267
940.642467
941.007533
941.461400
941.483933
941.539900
941.652000
941.748100
942.112967
942.155733
942.297467
943.097167
943.209467
943.500133
943.686867
943.932933
943.966367
944.043000
944.091200
944.318900
944.612100
945.103367
945.139167
945.547400
945.621233
945.701967
945.752833
946.129800
946.169600
946.350767
946.374800
946.495633
946.610300
946.911300
947.024500
947.303400
947.552233
947.604767
947.711600
947.804133
948.034600
948.038833
948.984800
949.061067
949.341333
949.603800
949.683533
949.793367
950.038267
950.162533
950.459700
950.530433
950.593767
950.717133
950.789433
950.828500
951.150033
951.858700
952.585233
952.776933
952.828333
952.920400
953.062600
953.117867
953.154033
954.269667
954.529800
954.743600
954.871067
954.944067
955.144200
955.390467
955.512767
955.594400
955.623867
955.716300
955.801833
955.927500
956.161200
956.171833
956.382067
956.668767
956.843533
956.997733
957.778100
957.940467
958.036433
958.602100
958.676867
958.709300
958.854800
958.896333
959.012533
959.356567
959.431867
959.994033
960.491100
960.802133
961.547433
961.724467
962.106767
962.404133
962.549267
962.619467
962.653767
962.699667
962.734867
962.768500
963.081167
963.123867
963.749967
963.828067
964.093700
964.229700
964.541967
965.371700
965.842433
966.444533
967.052400
967.147000
967.326633
967.344133
967.441800
967.493833
967.524900
967.602733
967.608100
967.688833
967.755433
967.913300
968.231633
968.700533
969.080600
969.696667
969.836367
969.960667
970.069333
970.191900
970.280400
970.384800
970.388800
970.397933
970.449067
970.462067
970.486533
970.590433
970.639300
970.745867
970.968733
971.064400
971.235733
971.265000
971.524733
971.555200
971.653967
971.914433
972.396833
972.571567
972.643933
972.682733
972.725567
972.744300
973.056167
973.118667
973.443367
973.546633
973.621133
973.735333
973.899300
974.135500
974.221333
974.555833
974.618167
974.685767
975.302300
975.554733
975.629233
975.691267
975.789533
975.999967
976.054367
976.142733
976.420733
976.521033
976.871200
976.924100
977.038700
977.155367
977.504100
977.568233
977.665767
977.876600
978.092200
978.179733
978.407467
978.465300
978.552967
979.410900
979.770000
980.235300
980.254000
980.394600
980.454433
980.484500
980.584433
980.626567
980.756467
981.055567
981.143600
981.251567
981.649300
981.757667
982.000767
982.257167
982.403800
982.798000
983.252500
983.406400
983.445233
983.529867
983.965100
984.036133
984.066267
984.164200
984.204433
984.601533
984.664967
984.781867
984.941200
984.971600
985.016067
985.087100
985.234433
985.237633
985.338967
985.653367
985.662567
985.699000
985.739633
985.864433
986.127000
986.214167
986.317033
986.385600
986.478433
986.635000
986.805967
987.251033
987.422467
987.586667
987.630667
987.705933
987.809900
987.854533
987.925267
988.021267
988.443833
988.605000
988.994300
989.106833
989.221600
989.383867
989.448233
989.563867
989.808233
989.826100
990.118333
990.207700
990.321200
991.037333
991.069833
991.165033
991.223300
991.255367
991.297900
991.377833
991.503200
991.662133
991.818233
992.051333
992.099267
992.174533
992.191533
992.220100
992.325967
992.360900
992.417500
992.464533
992.556133
992.687533
992.788933
992.799033
992.864667
992.884567
993.005833
993.176633
993.271367
993.396700
993.828467
995.127800
995.185433
995.248967
995.289633
995.474200
995.508100
995.613533
995.649033
996.084633
996.096433
996.313633
996.400967
996.444600
997.049000
997.060933
997.152567
997.309900
997.374633
997.555167
997.889667
997.963667
998.076767
998.242633
998.347833
998.411533
998.425767
998.473700
998.494100
998.716633
998.823533
999.037367
999.100633
999.279000
999.302833
999.664267
999.711933
999.779600
1000.282633
1000.355833
1000.463100
1000.838867
1000.901867
1000.992433
1001.816833
1001.833300
1001.952100
1002.056267
1002.124033
1002.275267
1002.277567
1002.459500
1002.768400
1003.233733
1004.720700
1004.902333
1004.922000
1004.941033
1005.008933
1005.099433
1005.187367
1005.287433
1005.402867
1005.524133
1005.588267
1005.904900
1006.004567
1006.108300
1006.720833
1006.906067
1007.088533
1007.139333
1007.444567
1008.010933
1008.456400
1008.538567
1008.926267
1009.508133
1009.616500
1009.636900
1009.996567
1010.076733
1010.179533
1010.276700
1010.544967
1010.658633
1010.708933
1010.748833
1010.834400
1010.903233
1011.066900
1011.215300
1011.614367
1011.681867
1011.725167
1011.920633
1012.184633
1012.297733
1012.309133
1012.716733
1012.827767
1012.965533
1013.059533
1013.235733
1014.150700
1014.488767
1014.553100
1015.208233
1015.251867
1015.288267
1015.369067
1015.408633
1015.580333
1015.649933
1015.764400
1016.006167
1016.204633
1016.218433
1016.278433
1016.309933
1016.576333
1016.719833
1016.915000
1016.969233
1017.045933
1017.418333
1017.621100
1017.786400
1017.989800
1018.154933
1018.235100
1018.243767
1018.552800
1018.645167
1019.023533
1019.173267
1019.612333
1020.447600
1020.499700
1020.525367
1020.532700
1020.881900
1020.992933
1021.056233
1021.268567
1021.305967
1021.498233
1021.716100
1022.352767
1022.527967
1022.631533
1022.806667
1022.859833
1023.203700
1023.652867
1024.170000
1024.238600
1024.448433
1024.523400
1024.585867
1024.735633
1025.413233
1025.582600
1025.721667
1025.789933
1026.173867
1026.786967
1027.088867
1027.620867
1027.729467
1027.763467
1027.884767
1030.736267
1031.028433
1031.306233
1032.093667
1032.130067
1032.246700
1032.551900
1033.400033
1034.110700
1034.207933
1034.351800
1034.463933
1034.653200
1035.435033
1036.199500
1036.301500
1036.441200
1037.016367
1037.020567
1037.184533
1037.976267
1039.034333
1039.088100
1039.203400
1039.225733
1039.230300
1039.244500
1039.287133
1039.344133
1039.360433
1039.460300
1039.551600
1039.673933
1039.789733
1040.193700
1040.268900
1040.329833
1040.906600
1041.274733
1041.364433
1041.877833
1041.938400
1042.153667
1042.360933
1042.415300
1042.536500
1042.678367
1042.713133
1042.823600
1043.007967
1043.084267
1043.117433
1043.161200
1043.187833
1043.265433
1043.344533
1043.403533
1043.779033
1043.972633
1044.025700
1044.096700
1044.147900
1044.181333
1044.216733
1044.241600
1044.284833
1044.306667
1044.596267
1044.923533
1045.008033
1045.061300
1046.406567
1046.503733
1047.206433
1047.291233
1047.466667
1047.795367
1047.880400
1047.953567
1048.031667
1048.234100
1048.311833
1048.352567
1048.368000
1048.376200
1048.486867
1048.495300
1048.596500
1048.649400
1048.725933
1049.083733
1049.131300
1049.417567
1049.449567
1049.557133
1049.630567
1050.407633
1050.451433
1050.800033
1051.222100
1051.519933
1051.852133
1052.024667
1053.230000
1053.275500
1053.379800
1053.422067
1053.536500
1053.582533
1053.604467
1053.735367
1053.866700
1053.952700
1054.157633
1054.250967
1054.371700
1054.558133
1054.587333
1054.705933
1055.150267
1055.161267
1055.256100
1056.556900
1056.631500
1056.746633
1056.863467
1056.907767
1056.951533
1057.060600
1057.107567
1057.126267
1057.198533
1057.250267
1057.657800
1057.702933
1057.715600
1057.869933
1058.010267
1058.325900
1058.458200
1058.678933
1058.748100
1058.982967
1059.029433
1059.111533
1059.161567
1059.192933
1059.302500
1059.465200
1059.741967
1059.937167
1060.217033
1060.988333
1061.212400
1061.256567
1061.425000
1061.546600
1061.626967
1061.722300
1061.760567
1061.917433
1062.073333
1062.156733
1062.517833
1063.315133
1063.383433
1063.528933
1063.662833
1063.994467
1064.396700
1064.850333
1065.579567
1065.642867
1066.361567
1066.504267
1066.537433
1066.979167
1067.023467
1067.099233
1067.201433
1067.239800
1067.457900
1067.459600
1067.533067
1067.605400
1067.654767
1067.813067
1067.977700
1068.276767
1068.295533
1068.365767
1068.367700
1068.447167
1068.935167
1068.940000
1069.034367
1069.073667
1069.109333
1069.543567
1070.148000
1070.207800
1070.395767
1070.538967
1070.759167
1071.451633
1073.247467
1074.240233
1074.412433
1074.695600
1076.359800
1076.906467
1076.960867
1077.043400
1077.168500
1077.458500
1077.778900
1077.783867
1077.827100
1077.879567
1077.885767
1078.008367
1078.095500
1078.216333
1078.520967
1078.567833
1078.635467
1078.663833
1078.732300
1079.555800
1079.749900
1080.364633
1080.366267
1080.853767
1080.977867
1081.038067
1081.786000
1082.099067
1082.222700
1082.227133
1082.365467
1082.413733
1082.494633
1082.556400
1082.787133
1082.801833
1082.883733
1082.979033
1082.993900
1083.061467
1083.296967
1083.422133
1083.652967
1083.820100
1084.122700
1084.579000
1084.596533
1084.681933
1084.744167
1084.791067
1084.903067
1085.332667
1085.558367
1085.592167
1085.642267
1085.726667
1085.795700
1085.960633
1086.051533
1086.247800
1086.442167
1086.545167
1086.622000
1087.176133
1087.307433
1087.514033
1087.550067
1087.715200
1087.901267
1087.934067
1088.079467
1088.144600
1088.184867
1088.392167
1088.610800
1088.963800
1089.008233
1089.176633
1089.266133
1089.294833
1089.464200
1089.554400
1090.409133
1090.554133
1091.128867
1091.326167
1091.381200
1091.441133
1091.443967
1091.712100
1091.850767
1092.327700
1092.415233
1092.515600
1092.686700
1092.720167
1092.897333
1093.283433
1093.390067
1093.470400
1093.497333
1093.587933
1094.174267
1094.433400
1094.597567
1095.053900
1095.200867
1095.275133
1095.350767
1095.401367
1095.480600
1095.628400
1095.780867
1095.852033
1096.558600
1096.621000
1096.699300
1096.771600
1096.815300
1096.890300
1097.005133
1097.445633
1097.502567
1097.721867
1098.326800
1098.611400
1098.904267
1099.237500
1099.382967
1099.415667
1099.477033
1099.581200
1099.689933
1099.805200
1099.934067
1099.991433
1100.754200
1100.801200
1100.848833
1100.860200
1100.926433
1100.964200
1101.043267
1101.070267
1101.101400
1101.367800
1102.014267
1102.099933
1102.888167
1103.066267
1103.138067
1103.191167
1103.255667
1103.350233
1103.486767
1103.564033
1103.854800
1104.093667
1104.290867
1104.324000
1104.409733
1104.658733
1104.727767
1104.791033
1104.852500
1105.620500
1105.982000
1106.232433
1106.240733
1106.423867
1106.449600
1106.573067
1106.714967
1106.773700
1107.079367
1107.162367
1107.291700
1107.728933
1108.164233
1108.644733
1109.108833
1110.071300
1110.754967
1112.030733
1112.271967
1112.397433
1112.428900
1112.461533
1112.634700
1112.992400
1113.190767
1113.218067
1113.417633
1113.559733
1113.656700
1113.769133
1113.846133
1114.168033
1114.892033
1114.985933
1115.061133
1115.402767
1115.579633
1115.760600
1115.910100
1116.094367
1116.184500
1116.283100
1116.432933
1116.564067
1116.822133
1117.032533
1117.384933
1117.527267
1117.656467
1118.089367
1118.287200
1118.376767
1118.464633
1119.462067
1119.524900
1120.187233
1120.255033
1120.458533
1120.564733
1120.654767
1120.918967
1121.398433
1121.533900
1121.937233
1122.849033
1123.144900
1123.261900
1123.510400
1123.612767
1123.680800
1123.992633
1124.127367
1124.192067
1124.224067
1124.333367
1124.433000
1124.542633
1124.884567
1125.708267
1125.804533
1125.845667
1125.868367
1126.205300
1126.319833
1126.490533
1126.678933
1126.770167
1126.808533
1126.922000
1126.961333
1126.966467
1127.329300
1127.470400
1127.532700
1127.618000
1127.672833
1127.713533
1127.900767
1127.937833
1127.947200
1128.324233
1128.328400
1128.558667
1128.834167
1128.938233
1128.980567
1129.308600
1129.363500
1129.607867
1129.976300
1130.238933
1130.550133
1130.740867
1130.887967
1132.046633
1132.174300
1132.179967
1132.767800
1132.853567
1132.920900
1133.450100
1133.632133
1133.678067
1133.819900
1134.177233
1134.376467
1134.481933
1134.620233
1134.734833
1134.753033
1134.800433
1134.922567
1135.129533
1135.300000
1135.399100
1135.417300
1135.443333
1135.528200
1135.532667
1135.549800
1135.771433
1135.871333
1135.901167
1135.956467
1136.031833
1136.087733
1136.434467
1136.719800
1136.732367
1137.044600
1137.318733
1138.328033
1138.414567
1138.466200
1138.543767
1138.561533
1138.617967
1138.693700
1138.816433
1138.975933
1139.172767
1139.254000
1139.547767
1139.617100
1139.660867
1139.824533
1140.056067
1140.174467
1140.176267
1140.235367
1140.297167
1140.432367
1140.465167
1140.542967
1140.669433
1140.904333
1141.195233
1141.256867
1142.736367
1142.818467
1143.012067
1143.206367
1143.356067
1144.203800
1144.385367
1145.136267
1145.352233
1145.465667
1145.681600
1145.684067
1145.700400
1145.767200
1145.958733
1146.668867
1146.839933
1147.067967
1147.832967
1149.040567
1149.989467
1150.192900
1150.268033
1150.630367
1150.711467
1150.864733
1150.963467
1151.502733
1151.903500
1152.223667
1152.647233
1152.823533
1153.353333
1153.388700
1153.536033
1154.236367
1154.302867
1154.435233
1154.585200
1154.995200
1155.190433
1155.587600
1155.838967
1155.893233
1156.199867
1156.284833
1156.558267
1156.620167
1156.686067
1156.795900
1156.882367
1157.197033
1157.284967
1157.358433
1157.631900
1158.037267
1159.257267
1159.634100
1159.880100
1159.972400
1160.179100
1160.451300
1160.701600
1161.193833
1161.262900
1161.669167
1161.772433
1161.916300
1162.184400
1163.014233
1163.850133
1164.201800
1164.496300
1164.701167
1165.380933
1165.523133
1165.563200
1165.629467
1165.852800
1166.698000
1166.823633
1167.042333
1167.542833
1167.750567
1167.870700
1167.912267
1168.121800
1168.150433
1168.156333
1168.278667
1168.428100
1168.441500
1168.472533
1168.675600
1168.720933
1169.047833
1169.253433
1169.311767
1169.372400
1169.650300
1169.811433
1169.987367
1170.130000
1170.432767
1170.501200
1171.476033
1171.565867
1171.580567
1172.240267
1172.247100
1172.257667
1172.343433
1172.483967
1172.655767
1172.875400
1173.450867
1173.606400
1173.633000
1173.801200
1174.229733
1174.878433
1175.073133
1175.123367
1176.118900
1176.399333
1176.813467
1176.894867
1177.094967
1177.563600
1177.944133
1177.959833
1178.243267
1178.320700
1179.199667
1179.386833
1179.720033
1179.956067
1180.182067
1181.130533
1181.152233
1181.532733
1181.709700
1181.790400
1181.967800
1182.002633
1182.079367
1182.118200
1182.175967
1182.178667
1182.217367
1182.347867
1182.416933
1182.472200
1182.556600
1182.809067
1182.846033
1183.036967
1183.225100
1183.332167
1183.389333
1183.628700
1183.658300
1183.733133
1183.978667
1184.121567
1184.223267
1184.309733
1184.388267
1184.588967
1185.447167
1185.791333
1186.561433
1186.969000
1187.006667
1187.347000
1187.378633
1187.399667
1187.459700
1187.673167
1187.832400
1187.839033
1187.856700
1187.897600
1187.964967
1188.114400
1188.280567
1188.346133
1188.405033
1188.883667
1189.543733
1189.577367
1189.623900
1189.734500
1189.793267
1190.039967
1190.549700
1190.732533
1190.840133
1190.856733
1190.929933
1190.979433
1190.990333
1191.124733
1191.188333
1191.229667
1191.270733
1191.537533
1191.540500
1191.607567
1191.664000
1191.722300
1191.833567
1191.871700
1191.951400
1192.057400
1192.120133
1192.156100
1192.419367
1192.463367
1192.508700
1192.751500
1192.863867
1193.020833
1193.452900
1193.583933
1193.676067
1193.795433
1193.847700
1193.980767
1194.039733
1194.376600
1194.534233
1194.555233
1194.732267
1194.918233
1195.042200
1195.413300
1195.628433
1195.820467
1195.861633
1196.044067
1196.113233
1196.313133
1196.683400
1196.996900
1197.001500
1197.250300
1198.919500
1199.099000
1199.195067
1199.335233
1199.554500
1199.658633
1199.741000
1199.803833
1199.892600
1199.985367
1200.204133
1200.684933
1200.755967
1200.989133
1201.077967
1201.190267
1201.287833
1201.810467
1202.136300
1202.435200
1202.513200
1203.326667
1203.347400
1203.689567
1203.814367
1203.979400
1204.138433
1204.326900
1204.394900
1204.448800
1204.582333
1204.658033
1204.746933
1204.795067
1204.811000
1205.338267
1205.584833
1205.817500
1205.896433
1205.956133
1206.051700
1206.176200
1206.244367
1206.274267
1206.347000
1207.027100
1207.043633
1207.401267
1207.430500
1207.831700
1207.928567
1208.289233
1208.766700
1209.420567
1209.780700
1210.245833
1210.252200
1210.258200
1210.261833
1210.500400
1210.519900
1210.706300
1210.781433
1210.978933
1211.193967
1211.292333
1211.343367
1211.474267
1211.614433
1211.753667
1211.833900
1211.860433
1211.934233
1212.066900
1212.071200
1212.175000
1212.336800
1212.628433
1212.971433
1213.241733
1213.885633
1213.993300
1214.162900
1214.274167
1214.607133
1214.699700
1214.896100
1214.932600
1214.964400
1215.138800
1215.149900
1215.442900
1215.661100
1215.747100
1215.816133
1215.842267
1215.868433
1215.987467
1216.166000
1216.343900
1216.420300
1216.620133
1216.658500
1216.857433
1217.013400
1217.280767
1217.806067
1217.869367
1218.135667
1218.588000
1219.042333
1219.538733
1219.844233
1220.065467
1220.190500
1220.452933
1220.462367
1220.592567
1222.140367
1222.441300
1222.575267
1223.215667
1224.529700
1224.621900
1224.897133
1225.332433
1226.991433
1227.046500
1227.128133
1227.257167
1228.790500
1229.449833
1229.923167
1229.939867
1230.457533
1230.624667
1230.773133
1230.776733
1231.273067
1231.326667
1231.433800
1231.477933
1231.619367
1231.691667
1231.754067
1232.748467
1233.195500
1233.655400
1233.893200
1234.226533
1234.685133
1234.718467
1234.794433
1235.870367
1235.948967
1236.039500
1236.565433
1236.915133
1236.988233
1237.112567
1237.238733
1237.264233
1237.545467
1237.934400
1238.624200
1239.212600
1239.819433
1240.407567
1240.654933
1241.103733
1241.668033
1241.730100
1241.797833
1241.867200
1242.054700
1242.196033
1242.287467
1242.321333
1242.525567
1242.608667
1242.748900
1242.903967
1242.989900
1242.993600
1243.042367
1243.089967
1243.135867
1243.159867
1243.501367
1243.544500
1243.824400
1243.938833
1244.100733
1244.278167
1244.665233
1244.831200
1244.841300
1245.421333
1245.898133
1246.872567
1247.072100
1247.201967
1247.656733
1247.705967
1247.769067
1247.992200
1248.058367
1248.326833
1248.598167
1248.604233
1248.835233
1249.199933
1250.706000
1250.741667
1251.175267
1251.257300
1251.392500
1251.506867
1251.546467
1251.571367
1251.612433
1251.633100
1251.693467
1251.947433
1252.088467
1252.106867
1252.222333
1252.346567
1252.492733
1252.670400
1252.891933
1253.050333
1253.113333
1253.189033
1253.279533
1253.327967
1253.389167
1253.472500
1253.665333
1253.831100
1253.983067
1254.339733
1254.653600
1254.795533
1256.413567
1256.892467
1256.988167
1257.092700
1257.662833
1258.550367
1258.643633
1258.847500
1259.759600
1260.419567
1261.089933
1261.124400
1261.158000
1261.251633
1261.334733
1261.600300
1261.640367
1261.966900
1262.004267
1262.102000
1262.183600
1262.252400
1263.358500
1263.399667
1263.443667
1263.530833
1263.549633
1263.610333
1263.621667
1263.656333
1263.900200
1264.238133
1264.345800
1264.564600
1264.668500
1264.961267
1265.126200
1265.175700
1265.314600
1265.335167
1265.569500
1265.890733
1266.329300
1266.583867
1266.680500
1267.215633
1267.434567
1267.757800
1267.973500
1268.034067
1268.417000
1268.423400
1268.610867
1269.173900
1269.825533
1271.679733
1272.153867
1272.478367
1272.578133
1273.311367
1273.638800
1274.014033
1274.227500
1275.312800
1275.551333
1275.680300
1276.989867
1277.538233
1278.370567
1278.374833
1278.716800
1279.045967
1279.270933
1279.442133
1279.610033
1279.702300
1279.734700
1279.772367
1279.915933
1280.030500
1280.093833
1280.151300
1280.250200
1280.348433
1280.426133
1280.549733
1280.685533
1280.905933
1280.954567
1281.638367
1281.733233
1281.837200
1281.987833
1282.221667
1282.284333
1282.354633
1283.259500
1284.081167
1284.416667
1284.887300
1285.462100
1286.129733
1287.818800
1288.037467
1288.095300
1288.207233
1288.248433
1288.448900
1288.494667
1288.746767
1288.855233
1288.990167
1289.149400
1289.237533
1289.439333
1289.732033
1289.786567
1289.846967
1290.006400
1291.627100
1292.115100
1292.404400
1292.456133
1292.801433
1292.817633
1292.941400
1293.050067
1293.137567
1293.386633
1293.543267
1293.606400
1293.770733
1293.855033
1293.925167
1294.089733
1294.391133
1294.727500
1294.970600
1295.150933
1295.475467
1295.562867
1295.629333
1297.354767
1297.435333
1297.828300
1297.874400
1297.901033
1297.987067
1298.082600
1298.222767
1298.866233
1298.966767
1299.141433
1299.356700
1299.640333
1300.265067
1300.942633
1301.016400
1301.399400
1301.490833
1301.632533
1301.787667
1301.823033
1302.356900
1303.318233
1303.431267
1303.552333
1304.019567
1304.851833
1304.903933
1304.979567
1305.324767
1305.676767
1305.752533
1305.780300
1305.888533
1305.987800
1306.031067
1306.105167
1306.216267
1306.296100
1307.007200
1307.382967
1307.544933
1308.180467
1308.420800
1309.072067
1309.153033
1309.235733
1309.325200
1309.384967
1309.387133
1309.507800
1309.611667
1309.917833
1310.595067
1311.217333
1311.950167
1312.031233
1312.128000
1312.202733
1313.467200
1313.624867
