0.082333
2.483233
3.977967
4.361600
5.363100
6.441767
6.641900
6.762000
6.774333
6.823367
6.844367
6.923167
7.044267
7.128933
7.227233
7.446633
7.638133
7.814633
7.847200
7.864400
7.891133
8.227233
8.587200
8.617567
8.643400
8.737433
8.922100
9.426533
10.894467
10.911600
10.942000
11.235733
11.364600
11.394367
11.534800
11.548200
11.865300
11.959500
12.239467
12.244900
12.289200
12.378933
12.444167
12.623733
12.643300
13.041333
13.701367
13.987700
14.624033
14.983633
15.278600
16.386333
16.485233
16.651067
16.766933
16.800033
17.639233
18.122367
18.175100
18.265200
18.477900
19.053300
19.131000
19.173733
19.398600
20.196067
20.615900
20.688700
21.041500
21.556233
21.958400
22.052033
23.730533
23.873933
24.016567
24.225333
24.297400
24.444233
24.468467
24.620267
24.671300
24.726567
24.728933
24.957133
25.099133
25.338800
25.496267
25.658867
25.702433
25.706600
25.751333
26.206133
26.346100
26.392633
26.732700
26.741367
27.120433
27.147300
27.319033
27.517100
27.730833
27.908200
27.964633
28.388533
28.485400
28.794767
28.830767
29.122233
29.365067
29.559000
29.642133
30.182800
30.561500
30.572067
30.649867
30.874233
31.006767
31.024633
31.029533
31.153867
31.512067
32.426767
32.533067
33.035333
33.422367
34.086567
34.316700
34.320167
34.342767
34.478767
34.481067
34.488833
34.506067
34.863300
35.031700
35.221300
35.462133
35.593633
35.672333
35.683133
35.687867
35.740467
35.755567
35.789267
35.810167
35.963733
36.344567
36.479467
37.063067
37.761033
37.863000
37.982867
38.148067
38.848133
38.886033
38.907800
39.013600
39.096200
39.127033
39.358700
39.523167
39.860233
40.165967
40.776700
41.112800
41.250167
41.262833
41.454700
41.500000
41.518800
41.577900
41.683067
42.194000
42.504667
42.522000
42.544900
42.665367
43.255867
43.300500
43.711267
43.713033
43.806067
43.903833
44.709100
44.939067
44.954133
45.145433
45.193433
45.205500
45.358800
45.383933
45.386133
45.606400
45.622300
45.849633
45.872833
45.941233
45.988033
46.730633
46.972067
47.802100
47.813667
47.873067
47.937633
47.987167
48.130733
48.642533
48.872967
49.867267
50.057833
50.088733
50.128167
50.131900
50.525867
50.606533
50.628667
50.667233
50.746867
50.802433
50.861833
51.702267
51.757300
51.876867
52.077567
52.091067
52.606467
53.001867
53.290233
53.618433
53.648633
53.840033
53.880033
54.094167
54.180433
54.300233
54.357667
56.258000
56.457967
56.519167
56.634400
56.801067
56.834567
57.045167
57.103600
57.599667
57.907533
57.928700
57.962367
57.999000
58.031567
58.086533
58.137033
58.213333
58.606533
58.668467
59.067267
59.247500
59.971267
60.115700
60.407667
60.530733
60.835067
61.120900
61.286167
61.386567
61.519167
61.722267
62.066133
62.602167
62.884300
63.112933
63.415233
63.487767
63.526767
63.554933
63.628300
63.836333
63.897133
63.939367
64.365733
64.434467
64.608633
64.753933
64.893500
65.573100
66.012633
66.017867
66.047300
66.082400
66.704933
67.276533
67.306700
67.368933
67.442300
67.524767
67.899067
68.129467
68.178033
68.196933
68.674767
68.742900
68.755467
68.898100
68.918533
68.975167
69.087633
69.388467
69.453000
69.464400
69.517367
69.550067
69.606467
69.620500
69.680033
69.820667
69.840433
69.869200
70.393300
70.547300
70.586633
70.607333
70.820000
71.091967
71.098367
71.223900
71.382733
71.653367
71.740867
71.821700
71.893400
71.899733
72.034733
72.098200
72.475200
72.510400
72.768500
73.081667
73.316033
73.331867
73.445667
73.863100
74.115600
74.147367
74.159233
74.321267
74.398733
74.646400
74.672800
74.701400
75.510367
75.690100
76.595500
77.119567
77.135367
77.189800
77.343967
77.361800
77.451900
77.480233
77.499400
77.762667
77.918433
77.957600
78.178867
78.478700
78.624867
79.796000
79.892333
80.233033
80.575000
80.650433
80.999900
85.195333
85.256800
85.274333
85.594800
86.419067
86.429033
86.457467
87.306733
87.324933
87.376600
87.498467
87.843300
88.846533
89.128633
89.137967
89.201000
90.248067
90.465467
90.484367
90.496000
92.735333
94.311033
94.537167
96.074367
96.323267
96.922233
96.993033
97.086867
97.141467
97.505533
97.689767
97.695900
97.727567
98.038400
98.130233
98.156300
98.381367
98.384233
98.415100
98.528267
98.547900
98.558900
98.608733
98.621900
98.629567
98.645400
98.651267
98.658000
98.828100
99.105900
99.443900
99.591000
99.620067
99.812300
99.848700
99.872433
100.021400
100.164767
100.373100
100.651967
100.726467
100.840833
100.952967
102.412800
102.866967
102.887133
103.064233
103.065933
103.069200
104.557667
104.562167
104.601333
104.605433
104.710533
104.947733
104.967733
105.023667
105.105667
105.174100
105.285433
106.193500
106.296233
106.588567
107.005300
107.242600
107.681867
107.778367
107.785467
107.857300
107.884467
107.935067
108.001933
108.054867
108.255133
108.302567
108.333567
108.368200
108.379533
108.416900
108.756667
108.913567
109.059667
109.147000
109.220533
110.471967
110.597067
110.679067
110.708500
110.711133
110.762800
110.786233
110.897467
111.034467
111.163367
111.528767
111.554167
111.716367
111.740900
111.892100
111.949067
112.835833
113.152033
113.374067
113.483667
114.531733
115.310000
115.751167
116.103800
116.726433
117.200733
117.291033
117.356867
118.809167
118.926100
118.942700
119.006733
119.117400
119.133033
119.145467
119.511833
119.838200
119.843667
119.883900
120.105967
120.167467
120.341500
120.536133
120.722233
120.764500
120.907833
120.967467
121.163700
121.295200
121.591367
121.696900
122.260200
122.697267
123.131767
123.489233
123.936600
124.114167
124.311600
124.481800
125.158733
125.501333
125.650867
125.813667
127.163633
127.292000
127.456867
128.528967
128.592900
128.664700
128.746433
128.764333
128.896867
130.244100
130.755800
130.889367
131.077667
131.086800
131.384267
131.470400
132.697933
132.730167
132.821167
132.836567
132.838367
132.847700
133.163433
133.316067
133.375433
134.067367
134.422167
134.535667
134.583667
135.739167
135.959367
136.608000
136.614000
136.642500
136.808200
136.825533
137.479200
138.557667
138.613933
139.475967
139.477733
139.481333
139.496167
140.049333
140.189800
140.195033
140.221800
140.286200
140.959600
141.090033
141.631333
141.945900
142.647500
142.684800
142.751067
142.817300
142.894533
142.958300
143.062300
143.147300
143.802733
143.825267
143.943500
143.965967
144.048900
144.258733
144.555300
145.327400
145.590967
145.657200
145.746733
145.767600
145.994867
145.999700
146.039300
146.155233
146.798167
147.174400
147.319700
147.514967
147.760800
148.100433
148.823767
148.983767
149.031333
149.172867
149.472333
149.500333
149.549400
149.569600
149.735067
149.799133
149.827300
149.866900
150.053467
150.374400
150.451567
150.519467
150.993367
151.398233
151.495967
151.506933
151.576333
151.590367
151.704567
151.885200
151.933733
151.946933
151.971200
152.108200
152.110533
152.144933
152.454533
152.573500
152.621200
152.761100
152.792633
152.824467
152.854300
152.967933
153.124167
153.309700
153.327200
153.341767
153.348933
153.522400
153.561600
153.814333
154.405867
154.431800
154.789867
156.232700
156.424633
156.691900
157.057733
157.112100
157.116167
157.232633
157.245667
157.279533
157.297133
157.304733
157.455933
157.550400
157.677200
157.862233
157.901100
157.990767
158.100633
158.252067
158.335933
158.837200
159.060900
159.172367
159.213900
159.412633
159.473100
159.756900
159.790733
159.861800
159.872167
159.934267
159.949400
160.164867
160.222833
160.248133
160.290100
160.343800
160.531067
160.596367
160.616267
160.953933
160.974800
161.005000
161.301267
161.446967
161.605200
161.755333
161.783733
161.853633
161.867167
161.905667
162.507267
162.616433
163.484667
163.490700
163.899333
163.987133
164.059167
164.081300
164.124833
164.153833
164.156200
164.311367
164.821767
165.043967
165.202633
165.348467
165.518033
165.545867
165.777667
166.583367
166.647600
166.812367
166.865267
167.062800
167.098967
168.065000
168.836567
169.022733
169.200500
169.240767
169.470300
169.605567
169.617967
169.794167
169.827767
169.972067
170.039767
170.064800
170.396667
171.500200
171.593233
171.769800
172.249567
172.525900
172.782967
173.686967
173.781267
175.225833
175.900767
176.013067
176.022500
176.199733
176.282600
176.323833
176.335900
176.903933
177.368367
178.202333
178.408167
179.134600
179.393833
179.805800
180.519267
180.696367
180.702100
180.736333
180.739433
180.808400
181.316533
181.469567
182.072467
182.081933
182.250500
182.279167
182.327967
182.351867
182.383633
182.700033
182.723033
183.093467
183.171733
183.241000
183.550167
183.581867
183.603500
183.619400
183.708867
184.364100
184.552300
184.556567
184.565833
184.592933
184.603267
184.620633
184.625567
184.982333
185.035600
185.212267
185.258600
185.777400
185.873433
186.374033
186.401833
186.688100
186.719567
187.084567
187.288000
187.709133
188.262800
188.300800
188.379267
188.906500
189.016867
189.087067
189.145500
189.265233
189.451233
189.536467
189.932033
191.777433
191.837533
192.010867
192.164133
192.354667
192.381233
192.391633
192.422533
192.462133
192.520733
192.664967
192.695767
192.732433
192.801967
192.823667
192.829967
192.847767
193.507467
195.139667
195.160167
195.566333
195.596733
195.745433
195.845167
196.167133
196.220100
196.355300
196.357733
196.723400
196.793167
196.902833
197.004367
197.042767
197.115567
197.657867
197.733767
197.995033
198.918533
199.514233
199.813033
199.852300
200.086300
200.201833
200.235633
201.629967
201.765433
201.853467
201.908267
201.922867
201.928700
201.958767
201.970567
202.136500
202.241233
203.175600
203.474733
203.528767
203.608433
203.616000
203.663767
203.678033
203.689767
207.116100
207.513100
208.793467
208.917633
208.941100
208.954867
208.960433
209.025700
209.140533
209.343767
209.588167
209.711400
209.715367
209.806200
209.814033
209.821467
209.852400
209.931900
210.008500
210.059567
210.111967
210.237133
210.273067
210.371833
210.592867
210.696900
210.848567
210.908000
211.012033
211.068900
211.216300
211.255333
211.288833
211.362833
211.476200
211.520700
211.589300
211.608433
212.409100
212.429133
213.583533
213.589800
214.136067
215.079467
215.542533
215.838500
215.889100
215.913333
216.021600
216.040467
216.073000
216.081233
216.099033
216.181000
216.225267
216.258367
216.747100
217.029267
217.054667
217.062133
217.487400
217.791667
218.086600
218.197733
218.300167
219.492267
219.509833
219.521200
220.068733
220.186900
220.276867
220.288433
220.504000
220.729533
221.205933
221.284233
221.315500
221.573933
221.741300
221.758733
221.765333
221.810133
221.876333
221.977067
222.382400
222.433100
222.514867
222.581767
223.113467
223.325567
223.804433
223.872300
223.988633
224.023067
224.586033
224.833567
225.080333
225.451933
225.463133
225.521667
226.237933
226.280333
226.301767
226.356700
226.741000
226.805033
226.989033
226.995633
227.023000
227.059600
227.116567
227.178133
227.503633
227.539667
227.578467
227.680467
227.683400
227.733300
228.179500
228.189367
228.198033
228.573433
229.960433
230.297567
230.426200
230.709900
230.738867
231.263133
231.344400
231.370633
231.622533
231.803567
233.230300
233.263067
233.432400
233.468500
233.480367
233.808033
235.464633
235.541633
235.813633
235.984100
236.023867
236.201133
236.248067
236.352900
236.506933
236.803233
236.858000
236.894533
237.014433
237.301300
237.328933
239.882933
239.896267
240.100067
240.113333
240.261100
240.288433
240.588267
240.737133
240.956167
241.305333
241.378567
241.393600
241.546100
241.602867
241.651500
241.661933
242.477867
242.753233
242.768267
242.807700
242.820867
243.561033
244.250833
244.302800
245.635467
245.651833
246.369900
246.432500
247.351500
247.357733
247.374033
247.429333
247.765467
247.928400
248.003300
248.197100
248.534200
248.634400
248.708067
248.750367
248.796933
249.114533
249.122800
249.422600
250.185533
250.218067
250.298667
250.310000
250.394800
251.163033
251.170767
251.249300
252.017467
252.277100
252.452667
252.894800
253.381333
253.454267
253.457633
253.506633
253.675400
253.777233
253.779867
253.914367
254.292533
254.330267
254.444767
254.715267
255.107033
255.359467
255.627800
255.638067
255.670267
255.903733
256.046133
257.192333
257.566633
257.631933
258.635067
259.060700
259.161167
259.200433
259.230733
259.540500
259.598367
259.662667
259.701900
259.946433
260.151933
260.384967
260.793833
260.802800
260.998833
261.564033
261.655867
262.438467
262.548800
264.211767
265.481333
265.499267
265.595633
265.737267
265.765867
265.767600
266.665767
266.698933
266.703833
267.584233
267.600133
268.963000
269.309000
269.376300
269.561933
269.584900
269.609500
269.622133
269.642567
269.662600
270.377533
271.009400
271.062467
271.087000
271.091467
271.113067
271.134133
271.175267
271.238667
271.417400
271.470900
272.072800
272.213267
272.315933
272.715100
272.947100
273.050333
273.428233
273.641600
273.952767
274.384567
274.443533
274.497100
274.571567
274.684867
274.746767
274.785667
275.114067
275.236233
275.299800
275.305000
275.798367
275.807167
275.913200
276.030000
276.154700
276.260067
276.404400
276.912300
277.440100
278.082767
278.245267
278.274000
278.363367
278.416667
278.428533
278.775767
278.927000
279.081333
279.087233
279.153967
279.200233
279.249567
279.272100
280.826167
280.887833
281.123767
281.351867
281.408200
281.467433
281.716033
281.877633
281.904167
281.950433
282.140433
282.178067
282.678667
282.880433
282.944267
283.038367
283.058333
283.387833
283.445233
283.617800
284.151533
284.271233
284.328533
284.592100
285.913300
285.917533
285.980767
286.058000
286.064100
286.276900
286.410300
286.492233
286.712300
286.727667
286.931867
286.952533
287.145333
287.154867
287.287600
287.293333
287.342600
287.418467
288.073267
288.263967
289.479267
290.400767
290.417733
290.444933
290.611333
290.751333
290.916700
290.942967
291.027133
291.819867
292.299300
292.405867
292.455900
292.521267
292.530000
292.615933
292.657933
292.738900
292.753833
293.852400
293.916867
293.919500
294.009467
294.528933
294.586900
294.942300
295.089133
295.358300
295.485800
295.815833
295.839533
296.651133
296.678900
296.722000
297.136433
297.342800
297.975033
298.641067
299.039900
299.206867
299.280733
300.055067
300.325100
301.427100
301.699600
301.704167
301.808967
301.942400
302.146033
302.160000
302.212367
302.261833
302.381967
302.503133
302.649133
302.713800
302.817433
302.988233
303.133833
303.647867
303.813367
303.886033
304.110967
305.027100
305.118467
305.274300
305.510933
305.556700
305.575833
305.632967
305.635800
305.738467
305.837400
305.964133
306.011933
306.711433
306.944967
307.634767
307.692133
308.740300
309.195433
309.955567
309.959667
309.963600
309.991933
311.130800
311.345167
311.382933
311.477233
311.503367
311.690833
311.823300
311.874800
311.919033
311.927400
311.952733
311.981200
311.984633
312.046300
312.050767
312.149300
312.166900
312.555200
312.563533
312.567067
313.952867
314.174000
314.728000
316.042067
317.174967
317.368400
317.400200
317.429300
317.568700
317.906300
317.974433
318.059200
318.233700
318.238900
318.342400
318.470433
319.444400
319.477100
319.659633
319.675500
319.729733
319.779667
319.790833
319.945000
320.926033
321.007833
321.084500
321.098500
321.254133
321.388467
321.522200
321.822100
322.166433
322.595100
322.606133
322.655700
322.738200
322.823767
322.853467
322.995967
323.101200
323.294033
323.384333
323.460667
323.660467
323.810100
324.098400
324.107300
324.499667
324.531933
324.727867
324.841567
324.959367
325.234133
325.304567
325.375067
325.615233
325.619167
326.563200
326.853633
327.029267
327.201533
327.347167
327.472367
327.534033
328.232967
328.387333
328.488700
328.679767
329.477967
329.749167
329.832567
329.922867
329.952233
329.965800
329.974000
330.605267
330.657200
330.852600
331.887967
332.163767
332.211133
332.437367
332.480333
332.503100
332.600400
332.647233
332.729033
332.817833
332.835233
332.864867
332.868833
332.932167
333.079500
333.094567
333.111467
333.996800
334.039567
334.382400
334.427567
334.436167
334.583400
334.977200
335.107833
335.129967
335.191000
335.407300
335.412100
336.214867
336.231067
336.946733
337.038467
337.141367
337.457400
337.472300
337.504033
337.592833
337.662567
337.678133
337.760433
337.909900
338.297000
338.393733
338.421400
338.465700
338.639633
338.697867
338.832200
339.143367
339.523600
340.629100
340.688700
340.717500
340.774067
341.162667
343.370267
343.606800
343.693133
343.910667
345.093400
345.268667
345.379500
345.415933
345.449567
345.458400
345.520100
345.554467
345.736500
345.789067
345.795700
345.947267
345.973967
346.132733
346.198300
346.315133
346.414533
346.508600
347.083267
347.216000
347.219167
347.224133
347.345133
347.485633
347.523500
347.573267
347.765433
348.193133
348.763200
348.798000
348.855133
348.890667
349.066067
349.144333
349.539333
350.371900
350.491500
350.606700
350.651333
350.771867
351.017700
351.479067
351.533200
351.738300
352.686300
352.767567
352.779433
352.805067
352.885733
353.450367
353.804767
354.036733
354.351933
354.764633
354.776233
354.833567
355.176667
358.004167
358.011467
359.139967
359.198967
359.263533
359.722633
360.401133
361.199700
361.265367
361.737400
362.053900
362.214333
362.568500
362.886533
362.969933
362.976500
363.580367
363.620533
363.779633
364.066500
364.585967
365.043767
365.048967
365.708767
365.718633
365.896200
365.982633
367.215067
367.348600
367.409400
367.984767
368.124533
368.503733
368.518067
368.720100
369.046133
369.165867
369.356533
369.486467
369.495133
369.520200
369.534600
369.568233
369.600433
369.756833
370.218933
370.268933
370.284367
370.289033
370.296733
370.305500
370.313733
370.344667
370.378567
370.454867
371.419433
371.691367
371.770867
371.800433
371.951167
372.016867
372.019233
372.023867
372.035200
372.076467
372.115267
372.238467
372.245633
372.296133
372.313200
372.400300
372.513733
372.564000
372.584467
372.655667
372.708633
372.731867
372.737567
372.942033
372.998367
373.190967
373.510500
373.526767
373.578867
373.599800
373.730900
373.757033
374.390467
374.440433
374.460000
374.548200
374.632667
375.141833
375.466900
375.531767
376.145667
376.156433
376.183000
376.274433
376.444267
376.476467
376.786900
377.017133
377.276267
377.306833
377.398667
378.553033
378.988833
379.357833
379.368233
379.450733
379.455667
380.144233
380.373067
380.485833
380.497300
380.632300
380.842233
381.162067
381.226700
381.515867
381.572800
381.675267
381.786300
381.802567
382.745933
382.762467
382.900533
383.215033
383.218333
383.314100
383.324500
383.337000
383.341267
383.457900
383.677733
383.821800
384.102800
384.204933
384.255933
384.458633
384.546433
384.880200
384.923833
385.393167
385.520167
385.785933
386.308233
386.699100
387.358333
387.498767
387.579767
387.774933
387.826900
387.874167
387.904933
387.958100
388.115500
388.908867
389.009700
391.131067
392.766100
392.787700
392.814167
392.859800
393.306933
394.841900
394.879733
394.935533
394.938533
394.949933
395.069167
395.074067
395.089467
395.205800
395.487833
395.508967
395.614300
395.894000
395.899500
396.084500
396.150733
396.174067
396.575867
396.651000
396.749033
396.771067
396.794533
397.602333
397.639200
397.671233
398.260500
398.464600
398.662000
398.851433
398.905633
399.536633
399.618800
401.318033
401.493300
401.589333
401.591567
401.946433
402.043700
402.102333
402.137267
402.172467
402.231867
402.527200
402.693000
402.783100
402.928233
403.094267
403.221367
404.294100
404.313700
404.779467
404.849467
404.866400
404.897900
404.919633
404.942833
405.335467
405.517700
405.549900
406.792000
407.390733
407.466933
407.514967
407.639167
408.745933
409.042567
409.113000
409.250033
409.410667
409.438533
409.528367
409.667133
409.734900
409.762933
409.799267
409.823267
410.286367
410.643100
410.778800
410.796667
410.860967
410.993967
411.017867
411.365100
412.553467
412.676500
412.683967
413.262467
413.478167
413.698400
413.819833
414.572467
414.688367
414.772833
415.540300
415.888067
415.919900
416.028800
416.237167
416.310067
416.408733
416.670600
416.827667
417.126700
417.557033
417.600167
417.687533
417.908767
417.931167
417.963467
418.919000
419.371100
419.424733
419.454967
419.496367
420.966333
423.661733
423.730200
423.809967
423.924033
423.937900
423.952633
423.970800
424.016267
424.022767
424.091633
424.500600
425.102833
425.341500
425.491133
425.514033
425.585500
425.986200
426.581200
427.562233
427.746433
427.783267
427.815667
428.162600
428.239433
428.247100
428.451200
428.711367
428.799233
430.432000
430.453000
430.604067
430.679233
430.698567
430.754233
430.851867
431.597667
431.784600
431.798367
431.824800
431.856200
431.959133
433.253433
433.360533
433.859967
433.917833
433.973700
434.121633
434.311833
434.555400
434.635033
434.644067
434.650367
434.658467
434.684033
434.783033
435.037700
435.258100
435.321967
435.357567
435.430100
435.449500
435.459733
435.662200
435.847967
435.856400
435.999000
436.130200
436.188033
436.235400
436.256067
436.550133
436.722533
437.487833
437.614400
437.619867
437.668600
437.736067
437.752467
437.794167
437.822667
437.861633
438.430467
438.506867
438.605733
438.791800
438.798833
438.823667
439.142967
439.880900
440.133567
440.137033
440.475400
440.945267
441.030633
441.267833
441.496900
441.616033
441.781233
441.827133
441.900200
442.027333
442.038733
442.074567
442.076733
442.080567
442.132767
442.859167
443.082533
443.089400
443.136967
443.171767
443.283833
443.396300
443.588767
444.149967
444.498267
444.609767
444.622900
444.672900
444.765700
444.793567
444.950767
445.140167
445.895967
445.917633
446.135900
446.141200
446.196200
446.204767
446.269467
446.387467
447.106267
447.140467
447.196400
447.239433
447.243033
447.256267
447.367367
447.528233
447.607233
447.705767
447.790067
447.889167
447.938133
448.110400
448.179833
448.190600
448.289467
448.353800
448.355567
448.628000
448.726000
448.836600
448.962567
448.995867
449.098700
449.214033
449.307833
450.013200
450.095600
450.900667
450.952233
451.136133
451.508967
451.613133
451.693033
451.717733
451.767567
451.787900
451.879367
452.007067
452.026067
452.160533
452.168633
452.204233
452.253367
452.358100
452.363833
452.551867
452.780167
452.786900
453.090967
453.140033
454.000067
454.248467
454.494267
454.583967
454.825533
454.847267
454.860467
455.270133
455.317633
455.474333
455.504267
455.585600
455.610567
455.817800
455.835233
455.854033
455.909867
456.231133
456.404567
456.930700
457.132567
457.163767
457.560533
458.115333
458.278967
458.664133
458.690800
459.513667
459.555133
459.900600
459.988333
460.987200
461.459533
461.893467
462.267067
462.287000
462.309000
462.312033
462.497733
462.713500
463.125200
463.586500
463.653833
463.838567
463.924633
464.650000
465.177733
465.650200
465.677000
465.801900
465.843567
465.940333
466.082233
466.184967
466.192933
466.789833
467.041367
467.458733
467.652000
468.094533
468.245733
468.305233
468.672900
468.690467
468.719733
468.788533
469.045133
469.077300
469.142967
469.786833
469.846367
469.948833
469.954100
469.967867
469.982167
470.000600
470.459867
470.512767
470.638667
470.899167
471.594233
471.841967
471.852333
471.863333
472.064267
472.696900
472.966000
473.025100
473.182300
473.253900
473.332500
473.428567
473.493633
473.937000
475.923633
476.362767
476.383967
476.403267
476.423833
476.469100
476.481100
476.604067
476.664400
476.773700
477.226367
477.714400
477.955800
478.522967
478.806167
479.205300
479.238633
479.335033
479.363967
479.623033
479.774467
479.792200
479.809300
479.833233
479.839633
479.878667
479.902767
479.941533
480.098733
480.139900
480.194833
480.430867
480.663367
480.734600
480.748767
481.064733
481.830033
482.155067
482.334700
482.336500
482.412800
485.488800
486.072633
486.275233
486.366800
486.392300
486.441500
486.489167
486.546000
486.550700
486.636267
486.712567
487.117067
487.158500
487.278333
487.382267
487.486967
487.519100
487.605167
487.701300
487.754500
487.932200
488.003233
488.146067
488.155367
488.252300
488.257200
488.639000
488.872667
488.945833
488.970600
489.011167
489.046933
489.445200
489.590833
489.889967
490.513267
490.720233
490.729700
491.103367
491.155533
491.166633
492.559867
492.930967
493.007700
493.066433
493.318933
493.407167
493.772567
493.781433
494.019233
494.284867
494.504933
494.538167
494.549067
494.574667
494.600267
494.826033
494.883633
495.328833
495.782167
495.814133
495.875433
495.886300
496.166367
497.618333
497.754133
498.980467
499.006333
499.065067
499.409167
499.702433
499.783333
499.952167
500.124367
500.308600
500.902533
501.569433
501.938267
502.224867
502.461433
502.994933
503.071733
503.096833
503.225033
503.237300
503.510133
504.238567
504.455533
505.034367
505.300067
505.337600
507.539100
507.640733
507.707867
508.005600
508.825033
508.845767
509.347200
509.500367
509.588600
509.640867
510.320433
510.458567
510.879267
510.961267
511.189300
511.227833
511.265767
511.328200
512.157800
512.268567
512.274133
512.317667
512.325333
512.622467
512.760167
512.940767
513.172300
513.229167
513.466167
513.468633
513.653767
513.713733
513.924000
513.966867
513.991733
514.956567
515.946067
516.151400
516.178533
516.300133
516.880133
517.122500
517.140500
517.203167
517.738967
517.756967
517.810067
517.964467
518.411467
519.716100
519.747633
519.772167
519.847800
520.583533
520.929933
521.147600
521.219367
521.258133
521.433333
521.460133
521.549900
522.631233
522.832267
522.888367
522.971100
523.119433
523.279200
523.367233
523.414333
523.518433
523.758800
523.912533
524.185733
524.441000
524.967900
525.056433
525.181833
525.206167
525.376733
525.383667
525.452433
525.457133
525.463400
525.480933
525.513733
525.706600
525.878167
526.111700
526.142200
527.478167
527.545367
528.495633
528.558333
528.622067
529.781967
529.819800
530.024167
530.058767
530.291867
530.531200
532.822167
532.857200
533.000300
533.044333
533.375800
533.616233
533.720767
533.755200
534.168933
534.178967
534.402700
534.726867
534.762900
534.826333
534.901800
535.087167
535.126267
535.482500
535.579833
535.668167
535.685033
535.829500
535.865433
536.555467
536.608167
536.762633
537.023500
537.085900
537.105567
537.695200
538.789433
538.826733
539.186933
539.241600
539.283433
539.323333
539.364467
539.454400
539.513633
540.130967
540.459200
540.829633
540.865067
540.888333
541.535067
541.575133
541.620467
542.543533
542.546300
542.616333
542.629400
542.634700
542.799767
542.855467
543.020067
543.265533
543.436200
543.533000
543.588333
543.635967
544.125333
545.423767
545.587367
545.841033
546.526267
546.870867
546.877700
546.965467
547.134333
547.446600
547.706333
547.764367
547.937367
548.041300
548.381900
548.434667
548.653333
548.770900
549.019967
549.400167
549.541033
549.917100
550.193600
550.303567
550.443000
550.546200
551.479100
551.515300
551.520067
551.595033
552.453767
552.636567
552.736533
553.073700
553.156233
553.212700
553.271333
553.273733
553.311300
553.700333
553.782667
553.875200
554.245300
554.542767
555.351433
555.432300
555.464400
555.958600
556.375967
556.502133
556.851367
557.298833
557.546533
557.633667
557.730533
557.752233
557.777533
557.903967
558.053500
558.208400
558.381467
559.169300
559.245733
559.645733
559.687200
560.120633
560.966967
561.027200
561.681067
561.702933
562.040300
562.175700
562.179967
563.209400
563.861633
564.211233
564.352967
564.719667
564.813567
565.095200
565.766433
566.025833
566.167100
566.176500
566.264833
566.386900
567.212900
568.103567
568.259433
568.266867
568.504467
568.622733
568.705833
569.310967
569.335100
569.358033
569.446533
569.588333
569.661133
569.670133
569.692467
569.725633
569.755400
570.691300
570.861667
571.329700
571.691667
571.700600
571.713967
571.755667
572.817000
572.931500
572.986633
573.019133
573.052167
573.166200
573.494067
573.734400
573.740767
573.774500
573.868233
574.003100
574.006733
574.788200
575.171000
575.262800
575.408600
575.482567
575.499333
575.511333
575.759700
576.076500
576.219633
576.297900
576.459400
576.689167
576.793767
577.053500
577.529067
577.952633
578.219900
578.257467
578.344267
578.478267
579.688333
579.739133
579.822300
579.860933
580.255667
580.405267
580.641300
581.615433
581.726200
582.109433
582.122833
582.305267
583.830933
584.104667
584.180900
584.336367
585.852033
585.859267
587.000233
587.562100
587.782300
587.793267
590.190733
590.249167
590.485500
590.658067
590.740000
590.751333
592.175567
592.626000
592.679967
592.699367
592.704267
592.714033
592.765433
593.276967
594.262067
594.663600
594.707500
594.777433
594.779100
594.824867
594.854967
594.888000
595.255867
595.276333
595.321200
595.700267
597.021133
597.229200
597.760600
598.178200
598.312667
598.422767
598.528767
598.673733
598.675433
598.719667
598.745500
598.748733
598.791867
598.929333
598.951700
599.056267
599.138267
599.188467
599.450700
599.454033
599.471833
599.497067
599.558767
599.606533
599.937633
600.127067
600.600733
600.729433
600.857733
601.721067
601.762500
601.922600
601.982467
601.996133
602.187400
602.197433
602.654133
603.592233
604.062967
604.466367
604.755067
604.804267
604.816400
604.957867
605.030967
605.073900
605.099867
605.122500
605.155100
605.158233
605.394133
605.491833
605.523800
605.614633
606.393900
606.424000
606.443033
606.601833
606.629667
607.207300
607.360600
608.099000
608.287167
608.877533
608.970267
609.108933
609.655433
610.256400
610.333433
610.547200
610.554567
611.292867
612.128567
612.165667
612.459667
612.480433
612.600633
612.726733
612.739867
612.892767
613.034433
613.171000
613.640867
613.807067
613.913300
613.933733
613.966933
613.995367
614.226067
614.284833
614.334433
614.399533
614.545933
615.010200
615.091433
615.100367
615.140667
615.523467
615.533433
615.869300
616.109400
616.267833
616.740333
617.216800
617.411833
617.501433
618.075000
618.520067
618.535600
618.567833
618.701300
618.724867
618.748400
618.765067
618.827400
618.835167
618.876000
618.924833
618.977800
619.022967
619.494500
619.754667
620.296433
620.380433
620.554467
620.585800
620.721633
621.180233
621.623133
622.210267
622.376367
623.551900
623.597200
623.822600
624.362433
624.420667
624.441767
624.745100
624.805667
625.187433
625.710500
625.849833
626.293700
626.300967
626.320633
626.335367
626.352567
626.457567
626.694233
626.910133
626.937733
626.952333
626.984267
627.004567
627.007333
627.098300
627.180933
627.236800
627.665233
627.695167
627.858133
627.917033
627.919300
627.925233
628.013967
628.242600
628.416100
628.447533
628.802300
628.837033
628.854867
628.882767
629.147267
629.542767
629.581000
629.615267
629.798600
630.131267
630.864600
631.396400
632.512367
632.582000
632.697367
632.872500
633.499967
633.811133
633.849500
634.505833
635.172500
635.213800
635.273233
635.396000
635.486367
635.623767
635.647500
635.700133
635.720867
635.781800
635.817500
636.299467
636.373067
636.589100
636.744133
636.789933
636.805733
636.839467
636.869433
636.931967
636.971800
637.028100
637.487067
637.614667
637.846767
637.885200
638.400667
638.980200
639.326167
639.377667
639.483900
639.832867
639.884033
639.892300
640.195167
640.199067
640.202500
640.206567
640.212700
640.215133
640.571967
640.696567
640.772567
640.906667
641.081567
641.097200
641.191167
641.300533
641.884000
642.363700
642.592600
642.721867
642.944267
642.951233
643.121800
643.123533
643.173600
643.749400
643.761000
643.970167
644.347067
644.621067
644.631033
644.662200
644.823167
645.797967
645.847567
646.011433
646.024333
646.219033
646.289233
647.569000
647.607333
647.970167
648.088567
648.518700
648.679600
649.128867
649.290500
649.409000
650.706967
650.789167
650.892267
651.043700
651.104033
651.659433
652.058033
652.124500
652.153067
652.958100
652.997267
653.064367
653.086733
653.102000
653.160400
653.198167
653.442933
653.712233
653.785867
653.836200
654.028833
654.944667
655.142433
655.557267
655.644700
656.349233
656.721300
657.022033
657.208667
657.278000
657.474433
657.977867
658.084100
658.088500
658.140500
658.249700
658.257033
658.266833
658.290200
658.312867
658.334433
658.337033
658.381933
658.734633
658.753200
659.030700
659.033500
659.105300
659.968867
659.995867
660.509600
660.647133
660.658233
660.770900
660.974933
661.402633
661.459333
661.480133
661.707433
661.900600
662.602367
662.699267
662.803900
662.888067
663.077800
663.171767
663.220133
663.331000
663.417700
663.599467
663.615767
663.663200
663.839800
664.496600
664.504100
664.751267
665.301300
665.485267
665.661667
665.745567
665.774833
665.830067
665.897200
665.974833
666.805467
666.810633
666.978167
666.998600
667.054633
667.105967
667.347667
667.473700
667.749633
667.885100
668.017433
668.030600
668.101900
668.227400
668.880700
668.920200
668.942567
669.164533
669.427600
669.610133
670.047167
670.588100
670.935067
671.528000
671.792067
673.711967
673.815500
673.842467
673.862933
673.895267
674.546967
674.564033
674.697633
674.702000
674.738133
675.150567
675.377067
675.378933
675.479567
675.571633
675.639633
676.375467
676.705000
676.812167
677.143067
677.177300
677.246567
677.371267
677.686333
677.700833
678.025367
678.111867
679.102100
679.139767
679.211200
679.216100
679.432933
679.469367
679.555200
679.748933
680.080933
680.128833
680.175767
680.211367
680.246367
680.331900
680.647267
680.657300
680.711133
681.157200
682.087100
682.130367
682.530867
682.793167
683.058733
683.082100
683.758033
683.994867
684.655600
684.906267
684.946800
684.954900
685.370867
685.779933
686.132067
686.376033
686.418167
686.443967
686.610733
686.673700
687.580667
687.726700
687.744567
687.838700
687.870167
687.957467
688.100067
688.231867
688.273000
688.454400
688.493167
688.599633
688.609500
688.742067
688.782467
688.933067
689.356600
690.276500
690.318333
690.389133
690.795567
691.015267
691.030133
691.069500
691.263300
692.333500
692.669600
692.696900
692.892333
692.902533
692.926367
692.972400
693.242133
693.284333
693.410933
693.599967
693.815467
693.931300
693.986600
694.034033
694.085733
694.145900
694.251733
694.774067
694.794900
694.798033
694.848867
694.905400
694.953933
695.020433
695.027967
695.116300
695.227967
695.236667
695.518767
695.831700
695.899833
696.980933
696.994600
697.138833
697.699600
697.983533
698.115033
699.577000
699.603500
699.757800
700.214967
700.241367
700.267000
700.354300
700.533467
700.858633
700.877833
701.130233
701.143667
701.242367
701.254867
701.339667
701.345567
701.526567
702.303700
702.379533
702.480533
702.545333
702.800633
702.994667
703.007533
703.051667
703.091000
703.144367
703.181300
703.186567
703.754967
703.878533
704.174633
704.354500
704.399667
704.435133
704.662067
704.732033
705.327333
705.691100
705.850067
706.727767
706.737300
706.811567
707.035400
707.286200
707.299567
707.346100
708.170267
708.755333
708.792067
708.860033
708.887333
708.913133
709.026433
709.040400
709.089300
709.289033
709.702100
709.731000
709.827500
709.931500
709.971233
709.978000
710.283033
710.915400
710.924300
710.935000
710.972000
711.025700
711.149500
711.231600
711.292167
711.296800
711.300067
711.304033
711.385767
711.453033
712.115767
712.117800
712.571267
712.622200
712.678400
713.261700
713.306933
713.359633
713.402467
713.764567
713.885000
714.067600
714.307533
714.585700
714.815833
714.832400
718.034433
718.617600
719.032000
719.131767
719.746233
719.906033
720.697467
720.924000
721.182233
721.201567
721.993700
722.091867
722.413633
724.552800
724.678133
725.206867
725.705133
725.850400
725.982800
726.043400
726.048233
726.186700
726.210033
726.273800
726.297133
726.374833
726.531567
726.559200
726.676300
727.353467
727.537767
727.547067
727.578167
727.664667
727.721767
727.802333
727.872467
727.996500
728.030500
728.056000
728.535967
729.252867
729.844467
729.932000
730.349933
730.430700
730.525933
730.661100
730.710700
730.742100
730.785200
730.825667
731.499767
731.893233
732.283500
732.478267
732.518633
733.869233
734.113467
734.213700
734.279600
734.292433
734.365233
734.419600
734.451033
734.778767
735.037267
735.219400
735.324467
735.540000
735.551233
735.621033
735.658733
735.712733
735.759667
736.595367
736.604867
736.698333
736.714800
736.754700
736.767133
736.773733
736.777200
736.811467
736.870533
737.009900
737.133067
737.224133
738.162700
738.881067
739.274567
739.494567
741.250867
741.354900
742.115700
742.282100
742.450833
743.159933
743.266733
744.067133
744.755533
744.761433
745.054333
745.094933
745.107400
745.193567
745.197133
745.429967
745.579100
745.887100
745.986900
746.160733
746.206467
746.988233
748.431967
748.482100
749.269833
749.296433
749.430433
749.515067
749.914533
750.240533
750.417167
751.321567
751.390633
751.491600
751.825333
751.830967
752.209900
752.438267
752.530600
753.062533
753.206033
753.267033
753.382000
753.477767
753.702200
753.776367
753.937067
754.230333
754.617800
754.750233
754.779500
755.109733
755.140100
755.262867
755.775500
755.893933
755.973300
756.293100
756.571400
756.710000
756.871700
757.304167
757.358200
757.537600
757.866567
758.191233
759.287967
759.342700
759.527067
759.551733
760.226300
761.569700
761.788800
761.812467
761.840000
761.869700
761.983233
762.337233
762.404333
762.514000
762.770300
763.709233
763.942633
764.145333
764.165333
764.357067
764.948133
764.986467
765.044433
765.046233
765.049400
765.179867
765.351600
765.367800
765.709433
766.199633
766.202767
766.450633
766.536033
766.579867
766.786233
766.880033
766.893667
768.018400
768.548300
768.593333
768.999833
769.072167
769.474833
770.281967
771.145767
771.488033
771.573367
772.091100
772.251967
773.139833
773.719133
773.720933
773.791000
773.890100
774.054600
774.282133
774.366267
774.411500
774.454100
774.482233
774.490633
775.326300
775.386167
775.428333
775.432500
775.461600
775.605433
776.076433
776.094900
776.277067
776.350900
776.391867
776.400500
776.508900
776.642167
776.645533
777.396467
777.515967
777.710833
777.778500
777.872833
778.250767
779.204500
779.212033
779.295367
779.345633
779.394500
779.407333
779.419600
779.446300
779.460033
779.488767
779.502033
779.518000
779.564867
779.826500
779.831967
779.927100
779.945600
780.114833
780.199800
780.283233
780.301567
780.495333
780.507000
781.020800
781.303700
781.659333
781.942100
782.011633
782.111233
782.550633
783.011667
783.099100
783.166500
783.362400
783.547167
783.965067
784.156600
784.232400
784.327900
785.238533
785.261100
785.295267
785.374400
785.460300
785.613367
785.625100
786.674567
786.958200
788.112800
788.177200
788.221567
788.227200
788.232000
788.251267
788.295267
788.306167
788.383233
789.459367
789.592533
789.617600
789.863400
791.670733
791.675967
791.714133
791.738033
791.862200
791.887700
791.938300
792.002400
792.021133
792.170833
792.186600
792.475333
792.740100
792.839667
792.958400
793.005700
793.049233
793.379333
793.397267
794.499033
794.681100
794.728033
794.764900
795.942933
796.045700
796.048700
796.076567
796.363333
796.998133
797.047400
797.135067
797.161533
797.571733
798.446700
798.647567
799.052100
799.720900
799.856133
800.020667
800.032233
800.270567
800.962033
800.994233
801.192300
801.297433
801.363300
801.867967
801.898767
802.042533
802.121833
802.955367
803.081200
803.122733
804.112667
804.251800
804.405667
804.539533
804.553533
804.979233
805.093733
805.234233
805.249333
805.599833
805.677367
805.780533
805.798533
805.853233
805.883067
805.934933
806.330300
806.355733
806.530667
806.552800
806.599333
806.811967
807.933700
808.322133
808.504967
808.566433
808.653900
809.784133
809.815167
809.824167
809.922333
809.945700
810.031500
810.172500
810.330200
810.375667
810.440700
810.555067
810.648733
810.704000
810.763467
811.703667
811.956000
811.960200
812.346000
812.379167
812.431967
812.730300
812.734967
812.773133
813.145467
813.207867
813.260367
813.899867
813.930700
813.973100
814.130800
814.172767
814.232400
814.346067
814.601267
814.740167
814.949367
815.085733
815.164767
815.342467
815.397667
816.093733
816.234600
817.315767
817.319467
817.509400
818.252333
818.849700
818.951967
818.980067
819.014833
819.221500
819.233067
819.387967
819.433000
819.788400
820.168900
820.242367
820.647033
820.704400
820.779133
820.857467
821.538167
821.541100
822.730633
822.760067
824.000367
824.158200
824.215900
824.266867
824.339567
824.372367
824.456633
824.466967
825.256100
825.307567
825.364400
825.441233
826.096333
826.114500
826.468767
826.896100
827.144500
827.452700
827.494167
827.546900
827.560567
827.566467
827.572133
827.621167
827.639667
827.695133
828.437067
828.458000
828.558800
828.990900
829.038700
829.346700
829.582767
829.796533
830.366567
830.530700
830.637133
831.383300
831.793133
831.828167
831.875033
832.011600
832.017000
832.306233
832.597133
832.716500
832.766500
832.840933
832.861767
832.908733
833.040400
833.062367
833.235067
833.683733
834.041700
834.511567
834.563700
834.968633
835.388900
835.397267
835.579733
835.587900
835.688567
835.797333
835.980567
836.201900
836.460900
836.624900
837.129633
837.235733
837.452033
837.622967
837.668133
837.780167
838.585400
838.609500
838.661067
838.791167
838.836767
838.977233
839.399367
839.437033
839.730167
839.738333
839.794833
839.893500
839.901967
840.570800
841.873567
843.166800
843.288700
843.473200
843.552067
843.833033
844.349967
844.732133
845.014633
845.443200
845.537833
845.760833
845.789667
846.053200
846.079867
846.227300
846.236733
846.368567
846.574867
846.700867
846.736133
846.951433
846.959267
847.166200
847.170933
847.209933
847.244067
847.397233
847.831200
847.866800
847.914200
848.580700
848.898333
849.172600
849.385767
849.416667
849.441033
849.472500
849.592167
849.992367
850.036667
850.356567
850.378367
850.490367
850.497133
850.625167
850.681133
850.846733
850.882667
850.893800
852.055633
852.928800
853.148600
853.343400
853.751800
854.268200
854.304600
854.322167
854.459533
854.596133
854.649033
854.809700
855.022067
855.113300
855.149233
855.157433
855.235100
855.267167
855.285767
855.376100
855.412833
855.459633
855.497500
855.874233
856.232100
856.254333
856.702033
856.717300
856.980433
857.002000
857.063633
857.117600
857.668067
858.097900
858.116867
858.345933
858.451667
859.223200
859.797100
860.891700
861.439767
861.526733
861.577800
861.655100
861.676267
861.709100
861.713200
862.465833
862.523567
862.700200
862.780167
862.810633
862.848667
862.866933
862.986767
863.232267
863.244267
863.272800
863.420667
863.588733
863.916400
864.138667
864.220800
864.235200
864.433567
865.205267
865.317300
865.408667
865.602900
865.826867
866.070100
867.083400
867.191400
867.199367
867.360000
867.601900
867.810433
868.336267
869.605400
869.883900
870.455267
870.528533
870.611100
870.750767
870.753633
870.781900
870.855333
870.983500
871.053633
871.102233
871.127667
871.160700
871.233800
871.470400
871.843933
872.012100
872.210667
872.216500
872.292933
872.514533
872.534367
872.558867
873.950733
873.989133
873.995533
874.022800
874.088500
874.486900
874.918233
875.048133
875.159767
875.473700
875.765967
875.799000
875.802000
875.806133
875.818633
875.835833
875.862367
875.874900
876.054767
876.622500
876.654467
876.728400
876.783800
876.787767
876.878900
876.884100
877.417533
877.555667
877.566367
877.635867
877.685200
877.687733
877.963200
878.145233
878.161233
878.458133
878.597733
878.632600
878.716367
878.750867
878.795800
879.722267
879.724300
879.942633
880.034267
880.073067
880.081600
880.148733
880.251400
880.353467
880.604767
881.015567
881.033567
881.586667
881.936000
881.938867
882.159267
882.358067
882.382267
883.013967
883.095367
883.269200
883.513067
883.771567
883.799667
883.816267
884.466167
884.471467
884.522333
884.901333
884.918000
884.988300
885.020100
885.648567
886.259233
887.403633
887.407433
887.422867
887.959133
888.082333
889.111700
889.403467
889.434667
889.963600
890.169067
890.182400
890.267667
890.407300
890.474733
890.707567
890.738367
890.790800
891.141733
891.151533
891.363967
891.944600
892.434167
892.518167
893.048500
893.482267
893.944700
894.183033
894.228500
894.544100
895.026233
895.468500
895.500600
895.513833
895.559167
895.712367
895.879300
895.906433
896.348433
896.365767
896.421333
896.504100
896.521067
896.650933
896.769500
896.860967
896.879767
897.677633
897.685433
897.761333
897.816000
897.845267
897.856567
897.911533
897.996633
898.292967
899.012833
899.511700
900.350867
901.164233
901.401533
901.970067
902.185633
902.331100
902.361300
902.438333
902.908533
903.071200
903.352167
903.454400
903.551300
903.593233
903.660367
903.682867
903.687067
903.694400
903.706300
903.708033
903.742133
903.833767
903.923300
903.987133
904.085267
904.160933
904.322833
904.373833
904.401600
904.938433
905.228833
905.313100
905.330833
905.393367
905.395567
906.211967
906.843933
907.044633
907.106233
907.128967
907.180133
907.297400
907.344267
907.368433
907.370033
907.383600
907.409867
907.463167
908.065667
908.494800
908.558400
909.690500
909.847767
910.352500
910.438733
910.828500
912.000033
912.083533
912.692700
915.045733
915.061367
915.228100
915.240400
915.580633
916.096967
916.777267
916.884733
917.130133
917.355800
917.703333
917.831067
918.029567
918.566500
918.600200
918.634400
918.831267
918.922367
919.124700
919.161000
919.179500
919.751467
919.960900
919.965200
920.010500
920.126600
920.249767
920.679100
920.746467
920.810233
921.532667
921.534833
921.572067
921.577500
921.588733
921.610333
922.249267
922.531933
922.703300
922.753133
922.762667
923.218700
923.473600
923.662867
923.828767
924.205233
924.240000
924.396900
924.530167
924.722367
924.920800
924.987700
925.490667
925.493367
925.666467
926.570300
926.678667
926.689967
926.894500
926.969567
926.983967
926.999833
927.003333
927.052100
927.094100
927.118800
927.123500
928.068300
928.424933
928.460900
928.594567
928.660200
928.716433
928.799633
928.896300
928.934933
929.038967
929.287167
929.385733
929.420367
929.525967
929.584700
929.799867
930.880133
930.882533
930.929433
931.231333
931.435567
932.107167
932.151167
932.298667
932.344500
932.443100
932.743900
932.758400
933.422700
933.487400
933.569233
935.671400
936.290867
936.624067
936.790300
936.837433
936.898367
937.290967
937.657600
937.799967
938.887700
938.952100
939.048867
939.165733
939.260100
939.349467
939.371267
939.585700
939.591633
939.733733
939.870333
940.077967
940.394733
940.786367
940.818833
940.876033
940.894300
940.904600
940.929967
941.013300
941.945100
942.014467
942.090267
942.201133
943.342467
943.490133
943.632800
943.666867
943.945200
944.200133
944.620700
944.650833
944.871633
945.356700
945.500367
946.099633
946.215733
946.405967
946.742267
946.797067
947.047667
947.099733
947.207367
947.213133
947.321467
948.142767
948.181400
948.391700
948.423333
948.462400
948.701267
948.770167
948.877100
948.952767
949.044533
949.167833
949.261833
949.305100
949.394633
949.467900
949.492267
949.565200
949.585967
949.597300
950.189700
950.358667
951.441333
951.484967
951.501400
951.699567
951.839900
952.050000
953.209633
953.220900
953.340933
953.565000
954.279767
954.452133
954.737633
954.739467
954.861133
954.896900
954.995667
955.091067
955.136533
955.169500
955.297800
955.306033
955.353200
955.361233
955.489333
956.049700
956.075433
956.118200
956.192633
956.310600
956.428067
957.670100
958.938400
959.000133
959.785833
959.823767
959.883367
960.065233
960.111400
960.144633
960.153500
960.189467
960.436700
960.914800
961.104700
961.264933
961.285867
962.024900
962.652833
962.774900
962.857000
963.261800
963.424533
964.349967
964.367400
964.549333
964.577767
964.705400
964.829267
966.055300
966.074767
966.145700
966.462800
966.473000
966.569800
966.586733
966.655067
966.946700
967.057533
967.580133
968.265067
968.377100
968.961033
969.071133
970.478500
970.679733
970.999967
971.006333
971.098800
971.110600
971.362400
971.445833
972.091400
972.144367
972.156400
972.360000
972.806300
972.941000
972.974633
973.023033
973.419233
973.511933
973.705833
973.743200
973.751300
973.757933
973.830033
973.859833
973.867533
975.592633
975.639333
975.718200
975.848567
976.029533
976.167467
976.178367
976.212033
976.239100
976.426400
977.690467
977.720733
978.555133
978.582033
978.656100
978.759700
979.114367
979.342733
979.704100
979.817267
980.091867
980.364600
980.708367
981.177500
981.597533
981.927967
982.049033
982.688867
982.710533
983.864600
983.973100
983.989267
984.236433
984.345267
984.442567
985.446167
985.618733
985.644700
985.687600
985.715633
985.852667
985.855600
985.991133
986.083767
986.164067
986.184333
986.243467
987.065733
987.845167
987.859300
988.040700
988.091167
988.253367
988.281000
988.341733
988.385533
988.436500
988.583133
988.705033
988.845500
989.012700
989.629600
989.770433
989.823467
989.884233
990.337367
990.569333
990.974467
991.145467
991.643633
991.866133
991.881900
991.917233
992.011400
992.047333
992.711333
992.871833
993.397800
993.400800
993.735067
993.845667
993.876167
994.085533
994.129667
994.413000
994.465867
995.124300
995.202700
995.370033
995.538600
995.568233
995.610267
996.095533
996.787667
996.804267
996.885200
997.109200
997.118533
997.214100
997.307600
997.345000
997.689100
998.909500
998.969967
999.200067
999.218500
999.552800
999.584067
999.835733
999.892567
999.929533
1000.105000
1000.211400
1000.255933
1000.355033
1000.517567
1000.527967
1000.552567
1000.589867
1001.059333
1001.248833
1001.251633
1001.714167
1002.088567
1002.090167
1002.097367
1002.194000
1002.320167
1002.548500
1002.706433
1002.799100
1002.910667
1002.943833
1003.143633
1004.371767
1004.521167
1004.589900
1005.211467
1005.470733
1005.503267
1005.565167
1005.998900
1006.264200
1006.402233
1007.767267
1007.779167
1007.804500
1008.005433
1008.978567
1009.028167
1009.047500
1009.057500
1009.324967
1009.413167
1009.727933
1009.908533
1010.008367
1010.874633
1011.508067
1011.510400
1011.548933
1011.632033
1011.649033
1012.206533
1012.254500
1012.338433
1012.563433
1013.034267
1013.089833
1013.237533
1013.406367
1013.627400
1013.862333
1014.191233
1014.194300
1014.370433
1014.403567
1015.088767
1015.621667
1015.717967
1015.918300
1016.155667
1016.298433
1016.453967
1016.528367
1016.548633
1017.102733
1017.195967
1017.385233
1017.453500
1017.517300
1017.554267
1018.256133
1018.296367
1018.310433
1018.332300
1018.417733
1018.439767
1019.181067
1019.769067
1019.816833
1019.920333
1019.970867
1020.038367
1020.099400
1020.158333
1020.952700
1020.981633
1021.113600
1021.623767
1021.784033
1021.879800
1022.088567
1022.107433
1022.125267
1022.130900
1022.221233
1022.296233
1022.305267
1022.840133
1023.691400
1023.924333
1024.220900
1024.314667
1024.505167
1025.746700
1025.827167
1027.434200
1027.488233
1027.607400
1027.697167
1027.732767
1027.989467
1027.991167
1028.140267
1028.238533
1028.972167
1029.194533
1029.546133
1030.235267
1030.763633
1032.128067
1033.589333
1033.603533
1034.267900
1034.789100
1035.393200
1037.147667
1037.342667
1037.844900
1037.873400
1037.911767
1038.092133
1038.187467
1038.203467
1038.670233
1038.735900
1038.766300
1039.005100
1039.536800
1039.811000
1039.883067
1039.971133
1039.985967
1040.434400
1040.807733
1040.854133
1040.874267
1040.898933
1042.588067
1042.860467
1043.109467
1043.131200
1043.269500
1043.375633
1043.404567
1043.412167
1043.474167
1044.195167
1044.382200
1044.394033
1044.399000
1044.448333
1044.568767
1046.194067
1046.243867
1046.390567
1046.564500
1046.644333
1046.798000
1046.844133
1046.897533
1046.929500
1046.956833
1047.081733
1047.988733
1048.015633
1048.030700
1048.037500
1048.128633
1048.573600
1048.914633
1049.272433
1049.975900
1049.986500
1050.103967
1050.406200
1051.267067
1051.624267
1052.131133
1052.132900
1052.324400
1052.601633
1053.166800
1053.202267
1053.220567
1053.271467
1053.762633
1054.456267
1054.807867
1054.856533
1054.859767
1054.873200
1054.922833
1054.934800
1054.988500
1055.300367
1055.336133
1055.425600
1055.444800
1055.476133
1055.724367
1055.744733
1055.794967
1056.065533
1056.324933
1056.929300
1058.287800
1058.379167
1058.805700
1058.834300
1059.080533
1059.439800
1059.470600
1059.483867
1059.494733
1059.496533
1059.727067
1060.485033
1060.865100
1061.356500
1061.566333
1061.578000
1061.605800
1061.684533
1061.690233
1061.952767
1061.987533
1062.019567
1062.355867
1062.452567
1062.782300
1062.784067
1062.966533
1063.303800
1063.597233
1063.614467
1063.763433
1063.838067
1063.845467
1063.856700
1064.009267
1064.012633
1064.036333
1064.142567
1064.315567
1064.388633
1064.665900
1067.129400
1067.165267
1067.632167
1067.737733
1067.777967
1067.805067
1067.843300
1067.909733
1067.968967
1068.017467
1068.702200
1068.775067
1068.993533
1069.696933
1070.076033
1070.303200
1070.767467
1070.779267
1070.797233
1070.896067
1071.075033
1071.383300
1072.318633
1073.170200
1073.227267
1073.301033
1073.321167
1073.348633
1073.352867
1073.396567
1073.400167
1073.477433
1073.657633
1073.908767
1073.942933
1076.598600
1076.638933
1076.665333
1076.815100
1076.869400
1076.884933
1077.166733
1077.229500
1077.314533
1077.380767
1077.508900
1079.153600
1079.670567
1079.982733
1080.110300
1080.778167
1081.312000
1081.472333
1081.890067
1082.334033
1082.428433
1082.691267
1082.696567
1083.766600
1084.166467
1084.253000
1084.268233
1084.536200
1085.373867
1085.394000
1085.555733
1085.631033
1085.800467
1085.863167
1085.896067
1085.984533
1086.058567
1086.115433
1086.124133
1086.560367
1086.728867
1086.827267
1086.832267
1086.878967
1086.902567
1086.910067
1086.917000
1086.938267
1086.971700
1086.979067
1086.988800
1087.008733
1087.035067
1087.101367
1087.126300
1087.975733
1088.265600
1088.459333
1088.687200
1088.689500
1088.702067
1088.752867
1088.767000
1088.794767
1088.878200
1088.900000
1089.957700
1090.283100
1090.303100
1090.454067
1090.481167
1090.496733
1090.528800
1090.595133
1090.759100
1090.788200
1090.819733
1091.503233
1092.081000
1092.336100
1092.562233
1092.839233
1092.842033
1093.238567
1093.317367
1093.761933
1093.837133
1093.869400
1094.121167
1094.125300
1094.139567
1094.981167
1095.450033
1095.538967
1095.545000
1095.678900
1095.688100
1095.812300
1096.098200
1096.197900
1096.328667
1096.355733
1097.788067
1097.810500
1097.836000
1097.987733
1098.235267
1098.351833
1098.656467
1098.804400
1098.867900
1098.893533
1098.903700
1099.324000
1099.351933
1099.640533
1099.707867
1099.898733
1100.036633
1100.192467
1100.222633
1100.506167
1100.674833
1100.713933
1100.716133
1100.794400
1101.504700
1101.566567
1101.632467
1101.658533
1101.717067
1102.395800
1102.608467
1102.668167
1102.729700
1103.107833
1103.577167
1103.579867
1103.681667
1104.910300
1105.233500
1105.605667
1106.606667
1106.684167
1106.859533
1107.665633
1107.897800
1107.995100
1109.095333
1109.158800
1109.180867
1109.503700
1109.652267
1110.047100
1110.320067
1110.419367
1110.564933
1110.656367
1110.892433
1110.976733
1111.377067
1111.404400
1111.489300
1111.495467
1111.644933
1112.135633
1112.810400
1112.868400
1114.162333
1114.226400
1115.401600
1115.557600
1115.616100
1115.670767
1115.699867
1115.767300
1115.835733
1115.848233
1115.891500
1115.957000
1115.963167
1115.981333
1115.992400
1116.159167
1116.650400
1117.732133
1117.856000
1117.883600
1117.886767
1118.100967
1118.110500
1118.112367
1118.265300
1118.864000
1118.920000
1119.035167
1119.131400
1119.145700
1119.328833
1119.639533
1119.844433
1120.543033
1120.557000
1120.747267
1120.753700
1121.448133
1121.671000
1122.165633
1122.299133
1122.407200
1122.831233
1123.086300
1123.282433
1123.821233
1123.875767
1123.888533
1123.892733
1124.007467
1124.012400
1125.174167
1125.176467
1125.259667
1125.925067
1126.003033
1126.182167
1126.761800
1127.058767
1128.085500
1128.151200
1129.118700
1129.414300
1129.439067
1129.636067
1129.640233
1129.649167
1129.717267
1130.211367
1130.361167
1130.758167
1130.800100
1130.890000
1130.951600
1131.027967
1131.080933
1131.115400
1131.267533
1131.430300
1131.531533
1131.623300
1131.631833
1131.657033
1131.689000
1132.641633
1132.730867
1133.164167
1133.186400
1133.240700
1133.326133
1133.759567
1133.767333
1133.996967
1134.042200
1134.060967
1134.321800
1134.402767
1134.421767
1134.610300
1134.693967
1134.919200
1135.084000
1135.205200
1135.347600
1135.917300
1136.027300
1136.051033
1136.217167
1136.780733
1136.861033
1137.005167
1137.199833
1137.532700
1137.561400
1137.567500
1137.578367
1137.609233
1137.660267
1137.715467
1137.999100
1138.469500
1138.642733
1138.865067
1138.936733
1138.993667
1139.008733
1139.107167
1139.123700
1139.133467
1139.615733
1139.648900
1139.662200
1139.699900
1140.309867
1140.369800
1140.415667
1140.438067
1140.442833
1140.493833
1140.579400
1141.338633
1141.387333
1141.406800
1141.415433
1141.427100
1141.488867
1141.544933
1142.045500
1142.157467
1142.405533
1142.956733
1143.044400
1143.192833
1143.254533
1143.287533
1143.304267
1143.337100
1143.358933
1143.416567
1143.504500
1143.882200
1143.904700
1144.062067
1144.812500
1144.827400
1145.156767
1145.195267
1145.278533
1145.308467
1145.621833
1145.664267
1145.767067
1146.038167
1146.290600
1146.447233
1147.216667
1148.301433
1148.384933
1148.485167
1149.226200
1149.234767
1149.522033
1149.543333
1149.545233
1149.655867
1149.721867
1149.761833
1149.865967
1150.460167
1150.901100
1150.974800
1151.096867
1151.552700
1151.844167
1151.938833
1152.021767
1152.524367
1152.913000
1153.409700
1153.598600
1153.831000
1153.849867
1153.852533
1155.447833
1155.541300
1155.585967
1155.625267
1155.726833
1155.795667
1156.056767
1156.100467
1156.711533
1156.776167
1156.853667
1156.871867
1156.968033
1157.227233
1157.292267
1158.098467
1158.104300
1158.183233
1158.286267
1158.452867
1158.983100
1159.024900
1160.053233
1160.496433
1161.028900
1161.385700
1161.546233
1161.609567
1161.683000
1161.729267
1162.848467
1163.246100
1163.278767
1163.517400
1164.082067
1164.149800
1164.158633
1164.448033
1164.684867
1164.729633
1164.813000
1164.873933
1164.942133
1165.066533
1165.299367
1165.940633
1166.792567
1166.904800
1167.116100
1167.120867
1167.152933
1167.195067
1167.686133
1167.813067
1167.913100
1168.369100
1168.389800
1168.445633
1168.515800
1168.564300
1168.731567
1168.896900
1169.822567
1169.939533
1169.986867
1169.991233
1170.003100
1170.077200
1170.130200
1170.200333
1170.533933
1170.721233
1170.773133
1171.018333
1171.188767
1172.095500
1172.240833
1172.421867
1172.614667
1172.966233
1173.037133
1173.910400
1173.919900
1174.262800
1174.678900
1174.713333
1174.733467
1174.794900
1174.901933
1175.084833
1175.256333
1176.114867
1176.773933
1176.945467
1176.982967
1176.998367
1177.154800
1177.255467
1177.283167
1177.674067
1178.406033
1179.051333
1179.864033
1180.141400
1180.503233
1180.529933
1180.567300
1180.569400
1180.621333
1180.635967
1180.717133
1180.737200
1180.795167
1180.908333
1180.913933
1180.915900
1180.968167
1181.030333
1181.043367
1181.500800
1181.854933
1182.240333
1183.046600
1183.487633
1183.511333
1183.623733
1183.726867
1183.737933
1183.920167
1184.850900
1184.937867
1185.164033
1185.177167
1185.220233
1185.325567
1185.778433
1185.780367
1186.092800
1186.146700
1186.164667
1186.343233
1186.473500
1186.519967
1186.583033
1186.744733
1187.094567
1187.404933
1187.417867
1187.454200
1187.726300
1188.009267
1188.727000
1189.164233
1189.397867
1190.408033
1191.064700
1191.171900
1191.326533
1191.413033
1191.458667
1191.465300
1191.476467
1191.493133
1191.504933
1191.598700
1192.089833
1192.234833
1192.637367
1192.743933
1192.836700
1193.099833
1194.021100
1194.029367
1194.106833
1194.114367
1194.131300
1194.187333
1194.459633
1194.485700
1194.935033
1195.622633
1195.979867
1196.024400
1196.544000
1196.977400
1197.327800
1197.903167
1198.063100
1198.093667
1198.401367
1198.482100
1198.529433
1198.655200
1199.133100
1200.321033
1200.323900
1200.334700
1200.403700
1200.432667
1200.435567
1200.564967
1201.328800
1201.366300
1202.170433
1202.221433
1202.276600
1202.358233
1202.601933
1202.606933
1202.856967
1203.239567
1203.539267
1203.762300
1204.621200
1205.055633
1205.133433
1206.292767
1206.345900
1206.721633
1206.823833
1207.148500
1207.181833
1207.224033
1207.262200
1207.781567
1208.361200
1208.423467
1208.490667
1208.914333
1209.286233
1209.609067
1209.775733
1209.777567
1210.700167
1211.167533
1211.171600
1214.341300
1214.773733
1214.814567
1215.011767
1215.128967
1215.175300
1215.209300
1215.212400
1215.232733
1215.350733
1216.130467
1216.192567
1216.235133
1216.266233
1216.294700
1216.297633
1216.325467
1216.382233
1216.397567
1216.419233
1216.442500
1216.509933
1216.613467
1216.628567
1217.049900
1217.220600
1217.433500
1217.490433
1217.700233
1217.716667
1218.181267
1218.337167
1218.350400
1218.429267
1218.466333
1218.474567
1218.538667
1218.580367
1218.603867
1219.115800
1219.463600
1219.518033
1219.529667
1221.011567
1221.141633
1221.388067
1221.418133
1221.562967
1221.845000
1222.133967
1222.762833
1223.438133
1223.719900
1223.881800
1223.979100
1224.278800
1224.370667
1224.628433
1225.324267
1225.717900
1225.845867
1225.883933
1225.902367
1226.147667
1226.419100
1226.486700
1226.538000
1226.582433
1226.757600
1227.643367
1227.894000
1228.260600
1228.268000
1228.321600
1228.325967
1228.390633
1228.467233
1228.532667
1229.121633
1229.136167
1229.418733
1229.953867
1230.218433
1230.241400
1230.244500
1230.365100
1230.890133
1231.103533
1231.139467
1232.166100
1232.356400
1232.428500
1232.673867
1232.800233
1232.847100
1232.850367
1232.855600
1232.944633
1232.977000
1233.031267
1233.093133
1233.871267
1233.945400
1234.011733
1234.158167
1234.736400
1235.155167
1235.161633
1235.208267
1235.396767
1235.555233
1235.602500
1235.634300
1235.926600
1236.192333
1236.203333
1236.451933
1236.912100
1237.064667
1237.274533
1237.620367
1238.123633
1238.438267
1240.811300
1240.937467
1241.018633
1241.155700
1241.303267
1241.365667
1242.565100
1242.589900
1242.660033
1242.719633
1242.754100
1243.422833
1243.472300
1243.508300
1243.663133
1243.711467
1243.995067
1244.183800
1244.407700
1244.985633
1245.082200
1245.254000
1245.409067
1246.262633
1246.397867
1246.560167
1246.659867
1246.674067
1246.750900
1246.756367
1246.989567
1247.154633
1247.259567
1247.284833
1247.492667
1249.027067
1249.338133
1249.354367
1249.403300
1249.677300
1250.704133
1251.078833
1251.172533
1251.177600
1251.189233
1251.309267
1251.328800
1251.332700
1251.393633
1251.958167
1252.099500
1252.160500
1253.421633
1253.445533
1253.490600
1253.598167
1253.635000
1254.726000
1254.773567
1254.946067
1254.960167
1255.328267
1255.612067
1255.677100
1255.739367
1256.005567
1256.118733
1256.121100
1256.151500
1256.304200
1257.149267
1257.166500
1257.248067
1257.286033
1257.317033
1257.383767
1257.411667
1257.421300
1257.445300
1258.281067
1258.824900
1259.876900
1260.385100
1260.949467
1261.568033
1262.528667
1263.349267
1263.525033
1264.109800
1264.150733
1264.359733
1267.727667
1270.193133
1270.993633
1271.539900
1271.966267
1272.178833
1272.300967
1272.482933
1272.571133
1272.589700
1272.886400
1272.991333
1273.000200
1273.003233
1273.039933
1273.143933
1274.065133
1274.169533
1274.210233
1274.806567
1274.862167
1275.035100
1275.137533
1275.169433
1275.337133
1275.428767
1275.685867
1275.809667
1275.873600
1276.007267
1276.026367
1276.529033
1276.934700
1277.001933
1277.079867
1277.106800
1277.233300
1277.766233
1277.886633
1278.036267
1278.053367
1278.069033
1278.259000
1279.610567
1279.796433
1279.859800
1279.899600
1279.978667
1280.010267
1280.151933
1280.184433
1280.226767
1280.305800
1280.308333
1280.324133
1280.745067
1280.898800
1280.962900
1281.152400
1282.071900
1282.664700
1282.875800
1282.971733
1283.055267
1283.083200
1283.132767
1283.137300
1283.189733
1283.220733
1283.346467
1283.383200
1283.471800
1284.229500
1284.297300
1284.738333
1285.223100
1286.025033
1286.231633
1286.852767
1286.951000
1287.142233
1287.211567
1287.255233
1287.298700
1287.331333
1287.734067
1287.773500
1287.815333
1288.208667
1288.227567
1288.315500
1288.537400
1288.706600
1288.880500
1289.468967
1289.603067
1289.738667
1290.252600
1290.284000
1290.427533
1290.929233
1291.985333
1292.062867
1292.225967
1292.708967
1293.250133
1293.266333
1293.382733
1293.935200
1294.036100
1294.214200
1294.310900
1295.448933
1295.703867
1295.769700
1295.848033
1295.911367
1296.332900
1296.456300
1297.081433
1297.157933
1297.310600
1297.515233
1298.375333
1298.406167
1298.768100
1299.064167
1299.108467
1299.239300
1299.862867
1300.556033
1300.620667
1300.625067
1300.774733
1300.824233
1300.844467
1300.876833
1300.934967
1300.941100
1301.021867
1301.180967
1301.265567
1301.283833
1301.307567
1301.330667
1301.497133
1301.666100
1301.983800
1303.074333
1303.129500
1304.327733
1304.577167
1304.592867
1304.607333
1304.658533
1304.703167
1304.957600
1305.243767
1305.250133
1305.328300
1305.356333
1305.414367
1306.024533
1306.151367
1306.155667
1306.165367
1306.170933
1306.254967
1306.376033
1306.491367
1306.561133
1306.643833
1306.902267
1306.990233
1307.391633
1307.632167
1307.719567
1308.220467
1308.612600
1308.799000
1308.874100
1309.703533
1309.729267
1309.779300
1309.826367
1309.835000
1309.873567
1310.079967
1310.676733
1310.717933
1310.812600
1310.960100
1311.206000
1311.227633
1311.278933
1311.462500
1311.540067
1311.885800
1311.977567
1312.344667
1312.438533
1312.471933
1313.116867
1313.247233
1313.465433
1313.642967
1313.854267
