2.260267
3.174767
4.523767
6.561867
6.625833
8.638533
8.728300
8.743667
8.759500
8.802933
8.823400
8.853200
8.880533
8.920300
12.415033
12.439300
12.497567
12.520833
12.552000
12.572167
12.588567
12.599667
12.612267
12.620833
12.652067
12.669500
12.672200
12.709433
12.731633
12.736533
12.752800
12.756833
12.776567
12.790633
12.811200
12.831900
12.856067
13.053300
13.415767
13.755200
13.787233
13.802500
13.821300
13.842633
13.894000
13.936967
13.958867
13.981500
13.995933
14.021733
14.049000
14.055300
14.071833
14.145900
14.546533
17.510467
24.304500
24.598233
24.696300
24.818367
24.861867
25.245633
25.408100
26.679833
26.738967
26.868400
28.232667
28.311667
28.345467
28.373400
28.412267
28.513600
28.652567
28.731467
28.749067
28.800033
28.812433
28.838467
28.855233
28.880367
28.896167
28.906000
28.944233
28.978000
29.092633
29.095000
29.134933
29.161333
29.281833
30.472100
30.491067
30.517900
30.548767
30.567167
30.588067
31.940233
32.091333
32.149167
32.206267
32.271000
32.293900
32.306067
32.385733
32.395800
32.429067
32.461333
32.517300
32.553933
32.605500
32.671000
32.711967
32.850633
34.362067
34.778400
34.808600
34.895467
35.515867
35.577667
35.611367
35.673600
35.697233
35.718933
35.796733
35.811267
35.843433
35.969233
36.594233
36.859433
37.143467
37.452000
37.730533
37.749833
37.835067
37.853267
37.896833
37.915133
37.938100
37.965700
37.983000
38.002767
38.023467
38.054967
38.091467
38.169467
38.182333
38.765700
38.790667
38.811200
38.850100
38.881400
38.937933
38.968500
39.022167
40.438533
40.741933
40.829633
41.234067
41.888133
42.401267
42.520133
42.545133
42.594767
42.633267
42.652133
42.797500
44.491700
45.783833
45.863900
45.960667
46.065267
46.878267
46.914433
46.943033
46.974900
46.999100
48.323133
49.655033
49.705567
50.408767
50.767967
50.829233
50.894800
50.987367
51.415533
51.456567
51.506900
51.543367
51.586300
51.666400
53.825100
53.846333
54.113133
54.214600
54.232033
54.248967
54.286267
55.110633
55.126967
55.158400
55.179233
55.217433
55.242900
55.260167
55.266867
55.293267
55.319133
55.345500
55.368767
55.375567
55.400500
55.434600
55.442633
55.459633
55.487533
55.492500
55.523500
55.556833
55.632267
55.652333
55.785433
56.359400
56.409433
56.439133
56.511800
56.642100
56.649367
56.661300
56.692467
56.757233
56.770833
56.791600
56.849267
56.879100
56.921933
56.930667
56.979533
57.008533
57.255333
57.880533
57.945067
57.994400
58.006967
58.026867
58.042800
58.066433
58.089533
58.098567
58.118367
58.137067
58.293633
58.728533
59.256100
59.456400
59.615433
59.781067
59.832967
59.885333
59.919733
59.974667
60.417667
63.989333
64.059333
64.097067
64.119600
64.121933
64.187800
64.461500
64.621067
66.447600
66.492100
66.533833
66.565367
66.608267
66.626133
66.677733
66.734233
66.762867
67.307233
67.389600
67.488333
67.503733
67.550600
67.582933
67.617033
67.639633
67.654367
67.677567
69.834167
69.954533
69.984933
70.078367
70.160067
70.196700
70.422133
70.470967
70.540767
70.563400
70.633333
71.604700
71.707567
72.060400
72.787867
72.900767
72.943267
74.017900
74.065533
74.601767
74.820867
76.585667
77.457267
77.491867
77.503133
77.568567
77.912100
78.049300
78.094567
78.210533
78.249733
78.353633
79.601733
79.675700
79.708167
79.768733
80.146600
82.482467
85.557700
85.610433
85.658400
85.667533
85.694833
85.769667
85.803067
86.217833
86.286567
86.331133
86.359033
86.402667
86.429600
86.483900
86.498867
86.547467
87.973767
88.006700
88.037000
88.157267
88.478233
88.587733
88.661833
88.728033
88.770567
88.842933
89.050400
89.127800
89.154867
89.244833
89.309800
89.334867
89.478767
89.501800
89.708767
90.634200
91.381967
91.567100
92.148833
92.596267
92.670667
92.841633
93.012267
93.176800
93.188567
93.262133
94.374867
95.459500
95.750667
96.180033
97.121867
97.163767
97.195067
97.358600
97.677967
98.549067
98.596700
98.643700
98.791333
98.885600
100.491667
102.709300
102.774800
102.809400
102.830267
102.939900
102.983033
103.007033
103.053200
103.374267
103.473133
103.591567
103.668733
103.682033
103.697033
103.724167
103.787967
103.951200
105.072833
105.131033
105.716967
105.772100
105.821500
105.890600
105.947167
106.022733
106.041133
106.063433
106.085167
106.102533
106.127767
106.170300
106.205233
106.238200
106.256233
106.414033
106.427067
106.604967
109.198567
109.313567
109.352800
109.375300
109.407567
109.449533
109.478033
109.488467
109.540900
109.563967
109.583000
109.588700
109.628500
109.632867
109.659967
109.675800
109.687767
109.712233
109.741167
109.767067
109.822567
109.853400
109.995167
110.275500
110.437933
110.444600
110.470000
110.707100
111.087567
111.386667
111.404200
111.442133
111.460167
111.503067
111.730667
111.777167
111.864033
113.295433
114.166800
114.688300
114.753067
114.865100
115.188900
117.359433
119.959933
120.765300
120.839033
120.876033
120.936133
120.977900
121.004000
121.062833
121.151167
122.844867
122.882900
123.137800
123.207533
123.224900
123.292433
123.399767
123.463267
123.486867
123.546067
123.569900
123.683733
123.900633
124.134267
125.291167
127.204267
127.245500
127.358233
127.395400
127.433967
127.459067
127.470500
127.521700
127.554000
127.613867
127.702467
127.757867
127.814533
127.863967
127.885300
127.892733
127.924300
127.938033
127.987500
127.994433
128.015633
128.084900
131.066067
131.170933
131.368367
131.804367
131.840300
132.184200
132.516533
132.534233
132.566033
132.636667
132.658133
132.695300
132.748667
132.782267
132.811633
132.822367
132.826233
132.854833
132.886767
132.910167
132.938100
132.960533
132.988833
133.000067
133.009500
133.038667
133.044433
133.067000
133.084000
133.113833
133.156700
133.220300
133.247767
133.265533
133.308500
134.216567
134.281200
134.355633
134.387533
134.402767
134.434633
134.466667
134.534767
134.553967
134.570700
134.578967
134.619800
134.634567
134.661133
134.715633
134.748667
135.334100
135.361533
135.518500
135.585233
135.645333
135.681633
135.740333
135.770000
135.828767
135.850567
135.897800
135.928433
135.983000
136.644933
137.471967
138.739800
138.816233
139.753167
139.871300
140.270467
140.300567
140.324233
140.361300
140.434800
141.122533
142.573600
142.628733
142.658067
142.683167
142.763467
142.848033
142.906500
142.936600
142.986867
143.049567
143.094267
143.134067
143.251233
143.399933
144.789600
144.862533
145.048867
146.152033
146.185533
146.217900
146.246533
146.291733
146.328233
146.405767
146.677200
146.828133
146.887767
146.934967
147.006267
147.039633
147.081000
147.118800
147.167533
147.187600
147.239600
147.257800
147.275367
147.287200
147.308000
147.339467
147.380000
147.392467
147.416033
147.475800
147.479967
147.532933
147.585167
148.124000
148.338767
150.727667
150.762000
151.215200
151.486000
151.559800
151.651267
151.780033
151.828100
151.869000
152.179900
152.507167
153.639667
154.067733
154.092767
154.737433
155.263100
155.376267
155.419067
155.552533
156.838167
156.942733
157.241433
157.289367
157.320133
157.348633
157.432200
157.445200
157.470767
157.490433
157.510833
157.993667
158.013133
158.040567
158.051967
158.064400
158.070300
158.115100
158.153167
158.167700
158.181533
158.205967
158.214967
158.232133
158.256233
158.282067
158.315533
158.330400
159.305633
159.391600
159.427267
159.462633
159.476133
159.510767
159.535400
159.573867
159.643600
159.720633
159.760900
159.800433
159.821233
159.869467
159.884033
159.965567
159.979633
160.034833
160.238367
160.294800
160.749533
160.939400
161.054267
161.081333
161.115600
161.131133
161.879267
161.940100
161.964833
162.530933
162.587333
162.604767
162.634900
162.678433
162.705967
162.767133
162.797900
162.819733
163.532433
163.956400
164.007833
167.758500
167.876900
167.978900
168.012633
168.074600
168.091833
168.148600
168.189400
168.216133
168.244267
168.280867
168.329167
169.523433
169.609333
169.808433
169.938433
171.470033
171.502833
171.718900
171.728500
171.764733
171.872800
171.908667
171.972100
172.917433
174.152167
175.095900
175.773033
175.920633
175.961067
176.473333
176.880700
180.749567
181.427200
182.678667
182.718933
182.780400
182.862467
182.971533
183.094033
183.482400
183.572867
183.617233
183.639267
183.664567
183.761600
183.826600
183.964800
184.390933
185.137700
185.477000
185.809333
186.535067
186.538000
187.490733
187.543133
187.574167
187.602700
188.824600
188.913367
189.020933
189.067167
189.154633
189.232400
189.261400
189.291433
189.302433
189.306467
189.409367
189.456200
189.520033
189.624233
189.647633
190.311833
190.383500
190.648200
190.863800
190.970467
191.867233
192.768833
192.908400
193.686600
193.820900
193.959633
194.002633
194.054500
194.068567
194.094700
194.132867
194.158800
194.176900
194.184367
194.212133
194.234800
194.288467
194.340133
194.418433
194.551867
196.785967
196.797967
196.864433
196.894467
196.927333
199.029167
199.070700
199.127000
199.150333
199.192800
199.377733
199.511000
199.562100
199.648000
199.689867
201.679567
201.854633
201.946200
201.988433
201.994733
202.129400
203.269267
203.443500
203.517600
203.549900
203.567200
203.597633
203.633300
203.644200
203.663333
203.681667
203.696700
203.717033
203.738400
203.756900
203.773433
203.813067
203.918033
205.002400
205.140067
205.699967
205.913967
205.980267
208.960433
209.298233
209.656900
209.677267
209.695933
209.716467
209.736433
209.761200
209.773867
209.789867
209.825133
209.876333
211.089967
211.211400
212.244333
212.296567
212.343167
212.375700
212.412033
212.418100
212.452533
212.478000
212.510800
212.714000
213.252067
213.304267
213.366267
213.454367
213.493867
213.574033
213.609700
213.631233
213.664500
213.678900
213.699133
213.727800
213.773900
213.818067
213.854067
213.885000
213.906900
213.938333
213.957433
213.978867
214.013267
214.039867
214.074433
214.095200
214.118833
214.152933
214.194300
215.835533
216.808467
216.837200
217.022067
217.056600
217.108900
217.191600
217.219100
217.233267
217.266933
217.300267
217.316500
217.347967
217.378900
217.410500
217.473433
217.530933
217.581733
217.662700
217.811933
217.813733
217.903167
217.994667
218.010300
218.166667
218.219467
218.249033
218.301833
218.907267
220.732867
220.840733
221.353167
221.456933
221.547167
221.612967
221.632233
221.681900
221.705700
221.720600
221.745867
221.755733
221.805500
221.836000
221.859367
221.880833
221.922067
221.975133
222.008500
222.133767
222.262167
222.330900
222.369133
222.381867
222.445067
222.512067
222.561867
222.579000
222.736267
222.806900
222.839167
223.632100
223.655067
223.725267
223.857200
223.881700
223.897233
223.924667
223.954667
223.995400
224.758933
224.862833
225.396233
225.460833
225.476567
225.498600
225.635733
225.720933
227.229967
228.006400
228.559867
230.072433
230.134200
230.915367
231.102500
232.864267
235.017700
235.216267
235.276267
235.330433
235.372933
235.390767
235.441567
235.481000
235.533100
235.887600
236.126467
236.277367
236.501733
237.011500
237.080600
237.150733
237.191600
237.269633
237.535400
239.053767
239.108867
239.149067
239.166700
239.214367
239.280400
239.423933
239.564633
239.607233
239.655833
239.666933
239.678367
239.731133
239.751467
239.783267
239.949067
240.075067
241.098200
241.354167
241.392767
241.421100
241.795000
242.675267
242.699033
242.739200
242.760967
242.790667
242.856967
242.896633
242.931200
243.182633
243.368767
243.429333
243.479767
243.506767
243.543233
243.577300
243.648800
243.665567
243.680600
243.697867
243.718100
243.753467
243.788333
243.812933
243.916200
243.961833
244.057033
244.837933
245.069767
245.550667
247.625500
248.182967
248.231500
248.266933
248.688800
248.779933
248.809900
248.831433
248.845500
248.892200
248.948433
248.995367
249.114767
249.158633
249.245867
249.272600
249.336400
249.368500
250.027033
250.077200
250.122267
250.144867
250.179733
250.215733
250.242367
250.252400
250.268100
250.299900
250.316967
250.331733
250.374733
250.394700
250.405867
250.436933
250.459767
250.474633
250.491900
250.509167
250.546500
250.597500
250.632200
250.696300
250.723367
250.773833
250.812500
251.329900
251.359300
251.370133
251.422267
251.523800
251.562133
251.611533
253.541533
253.596733
253.615967
253.667333
253.714267
253.770267
253.830333
254.415033
254.445900
254.471067
254.503300
254.560933
254.583733
254.632600
254.654233
254.710100
254.946567
255.068333
255.110067
255.124100
255.163700
255.268667
255.820100
255.862200
255.873800
255.901200
255.923600
255.962800
255.975633
256.049467
256.078400
256.122300
256.140767
256.268233
257.054267
257.706733
258.215900
258.712967
258.845633
259.002967
259.030933
259.124100
259.456533
259.572167
259.595600
259.614100
259.632300
259.663000
259.679200
259.690767
259.722700
259.740333
259.792767
259.858367
260.458467
260.520100
260.548300
260.567367
260.571467
260.601800
260.625733
260.634767
260.680533
260.700700
260.753633
260.765867
260.787500
260.804200
260.812067
260.824433
260.860967
260.895967
260.941133
260.956900
260.981000
260.998500
261.013967
261.112667
261.154633
261.191433
261.229333
261.273533
261.335567
261.380800
261.414200
261.449500
261.574033
261.616667
261.662333
261.681800
261.780933
261.845667
261.876500
261.910833
262.075000
262.414867
262.460933
262.546133
262.618467
262.636633
262.642367
262.688433
262.725767
262.762600
262.778433
262.815733
263.692633
264.916133
265.568467
265.653733
265.748767
265.772633
265.804767
265.856400
265.932733
267.523167
268.679500
268.929133
269.283600
269.691333
269.710200
269.945167
270.157700
270.252000
271.939567
272.049667
272.071267
272.122800
272.131033
272.167133
272.181700
272.206067
272.227567
272.287767
272.351067
272.442367
274.374667
274.722900
274.787067
274.847367
275.126667
275.676967
276.599267
277.454100
278.398600
278.420000
278.956000
279.128267
279.161300
279.200967
279.250700
279.269333
279.272400
279.347100
279.404567
279.416233
279.443967
279.725933
280.125900
280.342267
280.701400
280.906867
281.124900
281.325200
281.406067
281.437533
281.460600
281.491033
281.528900
281.886467
281.910233
281.937367
281.973567
282.033800
282.066667
282.140867
282.163133
282.184133
282.218400
282.232533
282.256400
282.265967
282.275933
282.319800
282.415133
282.646267
282.709300
282.791567
282.795000
282.831067
282.839633
282.862567
282.869867
282.890800
282.898833
282.941467
282.945333
282.965767
282.974033
282.983900
282.997233
283.071267
283.096233
283.146900
283.218733
283.242133
283.285033
283.306133
283.861167
283.869067
283.927667
283.965267
284.003833
284.053633
284.104533
284.146933
284.302933
284.488133
284.646767
284.823467
285.654233
286.365100
286.388533
286.488233
286.563900
286.873233
286.953300
287.067667
287.283867
287.311067
287.441767
287.498400
287.512467
287.550067
287.553400
287.592033
287.649500
287.671500
287.744067
287.897067
288.300700
288.352967
288.459967
290.554933
292.450800
292.497500
292.559500
292.578933
292.740133
292.797767
292.838400
292.866100
292.924967
292.968867
293.016900
293.063400
293.946667
295.258800
295.329333
295.390133
296.131833
296.192800
296.243133
296.266800
296.299100
296.342267
296.382133
296.790700
296.817500
296.858633
296.883033
296.911700
296.949133
296.955467
297.000367
297.023800
297.042033
297.058500
297.087900
297.121267
297.142700
297.162000
297.205600
297.259900
297.654200
297.714800
298.101833
298.256700
298.305967
301.404700
302.184367
302.248467
302.300033
302.959367
303.148833
303.312233
303.378400
303.428500
303.478000
303.636000
303.680367
303.697633
303.856833
304.297033
304.925933
305.293267
305.337367
305.393033
305.420467
305.464700
305.496700
305.540100
305.575200
305.603200
305.620267
306.039467
306.066467
306.094533
306.131833
306.205800
306.276067
306.387500
306.443800
306.519000
306.822933
306.935433
306.980133
307.133567
307.194833
307.250333
307.281533
307.386700
307.508600
307.524567
307.932500
308.070467
308.333767
308.557800
308.926100
311.383567
311.881733
311.973433
311.986633
312.013000
312.050700
312.073033
312.207633
312.269733
313.219700
314.879667
315.054233
316.454833
316.513367
316.623067
316.671700
316.787267
317.056200
317.239300
317.279833
317.299300
317.315233
317.327500
317.357667
317.382700
317.402267
317.448500
317.457433
317.494933
317.502867
317.543500
317.590367
317.648833
317.673400
319.736367
319.812567
319.857967
319.933367
319.943800
319.996333
320.095333
320.212167
320.665467
320.780333
320.808867
320.833533
320.854267
320.922833
320.941300
320.968300
320.976267
321.017067
321.047867
321.291833
322.129600
322.689233
322.941633
323.019467
323.049233
323.308833
323.442267
323.477900
323.548833
323.576433
323.611700
323.634133
323.647567
323.667333
323.687500
323.720233
323.725067
323.742733
323.751967
323.766300
323.789233
323.794233
323.823600
323.842333
323.888433
324.056467
324.127067
324.337433
324.598667
324.656133
324.730933
324.758767
324.779600
324.789300
324.804233
324.878533
324.891800
324.918967
324.950467
324.957833
324.960167
324.987867
325.011500
325.020767
325.035733
325.058200
325.069867
325.093500
325.108533
325.130200
325.168167
325.205333
325.233767
325.248867
325.286567
325.776000
326.752900
327.138567
328.167067
328.701067
328.780800
328.794400
328.869167
328.928567
329.068800
329.122467
329.155567
329.173333
329.203133
329.224467
329.268100
329.301033
329.382600
329.454067
329.738833
329.793733
329.824933
329.859233
329.873033
329.952333
330.029633
330.190600
330.648667
330.733533
332.877100
332.900200
332.935333
332.943567
332.948767
332.985833
333.013167
333.032367
333.055867
333.074933
333.089100
333.105833
333.162167
333.192500
333.218100
333.245300
333.420733
334.059700
334.124167
334.154067
334.195767
334.211367
334.249400
334.274133
334.295500
334.336300
334.358467
334.379600
334.385200
334.422167
334.461500
334.606300
335.235233
335.278467
335.491333
336.223300
336.503433
336.569467
336.621467
336.631700
336.653433
336.665700
336.681900
336.720233
336.761233
338.228133
339.487833
340.762000
340.904200
340.950400
341.259033
345.239433
345.509200
345.711567
345.878367
345.943367
345.962700
345.980367
346.082800
346.362000
346.386767
346.414300
346.440433
346.491233
346.515700
346.575500
346.637867
346.695700
346.745933
346.881467
346.917067
347.001567
347.279267
347.964800
348.327233
348.712233
348.809433
349.096933
349.500267
349.544800
349.553533
349.581633
349.616733
349.647467
349.665333
349.706633
349.717667
349.779000
349.803300
349.827000
349.839800
349.881000
349.911633
350.271133
350.349133
350.382133
350.463433
350.495000
350.511600
350.532467
350.536733
350.561200
350.584433
350.596933
350.622133
350.668500
350.698667
350.727667
350.752900
350.788000
350.801100
350.837933
350.878967
351.365367
351.411767
351.441567
351.453767
351.494133
351.517000
351.536133
351.551867
351.561967
351.573400
351.601900
351.610333
351.628500
351.644500
351.648567
351.675633
351.687433
351.728167
351.732567
351.735900
351.762100
351.788733
351.824333
351.843200
351.949833
352.505933
352.559500
352.704733
352.925000
353.063633
353.174133
353.230000
353.458300
353.761933
353.975433
354.258367
354.337600
354.436467
354.582067
355.233267
356.294567
357.039067
357.242067
357.272300
358.200667
358.309600
359.285000
359.305800
359.443100
360.988667
361.265933
361.329867
361.387367
361.475467
361.578767
361.672233
362.042400
362.468900
362.527267
362.573733
362.611267
362.779200
362.786067
362.788633
362.879367
362.906067
363.047633
363.297300
364.627367
364.770433
364.808233
364.871100
364.935000
365.038600
365.119267
365.304700
365.340767
365.603367
365.671100
365.856900
365.905667
365.983100
366.035567
366.068033
366.116167
366.214867
366.260333
366.335833
366.449333
366.521467
366.785133
366.905800
366.994567
367.048800
367.068000
369.129933
369.215133
369.249433
369.258433
369.284033
369.315200
369.351800
369.444100
369.506233
369.531300
369.583667
369.593267
369.638200
369.704700
369.741433
370.205633
371.167767
371.351167
371.982100
372.050833
372.085267
372.102267
372.232100
372.267600
372.297667
372.322967
372.356400
372.426967
372.491533
372.527033
372.549800
372.563833
372.574333
372.594800
372.618367
372.639867
372.642700
372.668867
372.682433
372.702933
372.708300
372.721433
372.736133
372.791667
372.808767
372.833900
372.840467
373.482533
373.525600
373.531933
373.584533
373.588033
373.592633
373.617200
373.646267
373.715433
373.778100
373.798300
373.819000
373.864033
373.926000
373.961133
374.459867
374.515233
374.552367
374.575167
374.643767
374.684333
374.724667
378.994667
379.084700
379.116333
379.175000
379.310300
379.339867
379.382933
379.392133
379.408167
379.438067
379.504300
379.522767
379.577167
379.587167
379.623767
379.688900
379.827733
379.964033
380.104300
380.470767
380.551500
381.449933
381.576000
381.622400
383.082367
383.156400
383.183767
383.200833
383.260100
383.289233
383.341367
383.399467
383.431367
383.489267
383.504967
383.528033
383.534900
383.577133
383.610733
383.641433
383.674600
383.711300
383.729300
383.760667
383.808633
383.843600
385.505100
385.613767
385.671300
385.706867
385.765633
385.773367
386.490733
386.575600
386.670100
386.741233
386.803600
387.081233
387.333033
387.382567
387.475700
387.686100
387.719333
387.732300
387.769067
387.788067
387.842500
387.875033
387.921533
387.939300
387.971633
388.089633
388.512667
388.562367
388.630233
388.865433
388.911867
388.991700
389.009067
389.037167
389.049267
389.062500
389.091533
389.136933
389.158400
389.225600
389.272100
389.299967
390.688067
391.741600
391.831833
391.863267
391.890967
391.915300
391.934467
391.964700
391.997267
392.017867
392.094833
392.171800
392.221967
392.264100
392.710033
392.743333
392.811800
392.919667
392.975467
393.036800
393.069533
393.370067
394.816567
394.953367
395.096600
395.184300
395.215767
395.257233
395.557000
395.581133
395.664900
395.681200
395.698133
395.728700
395.777567
395.809400
395.836133
395.862600
395.960267
395.997067
396.030700
396.681400
396.709400
396.727467
396.743433
396.765633
396.821200
396.851500
396.856067
396.872300
396.900933
396.961867
397.004467
397.297900
401.048133
402.265233
402.990233
403.015167
403.153633
403.210633
403.232400
403.250967
403.274333
403.329967
403.444967
403.498200
403.746100
404.068867
404.131967
404.458567
404.475133
404.495900
404.835800
404.866700
404.881867
404.938633
405.255467
405.295833
405.354233
405.913467
405.951567
406.367400
406.451800
406.529900
406.572867
406.603067
406.684900
406.833967
407.345033
407.409967
407.660300
408.288300
408.337867
409.053267
409.580800
409.612700
409.695433
409.703267
409.717700
409.742900
409.753867
409.783000
409.844600
409.860533
409.881167
409.894933
409.908067
409.926733
409.939767
409.968967
410.008133
410.488633
410.530167
410.536633
410.575633
410.611000
410.626200
410.644267
410.663900
410.699667
410.706333
410.717233
410.721133
410.744233
410.752567
410.767267
410.773533
410.789600
410.809167
410.843733
410.865600
410.923833
410.955867
410.976167
410.991200
411.044967
411.089367
411.544467
411.637133
411.737433
411.837800
412.318667
413.354767
413.430233
413.490333
413.563067
413.610233
413.672033
413.715767
413.763000
413.779133
413.782967
413.874867
413.926433
416.023267
416.113833
416.151867
416.193133
417.644033
417.747100
417.848300
419.357867
419.623600
424.049800
424.526267
424.589133
424.704133
424.726100
424.765200
424.785000
424.815867
424.827467
424.843967
424.869067
424.885500
424.959167
425.004833
425.021867
425.042800
425.082867
425.127100
425.270767
425.342433
425.447267
425.467367
425.505333
425.629100
425.768533
426.084867
426.184300
426.233300
426.646667
426.669833
426.701333
426.724433
426.860967
426.976400
427.508833
428.204833
428.287700
428.358967
428.388667
428.483567
428.510233
428.614300
429.718433
429.962667
430.120133
430.283533
430.351067
430.434700
430.477033
430.492967
430.511467
430.547100
430.565067
430.589833
430.625200
430.686500
430.732567
430.779100
430.800033
430.819267
430.844667
430.861367
430.865133
430.885833
430.896333
430.924067
430.958533
430.972067
430.993067
431.027000
431.086833
431.098100
431.703633
431.812067
432.279100
432.686333
432.814400
432.841333
433.007200
433.027333
433.070667
433.076167
433.181800
433.244867
433.293733
433.849067
433.885433
433.947833
434.034300
434.094167
434.109933
434.191033
434.266833
434.698567
435.376400
435.458333
435.742767
435.834967
435.899933
435.986200
436.010533
436.062300
436.095000
436.125500
436.135800
436.170800
436.188367
436.243600
436.266900
436.281000
436.297467
436.324200
436.346067
436.384500
436.449633
436.990033
437.151533
437.258700
437.318433
437.353800
437.388200
437.497433
437.554533
437.596500
437.638667
437.649733
437.677967
437.716800
437.794667
437.812733
437.928700
437.974833
438.444867
439.505300
439.551433
439.689267
439.732733
439.760700
439.791733
439.828767
439.850933
439.876767
439.894200
439.937800
439.952100
439.975000
440.018733
440.084733
440.207600
440.577600
440.707833
440.726100
440.765500
440.808433
440.871100
440.877000
440.911967
440.968400
441.591733
441.653100
441.723833
441.740233
441.784100
441.887700
441.920100
441.925400
441.937233
441.961733
442.001300
442.006500
442.042167
442.054767
442.104367
442.117800
442.147867
442.166167
442.206667
442.223300
442.249833
442.273633
442.345167
442.792800
442.852300
442.931667
442.945400
442.962767
442.979400
443.002333
443.010367
443.046500
443.064667
443.070267
443.093667
443.101667
443.116167
443.144733
443.163600
443.204000
443.219333
443.262767
443.288433
443.323067
443.406500
443.591567
444.054200
444.132900
444.176667
444.179767
444.201100
444.218100
444.266700
444.304267
444.335800
444.364633
444.383767
444.434633
444.442733
444.502733
444.532633
444.578200
444.644133
444.665067
444.677133
444.709567
444.734333
444.756767
444.790300
444.850133
444.874067
445.193200
445.231400
445.272333
445.305667
445.628567
445.889633
446.271933
446.297167
446.316433
446.454400
446.501967
446.520033
446.551300
446.665833
446.708667
447.464667
448.222900
449.535233
449.616600
449.714867
449.756267
449.941400
452.516667
452.565000
452.605867
452.632600
452.668333
452.682600
452.704133
452.742300
452.758300
452.970800
452.993233
453.011033
453.092200
453.164467
453.228767
453.689433
453.841467
453.899633
453.931600
453.988733
455.090233
455.116667
455.209200
455.307767
455.358500
455.513567
455.605033
455.688300
455.768567
456.561500
457.173667
457.260333
457.596367
457.722367
459.262267
461.191400
461.487533
461.558733
461.602100
461.654567
461.707000
461.771633
461.816000
461.871967
461.903167
461.956700
461.968867
461.993500
462.008033
462.063133
463.814000
463.844067
463.881767
465.707000
465.762833
465.847233
465.878233
465.896033
465.898833
466.092933
468.678400
468.916200
469.083400
469.498400
469.719233
469.765467
469.819233
469.838000
469.861700
470.464267
470.610333
470.703333
471.464467
471.573767
471.927300
472.008467
473.434433
473.450300
473.465033
473.542633
473.572567
473.610200
473.628767
473.650700
473.682267
473.724067
473.744200
473.819200
473.862967
473.885533
473.905767
473.956433
474.010967
474.315800
474.668200
474.907700
475.966633
476.320033
476.369733
476.450067
476.465100
476.467100
476.488867
476.524600
476.563033
476.573700
476.595000
476.611000
476.630667
476.671833
476.679800
476.701567
476.727467
476.756267
476.774600
476.804500
476.855933
477.412367
477.449833
477.521500
477.547100
477.641600
477.687633
477.702667
477.743033
477.785467
477.933100
477.998067
478.047333
478.119167
478.265000
479.898700
479.936333
479.942333
479.969467
479.977800
480.018967
480.059067
480.126700
480.155667
480.176300
480.202000
480.273100
480.306433
480.348067
480.371400
480.428500
480.483567
480.603733
480.640733
480.748867
480.765633
480.788767
480.819733
480.832867
480.849500
480.887667
480.931300
481.027100
481.072900
481.397500
481.442500
481.463233
481.526600
481.665800
481.757133
481.958167
482.063433
483.062133
483.113000
483.197933
485.780700
486.531067
486.594100
487.376533
490.331800
490.418567
490.448967
490.533800
490.636933
490.777333
490.804800
490.859500
490.935633
490.983033
491.021900
491.072000
491.127667
491.227400
492.989367
493.748800
493.801200
493.827467
493.842000
493.878433
493.938900
494.057033
494.185067
494.232033
494.384067
494.437867
494.482967
494.536767
494.557233
494.576800
494.608133
494.625167
494.651267
494.657400
494.706667
494.708900
494.727367
494.738867
494.789567
494.818433
494.837133
494.848467
494.860800
494.891633
495.175067
495.287767
495.649900
495.666967
495.690900
495.705667
495.729333
495.750300
495.782633
495.801667
495.812367
495.835133
495.878233
496.000367
496.280567
496.458633
496.536333
496.608567
498.849400
499.047500
499.098100
499.157800
499.541133
499.629767
499.658800
499.688033
499.738767
499.743333
499.773467
499.865200
499.918233
499.981567
500.094467
500.133067
500.628833
500.751467
501.061100
501.097800
501.136333
501.213567
501.609000
501.694133
501.993567
502.084767
505.050367
505.100867
505.153033
505.179867
505.195167
505.236533
505.274167
505.310733
505.421733
505.707033
505.741167
505.764300
505.836800
505.875833
505.911500
505.927200
505.955800
505.983200
506.019667
506.039233
506.062433
506.107367
506.171833
506.198333
506.201500
506.261200
506.327467
506.354433
506.392833
507.719600
507.999567
509.814567
510.632233
510.710467
510.774167
510.827967
510.852033
510.861933
510.899567
510.950333
511.163200
511.250567
511.304000
511.360000
511.407500
511.428333
511.463533
511.480033
511.507067
511.516400
511.561200
511.590367
511.645800
511.995367
512.162800
512.187400
512.249167
512.276067
512.301433
512.393767
512.461733
514.486000
516.161567
516.395467
516.669067
516.722167
517.087967
517.147167
517.179867
517.212967
517.242900
517.313567
517.677533
517.830233
518.363567
519.257500
519.274200
519.314267
519.453800
519.541900
519.614733
519.731500
519.817533
519.841033
519.850333
519.899967
519.933933
519.953433
519.997967
520.220733
520.536300
521.215200
521.277467
522.747167
522.839300
522.917667
522.969167
523.623833
523.659533
523.691600
523.721067
523.768333
523.811333
523.972300
524.218600
524.279100
524.372367
524.399500
524.441200
524.462633
524.485100
524.504233
524.562567
524.632000
525.183200
525.306300
525.368533
525.418500
525.423467
525.461267
525.467033
525.490467
525.518667
525.567367
525.581333
525.590600
525.621567
525.632500
525.650667
525.678833
525.744133
526.101367
526.202533
526.305167
526.471600
527.233367
527.495700
527.520200
527.542933
527.577000
527.623100
527.766067
529.699133
530.842567
530.978433
531.805967
532.980300
533.065133
533.095667
535.863067
535.937867
536.142867
536.253600
536.351900
536.413000
536.448600
536.472800
536.493967
536.540733
536.561933
536.576567
536.601333
536.607267
536.645667
536.679167
536.685767
536.703333
536.763967
536.841900
536.861233
536.876800
536.903033
536.909200
536.938200
536.949500
536.968033
536.987533
537.027567
537.058000
537.076267
537.116567
537.127567
537.194900
537.227567
537.271567
537.468800
539.151433
540.080467
540.725567
540.749900
540.814067
541.573900
543.525000
543.611367
543.707867
543.760867
545.665667
545.704867
545.756067
545.774433
545.833367
545.862833
545.896333
545.933167
545.964367
546.004867
546.088400
546.460567
546.475333
546.566867
546.636967
546.686200
549.257700
549.406333
549.452467
549.510233
549.556233
549.596000
550.190067
550.237500
550.278733
550.303867
550.323567
550.357333
550.373900
550.395300
550.453467
550.712767
551.118133
551.195433
552.556533
553.003600
553.048100
553.086200
553.918933
553.963600
553.980833
554.000700
554.003733
554.036900
554.164367
554.422867
554.653300
554.779267
554.798300
554.830033
554.856667
554.872767
554.893067
554.946800
554.962000
555.276733
555.376700
555.407500
555.482000
555.516433
555.565633
555.608667
555.634167
556.111967
556.146333
556.260033
559.216600
559.256433
559.293133
559.326600
559.394800
559.429200
559.452900
559.492367
559.537833
559.563167
559.630733
559.757333
559.875667
559.969000
560.025533
560.057667
560.213367
560.383633
560.441233
560.619267
560.621567
562.147167
562.172167
562.203867
562.215233
562.252033
564.074633
564.121933
564.131733
564.157133
564.206967
564.246967
564.273900
564.291300
564.336133
564.394700
564.527500
564.613233
568.219967
568.344200
568.402333
568.410800
568.417867
568.455533
568.475267
568.520900
568.542800
568.551067
568.583267
568.676433
568.709967
568.749767
568.848667
568.879133
568.912400
569.239867
569.396800
569.506067
569.553400
571.157400
571.752467
571.760833
571.812200
571.842767
571.861867
571.912133
571.969267
572.162667
572.863667
572.902767
572.952600
572.983967
573.003733
573.051700
573.069733
573.132133
573.164800
573.191333
573.243700
573.267433
573.311067
573.328867
573.338933
573.367633
573.396667
573.468667
573.508433
573.538267
573.574033
573.658967
574.600867
575.335633
575.864400
575.968467
576.080400
576.181067
576.209567
576.354567
576.443633
576.708867
576.783567
576.881367
576.969633
577.104567
577.155500
577.533600
577.572067
578.456200
579.261400
579.278767
579.345500
579.385900
579.435833
579.528600
579.550767
579.558000
579.607933
579.676467
579.710633
579.736800
579.760933
579.845967
579.860500
579.880100
579.907533
580.045300
580.066667
580.090333
580.586733
580.610667
580.774900
581.214867
581.336567
581.533467
582.038300
582.173233
582.507700
582.548000
582.621500
582.636467
582.742733
582.898667
583.020867
584.342100
584.421667
584.556633
585.226867
585.564367
585.779133
585.889333
585.992800
586.345333
586.523567
586.564567
587.898833
588.061067
588.324933
588.977033
589.946267
590.190733
590.290033
594.772467
595.184467
595.241100
595.322000
595.333433
595.381467
595.540933
595.896933
595.921733
595.942100
596.023867
596.518233
596.569700
596.626067
596.672733
596.759600
596.802933
597.678100
598.015200
598.055733
598.180367
598.940267
598.990300
599.026867
599.070833
599.097600
599.120233
599.147433
599.171300
599.175767
599.194133
599.247667
599.274500
599.307933
599.331267
599.346733
599.357400
599.375433
599.395967
599.401033
599.445567
599.478033
599.501433
599.541133
599.543533
599.587867
599.634133
600.060367
600.151867
600.569033
600.624900
600.737567
600.773800
600.812767
600.894533
600.927867
600.943567
601.001700
601.145133
601.251067
601.304200
601.332433
601.406767
601.713767
602.870567
602.980300
603.049233
604.146300
604.187767
604.227300
604.262600
604.318600
604.351800
604.411167
604.436900
604.462400
604.508100
604.622367
604.657300
604.700567
604.711933
604.754567
604.760733
604.791700
604.832167
604.848167
604.896400
604.902533
604.927767
604.948700
604.997967
605.010333
605.017267
605.052500
605.076400
605.123633
605.152133
605.255800
606.494333
607.795967
607.873167
607.973133
608.011633
608.034133
608.086167
608.119267
608.140367
608.179567
608.193233
608.232867
608.239167
608.264733
608.296400
608.358500
608.380667
608.405200
608.504900
609.430067
609.456967
609.476633
609.501533
609.540767
609.570767
609.611833
609.614667
609.678033
609.723333
609.773467
609.790633
609.855967
610.155533
610.206400
610.252500
610.390900
612.046267
612.184033
612.930333
612.956600
613.067600
613.148167
613.250067
613.927533
614.000467
614.052367
614.075700
614.121267
614.179933
614.195067
614.217600
614.239033
614.257167
614.282933
614.303867
614.331733
614.343800
614.371733
614.389600
614.413300
614.440567
614.448467
614.470867
614.489700
615.175833
615.208733
615.224467
615.260933
615.292867
615.330200
615.344233
615.352500
615.376733
615.379633
615.421800
615.436400
615.446100
615.508233
615.564933
615.577400
615.625467
615.679833
615.686933
615.720500
615.753467
615.792000
615.807233
615.860400
616.067600
616.224100
616.263267
616.321900
616.516633
616.871500
616.929867
616.985600
617.182900
617.245600
617.954600
618.754800
618.798367
618.857700
618.891700
618.922367
619.325200
619.426200
619.449467
619.476700
619.491033
619.538367
619.540967
619.581500
619.592667
619.611900
619.630733
619.690033
620.308233
620.372600
620.394633
620.414233
620.429367
620.444967
620.456200
620.460833
620.464633
620.481100
620.483633
620.518700
620.561567
620.603633
620.627400
620.631767
620.645400
620.657067
620.682033
620.692633
620.702033
620.731033
620.748000
621.280500
621.441900
621.979200
623.630200
624.419733
624.450967
624.601167
624.659133
624.767600
625.097300
626.296400
626.506800
626.982033
627.004967
627.019500
627.046767
627.061567
627.080567
627.102967
627.111500
627.128933
627.158533
627.187333
627.700600
627.733833
627.780833
627.810200
627.826267
627.847167
627.860733
627.876567
627.949967
627.959667
627.979200
627.988100
628.000367
628.025800
628.071267
628.075100
628.092833
628.101933
628.190867
628.489733
628.581067
628.661200
628.700300
628.763133
628.814933
628.819200
628.829800
628.843633
628.862733
628.876867
628.893100
628.903900
628.939700
628.949800
628.988800
628.992833
629.013733
629.026267
629.039233
629.042800
629.065400
629.093933
629.141500
629.178600
629.262900
629.497667
629.657367
629.759233
629.906867
630.052967
630.503367
630.652500
630.725000
630.806800
630.864467
630.919700
630.945233
630.979233
630.997567
631.081967
631.150333
631.172033
631.546100
631.680367
632.017133
632.430100
633.145633
633.333767
634.484733
634.568500
634.653767
635.120200
635.156900
635.596400
638.434200
638.542967
638.600633
638.636933
638.664500
638.678600
638.709667
639.181500
639.770700
643.029867
643.140167
643.163433
643.179467
643.278567
643.317900
643.604433
643.659533
643.678833
643.751033
643.779067
643.821600
643.857200
643.884467
643.906833
643.940567
644.001133
644.024167
644.026667
644.072167
644.093133
644.225433
648.080400
648.543700
648.621667
648.660967
648.662900
648.690333
648.947667
649.153833
650.188167
651.061567
651.197833
651.225067
651.268500
651.934233
652.019667
652.086333
652.107867
652.113533
652.149900
652.161833
652.223833
652.240133
652.294000
652.323267
652.336200
652.367400
652.386767
652.408000
652.999300
653.060700
653.108933
653.210367
653.236967
653.283667
653.324100
653.353667
653.458400
653.496600
653.509467
653.526933
653.550567
653.575133
653.609800
653.633467
653.640200
653.665000
653.679967
653.718233
653.740333
653.743333
653.757533
653.762133
653.773467
653.824967
653.841367
653.873700
653.888833
653.907967
653.915633
653.944467
653.980667
654.007900
654.028433
654.726800
654.866133
654.892800
654.908567
654.959200
654.989600
655.031000
655.052200
655.062867
655.081033
655.083033
655.104467
655.145267
655.216633
655.306433
655.377533
655.971800
656.249067
656.289600
656.316300
656.484667
656.510400
656.595900
658.262333
658.645867
659.064333
660.262033
660.350867
660.412533
660.516967
660.551967
660.575167
660.613733
660.648733
660.729333
660.749300
660.783433
660.825933
660.845700
660.907033
660.985667
661.204367
661.503367
663.607700
663.648267
664.446933
664.491800
664.544400
664.582733
664.632867
664.718733
664.746600
664.958033
667.231267
667.314067
667.974733
668.014133
668.033833
668.052433
668.108733
668.138833
668.157200
668.307033
668.865000
668.930167
668.946600
668.962300
668.974667
668.985667
669.013100
669.119633
669.203533
669.227367
669.278200
669.469633
670.613200
670.671833
670.707467
670.734033
670.849867
673.278633
673.482933
673.527867
673.557667
673.610533
673.631167
673.666033
673.709333
673.834967
673.879967
673.908000
673.962000
674.202533
674.397367
674.434933
674.462067
674.472467
674.521733
674.598000
674.620833
674.649500
674.697333
674.732400
674.776700
674.846167
676.311500
676.376367
677.096167
677.744700
677.769867
677.822467
677.866400
677.909133
677.981967
678.013567
678.039833
678.066200
678.153833
678.182633
678.628233
678.766233
678.828367
678.932433
679.040433
679.464067
680.058700
680.508600
681.682567
681.843133
681.910400
681.953867
681.968567
681.998133
682.729300
682.762067
682.797933
682.886300
682.915667
682.933900
683.098967
684.601700
684.641500
685.328333
685.750000
687.517367
688.305667
688.531400
688.557667
688.603400
688.627000
688.697967
688.736667
688.804267
688.842600
688.878167
688.896467
688.914300
688.960433
689.005700
689.044900
689.266367
689.295200
689.331200
689.355567
689.381867
689.515567
689.565633
689.614567
689.678400
689.738233
689.814700
689.858367
689.884867
689.908633
690.033367
690.360200
690.951567
691.009367
691.020700
692.753633
692.954700
693.094867
693.179533
693.195367
693.737467
693.790067
693.835800
693.862500
693.871267
693.903333
693.916400
693.956567
693.972233
693.978900
693.986667
694.022900
694.042767
694.077600
694.090733
694.096733
694.118633
694.140033
694.166300
694.793100
694.837533
694.869667
694.915333
694.931467
694.943933
694.972167
694.998333
695.024933
695.050767
695.058867
695.064633
695.134500
695.162467
695.179900
695.214133
695.260033
695.357667
695.684133
695.857167
695.970700
695.993767
696.080467
696.520000
696.700467
696.768500
700.074400
700.660500
700.688667
700.764367
701.083700
701.155167
701.673600
701.751633
702.019900
702.049100
702.084033
702.110233
702.138133
702.210100
702.252700
702.282900
702.309233
702.328833
702.412033
702.423267
702.444167
702.505300
702.556333
702.579567
702.603800
702.788967
705.143433
705.244133
705.680433
705.708633
705.733567
705.754667
705.795967
705.823967
705.859800
705.888567
705.958100
706.029767
706.092667
706.564467
706.613033
706.646433
706.673133
706.761833
706.792267
706.856167
706.867000
706.905433
706.929000
706.941767
707.014667
707.058967
707.098467
708.149167
708.250633
708.441700
708.507800
708.533433
708.593233
708.766700
709.232533
709.262967
709.312733
709.357867
709.431700
709.492700
709.835100
709.858033
709.910600
709.927067
709.954100
709.957433
710.000033
710.046733
710.064400
710.080600
710.104800
710.115467
710.171400
710.232333
710.849833
710.941167
710.973567
710.990933
711.054167
711.090500
711.145967
711.277033
711.294133
711.317067
711.333000
711.362833
711.379900
711.400633
711.413367
711.422500
711.434033
711.477467
711.501500
711.521133
711.535300
711.558800
711.596800
711.639600
711.713033
711.827567
712.057500
712.279600
712.391633
712.465800
712.526500
712.600933
712.654867
712.694800
712.826000
712.851233
712.869767
712.901667
712.939700
713.027300
713.173800
713.519400
713.548367
713.590667
713.768467
713.983433
714.741867
714.805833
716.006767
716.066967
716.170967
716.216733
716.257867
716.721933
716.822433
716.947833
717.021567
717.094733
717.098933
717.171333
717.543600
717.883700
717.965800
718.534933
718.828233
718.967433
719.035533
719.063733
719.110033
719.154667
719.532500
719.612733
719.696767
719.802767
719.895767
719.962733
720.006667
720.075833
720.113300
720.131033
720.173567
720.241600
720.298433
720.357700
721.059567
721.121833
721.318233
721.501033
721.608900
722.155067
722.231267
722.292600
722.337933
722.822833
723.136733
723.302500
723.360000
723.454267
723.482767
723.515033
723.665100
723.808733
724.006767
724.158667
724.508033
724.592833
724.673700
724.756133
724.916167
725.750200
726.201033
727.409433
727.445667
727.492900
727.522767
727.570967
727.586600
727.618367
727.673667
727.715333
727.732733
729.757600
730.768033
731.229100
731.289700
731.386333
731.433767
732.483967
732.516700
732.571833
732.644967
732.678900
733.856667
734.850067
734.994833
735.032833
735.055400
735.093400
735.107000
735.168667
735.183767
735.200367
735.288933
735.321933
735.355733
735.379400
735.385233
735.388400
735.483800
735.537433
735.592167
735.682500
735.767500
736.350100
736.606167
736.678967
736.775667
738.360267
739.716200
741.976567
742.243167
742.299100
742.402067
742.440200
742.538167
742.573967
742.612133
742.668333
742.746267
743.243400
743.291733
743.322933
743.349433
743.375033
743.403133
743.458933
743.617133
743.990567
744.048333
744.498167
745.924800
746.017300
746.087933
747.811900
748.050000
748.295433
748.364167
748.385400
748.411267
748.460933
748.507133
748.552000
748.569333
748.591233
748.674000
748.984867
749.010100
749.054433
749.091567
749.115700
749.145500
749.164900
749.173567
749.206100
749.245100
749.285400
749.340033
749.368600
749.402200
749.440700
749.483167
749.500700
749.568133
749.986167
750.022200
751.011867
751.200600
751.232333
751.260033
751.285233
751.420133
752.046933
752.097533
752.148933
752.160433
752.215767
752.254000
752.280100
752.294233
752.333133
752.350933
752.410533
752.432667
752.492333
752.574033
753.064333
753.161367
753.191600
753.208633
753.211067
753.247933
753.252167
753.298233
753.332333
753.336067
753.356433
753.364367
753.386900
753.394900
753.417733
753.429033
753.445233
753.459567
753.491867
753.547033
753.565233
753.594433
753.663867
753.697333
754.177467
754.236767
754.246667
754.369333
754.439067
754.814333
754.953367
755.376000
755.419033
755.439967
755.488833
755.632867
755.987900
756.145033
756.814133
756.903633
756.931567
757.154633
757.193033
757.240700
757.283967
757.314400
758.057467
758.219967
758.258767
758.301633
758.316033
758.400600
758.451333
759.201433
759.279933
759.306400
759.342767
759.355400
759.387200
759.419600
759.451600
759.467833
759.506600
759.572133
759.602533
759.640233
759.670233
759.692100
759.769200
759.795633
759.823433
759.833267
759.890200
759.906133
759.940533
759.974133
760.273167
762.175733
762.219533
762.899500
762.981067
763.017533
764.754167
764.949733
764.963900
764.982933
765.057367
765.655700
768.351867
768.527833
769.278600
769.336700
769.359300
769.395833
769.433100
769.462933
769.494600
769.742367
769.897667
769.945267
770.002133
770.039233
770.100967
770.176867
770.236800
770.274500
770.695700
772.091500
772.250033
772.320000
774.070367
774.115133
774.144067
774.179367
774.203333
774.248533
774.310533
774.327800
774.359467
774.376033
774.404500
774.409567
774.430567
774.455767
774.468500
774.484400
774.502100
774.523033
774.541533
774.609933
774.621867
774.645600
775.090767
775.095800
776.350133
776.471067
776.573767
776.644367
776.866100
779.080733
779.848900
779.920867
779.946467
779.965367
779.976867
779.990100
780.068867
780.139733
780.254867
780.453900
780.554600
780.564900
780.622667
780.644400
780.671367
780.728833
780.762400
780.800700
780.960867
781.018733
781.465133
781.956467
782.110567
782.155433
782.179200
782.229900
782.238400
782.265567
782.331667
783.220167
783.273300
783.336600
783.395900
783.996667
785.036067
785.066200
785.080700
785.133433
785.158633
785.171567
785.195967
785.216433
785.257200
785.277633
785.302800
785.340933
785.360767
785.367267
785.381100
785.402333
785.512933
785.562533
785.670667
785.899800
787.030300
787.538667
787.804100
787.913200
787.946067
788.116833
788.171333
788.237767
788.255700
788.307567
788.350500
788.365333
788.432967
788.463000
788.482233
788.529167
788.555800
788.591500
788.648867
788.851200
789.475600
789.577133
789.600433
790.958367
791.134067
791.273733
791.395333
791.462367
791.516200
791.657333
792.881767
792.932033
793.105833
793.202667
793.548200
793.748300
793.808000
794.280067
795.944333
797.100000
797.124667
797.152533
797.183433
797.197333
797.249167
797.252233
797.292933
797.316300
798.665700
798.863233
798.992833
800.706967
800.727367
800.786933
800.839100
800.889133
802.237400
802.647533
802.758033
804.702033
804.868667
804.941400
805.017500
805.529433
805.575400
805.633267
805.676333
805.712233
805.765933
805.782367
805.818300
805.833133
805.864767
805.876667
805.932100
806.777633
806.813100
806.849100
806.985467
807.091233
807.105367
807.136833
807.158300
807.184967
807.205767
807.231600
807.278433
807.386133
807.445000
807.490867
807.611267
808.094700
809.323233
809.644833
809.858800
810.974033
811.011500
811.119200
811.174400
811.215933
811.665700
811.722400
811.733233
811.779567
811.797667
811.808867
811.829867
811.865433
811.882833
811.922567
811.939267
811.951933
812.021033
812.082367
812.085233
812.178067
812.331100
812.378267
812.626167
812.667033
812.677633
812.897600
812.940633
812.997367
813.023833
813.035667
813.067433
813.143933
814.011567
815.038767
815.090400
817.316533
817.346067
817.382800
817.433867
817.464733
817.520400
817.585633
818.216200
818.260267
818.322133
818.430000
818.451667
818.490967
818.514467
818.527500
818.547100
818.616733
819.574500
819.625633
819.683500
819.783233
819.844367
819.883267
819.987067
820.048900
820.099333
820.149533
820.180033
820.213000
820.609533
820.817633
821.024400
821.049133
821.657367
821.709333
821.740033
821.778633
821.839767
821.948067
821.990867
822.002067
822.035467
822.058867
822.095433
822.116933
822.180367
822.317200
822.362300
822.367233
822.662667
822.693200
823.081600
823.590900
823.667467
823.750033
823.805500
823.936600
824.200933
824.451167
824.614867
824.673033
824.789933
824.840467
824.857333
824.906000
824.963433
825.003733
825.046733
825.486233
825.511133
825.516033
825.553533
825.588400
825.710267
826.465900
826.504733
826.544367
827.497067
829.360167
829.592200
829.862367
829.928100
829.962700
830.092100
830.209200
830.296600
830.446467
830.485467
830.522200
830.545367
830.555667
830.583233
830.613600
830.655267
830.700633
830.801467
830.853500
830.933833
831.341233
831.420033
831.468433
831.711567
831.765600
832.597600
832.954000
834.216267
834.399900
834.435233
834.487033
834.518433
834.553500
834.567733
834.592133
834.652733
834.669833
834.707867
834.749767
834.827333
834.851300
834.864333
834.901267
834.926800
834.951800
834.978000
835.009033
835.104733
835.145833
835.578667
836.554067
837.028067
837.104933
837.129900
837.224000
837.248900
837.262233
837.319900
837.392767
838.242433
838.281500
838.295867
838.333367
838.372133
838.490100
838.581200
838.603667
838.619933
838.634167
838.667267
839.326667
839.453067
839.560833
839.854367
839.943233
840.025767
840.064767
841.144700
841.573167
841.655833
842.400000
842.444667
843.891667
843.948600
844.023333
845.880967
845.918200
845.981800
846.130867
846.856100
846.877900
847.016333
847.044333
847.074900
847.115100
847.142967
847.153633
847.215100
847.250233
847.297467
847.324967
847.354967
847.359600
847.372033
847.406967
847.442033
848.407600
848.539767
848.630800
848.658133
848.691133
848.726067
848.760833
848.921800
848.964333
849.053767
849.180267
850.209400
850.272433
850.298667
850.834600
851.419533
851.489333
851.523100
851.563733
851.658333
851.701767
851.795200
852.298867
852.348600
852.381033
852.591133
852.682900
852.720300
852.758967
852.797067
852.875067
852.932367
853.141900
853.342067
853.961600
854.163567
854.190800
854.492400
854.495300
854.549767
854.732933
854.813300
855.003300
855.163967
855.273567
855.321733
855.344400
855.362400
855.390167
855.427867
855.463900
855.467533
855.471100
855.481500
855.491167
855.496200
855.508300
855.541700
855.558267
855.581367
855.601767
855.629333
856.262933
856.311100
856.364800
856.402967
856.431233
856.441900
856.452433
856.462833
856.488433
856.494633
856.508300
856.528867
856.562833
856.611800
856.628167
856.647200
856.671800
856.686033
856.704800
856.720133
856.762433
856.764533
856.784033
856.841800
856.860500
856.879533
856.905933
856.925767
857.030533
857.103567
857.255933
857.753033
857.778333
857.796300
857.831433
857.839700
857.858600
857.867833
857.879400
857.892333
857.931267
857.959400
857.974900
857.998100
858.022867
858.030800
858.052000
858.056533
858.074933
858.108067
858.116700
858.172800
858.192600
858.211800
858.258467
858.278967
858.310167
858.344467
858.364367
858.403767
858.415467
858.434633
858.472300
858.557433
859.787667
860.404400
861.347100
861.387333
861.414933
861.437500
861.448333
861.499367
861.531500
861.556367
861.573667
861.594867
861.605533
861.615267
861.633333
861.646867
861.711867
861.721900
861.754367
861.773033
861.787300
861.799000
861.802967
861.840833
861.889333
861.940200
861.978067
862.020133
862.537033
864.016167
864.148867
865.110467
867.105867
869.311533
870.041633
870.784333
870.862400
870.865900
870.943267
870.984667
871.033367
871.103433
871.146767
871.769100
871.781000
871.854733
871.960333
871.989000
872.044467
872.058833
872.138400
872.140633
873.083733
874.281833
875.500800
875.608500
875.636233
875.670567
875.741733
875.768000
875.802367
875.845867
875.865333
875.877033
875.915167
875.952000
875.999933
876.027333
876.107833
876.136100
876.189233
876.388033
876.573900
876.605333
876.681233
876.698633
876.707367
876.726333
876.749167
876.764133
876.783067
876.822333
876.902233
876.951733
876.988800
877.438200
877.478767
877.497333
877.503933
877.509800
877.531400
877.560900
877.565700
877.575933
877.662367
877.824367
878.085733
878.110667
878.153267
878.224933
878.271267
878.337767
878.403633
878.430667
878.460533
878.512600
878.546933
878.573733
878.692333
878.710000
878.799433
878.819000
878.875933
878.925933
878.953200
878.962400
879.194167
879.794467
879.998833
880.752167
880.803767
880.852533
880.874000
880.940167
880.998767
881.013333
881.130233
881.858800
881.979100
882.014167
882.061267
882.102700
882.134067
882.467667
882.813267
882.845967
882.885567
882.910500
882.957067
882.975167
883.000067
883.037767
883.051367
883.081633
883.110967
883.122767
883.216567
883.285167
883.317300
883.646300
883.726267
883.794200
883.884700
883.928500
884.023000
884.267467
884.835467
885.353033
885.392967
885.428100
885.527467
885.557533
885.572500
885.631867
885.683467
885.729567
885.813667
885.934800
885.954233
885.989500
886.011900
886.485200
889.205367
889.315567
889.341833
889.401867
889.422467
889.453367
889.785267
889.828067
889.894300
889.950300
890.053200
890.097267
890.152100
890.170833
890.185300
890.250600
890.937367
890.994933
891.283967
892.732833
892.759067
892.789967
892.816200
892.844933
892.939233
893.494400
893.524667
893.527833
893.548933
893.563467
893.624667
893.699000
893.732000
893.764900
893.785300
893.811133
893.884567
893.939467
894.011867
894.730167
894.977067
895.136000
895.462100
895.872133
896.372067
896.397500
896.452800
896.493533
896.582667
896.617400
896.621700
896.639700
896.669367
896.680933
896.687100
896.714867
896.722800
896.735033
896.742533
896.760133
896.781233
896.793300
896.811967
896.821833
896.826300
896.842400
896.890400
896.908900
896.926833
897.035133
897.514867
897.580400
897.612400
897.627200
897.674167
897.682700
897.708600
897.727600
897.733200
897.744567
897.747267
897.763900
897.779500
897.821033
897.839833
897.864633
897.938967
897.962800
897.984900
898.002533
898.021767
898.086433
898.112733
898.125367
898.169700
898.236833
898.275200
898.372600
898.431833
898.505100
898.611600
898.690100
898.734533
898.779567
898.819933
899.272133
899.304367
899.337700
899.358833
899.420567
899.447533
899.506967
899.543133
899.573467
899.655800
899.663267
900.027467
900.157767
900.335567
900.356667
900.360533
900.369300
900.403833
900.478667
900.653967
900.787267
900.799900
900.826967
900.873433
900.900300
902.287533
902.359800
902.368233
902.448000
903.294367
904.611367
905.072000
905.126900
905.149733
905.197333
905.217500
905.233633
905.261633
905.274833
905.287600
905.318033
905.329667
905.333167
905.414100
905.433333
905.440100
905.516133
905.534933
905.735967
905.814767
905.891767
905.974167
906.144733
906.245867
906.288400
906.297033
906.333000
906.374767
906.433167
906.543167
906.593200
906.899633
907.020200
907.022767
907.057767
907.087167
907.130000
907.168067
907.225000
907.311367
907.340600
907.356867
907.392100
907.440000
907.534467
907.582267
907.608000
907.631300
907.712700
907.718400
907.763533
907.835300
908.060200
908.267633
908.387567
908.431000
908.455100
908.495667
908.574633
908.603633
908.661767
908.732033
908.862267
908.929433
908.975633
909.027600
909.063933
909.119233
909.131500
909.164367
909.188300
909.207700
909.242800
909.279833
909.314267
909.355200
909.394400
909.454333
909.486533
909.545933
909.603667
909.665100
909.700367
909.873200
910.004067
910.064067
910.243833
910.612333
910.685600
910.796233
910.885733
911.032400
911.152367
911.223300
911.284667
911.355700
912.021067
912.257300
912.446033
914.457867
914.907200
915.041333
916.035933
917.697733
918.877867
918.936267
919.025167
919.069133
919.088433
919.113300
919.163333
919.273800
920.352167
920.542900
920.713400
920.766100
920.826767
920.877433
920.922633
921.548300
921.728600
921.974300
922.720900
922.732333
923.519667
923.591933
923.712233
923.892900
924.899333
924.971933
925.035967
925.543467
925.571167
925.573400
925.616233
925.680300
925.949667
926.406300
926.554100
926.594667
926.674233
926.738000
926.843200
928.345533
928.391000
929.355700
929.404400
929.440000
929.468167
929.482167
929.488067
929.512233
929.524867
929.546733
929.550633
929.567700
929.642800
929.753967
929.806300
929.832800
929.880533
929.929700
929.961833
930.009067
930.068700
930.421467
930.487833
930.612333
930.632700
930.693167
930.719467
930.733833
930.788833
930.817800
930.844633
930.882467
931.315833
931.869233
931.969267
932.041600
932.123633
932.254200
932.283133
932.358667
933.263933
933.287733
933.330267
933.359033
933.413933
933.490267
933.504600
933.521300
933.532333
933.591900
933.626467
933.639333
933.670500
933.737967
933.757333
933.797433
933.859700
933.912200
933.937300
933.998967
934.069733
935.920567
936.093833
936.237300
936.325300
936.416467
936.748267
936.868967
936.959167
936.991800
937.021467
937.136100
937.151500
937.285300
937.494233
937.550967
937.580267
937.613067
937.628400
937.663233
937.684767
937.714667
937.746700
937.775433
937.796533
937.813367
937.824100
937.850767
937.866200
937.901333
937.922833
937.942167
938.095633
938.235833
938.353433
938.545433
938.685933
938.836467
938.898167
938.995567
939.342467
939.535633
939.669633
939.693800
939.725100
939.774267
939.832667
939.871633
940.781733
940.833233
940.855700
940.890433
940.959667
941.052100
941.164833
941.717567
941.795300
942.321433
942.457233
942.540933
942.665967
943.265233
945.141200
945.226167
945.257967
945.309700
945.349100
946.134800
946.241000
946.283100
946.332300
946.391000
946.507967
946.596333
946.661933
947.003733
947.043267
947.062933
947.089433
947.109700
947.134100
947.151567
947.185200
947.227433
947.267833
947.321933
947.333500
947.370200
947.394467
947.421367
947.557167
949.461900
950.260200
950.323167
950.470500
950.494367
950.503933
950.555367
950.576467
950.639633
950.694100
950.755733
950.816567
950.956167
951.306833
951.337933
951.373900
951.398633
951.455167
951.470333
951.495200
951.547700
951.564500
951.568400
951.583167
951.603067
951.633433
951.680800
951.749033
951.771233
952.503800
952.675467
952.773600
952.796833
952.826767
953.013767
953.158067
953.281467
953.987033
955.283000
956.281867
957.387200
957.464367
957.522733
957.593267
957.645567
957.820867
958.584133
958.668100
958.682233
958.802400
958.822567
958.844600
958.861667
958.868300
959.105800
959.154867
959.214633
959.621233
959.668767
959.744000
959.754067
959.784800
959.829100
959.859367
959.913667
959.930633
959.981833
959.990767
960.047767
960.090367
960.124700
960.150433
960.161700
960.235100
960.321167
960.385933
961.148333
961.772133
961.819433
961.861700
961.893400
961.934533
962.073833
962.208900
962.289133
962.707167
963.344100
963.411967
963.492533
963.528733
963.572300
963.601867
963.652533
963.666867
963.706133
963.859600
963.878500
963.899333
963.936900
963.993900
964.018867
964.084333
964.110533
964.268100
964.344333
965.682633
967.021767
967.157633
967.234367
967.432167
967.532367
967.686233
967.733933
967.869700
967.955267
968.013633
968.117400
968.164067
968.232533
968.307867
968.319533
968.338867
968.415967
968.436900
968.501467
968.568067
968.885000
969.070600
969.171933
969.225867
969.301767
969.365267
969.856500
969.906167
970.650600
970.687633
970.808467
970.837333
970.870100
970.937433
971.606600
971.837600
971.911567
971.982967
972.001433
972.020867
972.053467
972.057700
972.062733
972.153667
972.200600
972.684233
972.780500
972.816300
972.881133
972.986700
973.045100
973.072900
973.094467
973.117600
973.253167
973.849500
975.124867
975.172633
976.254800
976.323233
976.391333
976.463467
976.527300
976.882500
976.956567
977.014733
977.175067
977.246700
977.328733
977.362433
979.366567
979.430033
979.754233
980.144167
981.213333
981.280733
981.320267
981.371500
981.401600
981.441167
981.477967
981.501033
981.520533
981.538900
981.565333
981.588467
981.610967
981.622833
981.642633
981.662867
981.674967
981.700200
981.726500
981.766467
981.800400
981.840767
981.869933
981.918500
981.945300
981.973367
982.030233
982.079667
982.155233
982.188933
982.690667
983.707133
983.839633
983.887133
983.944667
983.985567
984.026467
984.137667
985.526100
985.559100
985.608200
985.634867
985.676300
985.698500
985.726933
985.771167
985.781067
985.803667
985.849167
985.869400
985.888700
985.924967
985.941833
986.041467
986.058200
986.082567
986.114067
986.232167
988.546033
988.608733
988.671833
988.716333
988.824867
988.945367
989.376267
989.446233
989.490967
989.521000
989.535500
989.565133
989.599033
989.640767
989.704300
990.501833
990.607000
990.722933
990.813700
991.213900
992.593700
992.651867
992.686800
992.736533
992.746267
992.770100
992.777533
992.916200
993.990700
994.997500
995.087233
995.153700
996.343600
996.502733
996.568433
996.623333
996.650400
996.679800
996.767967
996.794167
996.835367
996.855000
996.858633
996.882667
996.911267
996.942367
997.022667
997.057967
997.098033
997.132733
997.180767
997.288400
997.311900
997.469767
998.827300
999.071033
999.127033
999.779800
999.837600
999.868133
1000.031933
1000.075800
1000.134100
1000.180733
1000.215167
1000.273900
1000.301267
1000.368900
1000.427433
1000.445467
1000.515033
1000.531133
1000.544333
1000.578167
1000.627367
1001.001200
1001.060533
1001.110533
1001.146933
1001.179767
1001.217600
1001.288700
1001.992167
1002.065433
1002.110600
1002.269633
1002.431100
1004.180300
1004.507000
1005.041900
1005.624900
1005.758367
1006.124467
1006.194433
1006.258700
1006.282433
1006.301933
1006.323467
1006.427167
1006.531500
1006.631467
1007.481467
1007.534200
1007.613267
1007.649733
1007.692433
1007.751700
1007.770167
1007.816767
1007.849000
1007.866833
1007.924100
1007.949933
1007.968400
1008.015767
1008.072033
1008.706467
1008.763100
1008.824267
1008.909500
1008.959733
1009.284433
1009.329033
1009.721600
1009.762033
1009.811800
1012.043167
1012.605267
1012.692300
1013.056300
1013.097800
1013.167867
1013.188300
1013.216467
1013.243333
1013.266467
1013.299400
1013.350533
1013.389033
1013.587967
1013.819800
1013.971867
1014.145033
1014.186900
1014.288067
1015.279433
1015.338733
1015.373533
1015.663400
1016.628667
1016.640967
1016.683100
1016.748600
1017.042567
1017.524033
1017.567367
1017.620767
1017.648133
1017.705067
1017.754400
1018.017433
1018.272067
1018.406967
1018.474000
1018.494833
1018.531433
1018.586000
1019.817067
1019.901167
1020.212900
1021.008000
1021.080033
1021.154167
1021.218667
1021.234167
1021.340000
1021.653800
1021.732400
1021.808333
1021.863300
1021.889367
1021.917667
1022.052400
1022.080233
1022.108667
1022.140033
1022.164233
1022.195367
1022.211700
1022.283067
1022.315267
1022.356967
1022.382300
1022.496600
1022.522033
1022.543600
1022.571800
1022.596800
1023.212733
1023.246467
1023.296200
1023.315967
1023.346500
1023.354400
1023.384867
1023.409633
1023.425367
1023.452967
1023.468067
1023.606767
1023.658000
1024.211367
1024.372367
1024.403567
1024.443967
1024.607033
1024.646767
1024.691600
1027.041167
1027.074500
1027.120033
1027.145833
1027.179833
1027.192600
1027.217800
1027.247267
1027.266967
1027.312200
1027.350800
1027.378400
1027.395000
1027.446933
1027.481800
1027.495033
1027.524900
1027.555467
1027.569533
1027.609933
1027.619900
1027.667900
1027.694367
1027.725100
1027.756900
1027.784900
1027.830167
1027.878733
1027.972667
1028.009500
1028.100333
1028.141267
1028.195267
1028.235800
1028.346167
1028.489067
1028.770333
1028.909367
1028.960833
1029.053933
1029.412600
1029.486367
1029.661167
1029.761600
1029.962200
1030.088333
1030.251267
1030.318967
1030.472467
1030.529833
1030.587733
1030.624333
1030.825467
1030.999500
1031.072333
1031.143133
1031.196467
1031.249800
1031.289300
1031.403233
1031.435200
1031.485000
1031.525600
1031.590100
1031.655267
1031.713967
1031.856800
1031.897100
1031.905067
1032.007367
1032.283067
1032.537900
1032.581667
1032.638767
1033.024900
1033.113767
1033.253967
1033.422467
1034.335000
1035.711567
1036.258500
1037.635600
1038.036167
1039.812133
1039.848000
1039.874967
1040.002000
1040.096533
1040.870733
1042.401400
1042.473833
1042.540233
1042.641467
1042.686167
1042.698700
1042.737700
1042.756433
1042.790233
1043.136300
1043.223233
1043.272733
1043.302633
1043.351867
1043.418233
1043.459167
1043.481167
1043.500567
1043.540100
1043.605733
1043.638167
1043.692733
1044.343633
1044.366633
1044.383967
1044.403433
1044.418967
1044.457533
1044.488467
1044.515967
1044.537233
1044.558267
1044.560933
1044.593033
1044.610500
1044.644067
1044.671333
1044.688067
1044.696133
1044.703033
1044.736667
1044.757200
1044.811100
1046.059633
1046.103300
1046.147633
1046.181167
1046.217700
1046.248167
1046.264867
1046.307700
1046.325900
1046.350767
1046.395733
1046.496267
1046.605100
1046.761833
1047.117967
1047.567267
1047.791567
1047.838233
1047.928467
1047.954833
1047.992367
1048.023400
1048.039433
1048.078833
1048.101500
1048.110967
1048.123667
1048.173667
1048.196667
1048.251200
1048.291467
1048.642500
1048.673800
1048.694767
1048.777100
1048.806433
1048.842067
1048.874433
1049.466033
1050.133767
1050.201400
1050.294433
1050.342533
1050.405567
1050.472900
1050.666933
1051.911000
1051.994067
1052.947300
1053.061133
1053.112900
1054.226533
1054.293967
1054.347633
1054.411367
1054.525933
1054.573933
1054.623700
1054.651600
1054.658300
1054.686367
1054.706367
1054.756567
1054.772533
1054.787700
1054.812233
1054.891767
1054.900600
1054.923867
1054.942800
1054.970933
1055.023167
1055.062667
1055.081333
1055.113667
1055.171033
1055.295233
1055.373333
1055.426433
1056.386533
1056.503167
1056.580967
1056.659800
1056.824767
1058.145067
1058.173800
1058.247600
1058.664867
1058.726433
1058.753733
1058.764100
1058.780000
1058.808100
1058.824900
1058.850667
1058.862800
1058.936200
1059.321700
1059.398167
1059.444533
1059.533867
1059.717200
1061.092433
1061.182767
1061.242000
1061.306033
1061.354500
1061.629167
1061.853367
1061.897033
1062.063033
1062.091500
1062.156967
1062.193233
1062.251533
1062.527433
1062.785300
1062.815733
1062.843900
1062.894867
1062.951267
1062.973900
1063.059067
1063.519500
1064.013233
1064.314800
1064.419367
1064.517767
1064.576233
1064.630133
1064.651533
1064.857467
1064.898433
1066.374833
1066.415833
1066.477633
1066.562967
1066.609833
1066.647933
1066.725433
1066.769933
1066.798600
1067.525433
1067.594933
1067.618600
1067.635067
1067.672033
1067.696367
1067.710400
1067.725433
1067.750633
1067.767167
1067.774300
1067.805733
1067.828567
1067.837967
1067.854300
1067.865800
1067.920300
1067.937967
1067.946967
1067.982167
1067.998933
1068.041733
1068.587467
1068.615700
1068.653533
1068.680833
1068.696700
1068.731000
1068.744233
1068.758033
1068.772600
1068.784733
1068.905900
1068.921133
1068.928200
1068.963667
1068.974800
1068.981833
1069.014033
1069.023833
1069.040433
1069.063333
1069.092600
1069.122867
1069.151533
1069.239767
1069.381933
1069.470467
1069.550667
1069.573767
1069.686700
1069.826700
1069.876600
1069.914900
1070.763100
1070.809833
1070.841800
1070.892733
1070.926200
1070.959367
1071.009900
1071.057233
1071.089300
1071.137733
1071.173333
1071.463000
1072.695700
1072.753367
1072.832667
1072.928200
1072.999367
1073.018267
1073.059200
1073.090967
1073.178167
1073.190367
1073.227100
1073.239733
1073.282900
1073.334300
1073.378767
1073.425000
1073.447300
1073.514467
1073.531700
1073.571600
1073.688233
1073.727300
1076.722933
1076.763633
1076.781600
1077.172167
1077.220900
1077.242200
1077.533933
1077.571900
1077.662233
1077.911167
1078.013367
1078.075367
1078.129167
1078.161700
1078.189400
1078.241833
1078.271100
1078.310367
1078.445133
1079.752667
1079.787700
1079.831233
1079.855400
1079.876400
1079.902867
1079.915267
1079.938533
1079.944433
1079.948900
1079.967567
1080.011600
1080.049100
1080.067733
1080.104633
1080.121033
1080.149800
1080.194400
1080.215667
1080.325067
1080.528133
1080.613767
1080.633933
1080.925300
1080.934633
1081.356167
1084.121833
1084.139167
1084.203367
1085.210400
1085.292133
1085.341300
1085.392667
1085.435667
1085.460033
1085.463400
1085.519033
1085.622667
1085.661400
1085.927567
1085.963433
1086.018167
1086.182567
1086.214933
1086.453400
1086.543200
1086.616667
1086.689567
1086.708300
1086.735133
1086.747400
1086.750533
1086.804700
1086.856333
1086.888900
1086.902867
1086.943533
1086.980333
1087.001333
1087.017667
1087.041200
1087.645600
1087.715600
1087.795867
1087.889300
1087.982700
1088.047200
1088.102733
1088.128700
1088.174700
1088.323967
1088.360233
1088.397933
1088.430200
1088.489367
1088.504000
1088.550433
1088.676467
1089.032633
1089.780967
1089.892433
1090.037167
1090.218067
1090.245867
1090.267433
1090.305800
1090.553067
1090.839733
1090.965533
1091.026900
1091.105067
1091.607633
1091.632833
1091.756467
1092.445067
1092.526767
1092.570600
1092.589100
1092.647800
1092.792633
1092.825933
1092.907333
1092.963467
1092.986967
1093.049133
1093.257900
1093.276533
1093.283800
1093.442000
1093.472233
1093.520400
1094.588167
1095.525667
1095.567900
1095.684933
1096.218433
1096.354900
1096.424000
1096.471433
1096.784033
1096.862333
1096.903967
1096.984300
1097.011467
1097.033967
1097.052767
1097.119367
1097.172667
1098.800333
1099.003867
1099.184267
1099.202000
1099.247300
1099.250967
1099.280533
1099.358633
1100.123000
1100.162067
1100.191067
1100.290067
1100.334000
1100.362367
1100.425433
1100.486133
1100.512133
1100.538900
1100.579667
1100.620067
1100.645567
1100.713233
1100.782600
1100.842267
1100.877767
1100.943467
1101.001333
1101.092033
1101.202467
1101.267233
1101.466100
1101.615133
1101.642433
1101.678800
1101.718767
1101.898833
1103.012300
1103.273067
1103.480267
1103.628733
1103.657300
1103.689867
1103.818833
1103.867967
1105.115933
1105.120867
1105.154900
1105.173167
1105.226100
1105.250133
1105.276067
1105.315500
1105.396100
1105.546900
1105.684367
1106.241300
1106.666767
1106.709533
1106.913200
1106.966833
1107.132933
1107.432867
1107.535267
1107.599400
1107.632567
1107.705833
1107.708300
1107.734533
1107.747533
1107.752267
1107.778567
1107.789000
1107.794067
1107.851100
1107.868933
1107.892400
1107.896533
1107.929167
1107.956867
1107.976300
1108.031633
1108.047200
1108.071800
1108.086533
1108.130467
1108.157800
1108.184367
1108.187500
1108.234500
1108.297967
1108.356533
1108.888700
1108.939200
1108.976167
1109.008900
1109.014700
1109.040067
1109.062067
1109.095333
1109.100733
1109.112367
1109.125600
1109.149867
1109.154200
1109.179600
1109.210333
1109.227700
1109.247733
1109.267000
1109.282733
1109.299067
1109.321533
1109.349600
1109.382267
1109.400467
1109.423033
1109.448400
1109.463900
1109.482633
1109.519700
1109.549633
1109.588567
1109.619967
1109.717833
1109.888367
1109.999733
1110.421233
1111.457733
1111.592933
1111.718233
1111.784500
1112.990833
1113.023233
1113.070033
1113.154667
1113.235233
1113.310800
1113.440367
1113.486633
1113.570733
1113.578633
1113.635533
1113.659600
1113.687400
1113.736833
1113.775767
1113.853267
1113.891733
1113.955333
1113.992233
1114.073033
1115.188300
1115.334733
1115.382433
1115.397100
1115.917833
1116.001667
1116.037233
1116.369667
1116.748567
1116.897467
1117.620233
1117.707633
1118.909800
1118.985033
1119.965233
1120.517267
1120.535433
1120.570400
1120.589333
1120.605667
1120.629533
1120.661167
1120.689200
1120.710700
1120.719600
1120.762333
1120.774867
1120.802533
1120.826267
1120.839867
1120.848333
1120.875900
1120.890767
1120.909133
1120.939600
1120.987500
1121.044000
1121.112033
1121.176267
1121.220833
1121.407900
1121.512867
1121.622433
1121.671267
1121.843133
1121.898833
1121.964900
1122.109067
1122.175867
1122.188133
1122.585467
1123.077333
1123.486967
1123.588933
1123.636967
1123.697567
1123.709267
1123.743467
1123.770400
1123.778667
1123.804233
1123.820500
1123.861767
1123.880033
1123.916433
1124.051933
1124.121533
1124.370333
1124.404667
1125.109367
1125.211900
1125.777233
1125.987833
1126.074400
1126.112433
1126.464133
1126.828833
1127.505200
1127.587933
1127.721367
1127.836300
1127.883900
1127.925967
1127.957800
1127.978500
1128.007633
1128.036300
1128.062733
1128.087867
1128.125867
1128.142833
1128.190100
1128.210200
1128.249267
1128.294133
1128.334333
1128.368867
1128.431733
1128.714433
1128.969867
1129.140167
1129.370900
1129.573933
1129.669567
1129.713333
1130.409967
1130.488033
1130.730733
1130.821067
1130.840367
1130.944867
1130.982733
1131.657067
1131.721900
1131.785967
1131.821800
1131.855567
1131.903533
1131.925433
1131.975067
1132.058133
1132.089167
1132.317433
1132.343367
1132.419467
1132.451967
1132.465133
1132.498600
1132.574733
1132.670767
1132.793000
1132.829933
1134.265000
1134.380700
1134.796900
1136.014633
1136.045833
1136.071700
1136.106967
1136.189167
1136.217867
1136.267733
1136.329800
1136.377133
1136.488500
1136.573500
1136.728833
1136.894767
1138.330867
1138.393600
1138.433200
1138.982433
1139.011967
1139.105433
1139.136200
1139.212033
1139.628800
1139.717767
1139.733867
1139.747900
1139.762467
1139.814133
1139.850100
1140.252767
1140.299933
1140.320700
1140.341167
1140.357067
1140.382100
1140.396000
1140.439000
1140.458400
1140.483000
1140.542367
1140.582500
1140.596933
1140.606733
1140.711967
1140.779367
1141.011733
1141.060867
1141.258800
1141.314433
1141.336433
1141.363233
1141.409600
1141.440967
1141.463167
1141.500900
1141.515867
1141.551700
1141.675633
1141.749867
1141.865600
1142.187200
1142.316533
1142.456733
1145.254100
1145.280700
1145.326200
1145.413267
1146.110767
1146.139767
1146.180167
1146.209200
1146.241767
1146.264067
1146.268533
1146.328733
1146.361200
1146.662167
1147.009800
1147.060567
1147.079900
1147.163867
1147.198500
1147.241000
1147.313400
1147.354367
1147.451133
1147.968533
1148.206500
1148.364800
1149.381233
1149.451133
1149.550167
1149.625967
1149.690167
1149.731667
1149.786833
1149.825767
1150.966800
1151.019500
1151.094400
1151.128467
1151.157167
1151.194167
1151.224933
1151.255167
1151.315767
1151.369233
1151.397633
1151.447467
1151.524800
1151.582900
1151.595533
1151.622000
1151.678533
1151.691600
1151.710400
1151.732800
1151.772300
1151.786867
1151.810533
1151.843300
1151.869833
1151.903300
1151.928067
1151.943500
1151.970900
1152.006233
1152.064033
1152.308600
1152.537800
1152.711033
1152.744400
1152.772733
1152.783567
1152.808600
1152.835800
1152.859867
1152.873133
1152.899500
1152.909600
1152.969433
1152.977733
1153.020400
1153.047067
1155.902000
1155.962333
1155.987733
1156.000033
1156.002433
1156.059067
1156.110900
1156.175367
1156.253900
1156.656967
1156.667967
1156.750667
1156.771033
1156.925567
1156.941967
1156.985100
1156.997067
1157.024500
1157.061367
1157.077767
1157.135567
1157.150067
1157.159033
1157.212333
1157.301967
1157.333167
1157.339633
1157.372967
1157.895833
1157.952000
1158.021167
1158.096167
1158.138033
1158.171367
1158.743367
1159.070633
1159.168867
1159.463000
1159.547033
1159.743167
1160.047867
1161.035400
1161.109200
1161.264167
1161.316500
1161.348067
1161.424800
1161.463767
1161.498700
1161.531367
1161.558500
1161.578567
1161.608367
1161.664900
1161.688767
1161.715267
1161.738567
1161.771000
1161.914767
1161.950900
1161.963867
1162.006900
1162.033067
1162.181533
1162.222133
1162.249767
1162.259567
1162.290367
1162.549833
1162.595967
1162.694500
1162.814433
1162.871600
1163.184567
1163.212400
1163.231533
1163.967900
1163.994733
1164.086133
1164.177667
1164.225767
1164.310200
1165.042033
1165.080033
1165.100767
1165.170167
1165.205733
1165.272300
1165.307700
1165.351067
1165.522533
1165.568433
1165.619467
1165.770000
1165.809967
1165.846800
1165.883533
1165.933733
1165.971867
1166.009967
1166.029400
1166.061433
1166.083867
1166.110800
1166.490367
1166.838367
1167.834233
1167.936967
1168.005267
1168.401800
1168.472667
1168.513233
1168.582333
1168.634900
1168.667533
1168.758433
1169.508433
1170.734433
1170.811933
1170.974733
1172.449733
1172.512467
1172.583767
1172.640467
1172.705267
1172.721633
1172.778400
1172.793800
1172.842600
1172.872367
1172.889233
1172.900033
1172.958267
1172.976633
1173.002433
1173.030567
1173.048733
1173.058133
1173.086000
1173.101600
1173.128600
1173.138467
1173.163833
1173.209800
1173.236967
1173.253100
1173.276367
1173.300733
1173.322733
1173.372433
1173.392533
1173.426400
1173.443467
1173.569700
1173.585133
1173.599467
1173.642733
1173.723300
1173.793267
1174.486267
1174.623433
1174.778033
1175.056333
1176.668800
1176.795100
1177.046733
1177.187133
1177.650600
1177.666033
1177.716233
1177.742167
1177.751267
1177.756533
1177.786967
1177.807467
1177.835733
1177.849500
1177.867700
1177.887667
1177.909267
1177.935400
1177.974133
1177.993600
1178.455467
1178.519300
1178.597500
1178.768033
1178.795900
1178.871433
1178.897200
1178.911867
1178.926100
1178.944900
1178.996967
1179.062500
1179.099100
1179.453900
1179.552033
1179.667667
1180.299167
1180.903600
1181.400300
1181.573800
1182.884600
1182.964833
1183.060733
1183.096000
1183.180733
1183.219100
1183.263700
1183.291600
1183.329033
1183.376967
1183.409400
1183.461433
1183.498233
1183.527200
1183.532167
1183.580400
1183.604400
1183.619633
1183.665900
1183.689233
1183.712033
1183.722567
1183.750933
1183.771267
1183.794600
1183.840533
1183.847400
1183.894467
1183.940000
1184.075167
1184.106833
1184.626067
1184.959767
1185.036467
1185.107967
1185.184933
1185.231367
1185.301633
1185.337133
1185.367800
1185.657200
1185.712667
1185.839200
1186.329767
1187.231867
1187.361867
1188.830600
1188.914867
1189.122833
1189.503767
1189.543633
1190.850367
1191.548133
1191.659267
1191.969733
1192.026500
1192.071567
1192.147533
1192.206200
1192.248333
1192.320600
1192.341367
1192.368367
1192.376533
1192.412200
1192.452100
1192.457600
1192.462500
1192.505800
1192.526067
1192.541300
1192.650033
1192.681733
1193.779367
1193.839867
1193.881100
1193.923833
1194.028033
1194.066400
1194.297433
1194.409667
1194.448400
1194.778000
1194.819867
1194.849433
1194.873967
1194.892733
1194.919800
1194.956733
1194.972300
1194.994667
1195.022167
1195.046800
1195.070433
1195.078867
1195.091733
1195.127267
1195.132467
1195.199000
1195.217933
1195.258933
1195.298200
1195.437433
1195.489600
1195.675700
1195.748133
1195.805133
1195.835167
1195.879300
1196.054033
1196.086933
1196.126233
1196.254267
1196.312633
1196.369067
1196.419633
1196.527767
1196.665100
1197.079300
1198.317367
1198.402867
1198.501267
1198.597633
1200.049133
1200.178167
1200.203333
1200.240600
1200.263333
1200.284567
1200.305133
1200.336500
1200.360867
1200.379333
1200.399533
1200.410300
1200.435733
1200.451133
1200.502367
1200.529000
1200.617667
1200.770933
1200.910333
1200.936200
1200.995200
1201.014467
1201.028833
1201.095733
1201.105633
1201.130833
1201.166500
1201.183067
1201.203400
1201.228200
1201.258000
1201.314033
1201.357900
1201.420200
1201.487700
1201.713367
1201.770267
1201.842467
1201.865833
1201.876333
1201.926233
1203.350767
1203.416467
1203.701900
1204.907967
1204.954933
1204.997667
1205.038233
1205.058600
1205.081267
1205.092400
1205.102467
1205.128900
1205.170633
1205.192533
1205.241600
1205.319767
1206.003667
1206.289533
1206.467667
1206.500967
1206.522567
1206.565600
1206.589800
1206.615300
1206.659967
1206.693700
1206.697400
1206.762400
1206.772767
1206.804300
1206.824033
1206.844467
1206.904900
1206.922167
1206.935600
1206.958533
1206.970167
1206.999133
1207.022533
1207.059233
1207.074567
1207.099200
1207.125867
1207.150267
1207.174200
1207.201333
1207.264967
1207.329400
1207.353767
1207.389200
1207.458400
1207.525467
1207.580267
1207.668200
1207.719733
1207.773633
1207.822667
1208.078600
1208.250233
1209.246267
1209.298500
1209.355300
1209.411367
1209.436433
1209.507367
1209.535133
1209.606700
1210.336167
1210.663367
1210.793067
1210.894500
1210.922167
1210.932600
1210.972200
1210.983600
1210.998133
1211.025867
1211.041067
1211.060800
1211.100400
1211.114967
1211.155533
1211.196233
1211.228800
1211.276267
1211.305233
1211.364800
1211.400933
1211.524633
1211.652400
1211.677033
1211.721933
1211.753433
1211.775433
1211.830500
1211.873933
1212.004067
1212.152100
1212.275433
1214.073667
1214.287300
1214.365367
1214.378333
1214.421567
1214.453867
1214.522033
1214.545067
1214.558500
1214.664067
1214.758700
1214.897033
1215.275500
1215.319733
1215.341167
1215.362600
1215.426667
1215.489500
1216.173133
1216.209200
1216.236333
1216.258433
1216.279067
1216.363700
1216.398300
1216.417467
1216.477000
1216.503000
1216.518200
1216.536867
1216.555900
1216.574133
1216.590333
1216.720167
1216.808633
1216.855500
1216.865300
1217.041867
1217.053500
1217.109333
1217.130267
1217.148100
1217.175933
1217.183333
1217.233700
1217.318933
1217.470300
1217.553200
1217.589467
1217.636067
1217.698700
1217.783100
1218.180867
1218.214633
1218.241900
1218.264300
1218.278233
1218.284767
1218.321033
1218.324833
1218.357067
1218.375600
1218.386033
1218.417767
1218.452900
1218.470933
1218.496600
1218.534367
1218.550533
1218.569433
1218.574067
1218.614067
1218.661000
1218.702267
1218.735500
1218.774900
1218.815500
1218.846900
1218.934833
1219.468100
1219.511900
1219.575567
1219.620800
1219.715500
1219.868533
1220.681300
1220.710400
1220.747267
1220.811367
1220.866733
1220.930567
1221.021800
1221.125700
1221.163667
1221.201367
1221.244633
1221.320233
1221.387133
1221.479367
1221.572067
1221.656900
1221.680567
1221.724700
1221.766600
1221.798000
1221.869633
1221.893667
1221.920833
1221.958700
1221.986800
1222.030367
1222.062967
1222.137600
1222.449733
1223.066367
1223.653100
1223.732033
1223.787333
1223.983933
1224.178667
1224.448767
1225.754400
1225.870233
1226.647667
1226.709567
1226.738167
1226.952433
1227.187767
1227.323967
1227.653900
1227.700367
1227.744733
1227.758500
1227.811000
1227.822333
1227.875600
1228.000933
1228.030800
1228.067700
1228.112800
1228.145067
1228.174600
1228.384067
1228.819533
1228.901967
1228.927333
1229.220233
1230.461833
1230.541367
1230.581933
1230.606267
1230.676300
1231.075167
1231.166667
1231.204167
1231.246333
1231.286233
1231.402267
1231.488600
1232.026267
1232.539800
1232.598867
1232.656533
1232.691933
1232.722833
1232.744033
1232.781867
1232.809200
1232.861733
1232.892200
1232.894733
1232.932900
1232.935333
1232.978167
1233.005633
1233.025833
1233.049667
1233.073533
1233.162433
1233.245500
1233.286500
1234.359033
1234.631867
1234.801267
1234.892467
1234.932367
1234.968767
1235.163200
1235.645700
1235.703400
1235.760167
1236.024067
1236.164733
1236.214567
1236.241800
1236.254067
1236.267067
1236.297800
1236.311000
1236.340467
1236.375633
1236.401633
1236.422633
1236.444167
1236.460900
1236.480667
1236.518700
1236.911133
1237.188600
1237.365200
1237.458833
1237.482233
1237.530167
1237.569267
1238.138233
1239.904200
1240.025900
1240.064233
1240.114467
1240.171733
1240.899367
1242.312967
1242.468800
1242.959700
1243.195000
1243.361367
1243.470000
1243.535133
1243.576367
1243.591467
1243.614733
1243.617933
1243.662333
1243.677600
1243.686233
1243.707900
1243.714867
1243.734267
1243.751767
1243.779400
1243.802933
1243.822733
1243.828900
1243.886500
1244.116600
1244.167667
1244.272033
1244.372200
1244.450333
1244.496000
1244.790233
1245.220133
1246.592300
1247.630500
1247.684467
1247.718600
1247.822433
1247.881967
1248.017900
1248.100367
1248.168433
1248.202367
1248.246200
1248.297467
1248.313233
1248.344600
1248.367500
1248.388967
1248.444233
1248.461667
1248.498000
1248.584100
1248.731133
1248.803067
1248.877467
1249.498867
1250.974833
1251.262967
1253.414467
1253.475033
1253.505867
1253.523033
1253.559933
1253.584267
1253.611000
1253.659467
1253.661967
1253.694767
1253.720767
1253.751967
1253.780067
1253.792667
1253.843467
1253.880067
1254.729867
1254.875700
1255.000167
1255.664133
1256.122700
1256.146367
1256.188467
1256.267367
1256.274033
1256.313433
1256.394133
1256.411933
1256.434900
1256.526567
1256.600567
1257.106800
1257.168200
1257.205067
1257.244400
1257.297300
1257.354833
1257.420100
1257.597700
1258.433000
1258.474067
1258.517233
1258.559267
1258.650300
1258.732300
1258.764733
1258.790167
1258.920933
1258.983733
1259.060133
1259.114867
1259.217733
1259.246933
1259.430500
1259.645200
1259.821967
1259.909467
1260.245733
1260.585800
1260.651600
1260.876400
1260.906033
1260.932467
1260.938600
1261.075933
1261.113633
1261.169933
1261.326333
1261.388433
1261.439800
1261.508067
1261.538200
1261.581900
1261.665233
1261.744833
1261.926267
1262.038933
1262.132867
1262.178500
1262.225267
1262.311500
1262.416567
1263.752867
1263.781300
1263.874367
1264.161467
1264.379467
1264.669467
1264.727467
1264.902633
1264.946367
1265.012067
1265.039867
1265.078267
1265.123167
1265.230600
1265.288700
1265.432000
1265.544867
1265.735700
1265.830833
1266.155200
1266.249500
1266.457000
1266.693900
1269.047333
1269.776533
1269.806567
1269.873700
1269.947300
1270.051333
1270.067200
1270.071933
1270.115500
1270.168967
1270.200467
1270.333000
1270.392833
1270.426600
1271.550367
1271.651700
1271.706733
1271.733867
1271.800333
1271.814733
1271.821633
1271.849467
1271.911033
1271.970467
1272.035867
1272.073467
1272.153733
1272.308967
1272.379367
1272.445100
1272.576633
1272.644600
1272.951767
1274.237700
1275.662333
1276.747033
1277.671067
1277.722833
1277.760533
1277.788900
1277.827867
1277.870533
1278.092167
1278.608133
1278.718833
1278.804800
1278.856967
1278.936467
1278.979833
1279.537967
1279.978400
1280.030567
1280.054033
1280.227533
1280.256767
1280.274400
1280.287633
1280.305867
1280.400033
1280.428333
1280.950800
1281.396367
1281.926733
1282.108400
1282.179733
1282.225267
1282.297400
1282.329033
1282.394500
1282.454867
1282.608600
1282.632633
1282.664600
1283.066967
1283.134133
1283.471933
1283.584567
1283.635300
1283.687933
1283.790633
1283.856600
1283.944400
1283.980333
1284.033000
1284.111400
1284.189767
1284.232333
1284.236833
1284.255533
1284.300733
1284.318600
1284.342667
1284.359133
1284.420967
1284.450633
1284.474933
1284.513933
1284.609367
1284.702767
1284.842733
1284.996500
1285.046133
1285.101700
1285.164067
1285.190267
1285.214467
1285.258867
1285.501833
1285.598333
1285.623867
1285.650467
1285.685300
1285.768300
1286.554833
1286.605233
1286.707167
1287.640367
1287.697233
1287.742967
1287.793467
1287.817100
1287.903967
1288.899400
1289.026533
1289.096467
1289.134800
1289.207167
1289.271567
1289.424800
1289.522833
1289.579200
1289.664667
1289.852567
1289.896433
1289.915167
1289.965167
1290.015567
1290.019000
1290.051633
1290.120500
1290.185633
1290.265167
1290.315767
1290.390300
1290.453833
1292.245933
1292.340633
1292.437433
1292.780467
1293.312333
1293.952733
1294.068467
1294.099967
1294.178867
1294.200967
1294.249000
1294.307367
1294.328833
1294.357767
1294.395567
1294.407267
1294.440033
1294.456100
1294.479633
1294.514333
1294.527433
1294.571900
1294.575400
1294.604300
1294.639633
1294.688100
1294.754633
1294.782433
1294.813267
1294.837267
1294.849100
1294.880867
1294.922500
1295.039000
1295.050833
1295.115300
1295.133033
1295.412333
1295.601033
1296.283300
1296.380533
1296.760467
1296.996467
1297.095700
1297.143500
1298.181600
1298.299333
1298.381700
1298.489033
1298.525167
1298.577500
1298.614333
1298.650900
1298.682400
1298.709533
1298.733933
1298.745267
1298.774900
1298.791400
1298.839333
1298.875800
1298.901033
1298.931267
1298.957800
1299.006200
1299.057333
1299.099167
1299.300800
1299.335367
1299.967967
1300.461833
1300.518267
1300.857767
1300.984900
1301.201633
1301.380100
1301.504900
1301.565200
1301.787967
1301.831000
1301.890133
1301.932367
1301.972400
1302.017167
1302.075467
1302.229233
1302.611867
1302.678700
1302.809100
1304.656300
1304.806633
1304.986933
1305.046967
1305.071600
1305.101600
1305.116433
1305.140667
1305.186833
1305.190267
1305.201600
1305.257867
1305.344700
1305.368800
1305.425033
1305.485167
1305.537933
1305.935833
1306.111433
1306.177467
1306.245467
1306.269767
1306.298567
1306.319700
1306.325233
1306.341667
1306.356867
1306.370733
1306.373733
1306.392433
1306.415567
1306.418733
1306.443800
1306.470533
1306.485733
1306.500800
1306.516367
1306.541467
1306.546333
1306.578433
1306.588367
1306.630167
1306.678467
1306.755533
1307.075067
1307.396000
1307.496100
1307.544600
1307.620000
1307.712233
1307.789067
1308.423233
1308.469267
1308.802000
1308.876967
1308.918867
1308.933700
1308.968300
1309.009500
1309.399100
1311.101467
1311.182767
1311.302933
1311.397300
1311.440900
1311.468000
1311.517667
1311.539267
1311.567233
1311.599433
1311.624733
1311.653267
1311.694133
1311.714467
1311.756400
1311.801333
1311.879200
1311.969900
1312.192867
1312.707333
1312.714833
1312.761300
1312.879767
1313.223767
1313.377633
1313.503433
1313.580000
1313.647567
