6.730133
6.762867
6.788033
6.812167
6.817167
6.819200
6.821267
6.922733
7.031000
7.102567
7.151267
7.169967
7.172033
7.266433
7.273233
7.313100
7.339000
7.386100
7.409867
7.431667
7.590767
7.667567
7.876400
8.783633
8.798100
8.801333
8.803767
8.833400
8.878233
9.054033
11.166700
11.180733
11.200400
11.227533
11.290100
11.293033
11.458233
11.740567
12.066633
12.106433
12.636500
12.658567
12.661667
12.740433
12.777967
12.813467
13.029500
13.063033
13.082933
13.177767
14.113300
14.497733
14.594000
14.674133
14.677167
14.971700
15.224800
15.719067
15.787767
15.824733
15.909467
16.034733
16.048833
16.301867
16.327000
16.369667
16.396533
16.455333
16.470567
16.487767
16.505967
16.522133
16.551433
16.599800
16.604533
16.607133
16.648900
16.664567
16.682400
16.690333
16.697100
16.747167
16.794000
16.846633
16.858567
16.862067
17.166267
20.483633
20.557033
20.560000
20.725033
20.751233
23.829633
23.931567
23.972800
24.011067
24.086467
24.147467
24.768067
24.801000
24.871200
24.906033
24.908800
25.819633
25.823200
25.825167
25.897700
25.927900
25.998833
26.056500
26.083867
26.099267
26.136400
26.141467
26.186833
26.195133
26.221400
26.226167
26.311533
26.471900
26.515500
26.536800
26.591833
26.613833
26.619733
26.622067
26.660800
26.667900
26.699667
26.704367
26.714167
26.758100
26.763400
26.910833
26.931900
26.967533
26.978100
27.019067
27.048333
27.071867
27.080100
27.119200
27.181900
27.276633
27.433867
29.091867
29.096033
29.633667
29.690667
29.762733
29.842967
30.028167
30.141633
30.267433
30.297233
30.511300
30.547233
30.620767
30.698167
30.733800
30.751867
30.792767
30.807933
30.850033
30.861533
30.887000
30.918867
30.923200
31.014300
34.506633
34.696467
34.936533
35.049200
35.094767
35.306767
35.751067
35.794533
35.920100
35.921967
35.966867
36.130267
36.172533
36.267867
36.348300
36.445567
37.780067
37.796600
37.798700
37.899533
37.917967
37.920800
38.036300
38.039067
38.182000
38.237300
38.916400
38.918300
39.005833
39.010433
39.072667
39.095500
39.143367
39.151767
39.154200
39.159100
39.482467
40.815967
40.898300
41.469867
41.496400
41.499067
41.561067
41.574600
41.626300
41.628433
42.623767
42.628467
43.219033
43.468200
43.711733
43.909733
43.982700
44.496367
44.817000
44.827600
44.862233
44.928800
44.964333
44.996433
44.998733
45.036933
45.067033
45.181500
45.208867
45.243000
45.266733
45.314933
45.318167
45.375400
45.490633
45.725633
47.269400
47.337300
47.426533
47.733500
48.081700
49.852133
49.862300
50.523933
50.880267
50.992533
50.997133
51.994267
53.593167
54.133267
54.306167
54.320900
54.324267
54.328433
54.396133
54.486667
54.633433
54.804600
54.830033
54.863833
54.909667
55.034067
55.732667
55.758533
55.771967
55.875500
57.148533
58.343600
58.347233
58.411733
58.415133
58.500333
58.502533
58.504567
58.525733
58.529633
58.622533
58.744367
58.792900
59.259733
60.953267
61.489333
63.506600
63.509100
63.584367
63.630633
63.707033
63.897833
63.948833
63.951233
63.953633
64.180433
64.183900
64.266733
64.312467
64.315233
64.382800
64.388067
64.417033
64.427433
64.437333
64.444133
64.495000
64.497767
64.564733
64.601100
64.679300
64.757667
64.808467
64.845000
65.003967
65.174400
66.668500
66.719700
66.756700
66.865167
66.941267
67.684567
67.704567
68.620933
69.645867
69.848533
69.926367
69.997167
70.085867
70.133700
70.406633
71.471567
71.931200
71.935600
71.988367
71.990767
72.209267
72.820567
74.736400
74.818767
74.826600
74.852367
74.856333
74.916733
74.968467
75.031767
75.072567
75.146333
75.148200
75.215000
75.235467
75.304167
75.342900
75.411167
75.415233
75.464067
75.471700
75.473733
75.537800
75.581433
75.584633
75.644733
75.647400
75.736433
75.742233
76.121100
77.255833
77.282733
77.403100
77.541933
77.569767
77.626767
77.784033
77.792867
77.821800
77.936300
77.992800
78.020967
78.241067
78.382167
78.385167
78.545300
78.563200
78.612100
78.661767
78.677133
78.707767
78.736867
78.764900
78.767367
78.852233
78.886833
78.957967
79.042767
79.059200
79.061600
79.101567
79.182500
79.225933
79.229467
79.260000
79.616133
79.620767
79.660400
79.662567
79.709900
79.753233
79.773333
79.775367
79.839300
79.877567
79.907600
79.911333
79.913967
79.960467
79.999267
80.032533
80.057767
80.176400
80.187433
80.191967
80.263600
80.291400
80.294067
80.381400
80.394067
80.398333
80.429467
80.599800
80.642467
80.702667
81.227667
81.466733
81.547667
81.554967
81.594967
81.698500
82.020400
82.685533
83.426933
83.727633
83.789567
83.986767
84.113533
84.428567
85.284600
85.667167
85.710433
85.756333
85.782533
85.855233
86.433967
86.539900
86.546400
86.631467
89.143900
89.155433
89.234467
90.476467
91.016200
96.691400
96.790400
96.830267
96.914833
97.072500
97.143867
97.149567
97.201200
97.216567
97.221067
97.305300
97.309533
97.528600
97.617600
97.676667
97.720400
98.439267
98.442167
98.516467
98.588767
98.673667
98.744800
98.827200
98.854900
98.919933
98.935200
98.937767
99.132367
99.583167
99.608733
99.738033
99.757267
99.772600
99.812667
99.863267
99.865300
99.912133
99.919433
99.964133
99.967400
99.983400
100.003933
100.011700
100.013667
100.033300
100.061467
100.076133
100.099100
100.117067
100.165667
100.206067
100.319600
100.322033
100.355833
100.437900
100.476500
100.555100
100.618633
100.622200
100.650400
100.686433
100.698267
100.705100
100.731800
100.735133
100.739467
100.758633
100.774267
100.784200
100.811000
100.814267
100.839200
100.872400
100.892467
100.904433
101.008900
101.011433
101.016467
101.049300
101.062667
101.083833
101.119333
101.125900
101.128233
101.153667
101.256267
102.937833
103.686867
103.799433
103.821567
103.874600
103.911433
104.392100
104.530567
104.547567
104.587533
104.593433
104.761867
104.766567
104.795033
104.841967
104.856933
104.859000
104.904900
104.907600
104.929000
104.946300
104.949633
104.977233
104.981567
105.009700
105.013467
105.038467
105.058000
105.079800
105.083833
105.138467
105.168533
105.192167
105.199700
105.216333
105.248267
105.252967
105.333633
105.375067
105.378667
105.396633
105.434567
105.437333
105.448933
105.474267
105.527433
107.409700
108.328767
108.373733
108.377233
108.392333
109.019700
109.054867
109.734667
109.901500
110.707967
110.744333
110.749167
110.828100
110.842933
110.845167
110.847333
110.849467
111.156600
111.247467
111.267900
111.270467
111.300300
111.303200
111.335667
111.342800
111.345233
111.347867
111.351033
111.352900
111.354433
111.392200
111.406233
111.428600
111.431100
111.473933
111.486667
111.493033
111.526567
111.605433
111.610667
111.659167
111.664033
111.696533
111.721033
111.744600
111.751767
111.755200
111.771667
111.790133
111.813667
111.828633
111.831200
111.897167
111.904467
111.943700
111.982767
112.013533
112.110100
118.888233
118.959700
118.981933
119.004033
119.144067
119.160100
119.226800
119.233100
119.236100
120.088800
120.170067
120.227933
120.290133
120.349433
120.419067
120.422100
120.425233
120.427100
120.429600
120.545100
120.548900
120.553767
120.556667
120.597867
120.750033
120.845200
120.914600
120.942567
120.954067
121.033167
121.114733
121.213100
121.223300
121.280667
121.354967
121.366800
121.396533
121.404467
121.452467
121.455233
121.503933
121.543933
121.546600
122.518033
124.023800
125.448600
125.483167
125.521667
125.617100
125.650200
125.652867
125.713967
125.776700
125.792833
125.816867
125.856900
125.877900
125.922033
126.578933
127.859200
127.897367
127.966067
128.034733
128.081800
128.083767
128.103500
128.106167
128.275533
128.283333
128.324300
128.449667
128.486467
128.498533
131.077333
131.121667
131.165967
131.208067
131.471967
131.476900
131.562100
131.610333
131.725567
131.795333
131.818633
134.519667
135.678067
135.713167
135.763067
135.786567
135.830433
135.854500
135.856633
135.859233
135.972667
136.018667
136.824933
136.929067
137.030767
139.982867
140.032000
140.062800
140.067400
140.070333
140.072600
140.074300
140.115267
140.327667
140.352867
140.388100
140.446500
140.658633
141.015167
141.045133
141.068633
141.114367
141.156633
142.980033
143.010667
143.109867
143.204133
143.701100
147.355900
147.359600
147.431167
147.444033
147.570733
147.645267
147.707600
147.862800
147.937933
147.945000
148.010733
148.077833
148.114700
148.231433
149.908767
150.168000
150.340200
150.403733
150.463367
150.547767
150.551533
150.795233
150.945200
150.958367
151.496567
153.213033
153.830867
154.006400
156.702400
157.291033
157.515433
160.989500
161.011267
161.052767
161.091167
161.196133
161.766333
161.769667
161.798700
161.803567
161.832400
161.834667
161.855100
161.868567
161.897833
161.904267
162.003600
162.019600
162.021900
162.679633
162.731733
162.736467
162.772967
162.775633
162.830333
162.832367
162.834533
163.469033
163.536400
163.627700
163.863533
163.872600
163.879833
164.198267
164.248367
164.266967
164.270233
164.272267
164.327867
164.332133
164.378167
164.390233
164.424267
164.427467
164.466767
164.475133
164.516233
164.554800
164.557933
164.615933
164.670900
164.732633
164.832000
164.976433
165.016133
165.034400
165.054767
165.065267
165.067700
165.100833
165.107167
165.134000
165.139700
165.192667
165.229333
165.267333
165.275567
165.306100
165.322133
165.343233
165.363067
165.391200
165.512900
165.516467
166.024200
168.098833
168.162867
168.183400
168.185600
168.187667
168.274733
168.859500
168.863033
168.883733
168.946733
168.949633
168.997467
169.059467
169.198200
169.418267
169.551833
169.575000
169.645367
169.647833
169.671767
169.683867
169.686367
169.690133
169.736533
169.760800
169.777200
169.854067
169.892500
169.916567
169.929733
169.978900
169.996400
170.000867
170.005633
170.046767
170.055467
170.108333
170.174967
170.196167
170.209333
170.222467
170.240233
176.093600
176.112833
176.256067
176.305600
176.371700
176.374533
176.452233
176.723800
176.780800
176.806500
176.865200
176.893700
176.895633
176.956633
176.958967
178.141267
183.476100
183.829900
184.713933
184.777833
184.781067
184.920567
185.125833
185.170000
185.213067
185.231600
185.258533
185.286233
185.299000
185.363967
185.734367
185.856067
185.899967
185.908633
185.911500
185.982033
185.987900
186.097467
186.099633
186.194867
186.244467
186.297733
186.348867
186.358733
186.362200
186.386100
186.397533
186.447100
186.449533
186.478867
186.481267
186.519767
186.535867
186.596167
186.611100
186.633067
186.653500
186.711867
186.718533
186.731400
186.767767
186.777133
186.792133
186.828167
186.838767
186.895967
186.937967
186.953000
187.000333
188.907067
189.657767
189.661233
189.932633
189.970467
190.637633
190.755067
192.179433
192.270433
192.273567
192.335033
192.592533
192.646700
192.822900
192.849633
192.966467
192.996433
193.069533
193.072533
193.074667
194.047667
194.097433
194.181133
194.204400
194.229133
194.231800
194.235467
194.237667
194.257733
194.273267
194.274933
194.303800
194.352367
194.395967
194.399400
194.410867
194.487033
194.496067
194.530367
194.562367
194.620733
194.718600
194.754867
194.836133
195.109500
195.672500
195.687933
195.723233
195.841267
195.865133
195.973733
195.976433
196.055233
196.212367
196.215000
196.256100
196.312233
196.358533
196.362033
196.388067
196.418733
196.431967
196.492700
196.540200
196.556467
196.579933
196.622600
196.637800
196.764300
196.771167
196.820067
196.845700
196.852867
196.855133
196.896667
196.901667
196.903800
196.953033
196.957500
196.986033
197.014267
197.016800
197.043267
197.058133
197.061833
197.168300
197.205567
197.250733
197.313567
201.895233
202.028300
202.464067
202.469900
202.546300
202.835100
203.128600
203.479433
203.611333
203.642667
203.782333
203.837533
203.842167
203.871000
203.886033
203.915067
204.021133
204.081133
204.085367
204.251567
204.339100
204.359300
204.459967
204.570567
204.965900
208.862500
208.864467
208.915100
208.921967
208.980500
209.001667
209.014967
209.041333
209.137800
209.142367
209.199700
209.204100
209.774533
210.343533
210.397900
210.402600
210.444033
210.456433
210.459033
210.553133
210.614300
210.690167
210.697800
210.728767
210.789333
210.891867
210.942533
210.948667
211.042967
211.048567
211.050500
211.111367
211.114000
211.169867
211.224300
211.305500
211.308367
211.361500
211.429200
211.435133
211.461467
211.473267
211.476967
211.496167
211.499467
211.527600
211.533267
211.539467
211.544433
211.546000
211.578600
211.630067
212.417867
214.176433
214.352367
215.918733
215.993667
215.996700
216.059067
216.107267
216.168833
216.194600
218.598800
218.624567
218.671600
218.731767
218.776467
218.867633
219.382400
220.301267
220.304000
222.594467
222.642400
222.938600
223.070367
223.317833
223.542167
223.766633
223.782033
223.794500
223.834500
224.180000
224.667700
224.822000
224.857667
225.465200
225.535033
225.571033
225.573600
225.660400
225.734000
226.507867
226.524700
230.088633
230.531967
230.622633
231.188367
231.293600
231.719833
231.775067
231.835500
231.865333
231.921233
231.937833
232.008033
232.048533
232.091233
232.136333
232.165033
232.503400
232.550733
232.566400
232.818967
232.920000
232.924300
233.023367
233.036267
233.039033
233.085200
233.098967
233.101133
233.135833
233.141167
233.174333
233.177667
233.182500
233.186100
233.197000
233.199967
233.202567
233.205433
233.207333
233.209467
233.211000
233.214133
233.215567
233.217100
233.218533
233.222233
233.277533
233.285567
233.314900
233.349500
233.392267
233.550600
233.557533
233.562167
233.564133
233.691167
233.774833
235.849533
235.993067
236.078933
236.117100
236.238933
236.306833
236.322633
236.375633
236.386867
236.420267
236.478533
236.510100
236.513400
236.538300
236.541133
236.550867
236.584333
236.620467
236.625433
236.690200
236.768000
236.793633
236.897867
237.295433
237.313900
237.346667
237.349200
237.377167
237.406200
237.417967
237.423800
237.449367
237.473000
237.475767
237.490100
237.491633
237.494067
237.519233
237.549867
237.554267
237.558967
237.561500
237.592267
237.605733
237.612067
237.616967
237.645667
237.649967
237.670567
237.699633
237.726700
237.730400
237.770500
237.772833
237.832300
237.834867
237.887033
237.933133
237.935633
237.979100
239.007700
239.211067
240.108067
240.220600
240.223600
240.312500
240.437200
240.439867
241.041167
241.114867
241.117867
241.167500
241.208467
241.295033
241.326733
241.337333
241.356667
241.360033
241.362567
241.392933
241.406500
241.436167
241.450167
241.463867
241.506433
241.526567
241.597333
241.637133
241.661067
241.674567
241.695600
241.698933
241.701233
241.735067
241.780200
241.809233
241.929933
243.664033
243.696033
243.704633
243.707433
243.709400
244.076267
245.434600
248.093333
248.197167
248.236633
248.307900
248.365133
249.396467
249.437600
249.521633
249.685933
250.827167
251.256300
251.559500
251.562200
251.776800
252.537833
252.592600
253.648067
253.681667
253.743433
253.745900
254.015833
254.115567
255.458600
255.964367
256.140867
256.199033
256.215100
256.365933
256.437733
256.486933
256.610233
256.612400
256.701433
256.824467
257.016000
257.124567
259.351433
262.740000
262.947967
263.080367
263.089267
265.730533
265.779867
265.782567
265.815833
265.832667
265.860167
265.908500
266.042300
266.211533
266.229300
266.279933
266.333100
266.335633
266.401867
266.866233
267.293100
269.610867
269.631700
269.667700
269.704700
269.804267
269.828333
270.274100
270.435967
270.464433
270.473667
270.475600
270.518533
271.178067
272.352200
272.636500
272.642600
272.705533
272.755700
272.853667
273.098633
273.101300
274.989967
275.051667
275.175967
277.743667
277.870500
278.039800
278.058767
278.222767
278.245800
278.294667
278.299000
278.345900
278.404000
278.407933
278.467900
278.499733
278.525633
278.662800
279.188967
279.300467
279.304500
279.366167
279.408000
279.414533
279.439733
279.453700
279.455800
279.500700
279.553067
279.675600
279.696000
279.755867
280.970767
281.017500
281.053500
281.055967
281.132100
281.170867
281.278767
281.401500
281.498333
281.521000
281.601833
281.639800
281.675067
281.680567
281.738133
281.840367
281.884700
281.976400
282.020667
282.155900
282.245600
282.300167
282.341233
282.411133
282.526800
282.529500
282.989700
283.096967
283.124567
283.143500
283.340300
283.374100
283.382000
283.428067
283.564233
284.046867
284.066567
284.069900
284.073833
284.094233
284.103333
284.105933
284.132000
284.163233
284.177167
284.257633
284.297333
284.447800
284.586100
286.251933
286.289667
286.809600
286.861000
287.090433
287.315367
287.423633
287.677733
287.930633
288.167333
288.275367
288.294933
288.300300
288.302500
288.495867
288.508167
288.510567
289.167233
289.203633
289.255000
289.270600
289.613500
289.680067
289.682467
289.887300
289.892067
290.179033
290.201567
290.228067
290.260700
290.272867
290.293567
290.355067
290.360500
290.367833
290.392500
290.421967
290.424633
290.449333
290.458167
290.508800
290.515367
290.524600
290.526667
290.552133
290.582033
290.591033
290.615933
290.618133
290.622600
290.656000
290.711267
290.714133
290.752633
290.765200
290.813333
290.816000
290.832800
290.889933
290.906633
290.931300
290.940433
292.437367
292.844633
292.885867
292.920100
293.011333
293.137267
293.289167
293.305733
293.308567
293.956867
293.965900
294.100000
294.121933
294.160233
294.209000
294.234800
294.298500
294.300967
294.322200
294.392800
294.535000
294.542933
294.603533
294.612767
294.614800
294.777200
294.919300
294.922533
294.953200
295.153033
295.155067
295.180567
295.204100
295.208500
295.242400
295.246300
295.260433
295.279167
295.283700
295.285767
295.314800
295.335300
295.395033
295.422367
295.456433
295.471767
295.474000
295.522400
295.547167
295.550767
295.627533
295.701333
297.313667
298.134767
298.165300
298.167700
298.208967
298.211300
298.323533
300.086633
301.467800
301.922100
302.140400
302.152367
302.162633
302.177867
302.188833
302.192200
302.225567
302.273667
302.391633
302.552133
302.623600
305.438967
305.479200
305.518067
305.541667
305.589233
305.597733
305.635900
305.944900
306.370933
306.373367
306.409233
306.431400
306.610333
306.613667
306.646800
306.650033
307.008800
307.407467
307.410300
307.491467
307.493567
307.538233
307.546900
307.549067
307.592200
308.757200
309.072867
309.099900
309.102467
311.302000
311.381567
311.390133
311.392233
311.471333
311.645267
311.653800
311.655967
311.658033
311.881167
312.019000
312.067000
312.073733
312.123233
312.167067
312.227033
312.329933
312.374600
312.378200
312.494433
312.498400
312.556567
312.559067
312.639033
312.684467
312.712133
312.729233
312.768867
312.771800
312.785700
312.794767
312.813533
312.817100
312.858600
312.910033
312.914567
312.958100
312.963767
313.052033
313.255300
313.476633
313.497833
313.545100
313.569767
313.643233
313.770167
313.806000
313.812233
313.819800
313.876567
313.887867
313.894533
313.896500
313.919033
313.926467
313.946433
313.961300
313.979900
314.000533
314.007067
314.032833
314.061567
314.069433
314.121400
314.157400
314.160467
314.196633
314.202067
314.231933
314.272667
314.303500
314.336033
314.379333
314.425267
314.445300
317.250467
317.351400
317.574633
317.643333
317.740900
317.774067
317.884967
317.900367
317.953333
319.977367
319.997800
321.058367
321.191467
322.286933
322.823333
322.902800
323.395067
323.465867
323.830500
323.879200
324.918633
325.342233
325.401267
325.625500
325.693167
325.798500
325.861100
325.864167
325.907833
326.358900
326.372567
328.258933
328.593167
329.249967
330.125600
330.170133
330.174033
332.043367
332.116900
332.159900
332.393967
332.447400
332.449967
332.544100
332.639067
332.739500
332.791433
333.176167
333.315400
333.341000
333.361100
333.561733
333.628333
333.631267
333.675800
334.086600
334.314500
334.360400
334.372433
334.375533
334.377933
334.380033
334.382000
334.530800
334.545333
334.590300
334.611067
334.621133
334.623467
335.198200
335.513467
335.861700
335.918733
336.178200
336.645467
336.665633
336.687200
336.976500
337.083900
337.114667
337.185767
337.228400
337.231667
337.277667
337.307200
337.349433
337.521167
337.549033
337.573600
337.620333
337.651000
337.669800
337.719267
338.210900
338.242867
338.246867
338.269733
338.272467
338.319233
338.337633
338.357467
338.379900
338.383067
338.415067
338.417633
338.432633
338.465167
338.489167
338.518633
338.529100
338.533333
338.561767
338.564333
338.566900
338.568933
338.619033
338.638300
338.682667
338.688300
338.754333
340.076400
340.723800
341.037900
343.677667
343.762833
343.765067
343.869800
343.872600
344.476300
345.045867
345.170467
345.220167
345.263800
345.298233
345.301100
345.316267
345.359367
345.361467
345.390833
345.417700
345.429833
345.459933
345.489933
345.556633
345.656200
345.702100
345.821400
345.859567
345.908300
345.912833
345.959000
346.010533
346.057367
346.062267
348.896967
348.935700
348.940433
348.958033
349.277400
349.490500
351.022300
352.469867
352.770833
352.785033
352.818467
353.223667
353.231900
353.280067
353.493533
353.579300
354.565767
354.655267
354.699267
354.741867
354.760500
354.846800
354.856533
355.140433
355.142933
355.200433
358.973633
359.237900
359.268300
359.326533
359.358700
359.375400
359.460067
359.511467
359.584067
359.605433
359.608500
359.678033
359.764433
361.116433
361.197533
361.220533
361.232500
361.527300
361.753667
362.963833
363.000667
363.069233
363.089367
363.221900
363.520767
363.580967
363.599033
363.764267
363.988233
364.101333
364.103600
364.187833
364.237233
367.548300
367.591833
367.599033
368.151633
368.320533
368.325267
368.375867
368.390033
368.448233
368.555367
368.615533
368.635233
368.758400
368.890933
369.061067
369.250300
369.308133
369.521600
369.525233
369.578167
369.603533
369.629200
369.660833
369.663567
369.704833
369.732600
369.823033
370.029100
370.114800
371.802767
372.878367
373.441467
373.674567
373.693667
373.701967
373.711000
373.727367
373.729867
373.731600
373.774867
373.782300
374.552767
374.587200
374.603667
374.644967
374.663033
374.695300
374.724667
374.800867
374.835067
374.871000
376.076100
376.120633
376.257867
376.282567
376.289767
376.318533
376.333533
376.344367
376.381100
376.383500
376.414667
376.428933
376.436067
376.467400
376.474500
376.480000
376.595200
376.627900
376.841700
376.845800
377.011133
377.024700
377.029533
377.113433
377.250767
377.272933
377.297867
377.302267
377.306167
377.333567
377.337933
377.339900
377.357200
377.377533
377.403633
377.431633
377.445833
377.449633
377.511767
377.548133
377.585700
377.589400
377.628367
377.635933
377.665267
377.723667
377.734433
377.741400
377.752567
377.754733
377.782600
377.785833
377.820767
377.894867
377.931167
379.500833
379.584433
379.594200
379.596200
380.478633
380.630767
380.667200
380.679167
380.681867
380.720167
380.725133
380.791333
380.817133
380.846333
380.964067
380.970567
381.021267
381.024533
381.058900
381.086600
381.101667
381.104267
381.128500
381.173633
381.222000
381.226600
381.280067
381.342367
381.348400
381.383633
381.386733
381.415100
381.533833
381.566467
381.570800
381.574600
381.594033
381.596100
381.630600
381.652233
381.668967
381.686767
381.696833
381.712067
381.731467
381.787133
384.177633
384.207767
385.581867
385.603000
385.652067
385.677200
385.688700
385.690900
385.846967
385.890000
385.900667
385.917900
385.964833
385.969667
386.159567
386.370167
387.895833
387.904333
387.929667
387.947367
389.097500
389.135933
389.428300
389.433267
389.460867
389.542633
390.007200
390.327533
390.356100
390.373367
390.401433
390.410900
390.429267
390.445033
390.467800
390.496800
390.522267
390.560567
390.590033
390.596967
390.599200
390.601700
390.603833
390.658233
390.663333
390.689867
390.709367
390.748067
390.750400
390.791933
390.831633
390.856433
390.866267
390.872267
390.875667
390.929767
392.001633
392.007067
392.176333
392.941800
393.106467
394.973967
394.977500
395.023300
395.053233
395.075333
395.140233
395.182467
395.203533
395.673933
395.870900
395.912100
395.936667
396.066833
396.118633
396.770200
396.835833
396.944900
396.981867
397.068300
397.235167
397.718900
397.872667
398.560767
398.753733
398.943633
401.979167
401.981767
402.037967
402.044200
402.083700
402.099300
402.112633
402.134100
402.155967
402.180433
402.216833
402.252300
402.268633
402.329167
402.441300
403.266833
404.687367
404.690600
404.715800
404.814233
405.100400
405.204133
405.324500
405.332767
405.432233
405.449267
405.559767
405.658400
405.745567
405.784567
405.832767
405.849100
406.652333
406.726067
406.728267
406.730100
406.731833
406.824500
406.895667
406.916533
406.933567
406.962200
406.996667
407.003933
407.081867
407.187633
407.279733
407.460900
407.473367
407.476633
407.504933
407.588867
407.641967
407.664667
409.242167
409.293867
409.560300
410.113400
410.146333
410.796333
410.801367
410.813133
410.837333
410.869633
411.686500
412.205667
412.276233
412.427000
413.766400
413.795100
413.809200
413.847633
413.873567
414.079000
414.114267
414.201067
414.224900
414.238767
414.244700
414.385433
415.206733
415.227633
415.248100
415.289433
415.340933
415.343067
415.422433
415.431767
415.456867
415.513867
415.628233
415.688467
415.691067
415.736700
415.755400
415.844467
415.928000
415.953333
415.999800
416.002000
416.028900
416.041900
416.059200
416.078767
416.103300
416.112900
416.122833
416.141267
416.157300
416.168000
416.170867
416.173200
416.202167
416.235500
416.238000
416.282567
416.289500
416.324300
416.345633
416.484167
416.580567
416.584633
416.615967
416.658567
423.661733
423.682867
423.717233
423.750300
423.828033
423.892533
423.921267
423.964400
424.019967
424.048600
424.050767
424.404867
425.497033
425.499800
425.582367
425.595500
426.155433
426.751867
426.946467
426.952567
427.030867
427.494733
427.500700
427.526500
427.535433
427.605333
427.700367
427.802300
427.845900
427.889767
427.894100
427.956200
428.017733
428.139233
428.146133
428.264000
428.414667
428.444133
428.447967
428.529633
428.557800
428.615700
428.621100
428.651400
428.673100
428.714400
428.716533
428.766833
428.770767
428.807167
428.812033
428.828000
428.836833
428.934267
428.936733
428.939833
431.028267
431.080700
431.371533
432.040900
433.296367
433.333233
433.444700
434.121200
434.172400
434.585833
434.606500
434.648633
434.844133
434.850667
434.979033
435.046633
435.115300
435.133000
435.164300
435.233800
435.273933
435.299467
435.322233
435.324167
435.352467
435.376833
435.425633
436.287333
437.567767
437.711933
437.815967
437.868267
437.873833
437.911367
437.922933
437.934200
437.956533
437.980133
438.014300
438.017633
438.109333
439.979467
440.219067
440.281900
440.343033
440.619033
440.660000
440.718633
441.128133
441.130200
441.189600
441.295767
441.298500
441.330600
442.473033
442.496700
442.498600
442.554800
443.642833
444.645967
444.903867
444.910433
445.117000
445.429567
446.100533
446.104133
446.106067
446.193400
446.196767
446.198767
448.599100
448.983967
449.024400
449.059500
449.152967
449.331700
449.357167
449.359800
449.419333
449.485567
450.000400
450.659900
451.543167
451.564167
451.576267
451.598900
451.613567
451.840500
451.901233
451.961500
451.976733
451.980833
452.010933
452.045167
452.951833
453.052000
453.064867
453.098633
453.133900
453.269967
453.586633
454.026400
454.075033
454.154900
454.159567
454.955133
457.111867
457.191833
457.194167
457.319500
457.386633
457.563633
457.715567
457.721600
457.777400
457.921367
458.580233
458.597233
458.724467
458.795533
458.798100
458.812200
458.849500
458.887800
458.938767
458.943933
458.947500
458.949267
458.988267
458.991267
459.012933
459.041933
459.092667
459.094967
459.111033
459.147367
459.187200
459.200933
459.275567
459.294767
459.351400
459.508433
459.550233
459.570200
459.632367
459.676933
459.716933
459.727067
459.729433
459.765867
459.770567
459.772833
459.779400
459.816033
459.821900
459.835933
459.868767
459.889300
459.891967
459.910933
459.945000
459.947167
459.950000
459.954100
459.956300
460.022933
460.048700
460.091933
460.154933
460.207533
460.281100
461.599000
461.891500
461.968700
462.096267
463.863067
463.898367
463.906500
463.924233
463.949300
463.951200
463.987433
464.029267
464.072833
464.150667
464.795933
464.818467
464.821033
464.931200
464.940267
465.359533
465.993467
466.001633
466.004167
466.262633
466.273300
466.275900
466.278033
466.281500
466.340067
466.973467
468.859433
468.899000
469.024933
469.040800
469.072733
469.126033
469.224000
469.251400
469.289400
469.320733
469.415833
469.445967
469.451233
469.512000
471.020200
471.113567
471.119367
471.154400
471.193600
471.219000
471.256933
471.262000
471.347100
471.349733
471.388400
471.445400
471.448533
471.480967
471.495467
471.548867
471.765700
471.794633
471.833800
471.845700
471.861333
471.892367
471.944633
471.963133
471.988433
471.992400
472.080667
472.165500
472.183133
472.198167
472.234033
472.279933
472.292300
474.014933
475.720267
475.937767
476.009567
476.046633
476.685700
476.698233
476.703700
476.804367
476.964367
477.977367
478.031967
479.478400
479.526367
479.645600
479.691900
480.671900
480.716300
480.747067
486.540167
486.626233
486.768400
486.929433
487.032233
487.376500
487.554133
487.744500
488.090833
488.192400
488.372733
488.407700
488.453067
488.457033
488.559567
488.580933
488.670733
488.733500
488.766433
488.803800
488.829533
488.840633
488.865800
488.881300
488.907067
488.914467
488.944900
488.947400
488.980533
488.987067
489.017700
489.040800
489.086533
489.110467
489.159667
489.186033
489.195867
489.221367
489.224700
489.258633
490.968600
491.109667
493.179000
493.198833
493.232900
493.246967
493.288933
493.382400
493.458433
493.500500
493.609767
495.856533
495.920667
496.574833
496.640400
496.661100
499.052833
499.076500
499.125600
499.156067
500.002067
500.029833
500.034267
500.042933
500.075867
500.265667
501.078600
501.082733
501.127633
501.135333
501.139633
501.141567
501.143100
501.145467
501.149000
501.152300
501.258500
501.279633
501.347933
501.400700
501.404000
501.571867
501.633400
501.641367
501.688433
501.771667
501.788300
502.475933
502.548533
502.561967
502.643200
502.736100
502.785867
502.846700
502.889600
502.896600
502.898767
502.901700
502.904033
502.963267
502.965400
502.967533
502.972067
502.995533
503.027267
503.040433
503.088200
503.092767
503.381433
503.446033
503.606067
503.617967
503.689467
503.692100
503.732567
503.735433
503.775633
503.789333
503.791867
503.822200
503.864433
503.891167
503.936733
503.943000
503.947900
503.964100
503.969333
503.992433
504.017467
504.022467
504.026633
504.028500
504.030933
504.073500
504.096433
504.115067
504.119200
504.146400
504.172100
504.210033
504.271333
504.274167
505.801633
506.112100
507.700133
507.813267
507.862867
507.873767
507.925300
507.946667
507.964267
508.008867
508.139167
508.142967
508.198700
508.472100
508.477267
508.479300
508.647000
508.698967
508.748100
508.936933
509.034067
509.067567
509.070500
509.205400
509.271133
509.369667
509.412700
509.415333
509.473000
509.477200
509.487833
509.490133
509.564333
509.568967
509.605467
509.613867
509.615633
509.647167
509.666367
509.676000
509.678033
509.680233
509.709400
509.735067
509.776133
509.854500
510.047200
510.169600
510.172267
510.226933
510.283800
511.680933
512.967700
513.016433
513.019700
513.062967
513.065100
513.131533
513.134000
513.155433
513.159000
513.188267
513.238200
513.297700
513.367167
513.810067
513.816367
513.906667
513.911933
513.915867
513.943667
513.961467
513.975733
513.989167
513.994800
514.019833
514.024767
514.075333
514.102667
514.149000
514.154433
514.195200
514.207567
514.209800
514.211767
514.229967
514.317867
514.384167
514.409967
514.436000
514.486533
516.136833
516.594067
516.694600
516.723233
517.246333
517.275767
517.358300
517.380567
517.384300
517.955300
518.483700
519.790333
520.299567
524.609033
524.748867
525.887367
526.130767
526.152333
526.157767
526.308167
526.345667
526.357700
526.665700
526.710967
527.657833
529.845200
529.919433
529.934333
529.936367
530.186367
530.207500
532.925533
533.003467
533.007367
533.009933
533.061033
533.063733
533.088100
533.094800
533.138300
533.159300
533.162567
533.261500
533.266733
533.269100
533.341633
533.386300
533.870567
533.918167
533.944100
533.974067
533.984300
533.987833
534.175600
534.411167
534.696400
534.756833
534.768333
534.786100
534.799667
534.906067
535.367367
535.601733
535.625800
535.638833
535.656033
535.671600
535.710200
535.722900
535.725267
535.757033
535.781833
535.806467
535.837000
535.934333
536.591833
537.220933
537.246700
537.326467
538.352733
538.711500
538.750733
538.783167
538.808667
538.833500
538.845500
538.876633
538.916467
539.044467
539.150433
539.169200
539.172200
539.206400
539.237167
541.067267
541.622000
542.316233
542.517867
542.543567
542.700200
542.748500
542.753600
542.760533
542.781033
542.784200
542.786933
542.799733
542.801500
542.803467
542.833233
542.851000
542.871267
542.896200
542.900133
542.915133
542.939567
542.949933
542.957000
542.978033
543.005133
543.008467
543.034733
543.121733
543.192933
543.280000
543.301967
543.305333
543.530367
543.598233
543.601767
543.674833
543.697733
543.725167
543.735300
543.738600
543.776600
543.781333
543.794067
543.796867
543.840500
543.852433
543.862533
543.864600
543.909433
543.913233
543.916033
543.954967
543.968333
543.993833
544.008000
544.010433
544.032233
544.048800
544.089000
544.093633
544.122067
544.178500
545.939500
548.289200
548.291633
548.359500
548.365367
548.390500
548.415933
548.420900
548.495133
548.504700
548.664767
548.711200
548.750833
550.455033
550.478367
550.484833
550.582000
550.610933
550.618067
550.895267
551.670333
551.720200
551.723867
552.387267
553.077367
553.117267
553.168800
553.170833
553.405300
553.576300
554.744167
555.418333
556.166900
556.224167
556.484833
556.552367
556.554767
556.561200
556.600800
556.704133
556.725467
556.768867
556.771867
556.831000
557.111533
557.454633
557.531600
557.534200
557.572633
557.593567
557.608800
557.611067
557.648300
557.666100
557.710000
557.712433
557.755867
557.784467
557.874133
557.881767
557.942467
557.995733
558.002433
558.054933
560.849700
560.865367
561.194100
561.219967
561.249133
561.253700
561.258200
561.338067
561.374700
561.387267
561.448433
561.555067
561.928967
562.002000
562.037500
562.061500
562.064133
562.092100
562.136400
562.181800
562.231900
562.249967
562.256333
562.288133
562.301233
562.323400
562.370700
562.411367
562.441933
562.475667
562.538633
562.574967
562.585533
562.635233
565.016600
565.199067
565.828000
565.873100
565.899867
566.005300
566.018833
566.112200
566.115933
566.198933
566.269500
566.289167
566.348833
566.359067
566.381333
566.398333
566.447867
566.456900
566.486300
566.498567
566.562133
566.661367
566.666100
566.725567
566.788300
566.793500
568.308867
568.621100
568.643133
568.648100
568.705633
569.929300
570.733233
570.738333
570.752733
570.772767
570.816533
570.822900
570.854333
570.865800
570.870667
570.872767
570.893400
570.944600
570.993667
571.058533
571.061267
571.101700
571.115400
571.137833
571.189400
571.194733
571.337433
573.380333
573.414833
573.449900
573.452833
573.536800
574.627500
575.060333
575.168567
575.313467
575.362500
575.412433
575.541800
575.674433
576.112867
576.924167
576.961900
577.115067
577.196700
577.380600
580.439700
580.547700
580.656367
580.788133
580.842000
580.892100
582.477333
587.542500
590.810100
590.812200
590.874833
590.887767
590.911000
590.954667
591.012100
591.286733
591.314300
591.334133
591.372633
591.409600
591.464100
591.492667
591.495367
591.514900
591.518133
591.653267
591.839667
591.858533
591.927767
591.950733
592.029100
592.063467
592.118467
592.308800
592.643000
594.313500
594.342500
594.380767
594.495000
594.524733
594.667400
594.712800
594.733900
595.080967
595.577900
595.603600
595.768433
595.770733
595.772967
595.799267
595.846233
596.088633
596.416633
596.736567
596.743633
596.809200
597.025433
597.729267
598.528000
598.544167
598.632533
598.657567
598.858667
599.932033
600.991433
601.112600
601.240033
601.288133
601.305833
601.406033
601.410400
601.518300
601.538900
601.540933
601.542833
601.544600
601.546467
601.676233
601.752633
601.757467
602.047033
602.232700
602.365367
602.415333
602.441700
602.469767
602.557167
602.631200
602.690667
602.744733
602.870100
602.873700
602.876067
602.883567
602.959033
602.963900
603.001967
603.013267
603.044600
603.063100
603.111833
603.134600
603.138333
603.172467
603.187367
603.234433
603.252233
603.278700
603.301333
603.306767
603.332200
603.336267
603.376333
603.428267
603.500267
603.573800
603.586033
605.164533
605.166900
605.248667
605.600400
605.745500
605.771533
605.842533
605.856600
605.976467
606.020500
606.248000
606.361167
606.372500
606.374767
606.406233
606.414700
606.433267
606.446900
606.455033
606.466567
606.468933
606.505933
606.522600
606.551733
606.553900
606.572500
606.601667
606.617433
606.659767
606.683667
606.709100
606.731733
606.734333
606.801100
606.827900
606.850933
606.883833
606.887900
606.973533
608.387667
608.425700
608.448767
610.504367
610.506667
612.125633
612.138567
612.156367
612.158067
612.177967
612.187767
613.071067
613.121467
613.123733
614.753267
614.784733
614.806933
615.501933
615.504167
616.175233
616.330067
616.335133
616.340333
616.341867
616.343967
616.346133
616.347967
616.349600
616.351133
616.352900
616.355833
619.689667
619.977333
620.943733
620.961233
621.234900
621.308700
621.311733
621.314033
622.485400
623.283467
623.721733
623.761100
623.771433
623.860600
623.922433
624.007500
624.027000
624.357433
624.438333
624.713800
624.777667
624.842333
624.848367
624.850900
626.474867
626.479567
626.755300
626.789600
627.085367
627.162500
627.311700
628.360267
629.290667
629.390900
629.522233
629.604200
629.610767
629.613533
629.666300
629.782967
629.832033
629.863333
630.072167
630.205367
631.053367
631.183100
631.211367
632.166467
634.383700
634.510933
634.565733
634.600900
634.638300
634.752233
634.847000
634.856933
635.134967
635.818067
635.820133
635.872133
635.874900
636.037067
636.267867
636.318967
636.321033
636.364833
636.415067
636.426067
636.431333
636.463800
636.484400
636.488500
636.491500
636.493600
636.495233
636.588767
636.625633
636.697733
636.719267
636.747200
636.749300
636.788700
636.826400
636.860767
636.889933
636.902400
636.912767
636.956367
636.961867
636.973300
636.992833
636.994900
636.997600
637.021233
637.032567
637.060833
637.068567
637.086733
637.205867
637.217833
637.283233
638.601233
638.604100
638.717300
638.723067
638.727667
638.729733
638.783067
638.820400
638.919233
639.000033
639.793033
639.795033
639.799067
639.873900
639.889833
639.974700
639.999667
640.041600
640.482433
640.609267
640.625133
640.633667
640.673133
640.677967
640.690733
640.717133
640.719900
640.751333
640.768867
640.790167
640.802333
640.831500
640.865767
640.891667
640.916200
640.966133
640.987400
640.993867
641.005867
641.055333
641.080467
641.155433
641.222967
641.229567
641.254833
641.306533
641.337733
641.360333
641.545033
643.076867
643.129067
643.131933
643.210733
643.212900
643.239300
643.243967
643.246567
644.039700
644.084900
644.194567
644.849300
644.891300
644.901500
644.952667
644.962300
645.050100
645.321900
645.378900
645.463367
645.494467
645.652333
645.689967
645.959833
646.006967
646.019667
646.030200
646.039967
646.069400
646.077833
646.084467
646.102267
646.118067
646.137333
646.140433
646.165500
646.182267
646.186400
646.214833
646.224233
646.236067
646.238133
646.240167
646.242467
646.289600
646.293700
646.317767
646.326967
646.379200
646.381833
646.438500
648.727633
648.755333
648.776700
649.173667
649.179767
649.184200
649.186967
649.298267
650.802800
650.848033
650.958100
651.456467
651.511167
651.528100
651.557867
651.598500
651.922800
654.122400
654.206400
655.178467
655.187333
655.207600
655.450333
655.462300
655.527633
655.704333
656.294500
656.304533
656.408533
656.452133
656.493200
656.603333
656.628200
657.028533
657.113033
657.464500
657.468233
657.759033
658.041133
658.096267
658.103700
658.106067
658.139800
658.141900
658.159267
658.170767
658.172667
658.196767
658.263067
658.275967
658.278267
658.356433
658.360733
658.429733
658.502233
658.547733
658.570400
658.640600
658.697400
658.747167
658.753433
658.863300
658.919700
658.941800
660.838167
662.622767
662.647300
662.698767
662.756333
662.786700
662.789700
662.817433
662.821400
662.823300
662.974700
663.026667
663.029600
663.132733
664.649833
664.675767
664.980300
664.983633
664.985967
665.086633
665.088867
665.213700
665.308533
666.024267
666.238933
666.951833
666.972000
667.114933
667.160667
667.175867
667.183733
667.205567
667.214800
667.220733
669.372767
669.476900
669.493200
669.503500
669.515167
669.556633
669.603600
669.810433
670.616000
670.656000
670.658333
670.662667
670.701667
670.704233
670.709567
670.751533
670.754333
670.773900
670.840633
670.857667
670.862133
670.884067
670.899867
670.907233
670.909767
670.960400
671.001367
671.003467
671.032200
671.069367
671.074467
671.096367
671.136767
671.165433
671.176667
671.199467
671.268867
671.271133
671.319967
671.410833
673.762867
673.786100
673.793567
673.800267
673.802667
673.839867
673.842667
673.861000
673.885200
673.888200
674.670167
674.673300
674.733900
674.800533
674.993167
675.156100
677.044100
677.055700
677.087900
677.282300
677.284833
677.314233
677.317367
677.319600
677.361367
678.086300
678.250533
678.275567
678.316267
678.764433
679.261267
679.460633
679.499800
679.554667
679.667933
679.701200
679.825033
679.831367
679.892800
680.101867
680.104467
680.164300
680.199967
680.201867
680.204067
680.207200
680.210467
680.212333
680.214100
680.234600
680.277933
680.280200
680.318100
680.324900
680.328867
680.330300
680.332033
680.361133
680.371200
680.405733
680.409567
680.459400
680.475767
680.479733
680.502233
680.527033
680.548567
680.581333
680.617933
680.638967
680.641833
680.646200
680.696033
680.710100
680.712500
680.717000
680.782833
680.990833
681.071500
681.408200
681.595867
682.059867
682.284000
682.317400
682.342833
682.559267
682.564467
682.669167
682.706233
683.003567
683.006200
683.047433
683.071033
683.111567
683.123767
683.149633
684.186267
684.238133
686.342233
686.592933
686.657133
686.675333
686.807933
687.141867
687.259700
687.273267
687.296100
687.338033
687.367000
687.468033
687.559733
687.570500
687.590600
687.608233
687.612667
687.673833
687.739700
687.841300
687.877967
687.893167
687.895333
687.930133
689.870967
689.891933
689.894467
689.938333
690.049800
690.387800
690.466133
691.251467
692.876667
693.248633
693.325133
693.335500
693.412933
693.678533
693.746467
694.055967
694.192700
694.262033
694.300033
694.329067
694.446700
695.157867
696.041633
696.121633
696.125500
696.289700
696.383633
696.643733
697.183533
697.233200
700.080133
700.228667
700.275400
700.278000
700.328233
701.250567
703.230100
703.300267
703.309400
703.357433
703.359833
703.362200
703.561867
703.606633
703.630767
703.754467
704.086400
704.138633
704.186867
704.191633
704.195133
704.211700
704.217100
704.219233
704.221267
704.222967
704.225567
704.227933
704.230900
704.232767
704.235767
704.286500
704.306033
704.457900
704.460067
704.512800
704.737167
706.751100
707.098000
707.200867
707.332333
708.869033
708.901800
712.788400
712.797633
712.804233
712.811933
713.274933
713.557867
713.667000
713.679667
713.696200
713.741100
713.752433
713.805200
713.807467
713.873767
713.917800
714.018233
714.320733
719.123800
719.168933
726.508133
726.511967
726.569867
726.582500
726.641833
726.651767
726.694100
726.729400
726.754967
726.781867
726.809233
726.846533
727.070600
727.718000
727.766500
727.866733
729.929100
729.970233
730.157900
730.351800
730.428533
731.048533
731.220267
731.222367
731.242367
731.251533
731.259767
731.266500
731.335300
732.457900
732.497133
732.507233
732.533167
732.539967
732.606233
732.697367
732.699500
732.818533
734.221533
734.259367
735.558933
735.652800
735.779767
735.828900
736.074867
736.266100
736.682200
737.132367
737.157533
737.160333
737.207733
737.220267
737.223067
737.411233
737.573267
738.016867
738.031067
738.036200
738.089167
738.096767
738.099533
738.101633
738.103433
738.153100
738.167533
738.207167
738.309000
738.325467
738.327633
738.339267
738.341400
738.344400
738.346233
738.348267
738.385600
738.397833
738.415900
738.425200
738.427233
738.463667
738.483133
738.485900
738.513000
738.524000
738.554400
738.567733
738.572167
738.601233
738.608167
738.650500
738.655833
738.719400
738.737433
739.619800
739.725800
739.823233
742.556167
743.947567
743.950900
743.978733
744.014400
744.016567
744.018767
744.496700
744.729133
745.086833
745.124933
745.212533
745.259533
745.289300
745.327133
745.330500
745.364633
745.375167
745.403700
745.436133
745.461000
745.463600
745.465933
745.506733
745.522700
745.526400
745.528400
745.584067
745.659633
745.767800
745.823433
745.850433
745.862233
745.909533
745.912533
745.938300
745.947033
745.959900
745.977933
745.984467
746.000500
746.002867
746.135567
746.151367
746.155100
746.198133
746.201367
746.217133
746.243833
746.260200
746.266967
746.295700
746.340533
746.377967
746.390167
746.434700
746.440633
746.473200
746.511233
746.667700
746.921433
747.020533
748.703067
751.462600
751.646100
751.758367
751.763567
751.851467
752.680467
752.735667
752.739533
752.798400
753.458167
753.486267
753.685600
754.285133
754.339467
754.364200
754.367000
754.368900
754.565600
754.570833
755.350900
755.358867
756.210500
756.268233
756.342133
756.386767
756.419767
756.474400
756.625400
756.726800
756.730833
756.758267
756.853333
756.875167
756.879267
756.905667
756.955000
756.997267
757.044567
757.076200
757.093767
757.153433
757.195433
757.201333
757.211367
757.240500
757.258833
757.260867
757.274533
757.277633
757.280167
757.282133
757.284067
757.287467
757.289267
757.290700
757.292367
757.320400
757.322833
757.341667
757.410933
757.415767
757.418167
757.497200
757.526700
757.595733
757.737500
759.577367
759.630300
759.895100
761.648800
761.693267
761.780133
761.802300
761.923433
762.028067
762.312467
762.322500
762.397767
762.530300
762.554600
762.973233
763.135533
763.217033
763.229033
763.249133
763.292867
763.868700
765.049467
765.259467
765.389633
765.507033
765.559367
765.612000
765.642767
766.542167
766.583133
766.686067
766.704633
766.773200
766.775633
766.812400
766.815033
766.919800
767.283700
767.291667
767.353967
767.357200
767.429667
767.855767
767.941600
767.951533
767.959567
767.962700
767.989400
767.992167
768.021767
768.339400
768.374267
768.376667
768.392400
768.438733
768.443800
768.446567
768.502300
768.549967
768.555800
768.637567
768.851100
768.946833
770.252900
770.257900
770.321067
771.121933
771.140600
771.146100
771.200333
771.491700
771.495867
771.534733
771.578933
771.920567
771.999033
772.041967
772.052367
772.054733
772.194533
772.248000
772.295867
772.318867
772.358600
772.367800
772.369767
772.394700
772.415233
772.418267
772.420867
772.480700
772.502033
772.555133
772.558000
772.579000
772.583367
772.624633
772.629467
772.697300
772.709867
772.712767
772.741067
772.751600
772.843200
772.857300
772.862167
772.909100
772.927167
773.105633
773.134600
774.534833
776.663100
776.745567
776.784733
776.861667
776.951933
777.042033
777.390200
777.507567
779.159933
779.186667
779.543267
779.604400
781.350900
781.357600
781.359700
781.361567
781.408833
781.411567
781.476600
781.596767
781.628333
781.656300
781.658767
782.035300
782.102667
782.105133
782.168167
782.490733
782.521433
783.412767
783.416867
783.418967
783.421100
783.471433
783.511100
783.621833
784.024900
784.026700
784.501067
785.413133
785.494433
785.498067
785.857500
785.898233
785.906800
785.992767
786.016067
786.134833
788.273300
788.281567
788.465533
788.641800
788.693167
788.705933
788.942833
790.076233
792.138800
792.176867
792.275467
792.331933
792.959433
792.970733
793.763500
793.803100
793.829400
793.914133
794.297767
794.616467
794.645567
794.647967
794.663967
794.720267
794.793100
795.797933
795.830433
795.842200
795.882867
795.886033
795.917300
795.921300
795.926867
795.929067
795.953933
795.956367
795.967433
795.986367
795.993167
796.011933
796.017067
796.023067
796.045900
796.077267
796.112500
796.137667
796.143600
796.145900
796.189667
796.210167
796.258233
796.260500
796.282133
796.287767
796.320867
796.330667
796.360500
796.372333
796.387900
796.390200
796.409267
796.604133
796.739267
796.897067
796.943633
797.071433
797.115400
797.171333
797.178967
797.214900
797.219700
797.226000
797.240933
797.252333
797.260033
797.298500
797.317133
797.319333
797.379633
797.435967
797.524600
797.671133
801.223533
801.244267
801.282600
801.339900
801.369133
801.381167
801.449700
801.521200
801.914833
802.124267
802.130433
802.883533
804.559133
804.584533
804.588100
804.691433
804.693800
804.901233
804.905000
805.179067
805.896633
805.923367
806.597700
806.655867
806.672433
806.675467
806.716200
807.420600
807.498767
808.475367
809.182433
809.372700
809.446167
809.458167
809.563000
809.673167
809.692000
809.694233
809.766500
809.773033
809.827667
809.881467
809.938267
809.953267
809.979000
809.992300
810.011333
810.020133
810.036033
810.071700
810.087833
810.208600
810.313367
810.443100
810.462133
812.324133
812.359600
812.379400
813.684500
813.863800
814.120367
814.140233
814.164600
814.167933
814.175233
814.183967
814.186533
814.278833
814.346300
814.393033
814.805100
814.845367
814.875633
814.910767
814.960700
814.979433
814.982100
815.028100
815.072133
815.102500
815.104533
815.106933
815.158000
815.163167
815.200900
815.209533
815.213133
815.225933
815.239867
815.276033
815.283900
815.323833
815.330400
815.332867
815.363267
815.373033
815.376167
815.378433
815.380500
815.384533
815.409867
815.432967
815.436033
815.471000
815.473033
815.517133
815.519400
815.601033
817.292800
817.551800
817.554767
817.608767
817.650200
817.775567
817.801500
818.518567
818.564367
818.567000
818.587000
818.625633
819.329867
819.736367
819.798167
819.800800
819.804200
819.892000
819.895600
819.899167
820.008233
820.161267
820.249033
820.265967
820.269567
820.271633
820.315633
820.320967
820.326200
820.328367
820.357500
820.373667
820.394867
820.637867
820.641767
820.659100
820.675433
822.061933
822.157300
822.235500
824.335100
824.425000
824.948933
825.013767
825.454300
826.301200
826.446600
826.505300
826.516400
826.519600
826.521667
826.697367
826.741667
826.743900
826.980100
827.527067
827.630767
827.846933
827.876833
827.900467
827.993267
828.219267
828.460400
828.479333
828.491633
828.502333
828.528933
828.567167
828.587833
828.637533
828.664033
828.706000
828.766833
828.809533
828.871400
828.873733
829.041233
829.247067
829.251500
830.609867
830.676733
830.699600
830.737100
830.740533
830.928133
830.950267
830.961067
831.395367
831.723300
831.742200
831.747500
831.754200
831.770067
831.799733
831.887267
831.930467
831.951933
831.955300
832.026167
832.117867
832.120700
832.156000
832.162200
832.192433
832.219600
832.224367
832.289233
832.360733
832.471600
832.510667
832.564533
832.589633
832.601433
832.654600
832.692667
832.703133
832.709433
832.728367
832.758633
832.761133
832.787900
832.790600
832.799433
832.816300
832.837767
832.858000
832.905267
832.931000
832.937633
832.954567
832.961533
832.968733
832.974767
833.010367
833.040900
833.067767
833.096100
833.106833
833.109133
833.159767
833.181300
833.233367
833.236433
833.249933
833.252533
833.255067
834.572767
834.971533
837.893733
838.177800
838.751200
838.754667
838.965700
839.030400
839.035767
839.038233
839.939333
840.171867
840.176367
840.211500
840.217533
840.311667
842.342567
842.948867
843.088033
843.845400
843.851900
843.854533
843.876200
843.906167
843.929633
843.989967
845.444600
845.489700
845.627333
845.688333
845.726967
845.759933
845.821233
845.900067
845.958667
846.011067
846.025400
846.028500
846.041733
846.075167
846.116300
846.207067
846.276100
846.581967
846.965533
847.228567
847.294333
847.424800
847.462100
847.465033
847.560300
847.613433
848.644367
848.649267
848.759700
849.092967
849.384500
849.442667
849.480000
850.051567
850.109900
850.113000
850.327267
850.358133
850.368067
850.385800
850.404567
850.412333
850.443800
850.464833
850.482367
850.485300
850.510367
850.531300
850.552533
850.602367
850.765767
850.811300
850.892767
854.351933
854.375267
854.388900
854.392667
854.775867
854.781033
854.923600
855.669900
855.715100
855.842100
855.959733
857.351300
858.041200
858.080400
858.142467
858.335733
858.740200
860.680100
861.610533
861.651300
861.684167
861.732100
861.778833
861.791300
861.850233
861.872967
861.908000
861.952700
861.955967
862.000433
862.158467
862.224600
862.301233
862.327967
862.330767
862.518900
862.728033
862.874533
862.876967
862.935533
863.017233
863.100500
863.115733
863.926367
864.001400
864.048467
864.053633
864.094433
864.116900
864.127333
864.141967
864.160500
864.165100
864.244733
864.277067
864.299467
864.303367
864.327500
864.334867
864.366433
864.375400
864.410900
864.413167
864.422533
864.424767
864.458833
864.518433
864.539867
864.572533
864.643267
864.686533
864.749367
864.752967
865.053000
865.232233
865.252800
865.339233
865.370633
865.430700
865.433500
865.482033
865.513267
865.649767
865.696267
866.234900
866.466100
866.509933
866.513533
866.679200
866.749067
866.837633
866.876667
866.950733
867.371433
867.392100
867.497100
867.845933
867.890900
868.041633
868.044167
868.122167
870.147033
870.234167
870.319833
870.389167
870.716500
870.770200
871.038567
871.115233
871.142633
871.159067
871.167133
871.173133
871.855867
872.091433
873.993900
874.017767
874.020167
874.136667
874.216300
874.223033
874.277567
874.302933
874.399667
874.453767
874.560867
874.579700
875.818600
875.848667
875.882333
875.921267
875.982400
875.984800
876.089067
876.095533
876.125133
876.145600
876.802067
876.814900
876.850800
876.854900
876.868833
877.703400
877.862200
878.164700
878.500100
880.020867
880.032667
880.122700
880.150833
880.297567
880.444033
880.662000
880.665767
880.709700
880.753933
880.798267
880.819867
880.822167
880.885367
880.890000
880.975267
881.035167
881.045833
881.047933
881.099533
881.113467
881.159200
881.170100
881.213667
881.259000
881.302267
881.305367
881.310300
881.339733
881.347700
881.350333
881.420200
881.470500
884.018667
884.578500
885.755133
885.997867
889.338433
889.354467
889.356833
889.398600
889.462167
889.521900
890.173200
890.426767
890.506800
890.719467
890.775133
890.891967
890.945300
890.949700
890.953200
891.006667
891.056767
891.097767
891.340267
891.357867
891.422433
891.709100
891.796800
891.807300
891.863467
891.899133
891.901567
891.920933
891.956433
891.971600
891.975733
891.987733
892.010467
892.029167
892.031733
892.113200
892.147167
892.214233
892.218067
892.260733
892.317267
892.341567
892.411167
892.413967
892.846933
894.143033
895.537333
895.553300
895.577567
895.663967
896.498733
896.896100
897.121333
897.126233
897.157933
897.186133
897.227200
897.241300
897.846900
897.905667
898.437867
898.453433
898.728767
898.737500
898.742133
898.744133
898.828300
898.938900
898.991633
899.500733
899.756767
899.780200
899.783067
901.781433
901.828533
902.405200
902.407567
902.430600
902.480500
902.506600
902.979300
903.826967
903.832400
903.873533
903.903100
904.022633
904.071033
904.094633
904.161900
904.540000
904.601033
904.618600
904.660033
904.719100
904.774833
904.777200
905.399900
905.429833
905.432000
905.480333
905.489300
907.459200
907.503833
907.537567
907.539733
907.581333
907.639467
907.644133
907.657100
907.658800
908.177433
908.179900
908.219700
908.519633
908.555033
908.600567
908.688200
908.835767
913.733433
913.928033
916.842967
917.758233
917.770933
917.788400
917.836233
917.845000
917.847400
917.849367
917.889167
919.088167
920.203433
920.412733
920.580700
920.672000
921.006733
921.070533
921.906067
922.026600
922.197100
922.201933
923.204267
924.089467
924.091633
924.094167
924.137800
924.258967
924.284533
924.326933
924.366967
924.452633
924.653967
925.528267
925.533200
925.658767
925.738533
926.202433
926.238867
926.248500
926.256000
926.260667
926.263633
926.265300
926.322400
926.327900
926.376900
926.390533
926.432067
926.437967
926.443767
926.526300
926.934833
926.941033
927.030967
928.482333
928.502967
928.535433
928.541467
928.543667
928.591167
928.609533
928.627400
928.673833
928.890367
929.022700
929.333833
929.569000
930.009167
931.243767
931.756967
931.759167
931.855733
931.859533
931.945967
931.996733
932.049400
932.058733
932.067333
932.069467
932.089533
932.143800
932.166600
932.170733
932.193800
932.205033
932.214500
932.235400
932.257533
932.259733
932.281633
932.285300
932.339033
932.342467
932.374567
932.401000
932.402967
932.481667
932.505133
932.544867
932.568433
932.640433
932.661367
932.665467
932.725600
932.822733
933.923967
933.929767
936.418233
936.822800
938.577400
938.670533
938.684000
938.718467
938.833900
940.017767
940.845100
940.874667
940.917033
940.934633
940.940167
940.948233
941.041833
941.081000
941.206400
941.291467
941.295167
941.345333
943.479633
943.532133
943.545167
943.547500
943.604733
943.607500
943.679167
943.941467
944.243833
944.420067
944.435100
945.333900
945.426367
945.446800
947.231933
947.298600
947.302067
947.314467
947.382900
947.528967
947.578800
948.313033
948.371867
948.377200
948.442733
948.446567
948.557367
949.019633
949.113067
949.137700
949.156533
949.160733
949.204300
949.206900
949.231367
949.278767
949.336367
949.343033
949.376100
949.390300
949.468000
949.479167
949.492867
949.494900
949.504367
949.534467
949.555133
949.579067
949.598900
949.641800
949.646400
949.667300
949.741700
949.764967
949.783433
949.861533
951.797233
955.424500
955.452733
955.459700
955.560800
955.848067
956.023000
956.039600
956.049200
956.052333
956.216300
956.222867
956.435933
956.804533
957.130067
957.162900
957.626733
957.630067
957.636200
957.637933
957.640200
957.669267
957.697433
957.725967
957.732867
957.810667
958.104833
958.121167
958.148967
958.253100
958.488967
958.847500
958.943700
959.039667
959.065600
959.069900
959.197833
959.253167
960.050500
960.353533
960.364267
960.447967
961.125600
961.147933
961.198833
961.201233
961.689400
961.802000
961.845000
961.862233
961.896900
961.939133
962.022733
962.089867
962.093533
962.095533
962.169000
962.202567
962.247567
962.256200
962.258600
962.359067
962.371733
962.421233
962.425800
962.463033
962.492433
962.533400
962.538900
962.603333
962.611000
962.634500
962.636800
962.677433
962.757400
965.793733
965.840467
965.877533
965.879533
965.920833
965.923833
965.926133
965.997467
966.019800
966.045733
966.097067
966.133900
966.186867
966.205133
966.266933
966.477400
966.527367
968.425267
968.885433
969.096433
970.084267
970.181300
970.384833
970.729333
971.022267
972.157867
972.182033
972.212667
972.226633
972.229200
972.277567
972.343767
972.360667
972.427633
972.517833
972.560467
972.692267
972.795267
972.845333
973.185233
973.244867
973.248400
973.345133
973.718167
973.722467
975.604133
975.638800
975.698767
975.752867
975.846600
975.872367
976.079933
976.083700
976.427900
976.440300
976.600500
976.633133
976.673767
976.802833
976.918000
976.926767
977.204067
977.391633
977.416200
977.432333
977.532800
978.598000
978.745767
978.753600
978.820333
978.843633
978.845967
978.904367
978.911100
978.985000
979.027200
979.099200
979.103700
979.132733
979.135567
979.171100
979.199633
979.203567
979.215700
979.245467
979.279200
979.301367
979.307967
979.310233
979.317800
979.320000
979.348233
979.388500
979.396633
979.430233
979.470067
979.499333
979.535833
979.552833
979.607667
979.676800
979.689067
979.702300
979.817167
979.822200
979.855200
979.863733
979.888633
979.907933
979.917167
979.950333
979.970600
980.028700
980.071633
980.094667
980.096967
980.171800
980.203100
980.214533
980.244900
980.258933
980.263033
980.296900
980.365300
980.369167
982.002933
982.094767
982.100233
982.104667
982.106733
982.148567
982.183567
982.193567
982.302800
982.922967
982.980000
982.992233
983.070100
983.166833
983.179000
983.187567
983.247100
983.314900
983.330900
983.462067
983.557600
983.663933
983.709500
983.764533
983.785833
983.789033
983.791633
983.793367
983.822867
983.852967
983.875300
983.878900
983.891533
983.893667
983.922967
983.938033
983.970667
983.994233
984.044767
984.072267
984.138600
984.147267
984.187000
984.190700
984.197900
984.256533
984.264267
984.294167
984.299267
984.357533
984.360533
984.416733
984.489467
986.117900
986.289967
987.906533
987.934833
987.963367
988.016433
988.096067
988.644700
988.661333
988.704367
988.707067
988.823667
989.453333
989.615200
989.664600
989.667200
989.779800
989.829233
990.048900
990.366200
991.230233
991.903000
992.076667
992.091300
992.146633
992.170400
992.404433
992.411533
992.866900
992.869700
992.909433
992.930367
992.979633
992.981800
993.124500
994.022033
994.191300
994.238833
994.271467
994.304533
994.322400
994.326067
994.379367
994.381567
994.434667
994.437233
994.576967
994.581567
994.591867
994.594600
994.677667
994.730600
994.759267
994.803400
994.818500
994.831067
994.852867
994.875967
994.894167
994.900267
994.902667
994.932500
994.948733
994.963533
994.965567
995.024333
995.028100
995.074667
995.080167
995.081933
995.085633
995.125400
995.218933
995.245200
995.260533
995.306533
995.335467
995.394633
995.397167
995.435067
995.453100
995.458600
995.462533
995.566167
995.581400
997.219467
997.381100
997.467967
997.497000
999.215900
999.220367
999.333500
999.395467
999.537800
999.599800
1000.457600
1000.520700
1000.725800
1001.271200
1001.275867
1001.310467
1001.314867
1001.348767
1001.356000
1001.358100
1001.360200
1001.514067
1004.552767
1004.572467
1004.576900
1004.602733
1004.630000
1004.743700
1004.771167
1004.792067
1004.795400
1004.833967
1004.854733
1004.906600
1004.930100
1004.989100
1005.078133
1005.090100
1005.704767
1006.463700
1006.661233
1006.741433
1006.768067
1006.943367
1007.235000
1007.806933
1007.819267
1007.868700
1007.887733
1007.959633
1007.965833
1008.001033
1008.022133
1008.042733
1008.192467
1008.237367
1008.239733
1008.812633
1010.251733
1011.785633
1011.850233
1011.879067
1011.885433
1011.931833
1011.966500
1011.990633
1011.994067
1012.115133
1012.146233
1012.256533
1012.300400
1012.313900
1012.339700
1012.354600
1012.513100
1012.636500
1012.639000
1012.674667
1012.684700
1012.693767
1013.242233
1013.275367
1013.284400
1013.293533
1014.443500
1015.511067
1015.514967
1015.535033
1015.539233
1015.576200
1015.590267
1015.592300
1015.594367
1015.820067
1015.939067
1015.984933
1016.014367
1016.519033
1016.527167
1017.713433
1019.964467
1019.992600
1020.100233
1020.150767
1020.191100
1020.201433
1020.211267
1020.213700
1020.227367
1020.285733
1020.427233
1020.452933
1020.480867
1020.485967
1020.500067
1020.502433
1020.531867
1020.791667
1021.111467
1022.259767
1022.338267
1022.422400
1022.466733
1022.527367
1022.640433
1022.735533
1022.852700
1023.613467
1024.650167
1024.700733
1024.741100
1024.786600
1024.835000
1024.871267
1024.874667
1025.064700
1025.070033
1025.121900
1025.163600
1025.169967
1025.172667
1028.015100
1028.064867
1028.315833
1028.571200
1028.578333
1028.636900
1028.751233
1030.540533
1035.311700
1038.000800
1038.056200
1038.058367
1038.089900
1038.115733
1039.204733
1039.652033
1039.930400
1039.967767
1039.971733
1039.976233
1040.128667
1040.160533
1042.325367
1042.337833
1042.442000
1042.542767
1043.099533
1043.306133
1043.722167
1044.453167
1044.712367
1044.751367
1045.134900
1048.222200
1049.747467
1049.928967
1050.048233
1050.096800
1050.133000
1050.137333
1050.139500
1050.144567
1050.472233
1050.943467
1052.019467
1052.029100
1052.078500
1052.206200
1052.432933
1052.440633
1052.755300
1052.772867
1052.812233
1052.833467
1052.903367
1052.916600
1052.921267
1052.953067
1052.987800
1052.999467
1053.010200
1053.012233
1053.030000
1053.041100
1053.043367
1053.045133
1053.088833
1053.095000
1053.125200
1053.128367
1053.149733
1053.151867
1053.154233
1053.163433
1053.182667
1053.185367
1053.204300
1053.233000
1053.239367
1053.245467
1053.278700
1053.303933
1053.317133
1053.319400
1053.343833
1053.361400
1053.425033
1053.548300
1054.933100
1055.431967
1055.579267
1055.715400
1055.748067
1055.751467
1055.814633
1055.817967
1055.896267
1056.282100
1056.527067
1056.538133
1056.562567
1056.607200
1056.609967
1056.627733
1056.630333
1056.646700
1056.666633
1056.708133
1056.741333
1056.743833
1056.787867
1056.791167
1056.840433
1056.867600
1056.881100
1056.952433
1057.018200
1057.041633
1058.488300
1058.594900
1058.815867
1058.870167
1058.874300
1058.911700
1058.971800
1059.008067
1059.133367
1059.570600
1059.643967
1060.094933
1061.991667
1062.039733
1062.253733
1062.296000
1062.839900
1062.856733
1062.858733
1062.918267
1062.924833
1062.928167
1062.930333
1062.932433
1062.934533
1063.018367
1063.050433
1063.055900
1063.094700
1063.151667
1063.154233
1064.029400
1064.052467
1064.081933
1064.085233
1064.116100
1064.153800
1064.738467
1066.797500
1066.851167
1066.863933
1066.906533
1066.910133
1067.458667
1067.529200
1068.233867
1068.809933
1068.830967
1069.759533
1069.821933
1069.846800
1069.939200
1071.016333
1071.204700
1073.483133
1073.606433
1073.679700
1073.690600
1073.693033
1073.695233
1073.961967
1073.991333
1073.999067
1074.029467
1074.031633
1074.033600
1074.082600
1074.125833
1074.132667
1076.427233
1076.469100
1076.471800
1076.506867
1076.724600
1076.745400
1076.786133
1076.791933
1077.000733
1077.053933
1077.130633
1077.436700
1077.450000
1078.308633
1078.366700
1078.378067
1078.466700
1078.498633
1078.704533
1080.029933
1080.126400
1080.129133
1080.535533
1080.686033
1080.705733
1080.736967
1080.740800
1081.056733
1081.078000
1081.234967
1081.485467
1081.781000
1082.317367
1082.367400
1082.398733
1082.961033
1083.766567
1084.359633
1084.386100
1084.423133
1084.451433
1084.524400
1084.632600
1085.483567
1085.540333
1085.542833
1085.675900
1085.871933
1085.986033
1086.025667
1086.046300
1087.003133
1087.014367
1087.083467
1087.111833
1087.114367
1087.236267
1087.343600
1087.385867
1089.088233
1090.309833
1090.384600
1090.391200
1090.426967
1090.463333
1090.795133
1090.888867
1090.957000
1091.175333
1091.179300
1091.181367
1091.791400
1092.104100
1092.143167
1092.187100
1092.335600
1092.381367
1092.640000
1092.694433
1092.696533
1092.762233
1093.314767
1093.323000
1095.672433
1095.684233
1095.686767
1095.816967
1095.923667
1096.088967
1096.285033
1096.307333
1096.313067
1096.318400
1096.670967
1096.723933
1096.991300
1097.025233
1097.075367
1097.085533
1097.089200
1097.174567
1097.209300
1097.476900
1098.092400
1098.150467
1098.200300
1098.576067
1098.619800
1098.680033
1098.683233
1098.723333
1098.748567
1098.761833
1098.767667
1098.830900
1098.882900
1098.889333
1098.911133
1099.099667
1099.125200
1099.149767
1099.157233
1099.159600
1099.205200
1099.279233
1099.344333
1099.380467
1099.431200
1099.435200
1099.511567
1099.598767
1099.715400
1099.812233
1100.097267
1101.766233
1103.663900
1103.696133
1103.703500
1103.714900
1103.718333
1103.720067
1103.905067
1103.969767
1104.017467
1104.051300
1104.094700
1104.139533
1104.141767
1104.184167
1104.200633
1104.254600
1104.275300
1104.304033
1104.310600
1105.445333
1105.469867
1105.699733
1105.714600
1105.742467
1105.797433
1105.886433
1105.898733
1105.904733
1107.091533
1107.353367
1107.949567
1108.287367
1108.320467
1108.390967
1108.523433
1108.616100
1109.450100
1109.516500
1109.804167
1110.517300
1110.549000
1110.621000
1111.306033
1111.308333
1111.310633
1111.312533
1111.415233
1111.700367
1111.805433
1111.861200
1111.867533
1111.910000
1111.913600
1111.942633
1111.947400
1111.979900
1111.986167
1112.033833
1112.060633
1112.065067
1112.108900
1112.147933
1112.181367
1112.189767
1112.200700
1112.204067
1112.239900
1112.248833
1112.276200
1112.298500
1112.330000
1112.352900
1112.380033
1112.409967
1112.449567
1115.447233
1115.598567
1115.613133
1116.160000
1116.224400
1116.834500
1116.924767
1116.954733
1117.048600
1117.189267
1117.747967
1117.750733
1117.872833
1117.930067
1118.001067
1118.098933
1118.249033
1118.306967
1118.374700
1118.409500
1118.411700
1118.505033
1118.520067
1118.652967
1118.914033
1118.941633
1118.951267
1118.953267
1118.955333
1118.973733
1118.986167
1118.993133
1118.995467
1119.000967
1119.043267
1119.073100
1119.075633
1119.177500
1119.195167
1119.209200
1119.236700
1119.312567
1119.393833
1119.415267
1119.444500
1119.527500
1119.553600
1121.224233
1123.902900
1123.917167
1123.948433
1123.953667
1123.956867
1124.015467
1124.022300
1124.024633
1124.110767
1124.114033
1124.162300
1124.192933
1124.234300
1124.338000
1124.841800
1124.920767
1125.069333
1125.146767
1125.149567
1125.400733
1125.848667
1125.852767
1125.913933
1126.023233
1126.030733
1126.162867
1126.190233
1126.239300
1126.263900
1126.323533
1126.336867
1126.372867
1126.379833
1126.391400
1126.430467
1126.439667
1126.446067
1126.467033
1126.470667
1126.515000
1126.548367
1126.563300
1126.584900
1126.688433
1126.693100
1126.696000
1126.711200
1126.744033
1126.758200
1126.806100
1126.809533
1126.811900
1126.823833
1126.854400
1126.897567
1126.927567
1126.934467
1127.024867
1129.591433
1129.814933
1129.844867
1129.951733
1130.237900
1130.892900
1130.907767
1130.918733
1130.937000
1130.963767
1131.008400
1131.021867
1131.044800
1131.232433
1131.258000
1131.469733
1132.227800
1132.647433
1133.574767
1135.385000
1135.417333
1135.422833
1135.567667
1135.630300
1135.735033
1136.132467
1136.188100
1136.269567
1136.519500
1136.576067
1136.629733
1136.633433
1136.635533
1136.638167
1137.247533
1139.065867
1139.152233
1141.510067
1142.291867
1142.312533
1142.397067
1142.543100
1142.648067
1142.738533
1142.741600
1143.289200
1143.807400
1144.796600
1145.182300
1145.243167
1145.367100
1145.410600
1145.437600
1145.439800
1145.472433
1145.483367
1145.533133
1145.557867
1145.614600
1147.398367
1147.437533
1147.447000
1147.534900
1147.537333
1147.593500
1147.611100
1147.664933
1147.677267
1147.928367
1149.249767
1149.304733
1149.371767
1149.412433
1149.426667
1149.429633
1149.481700
1149.540233
1149.548533
1149.573233
1149.615100
1149.618200
1149.652000
1149.689867
1149.692267
1149.733433
1149.778967
1149.793167
1149.873600
1149.891300
1149.909933
1149.920967
1149.972467
1149.975100
1150.023100
1150.048033
1150.092033
1151.937633
1151.945367
1152.955533
1152.995200
1153.007700
1153.270333
1153.278700
1153.443833
1153.481933
1153.531833
1153.600933
1155.504933
1155.562333
1155.593667
1155.598467
1155.671367
1156.128400
1156.131367
1156.192000
1157.196167
1157.218767
1157.224633
1157.265200
1157.271200
1157.363233
1157.374867
1157.400567
1157.428333
1157.555300
1157.559833
1157.617833
1158.212500
1158.493667
1158.497800
1158.576733
1158.584500
1158.642267
1158.681867
1158.881200
1159.609533
1159.615200
1159.618600
1159.620333
1159.623033
1159.640833
1159.656333
1159.660200
1159.662233
1159.690467
1159.710667
1159.744800
1159.772533
1159.816100
1159.838633
1159.867767
1159.915200
1159.926900
1159.993533
1160.038633
1160.068200
1160.073133
1160.076167
1160.231233
1160.234367
1160.298033
1161.620367
1161.634133
1161.636833
1161.742833
1162.169033
1162.182433
1162.311233
1162.978100
1163.048333
1163.077567
1163.177233
1164.052600
1164.066633
1164.081700
1164.084767
1164.135300
1164.143367
1164.146133
1164.185500
1164.200200
1164.229800
1164.233367
1164.235700
1164.263233
1164.272800
1164.414333
1164.440000
1164.478133
1164.546833
1164.572567
1166.152333
1166.168133
1168.625233
1168.653500
1168.816833
1168.834400
1168.843667
1168.869533
1168.941467
1169.018967
1169.107833
1169.954567
1170.041633
1170.099933
1170.135900
1170.190600
1170.366300
1170.439400
1170.479100
1170.654200
1170.723733
1170.783200
1170.835900
1170.838600
1170.883433
1170.904533
1170.912733
1170.933633
1170.938900
1170.961233
1170.967733
1170.993633
1171.020167
1171.022767
1171.041433
1171.060667
1171.111300
1171.114900
1171.171133
1171.177933
1171.227167
1171.298633
1171.328233
1171.346933
1171.371067
1171.385000
1171.387200
1171.476433
1171.494733
1171.526333
1171.549567
1173.694833
1176.931900
1176.950900
1176.958367
1176.971900
1177.060633
1177.101467
1177.133667
1177.187700
1177.331700
1178.876133
1179.066400
1179.086467
1179.089400
1179.119233
1179.917200
1179.963433
1180.475500
1180.519933
1180.555367
1180.570333
1180.611633
1180.623733
1180.666067
1180.702733
1180.754467
1181.458067
1181.498000
1181.503167
1181.525400
1181.536433
1181.655933
1181.663500
1181.714367
1181.744167
1181.808400
1181.866467
1181.894300
1181.925133
1181.975167
1182.187800
1183.602767
1183.828533
1184.037767
1186.086567
1186.110800
1186.113000
1186.179900
1186.192033
1186.245167
1187.045667
1187.282267
1187.314767
1187.355567
1187.357467
1187.369767
1187.474400
1187.522300
1187.563633
1187.574933
1187.615567
1187.632267
1187.701633
1187.733500
1187.995133
1191.373800
1191.450767
1191.483100
1191.484767
1191.487267
1191.523167
1191.525533
1191.582833
1191.605800
1191.609000
1191.778567
1191.780967
1192.502700
1192.618100
1192.776500
1192.901267
1193.203033
1194.117667
1194.145333
1194.198133
1194.219667
1194.229933
1194.265700
1194.330700
1195.035900
1195.513667
1195.522133
1195.524633
1195.614233
1195.643300
1196.423267
1197.039067
1197.284900
1197.291600
1197.566833
1197.602400
1197.670700
1197.721233
1197.730733
1197.755767
1197.781800
1197.811700
1197.822500
1197.825567
1197.963833
1197.967867
1198.210067
1198.278733
1198.281333
1198.344300
1198.463067
1198.510867
1198.519767
1198.532700
1198.536100
1198.539600
1198.569300
1198.573367
1198.586333
1198.594033
1198.640933
1198.667300
1198.724333
1198.745100
1198.747500
1198.752433
1198.791967
1198.865733
1198.869000
1198.891900
1198.914533
1198.917233
1198.919767
1198.923600
1198.955000
1198.958467
1198.980367
1199.013900
1199.042200
1199.057133
1199.092633
1199.150667
1199.284400
1201.162733
1201.253867
1201.283800
1202.517633
1202.541433
1202.589967
1203.051467
1203.174267
1203.247033
1203.300767
1203.304800
1203.309700
1203.340300
1203.386133
1203.394567
1203.397067
1203.445400
1203.447967
1203.483367
1203.502267
1203.510867
1203.550100
1203.553467
1203.587567
1203.589933
1203.621800
1203.634800
1203.684033
1203.724767
1203.748700
1203.763500
1203.767600
1203.840267
1203.848367
1203.854067
1203.959800
1203.979800
1204.031167
1205.064000
1205.145200
1205.265333
1205.280467
1206.681133
1207.306667
1207.707767
1208.149233
1208.384633
1208.526767
1208.562967
1208.605833
1208.614933
1208.617033
1208.677100
1208.695700
1208.698167
1208.738467
1208.767233
1208.811133
1208.926367
1208.964867
1209.019067
1209.053300
1209.103600
1209.136600
1209.169433
1209.171700
1209.173833
1209.250133
1209.385333
1209.400300
1209.442933
1209.449200
1209.483367
1209.493400
1209.501767
1209.504500
1209.577500
1209.615733
1209.666567
1209.689200
1209.720400
1209.863733
1209.933967
1214.722333
1214.804833
1214.874367
1214.881633
1214.975967
1215.051900
1215.371767
1215.420167
1215.535300
1215.538433
1216.851133
1219.108167
1219.415133
1219.420533
1219.454533
1219.457367
1219.572467
1219.679667
1219.773200
1219.819867
1221.246067
1221.675067
1221.904400
1221.927933
1222.000267
1222.142300
1222.724433
1222.801200
1223.878133
1224.362633
1224.602700
1225.693867
1225.696967
1225.698900
1225.750400
1225.756567
1225.832300
1225.856267
1225.859167
1225.884433
1225.905267
1225.930067
1225.945067
1225.964767
1226.065367
1226.139167
1226.163867
1226.538567
1228.328267
1228.395500
1228.400467
1228.487900
1228.533567
1230.537400
1232.246800
1233.039733
1233.044367
1235.399533
1235.414100
1237.352533
1237.419067
1237.622867
1237.824733
1238.665433
1239.335200
1239.836000
1239.904067
1239.936500
1239.949033
1239.985767
1240.061133
1240.118933
1240.154600
1240.201400
1240.241567
1240.348500
1240.376200
1240.399600
1240.413900
1241.033767
1242.547933
1242.574000
1242.597267
1242.760900
1242.834367
1242.891767
1242.897567
1243.058733
1243.236867
1243.638400
1243.743033
1243.783367
1244.384133
1244.387233
1245.326367
1245.353100
1245.386733
1245.452133
1245.543633
1245.620067
1245.623333
1245.843233
1245.888700
1245.987567
1246.394933
1246.546967
1246.694767
1246.722833
1246.736967
1246.756033
1246.761967
1246.774400
1246.779333
1246.783567
1246.804333
1246.864900
1246.995300
1247.369767
1248.412200
1248.420933
1248.423667
1248.660767
1248.770633
1248.947333
1249.101733
1249.801700
1251.185500
1251.212633
1251.240633
1251.292167
1251.330933
1251.386267
1251.454767
1251.463900
1251.582067
1251.603100
1252.241900
1252.307433
1252.433433
1252.754900
1252.788600
1252.791733
1253.676467
1253.906167
1253.930467
1253.932400
1254.096433
1254.176200
1254.229300
1256.164233
1256.250367
1256.344700
1256.491333
1256.558700
1256.661067
1257.479633
1257.528267
1257.639600
1257.641867
1257.784133
1257.787400
1257.911200
1257.924367
1263.974167
1265.813000
1270.261233
1274.303867
1274.337967
1274.341933
1274.383667
1274.495533
1274.530900
1274.545433
1274.846433
1274.914267
1274.927700
1274.930333
1275.095767
1275.824300
1275.913733
1275.947100
1275.951267
1275.990633
1275.993100
1276.038967
1276.041333
1276.163733
1276.529967
1276.535600
1276.588167
1276.606400
1276.627533
1276.643300
1276.704733
1276.738400
1276.763033
1276.795467
1276.802167
1276.859100
1276.866400
1276.889067
1276.935300
1276.997033
1277.026233
1277.139367
1277.236867
1277.255100
1277.290033
1277.352000
1278.088767
1278.112933
1278.216533
1280.319867
1280.338633
1280.378133
1280.526333
1280.715900
1280.730167
1280.844900
1282.890700
1283.101333
1283.228400
1283.325033
1284.223367
1284.304300
1284.306800
1284.424067
1284.522200
1284.977500
1285.056033
1285.111867
1285.115667
1285.162167
1285.164100
1285.166433
1285.169933
1285.202533
1285.211133
1285.215167
1285.217400
1285.303733
1286.706100
1287.068033
1287.101900
1287.143233
1287.148767
1287.176833
1287.179933
1287.474700
1287.550200
1287.617567
1287.626000
1287.681800
1287.725100
1287.764567
1287.779567
1287.789933
1287.825233
1287.845767
1287.911167
1287.913700
1287.916933
1288.148433
1288.166767
1288.192933
1288.195733
1288.242300
1288.303633
1288.322767
1288.351433
1289.944967
1292.058300
1292.165867
1292.454967
1293.348300
1293.388467
1293.749167
1294.471267
1294.508067
1295.042033
1295.300267
1295.718533
1295.721133
1296.274900
1296.392633
1296.399667
1296.449367
1296.532167
1296.848167
1296.986633
1297.031067
1297.065567
1297.095267
1297.116100
1297.153167
1297.184967
1297.402200
1297.517067
1300.735333
1300.814900
1300.954700
1301.206333
1301.319367
1301.321833
1301.338400
1301.378400
1301.395333
1301.517433
1301.968667
1302.023000
1302.039900
1302.060100
1302.106233
1302.203167
1302.238533
1302.278400
1302.353600
1302.767167
1304.603933
1304.618500
1304.678467
1304.894600
1305.098700
1305.451367
1305.709967
1305.771467
1307.014867
1307.721633
1308.753633
1308.796033
1308.799367
1308.859500
1308.937400
1308.954567
1308.980167
1308.994033
1309.061133
1309.063733
1309.066067
1309.068200
1309.069867
1309.073667
1309.077333
1309.080433
1309.088267
1309.089600
1309.098833
1309.103500
1309.106800
1309.108400
1309.295033
1309.299333
1309.377733
1309.447400
1311.857167
1312.357300
1312.493600
1312.515233
1312.518167
1312.530500
1312.582333
1312.628900
1313.529533
1313.547700
1313.550433
1313.626067
1313.631867
1313.634767
1313.636567
1313.638333
1313.646933
1313.657433
1313.661867
1313.806633
1313.997333
