1.297567
17.147333
22.218967
25.173733
27.032733
28.377367
30.996767
31.546567
36.552500
39.253933
40.341200
41.850200
43.434167
45.830100
59.608633
60.144867
60.225200
60.359367
60.412300
60.831833
65.383333
65.611167
70.690700
70.712567
74.720733
80.849467
85.363933
86.060267
87.532933
87.598633
90.584833
96.478700
96.864800
105.640800
107.776733
107.931200
107.984400
108.039233
118.600733
118.931167
121.535033
121.641367
122.299133
132.292400
135.864967
139.039400
139.098567
139.175900
142.219733
149.776367
156.944733
161.875600
165.060233
165.696833
165.770567
166.465100
167.000400
170.702633
170.745033
175.367933
186.597033
187.427533
188.082767
197.093367
197.102700
197.118500
197.438533
198.350800
201.546533
202.126333
204.726333
209.321700
209.391067
215.925433
224.528733
224.570600
226.564567
233.292567
233.720267
233.863567
242.398500
247.478967
254.197800
269.067500
270.817533
272.245067
273.692200
279.187633
284.636133
288.970533
290.745633
293.932600
293.958000
295.342200
295.540333
295.776367
298.254400
314.849800
326.099233
337.323433
339.018233
339.098967
339.159533
339.207867
341.890933
351.328567
357.162367
374.749967
377.738667
377.741700
377.835467
377.900167
387.542100
388.500867
391.262333
391.298967
391.400367
391.455467
392.889900
402.295200
411.606800
413.399500
416.493400
416.516033
416.627067
416.664800
416.694933
429.515367
431.864500
433.016700
435.557700
436.867767
436.919233
438.932333
440.336400
445.574800
446.037400
446.961267
460.215833
464.887400
472.062767
472.225867
472.447967
472.518300
472.761867
473.592267
478.188900
479.319067
482.113267
486.514067
489.198200
489.232733
489.257867
489.318733
489.561433
492.219200
497.205300
504.890233
509.889367
510.333433
510.728100
523.896033
525.746267
526.116500
526.515100
526.568367
526.688800
539.410700
542.400367
544.583600
546.767033
548.047133
550.413567
558.233233
561.572733
563.313367
567.389900
571.297200
571.396800
575.294100
587.858667
588.183200
588.352133
594.067900
599.954900
602.849267
606.865067
609.114000
616.793633
621.181767
621.598633
622.075567
626.583133
629.193867
629.540933
637.217967
637.766733
638.290467
639.119767
640.559233
640.946533
642.091500
643.475500
653.387133
653.910567
654.516267
657.263467
658.421867
658.606200
658.674767
658.718967
658.756733
658.808367
659.265467
659.515533
663.052533
667.517533
671.450900
671.670067
671.851667
674.349467
676.656867
676.868233
677.223867
677.344633
680.097367
680.984033
681.087433
681.238767
681.280867
681.289167
684.068833
684.100900
690.330533
692.569133
695.987800
696.511633
696.603667
702.290400
707.365433
714.057667
714.163567
714.472633
717.322167
720.264000
726.531267
730.040167
730.260033
734.061900
736.621900
738.946433
739.398000
739.671067
739.742533
740.713867
744.523500
746.883100
746.998167
747.326633
747.414600
753.442100
757.597967
757.652867
757.783367
758.189800
764.911500
768.916000
773.402867
780.357967
781.398067
783.646600
786.041133
789.605433
790.453467
790.502933
792.617033
794.600833
796.671367
796.875267
798.114933
798.153500
800.916000
806.734767
814.024400
826.850767
831.711700
832.649700
833.325900
833.646567
833.683567
833.699867
833.761833
838.789167
847.367633
848.182233
848.205900
848.232733
851.972600
853.129200
856.927467
858.945800
859.337933
865.153467
866.222033
866.713833
867.288133
870.640467
879.520467
881.960833
881.975767
882.642567
892.443700
899.113967
899.463867
901.069167
903.127300
912.089433
913.196000
916.195467
929.190933
932.903033
943.429900
948.862300
953.431867
957.959567
959.309700
962.519700
966.620233
968.423500
969.381033
980.167967
980.426267
980.685900
980.695300
980.753967
980.834533
982.916700
983.695733
987.441033
995.908233
1001.719067
1006.180833
1021.280200
1022.748267
1032.820067
1033.671967
1033.682067
1033.799433
1036.739800
1036.870600
1039.961733
1041.241767
1045.528433
1047.548033
1051.124167
1053.536800
1053.655567
1053.858733
1057.489967
1058.211067
1058.213900
1059.319900
1062.809633
1063.290700
1064.045867
1064.243733
1064.306000
1064.311133
1066.126600
1069.385467
1071.573600
1074.955700
1078.169367
1082.485833
1082.794867
1097.568567
1097.900900
1099.652367
1102.720800
1108.696133
1112.654300
1112.663567
1112.719833
1119.347200
1119.499733
1126.688633
1127.196200
1128.230533
1131.171533
1133.661000
1133.958700
1139.069867
1139.173267
1139.289267
1141.500100
1142.136233
1142.240367
1142.351267
1145.825000
1147.413900
1147.521767
1147.875133
1150.454100
1152.967533
1155.332967
1160.488000
1160.626300
1163.810033
1164.450133
1165.085867
1168.736767
1171.515967
1171.851500
1172.020267
1178.919233
1178.944333
1180.475167
1180.508700
1181.161333
1182.519200
1184.435867
1188.250333
1188.355300
1199.390867
1199.486967
1199.763267
1200.569700
1202.514767
1203.938400
1203.998067
1204.621067
1204.821667
1210.100633
1211.844733
1216.397500
1222.728500
1226.162133
1230.166233
1240.985367
1244.621733
1246.387433
1251.212567
1252.431200
1254.117500
1254.872367
1256.724233
1263.802033
1266.160067
1268.409200
1269.380467
1269.396800
1269.513500
1274.663500
1276.286233
1277.121367
1277.183500
1277.295933
1277.413100
1277.605767
1307.662700
1310.135633
