2.188667
5.564133
5.777633
5.824733
6.083567
6.200333
6.648433
7.333000
9.451933
11.999400
12.297800
14.514100
14.803633
15.643067
15.741533
16.231200
16.821400
17.025233
17.490833
18.797167
18.849400
20.899000
22.741300
24.183133
26.332600
26.412200
27.428233
30.817900
32.101733
35.586567
35.938333
36.518333
36.642933
37.204133
39.060967
39.511833
39.636767
39.725767
41.472567
41.626567
41.860067
42.985700
43.086433
43.201867
43.963000
44.232133
44.914300
45.395567
45.437467
45.730767
47.104200
47.309500
47.935233
48.392767
48.977033
50.492733
51.746833
51.993267
52.129933
52.578500
53.073467
53.387500
53.663500
53.767500
55.190200
56.381033
57.904300
58.618667
58.943233
61.202667
61.585300
62.941500
63.107933
63.431767
63.554567
64.140100
64.348700
64.656533
64.732133
64.774333
64.819000
64.949433
65.127367
65.187333
65.406100
67.930367
69.038733
70.557267
70.788600
71.214333
72.291233
73.874000
74.080100
74.135000
74.607633
75.425667
75.819267
76.675333
77.340667
78.932067
80.557367
81.628733
81.952567
83.280133
83.671267
85.430833
86.971667
87.208667
88.461800
89.075867
89.794067
90.015967
92.230200
92.730533
95.972500
96.944800
98.933600
100.445267
100.516167
100.702167
100.986667
102.771700
106.918000
108.402967
108.607800
108.882900
109.140433
109.377967
109.571800
110.215167
110.324033
110.923600
111.035333
111.756867
111.867200
114.155167
114.341900
114.416300
117.154100
120.312767
120.844867
120.893633
121.643400
122.294900
124.439500
124.617800
125.056100
125.889200
126.154100
126.256733
127.078500
128.999100
129.185100
131.036967
134.684367
134.731133
135.405533
135.459200
135.864633
136.123733
136.383000
137.257067
138.385467
138.404433
138.615833
140.082067
140.259733
141.465367
141.527333
141.671367
141.847133
142.290000
143.305800
143.409400
145.061167
145.239100
145.743400
146.130767
146.218200
146.400300
146.965100
147.268300
147.366233
148.162233
148.794067
149.203400
150.250500
150.750933
151.006333
151.199000
151.422067
151.526667
151.587200
151.766967
151.836933
151.947833
154.306533
154.619900
154.674733
155.358167
155.661067
156.854633
156.863300
157.344133
159.163700
159.630200
159.881833
160.630933
161.138167
163.775300
164.809267
164.959567
165.004933
166.075667
166.782167
166.978767
168.229100
168.937767
169.157733
170.527533
171.990200
172.356867
173.283733
173.350533
173.472067
174.022767
175.007633
175.068367
175.838833
175.914033
176.200033
176.447167
176.899700
177.033600
177.075200
177.167333
177.236067
177.505033
178.996467
179.098200
179.122500
179.550200
180.023733
180.602733
181.171800
181.238633
181.836167
184.817833
185.315900
185.484500
186.087700
186.620033
187.200767
188.261833
189.267067
189.423033
190.613600
191.232433
191.780200
192.056300
192.570867
192.804100
194.680333
196.025333
196.882667
198.268300
199.397400
199.828133
200.790000
202.478733
204.253600
204.345067
204.491067
204.621433
206.978500
207.419633
208.344333
210.024633
210.376833
210.655800
212.136500
212.718267
214.473467
214.818600
215.809467
215.934433
217.078367
217.173800
218.679700
220.167467
220.943800
222.385900
223.962833
224.224567
224.307600
224.948133
225.987600
226.194567
226.462367
226.988100
227.382167
228.433533
228.548133
228.707367
229.612000
230.120367
231.705133
235.613767
235.754867
237.055200
238.413100
238.612867
239.796167
241.331267
241.624533
245.133100
245.316533
245.448767
245.818900
249.461000
251.608367
252.745333
254.651300
255.047400
255.155833
255.819267
257.015500
257.104100
257.153267
258.236433
258.569267
259.298100
260.653067
260.916933
261.846267
262.200233
263.347467
263.783767
263.997300
265.125433
265.420600
265.583833
267.639233
267.785800
268.288100
268.314867
268.790200
268.848267
269.136800
269.597733
269.802300
270.737067
270.842700
271.757733
271.963700
272.024600
272.622867
273.442233
274.291333
275.699067
275.762100
276.655400
276.820667
277.205267
277.817867
277.985467
278.666367
279.176633
279.557300
279.944500
280.025600
280.087100
280.858000
281.440200
281.532300
282.048067
282.117100
282.691233
284.214333
284.277200
284.644100
285.512500
288.767700
289.265033
289.721533
290.006767
290.076467
291.748667
295.187067
295.564233
296.842300
297.727433
298.082333
298.388400
299.442467
299.890367
299.955800
300.981167
301.742667
303.604800
304.836267
306.002967
306.060333
306.341633
306.675867
308.293167
308.386433
310.309800
310.393200
310.876000
311.338967
312.043400
312.153000
312.638933
312.958100
313.647267
314.059633
314.193900
314.826033
315.967833
316.082400
317.221867
318.182833
318.332433
321.774733
321.883667
325.120900
326.676267
326.875933
327.050900
327.143933
327.882867
328.765700
332.217667
332.565267
332.716000
332.923133
334.534167
335.155333
336.770700
336.800333
337.444833
337.552533
337.656467
338.026200
338.406167
338.482100
342.723933
342.996800
343.323667
343.497200
343.886767
345.618167
346.502500
346.956833
347.704533
348.166600
349.013533
349.771100
349.780967
349.847633
350.655733
352.324967
354.972700
355.275300
355.745033
355.762267
356.498700
356.673100
356.765167
356.839500
357.410667
358.233933
359.152400
359.870900
360.425733
360.475300
361.012667
361.174933
361.380833
361.451833
361.608133
363.294467
364.188033
364.315133
364.953667
366.179100
366.748800
368.506500
368.819433
370.582500
371.931500
372.132100
372.296733
372.434667
372.800933
372.934133
373.494033
373.816200
375.453933
375.526567
375.592933
376.220333
376.356500
377.266467
377.319400
377.546700
377.672700
377.951400
378.010033
379.877133
382.201233
382.735967
383.000700
384.114833
384.365900
386.241867
386.373400
388.232300
388.756233
390.864767
391.357267
392.934533
393.431000
394.062567
395.784767
395.846100
397.371367
397.935533
398.256267
398.354700
399.170600
399.248067
400.211600
402.423333
404.793933
405.275400
405.595867
409.045833
410.859433
411.183733
412.492900
412.989733
413.933833
415.287600
416.268767
416.482800
416.863600
419.172000
419.224400
419.328900
419.539067
420.013067
420.372633
421.415267
422.732467
423.080233
425.738300
427.985133
428.087700
432.475033
434.002467
435.559867
436.282167
437.580700
438.434600
440.344100
441.226800
441.462200
441.541433
442.309233
442.934333
443.471033
444.154800
444.530500
445.247367
446.619567
448.294833
448.446433
449.081667
449.406867
449.559333
449.763567
450.739733
451.572667
451.708500
452.658700
453.008133
453.307967
453.354267
453.478133
453.512933
454.500133
456.428567
456.741800
456.958567
457.428833
458.998433
459.087000
459.320067
459.605867
461.173433
461.571767
463.151667
463.529067
463.569533
463.582500
464.500033
464.678300
464.747767
466.659533
466.715233
466.846433
466.907000
467.161000
468.826200
471.561000
472.117833
472.192500
472.944633
477.664233
477.748067
477.999300
483.290900
483.962133
486.484700
487.658600
489.133567
489.544500
492.056567
492.350300
496.606467
497.549600
498.166633
498.382500
502.355533
503.001400
503.666667
504.748567
505.443167
505.641533
506.753733
508.507933
509.017333
510.606500
512.670133
512.771333
514.435533
514.794767
514.927333
515.268933
516.089600
518.761867
520.994633
521.221367
522.863533
527.528200
529.080667
529.334000
530.957000
531.007367
532.939333
534.627867
534.731100
535.825667
537.617000
537.991467
538.105433
538.342267
538.411800
538.673333
539.316167
539.744567
540.410200
543.026667
543.997833
546.656900
547.990733
548.395133
549.830767
550.038000
551.048367
552.565433
552.792500
553.261933
553.372933
554.144700
554.402133
554.722433
555.976600
556.050500
557.500067
557.623533
557.734833
558.222533
558.502167
558.944200
559.053967
560.115233
561.016833
561.122100
561.924933
562.363533
562.630967
565.045167
566.277833
567.382733
567.495367
568.019100
568.388300
569.490567
569.843367
570.307433
572.261133
573.311033
574.119400
574.367800
574.589767
574.701900
575.453800
575.516300
575.703467
575.794867
575.868500
576.405300
576.685900
579.491800
581.973933
582.006033
582.723933
583.153833
583.351733
584.908400
586.494200
587.142233
587.244300
588.532067
590.784933
591.498600
592.798400
592.852933
593.081900
594.963033
595.074400
595.776967
595.849200
596.098433
597.469433
599.405367
599.882533
599.967900
600.236500
600.413500
601.585533
602.269200
602.527733
603.267700
603.390033
603.634200
603.822833
606.768467
606.987200
607.251500
607.332467
609.162200
609.614833
610.210433
610.392000
610.638700
617.660100
618.196733
618.567200
619.548567
619.842167
621.190000
622.863400
623.649067
623.868200
624.656000
625.382800
625.604633
627.070700
629.648067
629.874367
629.938100
630.683100
631.113367
631.702967
632.205333
632.542967
633.395467
633.433767
634.231500
634.425900
635.112533
635.818567
636.377500
637.852067
638.284900
640.578367
640.874733
641.053733
642.040567
645.133900
645.232367
645.862400
646.402233
648.434267
649.191967
649.288100
649.714200
650.806000
651.555933
652.072467
657.647733
657.994867
658.856600
659.535200
661.529600
661.721667
662.439067
662.548167
664.248033
666.448667
666.585133
667.210567
667.987333
669.399100
670.120433
670.678333
670.840400
671.386200
671.845267
672.338033
675.997300
676.067400
676.652667
676.807300
678.179900
679.287833
680.053900
681.407133
681.520567
682.314500
684.278433
684.353067
686.010233
686.529700
686.914900
687.592033
687.692800
690.084567
691.023500
691.819500
693.307467
693.563133
693.598267
695.261067
697.228833
702.894633
702.939233
703.075900
704.490967
704.537033
705.506500
705.646633
706.967233
707.735067
708.475767
708.591167
711.691000
711.755167
712.107733
713.063533
713.684367
714.022700
714.147200
714.232000
714.869933
718.308733
719.961233
721.292500
721.515667
722.607300
726.579967
727.179067
727.645700
729.221133
729.624367
730.722800
731.314733
731.414133
731.539267
731.692167
731.807667
732.584700
733.309667
733.807633
733.913533
734.088900
734.335467
735.460133
737.700100
738.744867
738.920700
739.185933
739.671700
739.868367
740.648500
740.939400
741.422967
745.688400
746.718700
746.844133
746.934733
749.409400
751.220967
751.577167
752.212333
752.338267
753.588167
753.988133
754.757667
754.841033
755.398400
756.306300
757.378167
757.898533
758.352833
758.448767
758.528067
760.991967
761.354500
761.791100
762.684367
764.392867
764.623067
764.775533
765.842767
765.997333
768.386800
768.572733
769.042333
769.317800
769.892100
771.323067
771.753133
772.107000
772.778300
774.257467
775.623300
775.942467
776.054100
776.406133
778.028233
778.555367
779.249167
779.251567
780.565567
780.644500
783.200967
783.789967
784.157700
784.545600
784.782500
784.999667
785.112033
786.982033
787.352200
789.073967
789.243333
789.860067
792.679367
792.827067
793.501100
793.594133
794.691367
795.083933
795.387133
795.435033
795.742700
796.703500
797.112800
797.713800
797.769733
799.254433
799.959800
800.371567
802.066933
802.285033
802.836167
803.175400
803.596733
804.308367
804.848667
805.079767
806.208467
806.384700
806.821167
808.253900
810.553267
811.186533
812.053200
814.051500
814.126233
814.255300
814.786067
815.049400
815.105500
817.008800
818.648600
818.952133
819.897800
820.021533
823.024900
823.107700
823.503833
824.643400
827.611200
830.812300
831.414167
832.078033
832.629100
833.623500
834.072100
835.219167
835.359967
835.553533
835.771567
836.833800
836.988667
837.899333
838.215100
838.378533
838.929200
839.285133
840.952133
848.670667
850.424033
850.988800
851.279267
851.341800
853.253133
853.560667
853.710000
853.949733
854.415233
854.991000
855.300733
855.465500
856.143333
856.269067
859.586633
860.486967
861.675700
862.929067
863.569400
863.970500
864.051767
865.018967
866.387367
866.837300
868.043867
868.956833
869.178467
869.751900
873.539433
873.809800
874.256067
874.397567
874.460000
877.987633
878.322233
879.526967
879.753767
880.394700
880.900500
881.538467
881.708467
882.032833
882.234933
882.309933
882.548667
884.089633
884.147500
884.445267
884.921567
888.000967
888.743833
889.054433
890.635233
890.887667
891.060967
891.216600
891.322800
892.369333
893.479233
894.902233
895.072433
895.148500
895.528600
896.262233
898.161900
900.032533
902.289900
902.900367
902.907867
903.402767
903.775600
904.774433
905.603767
906.282600
906.385467
906.467033
906.805867
906.943633
908.123600
908.319833
909.342800
909.646300
909.927333
911.191300
911.864733
913.272233
913.438200
916.891300
917.193333
917.526533
918.322900
918.863633
919.770967
921.507433
921.981333
922.201700
922.634733
925.560100
925.810767
926.458867
926.777300
928.269600
928.679933
928.941133
929.007633
929.318067
929.977100
930.632967
930.805167
931.521433
931.791967
932.357933
934.651233
935.745767
935.817567
935.933033
937.259067
937.759933
938.195867
940.343067
940.375233
940.455200
940.542067
941.673367
941.983667
942.827433
942.911500
942.983667
943.342600
943.406000
945.720100
945.789567
945.998000
946.904033
947.894733
948.932567
949.547500
950.617933
951.194533
951.876700
952.313300
953.512367
956.340800
957.008533
957.976567
960.170267
960.437300
960.922700
961.565500
963.342733
964.510067
964.918433
965.339533
965.541833
965.667400
966.892833
967.171500
967.316833
967.507933
968.222400
968.943467
969.199933
969.444600
969.949700
972.586200
973.306733
973.769600
974.293200
974.652233
974.698900
974.978667
975.573000
975.618233
976.607100
978.235500
978.715333
978.860333
979.115967
979.456567
979.644767
979.820200
980.498700
981.275400
982.546667
982.973767
983.112233
983.621233
984.224200
984.498733
985.202567
985.492200
985.687667
986.700167
989.536833
990.962367
994.402200
995.561133
995.956433
996.468433
997.821100
998.866667
999.011333
999.195833
999.692833
1000.152800
1001.135167
1003.354367
1005.413200
1005.761367
1005.930033
1006.100467
1009.814433
1011.576333
1014.118933
1014.719500
1014.752467
1014.865400
1015.040233
1016.407800
1016.519433
1017.945600
1017.983167
1019.884633
1020.491400
1025.253867
1025.620600
1029.200867
1032.954867
1034.651833
1038.104033
1038.468867
1038.647400
1040.362333
1040.713367
1041.199700
1041.336767
1042.732900
1042.866967
1044.330933
1044.480167
1045.408233
1046.457933
1048.847767
1049.434567
1050.960933
1051.659967
1051.769700
1051.917567
1052.624800
1053.848267
1053.898533
1053.948000
1055.705367
1056.381433
1057.432933
1057.474933
1057.550033
1059.927233
1059.962700
1062.082600
1062.357933
1062.883267
1063.124233
1063.860633
1064.155700
1064.800467
1065.514200
1066.837033
1067.423867
1068.887900
1069.179700
1070.727000
1071.003367
1071.618667
1071.785667
1072.025667
1072.819667
1073.707967
1075.033233
1075.717700
1075.907167
1076.824367
1077.629967
1077.976500
1080.052800
1080.353800
1080.690100
1081.820333
1083.672767
1083.704533
1083.998033
1087.023967
1087.182867
1087.818467
1089.328033
1089.367633
1089.419633
1089.743700
1090.871533
1091.252200
1092.139967
1092.997800
1093.441300
1093.538433
1093.914300
1096.225633
1096.412533
1097.641700
1098.342367
1098.456300
1098.665100
1100.042133
1102.176900
1102.894967
1104.321733
1104.574500
1104.629867
1109.391767
1110.052433
1111.371667
1112.021467
1112.389033
1112.892867
1114.148300
1114.298033
1114.385067
1114.792367
1115.557733
1116.891567
1117.107033
1117.690700
1117.954733
1118.132267
1119.585133
1122.376600
1122.581400
1123.000433
1124.642767
1124.904567
1125.122967
1125.316300
1125.401333
1125.792367
1125.988567
1127.211767
1127.582633
1127.720767
1129.330633
1130.170733
1130.494133
1130.887033
1131.057300
1132.507267
1133.216400
1135.839433
1137.039100
1137.741967
1137.791933
1139.102900
1139.254600
1139.355900
1139.780133
1141.698733
1143.170667
1143.502933
1144.366867
1144.577567
1146.784733
1148.410000
1149.132033
1150.917367
1151.927433
1152.422600
1152.622900
1153.492600
1153.674700
1154.187867
1154.959600
1155.396300
1155.613433
1156.164467
1156.828233
1159.192800
1159.448833
1159.952033
1160.125900
1160.304633
1160.444300
1160.776933
1160.844567
1161.230867
1162.466400
1162.851833
1163.781767
1165.579833
1167.084700
1167.532467
1170.987067
1171.949667
1172.110567
1172.462000
1174.268400
1175.200100
1175.269567
1175.442500
1175.778800
1176.285433
1176.895500
1177.421800
1177.932700
1177.997833
1178.354100
1178.894033
1179.161600
1179.348667
1180.230967
1180.540300
1181.040133
1181.497267
1181.552600
1182.133700
1182.239067
1182.461233
1182.664133
1182.886333
1182.989800
1183.510733
1183.945167
1184.971867
1185.043067
1185.443367
1186.905867
1187.596133
1188.928233
1190.604033
1193.856000
1194.135833
1194.301200
1194.491867
1195.005867
1196.216600
1196.687667
1201.522500
1201.605533
1202.201733
1203.185833
1203.347333
1203.496833
1203.824633
1204.943267
1205.893700
1206.490467
1206.943833
1207.638133
1208.316633
1208.500867
1208.775633
1208.932400
1209.108133
1210.532567
1211.990667
1212.701700
1212.783167
1213.084367
1214.438667
1214.590200
1214.639967
1215.909133
1216.535867
1221.197000
1222.705367
1223.305333
1223.539200
1223.888233
1224.191067
1224.334133
1224.401900
1224.481567
1224.626600
1225.190500
1225.756967
1226.475433
1226.650033
1230.168733
1231.360400
1232.375600
1232.638400
1232.867467
1234.103000
1234.174400
1234.281633
1234.625567
1234.727267
1236.773633
1237.036767
1237.309200
1237.455567
1240.133900
1240.749767
1241.023867
1241.507400
1242.125933
1245.563100
1246.090233
1246.811100
1247.205933
1248.228067
1249.791967
1250.419567
1250.459333
1251.091200
1251.747100
1252.336667
1254.662967
1254.728433
1254.984267
1255.853067
1255.940500
1257.089700
1257.579133
1259.427633
1259.577667
1259.760367
1260.098033
1263.096133
1263.427233
1263.625567
1264.424233
1264.653133
1264.832433
1264.978367
1268.311600
1268.682633
1268.885467
1269.352267
1269.701833
1269.706600
1273.215500
1275.070400
1275.567367
1275.736767
1276.457167
1277.416067
1277.617800
1277.773667
1277.838333
1278.504533
1278.747233
1278.956500
1280.585167
1280.673933
1280.772600
1281.248533
1281.529500
1281.785833
1282.127700
1282.253300
1282.436967
1283.294067
1283.647433
1284.363400
1284.480433
1286.002233
1286.120400
1286.307600
1286.573433
1287.536367
1288.136767
1288.269600
1288.522467
1288.895233
1289.725600
1289.804633
1290.286633
1290.962267
1294.136033
1294.707900
1296.805233
1297.881700
1299.521667
1300.069267
1300.477167
1300.534400
1300.643133
1300.777533
1301.118100
1301.306900
1302.917467
1303.215500
1303.324433
1303.536733
1303.852700
1305.116067
1307.952900
1308.064433
1308.618933
1310.609900
1311.625800
1312.581667
1312.751233
1313.312500
