0.766033
0.868467
1.427767
3.223400
4.422500
8.927467
11.194800
11.496100
12.548433
13.855867
14.014567
14.081667
14.383133
14.425533
15.403100
21.724200
21.831033
21.943867
23.079867
23.244733
23.370800
24.917233
25.751033
25.848467
26.229733
26.275600
27.428133
27.625033
27.728600
27.868233
28.763267
28.891700
30.156400
33.052967
33.539833
35.850667
36.265700
37.950767
38.289967
39.288200
39.370567
40.170467
40.763900
43.003667
43.442200
43.894000
46.850133
48.836733
51.445267
52.003800
53.026633
55.042067
55.173533
56.530600
56.762967
58.297367
58.386533
58.998700
63.241500
64.848533
65.003100
66.614400
66.972333
67.041100
67.327067
67.673900
69.084367
69.956100
70.517633
71.752567
72.566733
76.007400
76.644867
76.970000
77.272800
78.325733
78.481667
78.792267
79.344533
80.485567
80.613167
80.857267
82.646700
82.745667
83.097633
84.024167
85.441933
86.040533
86.152400
86.551400
86.629167
86.821767
87.215500
88.719800
89.096467
89.163167
90.931267
91.095333
91.314100
92.204500
95.805700
96.048633
97.171067
97.248867
97.378033
97.890567
98.115467
99.085267
99.458767
99.719067
99.876067
100.049933
100.128967
100.421567
100.557267
102.188267
102.661733
103.188900
104.080967
104.400200
104.475233
104.582433
105.625433
106.276833
110.249833
110.639667
110.951867
111.898700
113.236400
115.198033
115.544000
119.442333
119.627267
119.834933
119.979000
120.213033
120.437567
120.883333
120.927933
121.020800
121.875900
122.286800
122.402733
122.529533
123.169767
123.230700
123.527767
123.584167
123.616267
123.727733
123.978233
124.238433
124.303767
124.374433
124.519500
124.994800
126.221467
126.920667
127.102867
129.116667
129.827400
131.544667
132.491267
132.667233
133.907133
133.954400
135.880900
136.278767
136.577467
137.313933
139.480733
139.660767
141.586167
141.686600
143.014033
143.297867
143.587933
144.386567
145.316667
146.603767
146.663033
146.901933
147.093733
147.635400
148.512767
149.136500
149.329900
150.800667
154.612833
154.762333
155.005900
155.190733
155.376400
155.466267
155.777700
157.042500
157.312967
157.480200
157.645933
157.943333
158.494633
159.623333
162.045433
163.823200
163.863700
164.390467
166.247933
167.515933
167.774000
167.850700
168.255833
168.480067
169.472733
169.694333
170.301167
170.825733
171.636900
171.917833
172.277600
172.729900
173.007000
173.678433
174.398400
174.764800
179.235533
179.988067
181.655167
182.864900
183.675900
183.763800
185.581600
185.706000
186.045633
187.908467
188.148500
188.209467
188.592167
189.472900
189.662067
190.690133
191.006833
191.088933
193.726000
194.485033
194.835267
195.167933
195.181033
195.376967
195.650667
195.806667
196.473033
197.810667
198.588033
198.638300
198.744867
198.784733
198.820667
199.180433
199.329367
199.506800
199.523467
200.577667
200.890533
201.016167
201.128867
202.161667
202.653600
203.641667
204.197933
206.311267
208.163400
208.196133
208.270467
208.373333
209.679200
210.512233
210.563467
212.162133
213.164500
213.443033
213.590833
213.956033
214.393767
216.239933
216.394000
216.994467
217.097133
218.766167
218.819600
219.294833
219.487700
219.578167
220.610467
220.922067
222.209200
222.352033
222.483100
224.841133
224.904300
225.780633
225.832800
225.969600
229.161300
230.365600
232.001700
234.037800
235.086033
235.380167
236.130867
236.463633
236.631867
236.921033
237.058400
237.360767
238.031333
239.214467
240.031633
240.066800
240.794400
241.060133
242.456800
244.646800
245.517033
245.840467
246.704200
246.932667
247.233933
248.001833
249.049500
249.454400
250.758500
252.196300
252.255733
254.251833
254.668533
256.769267
257.151900
257.344667
257.369200
257.423667
257.654033
258.068400
260.228733
260.323833
260.446800
261.402033
261.559800
261.653333
261.809067
261.896667
262.243667
262.468867
263.345900
263.454633
263.932400
264.037800
264.376433
264.558300
264.831900
265.982200
266.107500
266.266567
267.926833
269.187067
269.784967
269.987333
271.119533
271.248133
271.847900
272.285167
272.504767
272.795133
273.563533
274.633033
275.322533
276.770133
276.826000
277.262300
279.315000
279.469700
279.635567
281.384500
283.487300
284.010300
286.600033
289.361667
289.997467
290.162333
293.443000
293.514433
294.157167
294.199800
296.202633
296.534067
297.327300
297.388533
297.410167
299.847067
300.304233
300.568933
301.696333
303.474600
303.743700
303.968767
304.467800
304.580667
305.205300
306.049367
306.721900
306.736067
306.787333
308.554900
310.639467
311.032033
311.603667
311.683867
312.565200
313.181500
313.738367
314.429800
314.972400
315.042700
315.843400
317.886633
318.282233
319.373933
319.738900
320.341900
320.874700
323.949400
324.170467
326.236267
326.629500
329.052433
330.299667
330.411067
330.604533
330.840233
332.652800
333.141167
333.398033
334.860367
336.150533
336.280400
336.649633
336.746033
337.426933
338.005000
338.762767
339.530067
342.486767
343.465833
344.066667
344.201600
344.638367
346.508167
346.550733
347.283733
347.572867
347.698767
350.114233
350.300700
350.704233
350.992033
351.130133
352.372967
352.716767
353.017633
353.064133
353.410700
353.670333
353.875467
354.492433
354.963667
355.059433
355.156400
356.468167
357.215167
358.152400
358.696067
359.234567
359.363900
359.413967
359.537167
359.711800
359.999533
363.324100
363.548567
363.605933
364.649133
365.069433
365.373167
366.582100
366.848800
367.636133
369.076833
370.139033
370.748167
371.345133
372.068167
372.923100
373.482733
374.761333
375.240133
376.595133
376.632533
376.874567
376.971467
380.473567
380.619100
382.852933
383.806633
385.203800
387.930633
389.129300
390.117133
390.235967
391.889567
392.476767
397.105867
397.260000
397.967667
403.785567
405.342067
406.489900
410.028667
410.384967
412.750400
413.381000
413.458667
414.341967
414.443467
415.467933
415.667600
416.082067
417.829233
420.985933
421.220133
421.773133
421.827333
422.071167
422.123533
422.912900
423.029133
423.074767
425.350933
425.828767
426.863033
427.832100
428.251933
428.639467
428.952967
429.575900
430.399000
431.372167
432.871833
433.534033
433.762033
434.213433
434.942267
437.762967
438.974167
441.294533
442.400167
442.692533
443.854900
444.312167
444.368333
445.104600
449.200533
450.224067
450.965533
451.460000
451.763667
452.191133
454.972900
457.393867
457.646000
458.301767
458.498800
461.206567
461.715067
463.442333
463.965633
464.089000
464.970067
465.599200
465.662433
465.853700
466.837000
467.412167
467.583567
468.797333
468.917733
469.331633
470.738833
471.539733
471.672500
473.308800
473.577367
473.631767
473.961233
474.122033
476.006500
476.769100
476.821800
477.198333
477.464800
477.658800
477.749133
478.867500
482.403667
484.541100
484.953300
485.819667
485.895833
487.806967
489.972033
490.396433
490.698267
490.903433
491.005367
491.698300
491.905400
493.612433
493.749633
493.834433
494.268900
495.806400
496.053367
497.180900
497.856200
497.973500
499.870133
501.329233
501.698767
502.204267
503.588433
503.839767
504.940067
505.215367
506.267167
506.295567
506.458133
506.618233
506.809733
507.619300
509.253800
511.373067
511.649667
511.855667
512.045233
512.353767
512.507500
513.092533
513.153700
514.433933
518.874967
519.559733
519.912033
520.013000
520.244167
521.316433
522.484533
523.563500
523.758700
523.895933
524.769900
525.178867
525.835800
526.771967
527.013100
527.154667
527.973767
528.122367
528.415433
528.631933
529.953633
532.038167
533.824700
534.079000
535.049867
536.433300
537.146800
537.452967
538.096833
538.366367
538.690467
540.640967
540.846467
542.071767
542.347900
542.569567
543.770567
543.879033
543.989533
544.459967
546.321767
546.443533
546.707967
547.304467
548.011700
549.557633
550.090067
550.273233
550.606800
550.959867
551.942233
554.475600
554.754667
554.815500
555.064500
555.298900
556.337433
556.638000
557.065467
559.038067
559.278700
559.526567
559.965333
560.359533
561.092833
562.864200
564.171633
564.237867
564.367200
565.273433
567.360533
568.539533
568.785233
569.370133
570.012333
570.476133
570.594433
570.738500
571.008900
572.732033
573.202600
573.310533
574.691833
574.850800
576.171133
576.316833
576.451867
577.041867
577.970433
578.073633
580.198167
580.838433
580.901200
581.828300
582.038433
582.538333
586.548167
587.284900
587.681267
588.806600
591.293200
591.954933
592.012133
592.065800
592.347700
592.740767
594.203367
595.266200
596.198267
596.391133
596.750700
597.221400
597.296200
598.684667
599.852200
600.067167
600.162467
600.487533
601.542700
601.783000
604.481900
604.645300
604.982467
605.600267
605.874700
606.175600
607.666400
607.720267
607.964133
608.395100
610.102367
610.674733
611.113733
612.466500
612.566900
612.673533
614.498933
614.743067
616.212567
616.289767
618.432900
619.296100
619.914767
622.794733
623.512000
623.583900
623.681467
624.595533
624.658367
624.863467
624.921933
625.564333
627.559000
627.647467
628.686333
628.856967
629.540300
630.115433
630.307567
630.447667
630.871133
631.354767
631.577700
632.321000
633.670867
634.531567
634.597100
635.311967
635.422667
635.850800
636.502067
638.810733
639.100233
639.633900
642.930733
644.765733
645.565300
648.546967
648.768933
649.151367
653.468433
654.113400
655.244167
655.297867
657.074133
657.954167
658.164100
659.441233
661.781333
662.593500
664.156067
665.415967
665.796467
666.281000
666.819700
669.333633
670.830500
671.010833
671.593867
672.291333
673.590300
673.708367
673.948033
674.755400
674.780800
674.862767
676.031600
677.212767
677.803867
677.927500
678.241033
678.700567
678.775333
679.048600
681.107800
681.378367
681.953333
682.030900
683.705300
687.079333
687.677233
688.911467
690.046600
691.132133
691.316667
691.472800
691.480067
692.040733
695.591600
695.712833
695.767033
699.285933
699.490533
700.546933
701.113833
706.391033
706.776167
707.534167
708.052433
709.302000
709.430233
710.423000
710.475533
713.996800
717.963367
718.794467
723.141167
724.679900
725.331133
726.130400
727.578800
727.663267
728.080367
728.289800
729.060733
729.796767
730.533000
731.480067
732.783367
733.695300
734.646633
735.448067
735.771967
735.863167
735.965933
736.340167
736.542700
737.494867
738.071733
739.341800
740.316400
741.610767
743.921567
744.086233
744.214967
744.689767
744.742633
746.116967
747.609200
747.802067
748.075967
748.306167
748.835733
749.413667
750.013000
752.223833
753.306900
753.717833
754.007433
754.502500
755.083333
755.506733
755.587367
755.679200
757.458000
759.200733
759.393167
759.966267
760.286833
760.646933
760.779367
761.429900
766.520067
767.917600
768.181167
769.317467
771.236167
773.049233
774.073933
774.641667
775.308600
775.738133
776.951067
777.222200
777.605767
778.110000
779.687133
781.581800
781.679067
782.276467
782.435000
783.667400
784.831367
785.450000
786.150533
786.225800
786.253233
786.526700
786.946433
788.295700
788.349767
788.440133
788.707500
789.140533
789.319200
792.453333
793.102367
793.390133
793.459400
793.552100
794.117967
794.377467
795.822000
795.917467
797.804767
800.360833
801.771700
802.011633
802.231800
802.886033
803.564533
804.308800
804.937833
805.543533
805.781967
807.233500
808.141400
808.797200
809.511500
811.407767
811.747767
812.083367
812.405067
813.123433
813.246367
815.162733
815.398767
816.768733
817.903967
818.064433
818.226433
821.778700
822.369000
825.360900
825.968667
829.946133
830.726200
830.815800
831.133933
831.749000
832.394567
832.862633
834.937967
835.515367
836.522833
837.359633
838.286167
839.996067
840.313067
840.471067
841.955067
842.245467
843.527900
843.614833
844.154867
845.301200
845.422467
846.084300
846.798633
846.858833
846.937767
847.020633
847.246467
847.663733
848.308700
848.335100
848.415033
849.128100
850.065667
850.187267
851.650633
851.727633
851.859300
852.344700
853.114767
855.847233
856.584100
856.638600
856.892667
857.884667
859.186900
859.957133
862.329067
863.210267
863.328400
863.859500
865.060567
865.119633
865.721233
866.081633
867.570867
867.818167
868.271467
868.305933
868.344200
870.815400
871.273500
871.335033
871.433833
871.737700
872.311933
873.762100
875.960933
877.184933
877.555433
877.595467
878.274767
878.495400
879.640800
880.226800
880.346600
881.123767
882.965100
884.128400
884.222733
884.601433
885.262367
885.414000
885.668067
886.403500
887.082933
887.487833
887.704900
888.310300
888.525467
889.919400
890.171733
890.272667
890.681633
891.253200
891.547500
892.783733
893.629500
893.813067
893.913400
894.271533
894.325800
899.255000
900.311500
902.472667
902.666000
902.879300
902.903367
903.299467
903.679633
903.712667
904.168567
905.109100
906.172467
906.439733
907.024800
907.096333
907.864433
908.031000
909.143533
912.704433
917.150300
917.342267
918.290700
918.671467
918.725367
919.029500
919.569133
919.757667
920.066767
920.489033
920.529333
921.230467
922.269567
925.596533
925.842300
927.663400
928.016067
928.223867
928.381000
929.718700
930.290600
930.630967
932.093567
932.292433
933.686567
933.877000
934.170133
934.425533
938.200067
939.118400
939.342600
939.872267
940.364067
940.847200
941.157667
944.628067
944.850767
945.320767
945.387100
946.015533
946.198367
946.417367
946.760400
947.103633
947.178567
947.469633
949.723633
952.255533
954.418633
954.600800
956.200400
956.359433
956.615067
956.723433
957.017500
957.137033
957.414600
960.389733
960.555133
960.582800
960.700633
962.940967
964.022300
964.484300
965.358200
966.381633
967.215300
967.471200
968.144333
968.565900
968.933200
971.310100
972.834900
972.981200
973.009033
973.197667
973.891267
974.593067
976.535400
976.980600
977.120367
977.503733
978.211867
978.306033
978.666667
979.538767
981.039633
981.642367
985.945533
986.951800
988.960767
989.402867
989.569733
989.981967
990.202133
990.487533
992.033667
992.309867
993.449867
993.562800
993.787300
993.969933
994.135167
997.422467
997.878700
998.048133
998.335333
1001.107633
1001.289867
1002.108500
1002.634133
1002.720133
1003.046700
1003.756600
1004.096833
1004.840267
1005.296200
1005.595533
1005.648233
1006.766100
1006.843033
1008.112467
1008.260767
1008.377567
1008.832267
1010.389100
1011.501867
1011.650300
1011.881633
1012.590133
1012.790633
1013.549400
1014.409333
1017.683000
1019.264733
1020.849800
1021.915200
1023.440033
1024.988767
1025.056133
1025.233300
1025.337167
1025.374333
1025.644867
1025.786267
1026.241833
1026.514200
1026.599900
1026.663100
1027.313433
1028.332100
1028.869500
1030.437567
1031.702433
1034.563200
1035.239767
1035.706433
1036.065667
1036.151000
1036.381033
1037.606600
1038.209867
1038.355433
1040.038167
1041.776100
1042.670567
1043.246000
1044.439133
1045.353800
1046.122767
1046.341867
1047.408133
1047.930933
1048.215567
1049.220200
1050.924700
1052.316267
1052.669767
1052.781700
1054.505100
1054.842167
1055.445533
1055.502400
1055.680033
1056.159367
1056.244367
1056.489900
1056.533667
1056.793767
1057.450267
1057.831067
1058.118733
1058.530733
1058.720200
1059.596033
1060.434000
1060.864533
1060.932533
1062.940833
1063.450867
1063.984267
1064.834200
1065.986933
1067.732167
1069.452733
1070.818867
1071.101500
1072.512800
1073.990833
1074.213333
1074.544233
1077.940167
1078.410267
1078.717133
1078.824900
1080.105000
1081.140633
1084.418933
1085.620767
1085.714200
1086.964100
1088.018633
1089.304667
1090.400400
1090.587567
1091.374300
1091.571333
1091.791000
1091.822433
1092.008467
1092.099633
1092.192900
1095.540433
1096.727033
1096.816300
1097.184833
1097.216600
1097.312567
1098.523100
1099.129200
1100.918300
1101.293933
1101.743200
1101.936400
1102.021600
1102.166733
1103.060900
1103.135467
1104.936733
1105.405100
1106.034300
1106.526233
1107.126567
1108.227733
1108.274733
1108.426433
1109.497167
1110.058367
1110.073133
1110.200267
1110.538467
1110.937700
1111.890533
1113.999100
1114.910667
1116.685300
1116.847200
1117.905733
1118.547967
1118.758433
1119.505100
1120.149567
1120.326833
1120.652567
1120.997400
1121.156200
1121.666733
1123.096867
1124.774033
1125.089133
1125.290667
1128.869567
1129.454667
1129.591533
1129.667500
1132.278700
1135.070833
1135.327033
1136.288067
1137.147433
1137.849500
1141.837967
1142.352367
1142.905567
1143.520267
1143.624467
1143.672100
1147.002500
1147.489033
1148.220133
1148.652567
1149.088133
1149.469800
1150.930000
1151.155067
1151.459400
1151.667033
1151.942767
1152.201533
1152.851067
1153.335067
1153.442467
1157.399200
1158.189933
1158.535367
1159.013833
1159.114533
1159.411500
1161.193400
1161.271033
1162.248900
1163.164033
1165.992633
1166.526633
1167.053633
1168.694467
1168.832800
1169.144100
1169.764400
1170.715900
1172.822933
1173.050233
1173.121767
1173.432933
1173.600900
1173.653733
1174.200600
1174.569133
1175.088100
1175.545533
1176.741333
1179.442167
1180.326333
1180.613100
1181.389033
1181.567400
1182.927567
1183.452133
1183.823133
1183.859700
1183.995100
1184.250600
1185.105233
1185.669367
1186.374000
1186.553433
1186.593600
1188.310267
1190.246900
1190.522067
1191.721100
1193.270967
1193.303933
1193.632300
1193.997700
1194.470833
1197.288100
1198.158467
1198.487133
1199.900067
1200.134900
1200.672767
1201.227467
1201.942100
1202.369533
1202.642167
1203.063200
1203.136767
1203.328267
1203.595833
1204.885667
1205.339267
1206.766633
1207.124533
1207.454833
1207.751000
1207.845600
1207.862767
1207.937367
1207.976533
1208.064700
1208.234467
1208.797667
1209.194433
1210.950300
1211.706333
1211.863067
1211.934600
1212.028867
1213.194567
1213.886800
1214.421200
1214.622733
1215.241267
1216.239567
1217.207433
1218.752800
1218.809600
1218.875633
1218.995700
1219.199167
1219.568967
1219.877533
1219.998533
1220.331633
1221.018767
1222.941467
1223.115733
1223.720800
1224.717133
1225.053933
1225.384133
1225.714567
1226.829033
1227.225500
1228.113100
1228.342967
1228.501133
1228.686533
1228.728900
1228.891800
1229.676933
1229.732433
1229.921933
1231.502400
1232.600267
1234.003800
1235.187533
1235.829000
1238.129367
1238.558800
1239.364933
1239.816167
1239.871700
1240.653400
1242.066200
1243.839267
1244.777700
1244.878300
1245.046433
1246.057267
1246.171367
1248.198400
1248.315167
1249.521067
1251.680600
1252.680433
1252.840033
1252.965467
1254.041400
1255.395867
1256.397133
1256.432733
1256.633700
1256.754033
1256.789733
1257.181267
1257.441433
1259.922600
1260.226667
1263.597700
1263.718167
1265.185100
1265.869800
1266.272667
1267.388867
1268.532467
1269.352667
1270.680133
1273.380833
1274.231567
1275.669633
1276.083133
1276.337800
1276.474067
1277.331433
1278.586967
1279.319867
1280.477600
1281.037267
1282.154267
1284.475833
1285.497067
1285.836967
1286.775000
1288.081867
1289.131467
1290.085067
1290.142300
1290.597700
1291.697100
1292.861033
1293.280167
1295.028467
1295.459600
1298.778167
1299.568467
1299.707533
1300.142700
1302.467100
1302.912867
1302.953633
1303.119267
1305.153933
1305.424900
1305.601200
1307.725767
1309.089500
1310.305667
1310.843433
1311.538233
1311.973900
1312.827333
1313.113433
