0.342467
0.460300
0.489700
1.459767
1.712100
1.874667
2.416400
2.653033
3.418933
3.466600
3.544767
3.580733
3.675667
3.887300
4.265133
4.540200
4.623867
4.749533
4.815333
4.873800
4.961033
5.316033
5.562633
6.166767
6.371600
6.429733
6.474933
7.030133
7.099000
7.264767
7.362100
7.453267
7.812300
7.845767
7.910233
8.032867
8.109567
8.152000
8.368900
8.407267
8.473133
8.569933
8.628667
8.808200
8.857067
9.001033
9.083433
9.307500
9.449733
9.481233
9.540967
9.741100
9.830300
9.846900
9.929767
9.961867
10.027500
10.060200
10.135367
10.171567
10.222267
10.394667
10.558400
10.772200
10.808200
10.958967
11.001133
11.041633
11.122167
12.324200
12.526133
12.954033
13.369167
13.481133
13.535967
13.956567
14.208467
14.320367
14.356267
14.388267
14.414300
14.501800
14.776133
14.868333
15.154800
15.200900
15.331833
15.362533
15.406467
15.472433
15.582967
15.677200
16.014367
16.223767
17.090600
17.461000
17.540367
17.567600
17.683967
17.737167
17.841300
17.926467
18.012900
18.095533
18.116400
18.178867
18.221300
18.286100
18.386833
18.408500
18.528167
20.964800
21.158600
22.306633
22.372033
23.054233
25.129733
25.200367
25.879567
25.962267
26.064100
26.202967
26.250267
26.437933
26.502467
26.554500
28.039233
28.089133
28.135333
28.294200
28.441500
28.469567
28.593200
28.701733
28.836533
28.886033
29.043233
29.451500
29.929033
29.977200
30.011633
30.204700
30.404867
30.543633
31.722167
31.826800
31.872300
31.999733
32.042633
32.069100
32.276200
32.321300
32.575633
32.798367
32.926333
33.021700
33.148867
33.214700
33.331367
33.370433
33.403233
33.566533
33.643967
33.713700
33.781933
33.850000
33.907800
33.965400
34.004400
34.038267
34.117033
34.335000
34.572133
35.512500
36.099933
36.165533
36.228700
36.385633
36.489833
36.589667
37.226167
37.280200
37.686100
37.753733
37.797867
37.925367
37.981100
38.241533
38.278767
38.324233
38.493667
38.539267
40.595933
40.911833
41.181933
41.202900
41.980467
42.166633
42.256833
42.293200
42.415100
42.822000
42.953900
42.996467
43.111033
43.139767
43.178267
43.218833
43.283767
43.352800
43.537633
43.621500
43.707700
43.770733
43.994533
44.077267
44.116700
44.531300
44.696800
45.761367
47.747633
47.889467
48.150533
50.191333
51.393533
52.495700
52.886467
53.202733
53.232433
53.268533
53.336967
53.384100
53.519433
53.761733
53.848333
53.945000
55.114167
55.403333
55.554967
55.593933
55.918267
56.044500
56.122167
56.153633
56.167833
56.271233
56.459767
56.494400
56.942467
57.014033
57.263767
57.310467
57.469267
57.516467
57.534200
57.546533
57.630500
57.639400
57.666933
57.738067
57.824500
57.977500
58.042100
58.275000
58.424200
58.537367
58.581867
58.783367
58.902033
58.983667
59.050067
59.076433
59.131300
59.182733
59.224800
59.451933
59.470567
59.588967
59.665967
59.679133
59.813033
59.846400
59.904933
59.922600
59.954333
59.987533
59.995133
60.036467
60.047067
60.152933
60.201300
60.233433
60.287833
60.443033
60.521900
60.585800
60.773900
60.860033
61.513033
61.597333
63.155700
63.280333
64.365667
64.462633
65.681367
65.771833
66.580833
67.117533
67.799200
69.668467
70.065900
70.398433
70.439167
70.474700
70.529033
70.665767
70.723400
70.758067
70.850233
71.319833
71.785700
71.946433
72.059600
72.142467
72.331033
72.405000
72.532967
72.598467
72.664067
72.748667
72.845633
72.884067
73.026833
73.086367
73.229467
73.269167
73.321333
73.359033
73.540533
73.580233
73.626400
74.072967
74.960867
75.976600
76.021167
76.057100
76.189367
76.312700
76.428033
76.648767
76.706700
76.780700
76.968767
77.033600
77.143900
77.363833
77.498400
78.890100
79.129467
79.170933
79.304467
79.606067
79.674967
79.982267
80.140000
80.179300
80.216900
80.254767
80.320333
80.344300
80.787400
80.956400
80.978400
81.005333
81.061967
81.098933
81.135567
81.187233
81.239067
81.434667
81.918333
83.660633
84.025467
84.885167
85.337900
85.406600
85.844867
86.096700
86.241200
86.461433
86.586333
86.642333
86.770467
86.818833
86.975067
87.075467
87.174933
87.220600
87.461800
87.730000
87.769933
88.103633
88.137600
88.315400
88.393900
88.520233
88.565700
88.643467
88.813100
88.885700
89.032033
89.101967
89.125867
89.162800
89.192433
89.236067
89.338100
89.537033
89.616700
89.641367
89.667633
89.794533
89.832433
89.877467
89.911433
90.044967
90.094167
90.210500
90.284733
90.328067
90.503067
90.551067
90.778633
90.848900
90.933433
91.021200
91.307400
91.549800
91.593467
91.654467
91.712300
91.733267
91.940633
92.100700
92.211833
92.367633
92.646500
92.775633
92.874467
92.972867
93.014067
93.189700
93.228700
93.398600
93.529867
93.588267
93.640433
93.826067
93.860567
93.925067
93.958967
94.105233
94.187167
94.431767
94.460033
94.735100
94.777000
94.936733
94.993267
95.082933
95.126567
95.224733
95.329633
95.590867
95.799500
95.897267
95.930833
96.090600
96.126400
96.232767
96.465900
96.508633
96.541567
96.684200
96.824300
96.981067
97.074800
97.339900
97.457967
97.707367
97.867067
97.957233
97.988967
98.141033
98.238167
98.530500
98.684400
98.881533
98.934233
99.151767
99.234333
99.695333
99.796967
99.862400
99.979767
101.061967
101.350233
102.501867
102.824867
102.980400
103.209000
103.387433
104.394733
105.897833
105.924667
105.995433
106.057700
106.169400
106.336100
106.358867
106.464967
106.556867
106.582433
106.623867
106.667433
107.111733
107.364233
107.434767
107.440000
107.867333
108.135300
108.780200
108.845767
108.999933
109.096833
109.372367
110.016000
110.672033
110.847767
111.121667
112.940567
112.986067
113.015233
113.106167
113.207967
113.369100
113.416500
113.432767
113.490867
113.678633
113.844700
113.857933
113.914700
114.073300
115.295733
115.476533
116.718633
117.361700
117.693500
118.010067
118.121433
118.521767
118.565500
119.629700
119.694167
119.790067
120.708233
121.406500
121.581400
121.962867
122.198233
122.273133
122.299200
122.382633
122.530200
122.669233
122.909900
123.041800
123.420800
123.720033
123.998767
124.209700
124.414933
124.475200
124.555000
124.644467
124.794467
124.822667
124.951933
125.047900
125.316133
127.668567
128.290233
128.414967
128.461000
129.063600
129.154567
129.182367
129.215133
129.468933
129.613500
129.846167
130.020033
130.092267
130.219867
130.374467
130.421300
131.066300
131.121033
131.257667
131.943767
132.029600
132.129767
132.453100
132.483400
132.595933
132.712533
132.780500
132.858467
132.912667
133.277167
133.362767
133.434867
133.569500
133.659700
133.795600
133.845100
133.860367
133.888900
134.026733
134.130800
134.210867
134.265167
134.374967
134.844067
134.961333
135.421700
135.518333
135.605667
135.613833
136.016467
136.113533
136.188667
136.224133
136.322033
136.387500
136.454833
136.488567
136.776700
136.844033
136.888133
136.946067
137.083833
137.151200
137.363267
137.621300
137.704767
137.748667
137.989900
138.172367
138.284000
138.325733
138.409733
138.474933
138.654100
138.931867
139.028300
139.128200
139.259167
139.415100
139.656867
139.865333
140.148067
140.567833
140.937433
140.964567
141.108133
141.314433
141.477200
141.940333
141.964733
142.133600
142.221000
142.302500
142.401200
142.456100
142.597700
142.665267
142.822233
142.893000
143.425100
143.539800
143.583433
143.705767
143.817500
143.875200
144.236200
144.267400
144.405967
144.446100
144.559167
144.728667
144.775400
144.923500
144.965400
145.014467
145.094200
145.156533
145.249633
145.641800
146.328267
146.623267
146.773100
147.055767
147.134100
147.632333
147.803033
147.925333
148.130800
148.400700
148.454167
148.516400
148.717767
148.749600
148.962900
149.114133
149.170867
149.286600
149.482633
149.831967
150.193567
150.227500
150.238100
150.258533
150.293767
150.369433
150.375100
150.731833
150.765667
151.229833
151.289933
151.306167
151.375300
151.539867
151.595533
151.646400
151.660100
151.866467
151.899633
151.982800
151.995867
152.079233
152.097900
152.139367
152.362833
152.405500
152.543767
152.666600
152.684233
152.855033
153.597433
153.632833
153.699533
153.725933
155.497633
156.010267
156.037500
156.125133
157.814500
157.916867
158.011800
158.083500
158.189567
158.256967
158.851000
159.011033
159.278733
159.439800
159.577467
159.639433
160.260633
160.311133
160.472900
160.779067
162.430867
163.110967
163.176467
163.212400
163.508900
163.732033
163.840600
163.893367
164.245067
164.280133
164.314700
164.412433
165.584200
166.792367
166.941667
167.209367
167.350133
167.491900
167.614300
167.703500
167.776567
167.860600
167.915967
167.962433
168.120400
168.164800
168.275400
168.412700
168.514600
169.046467
170.436867
171.186567
171.331867
171.416100
171.440233
171.490200
171.828567
171.891200
172.137167
172.660733
172.711800
173.938533
174.059367
174.249667
174.319500
174.606667
174.874533
175.232933
175.292200
175.398867
175.547033
175.878133
176.303833
177.629800
177.688933
177.826567
177.865500
177.868933
177.924567
178.240967
178.321600
179.349967
179.509233
180.536467
180.816100
181.035433
181.186267
181.300100
181.373733
182.406967
182.859633
182.898333
182.933667
183.024667
183.193067
183.287500
183.699933
183.800067
184.151233
184.199200
184.286367
184.327467
184.496533
184.651633
184.901133
184.967300
185.040767
185.100733
185.176600
185.219567
185.376767
185.447967
185.484333
185.656633
185.702600
186.058733
186.126733
186.167633
186.438367
186.576667
187.622767
187.861567
188.167567
188.547300
188.622967
188.757700
188.795533
188.993467
189.176567
189.308867
189.366900
189.669333
189.844900
189.942133
190.158233
190.203633
190.298033
190.479100
190.645200
190.688067
190.757367
190.861433
190.883367
190.921200
191.022367
191.103633
191.136233
191.226267
191.265167
191.569167
191.596167
191.922867
192.000633
192.105533
192.281333
192.972367
193.828700
194.172167
194.264400
194.337700
194.444733
194.513367
194.616900
194.695333
194.822033
194.898800
194.947800
194.988200
195.068000
195.279333
195.290267
195.338967
195.374600
195.429667
195.485833
195.680333
195.824933
195.989167
196.076833
197.629600
198.151033
198.372400
198.742167
198.869000
199.184367
199.242300
199.380567
199.416700
199.582733
199.834900
199.898100
199.966733
200.273233
200.313500
200.353433
200.400267
200.445333
201.018300
201.137367
201.259700
201.417133
201.478967
201.620533
201.874533
202.200467
202.335833
202.646867
203.055500
203.341367
203.860867
203.935700
204.015000
204.106733
204.130767
204.166833
204.788667
205.491167
205.568600
205.622533
208.687367
208.973367
209.377067
210.488300
210.552867
210.647100
210.735267
211.124867
211.362333
211.507300
212.008000
212.215767
212.255600
212.321100
213.043567
213.049900
213.167433
213.229867
213.310033
213.338800
213.439933
213.522733
213.555300
213.899800
213.943000
214.003567
214.570300
214.572200
215.006967
215.050600
215.102167
215.213500
215.507000
215.571700
215.587600
215.768800
215.818033
216.428733
216.988700
217.030800
217.519067
218.002000
218.294233
218.313900
218.354967
218.521633
218.894567
218.959800
219.118433
219.245467
219.414700
219.783500
219.930867
220.131967
220.223200
220.400833
220.862433
221.161300
221.268067
221.397400
221.457867
221.503700
221.703267
222.102900
222.227967
222.308633
222.405433
222.578500
223.205700
223.271200
223.296433
223.321967
223.357967
223.372367
223.406833
223.535600
223.689033
224.301733
225.099300
225.138367
225.265733
225.585567
225.659100
225.841767
226.081500
226.579833
226.655500
226.857700
226.941967
226.991033
227.026933
227.049967
227.090600
227.162967
227.184233
227.253900
227.296167
227.563433
227.641033
227.691700
227.979267
228.582700
228.658600
228.792500
228.966200
229.176200
229.207567
229.306533
229.378400
229.395233
229.461133
229.479200
229.586400
229.596867
229.704800
231.551833
231.660000
232.046700
232.618733
232.678367
232.814133
233.718700
234.124133
235.032133
235.479233
236.023600
236.182900
236.990500
237.040933
237.157400
237.246733
238.574100
238.785667
238.994633
239.092100
239.137933
239.174600
239.210600
239.304500
239.336833
239.570367
239.606333
239.696400
240.944900
241.736067
242.560933
242.597400
242.756000
242.889300
243.021000
243.134233
243.162200
243.244200
243.468533
243.571100
243.695033
243.765033
243.919700
244.031000
244.073167
244.280600
244.350233
244.420233
244.496467
244.755667
244.847967
244.909700
245.030567
245.479833
245.664267
245.779167
246.020333
247.011867
247.424100
249.038800
249.796900
249.913633
250.642833
250.680600
250.786500
250.880767
251.130533
251.466033
251.593500
251.848300
251.906867
251.974700
252.010700
252.123167
252.240667
252.450100
252.500467
252.667200
252.795700
252.838667
252.889533
253.008967
253.068100
253.145600
253.179867
253.219567
253.250333
253.281767
253.340267
253.377167
253.481367
253.734367
253.827833
255.043100
255.101733
255.617433
255.663867
255.746867
256.024300
256.065600
256.329133
256.367367
256.393033
256.421267
256.447700
256.494367
256.541367
256.804267
257.033333
257.122033
257.155733
257.265933
257.375833
257.525400
257.584500
257.660533
257.751667
257.792333
257.872933
257.944267
258.153767
258.176933
258.647400
258.694167
258.724367
258.784567
258.864133
259.261033
260.127533
260.162700
260.196800
260.262533
260.328600
260.455833
260.466600
260.526167
260.585900
260.620267
260.642733
260.673800
260.744267
260.877033
261.006467
261.080033
261.110200
261.152367
261.291733
261.382067
261.410033
261.463233
261.713967
261.946433
262.046067
262.129200
262.169967
262.873633
263.328533
263.415000
263.465633
263.559733
263.683500
263.719867
263.850500
263.971833
264.043067
264.094400
264.166433
264.283233
264.322933
264.368500
264.514733
264.602133
264.697767
264.842367
264.916400
265.005400
265.048833
265.081933
265.333367
265.357133
265.411200
265.446567
265.613633
265.676333
265.863800
266.172633
266.216533
266.248300
266.354367
266.386033
266.465100
266.521800
266.551667
266.565133
266.648667
266.667300
266.736400
266.812967
266.993000
267.130367
267.182467
267.261733
267.400067
267.453733
267.482200
267.678767
267.759100
267.786400
268.062400
268.138800
268.201267
268.386100
268.567600
268.948367
269.130033
269.890667
269.954200
270.131100
270.315733
270.603200
270.649100
270.742933
270.835633
271.008367
271.073900
271.122033
271.158267
271.337900
271.362500
271.606700
271.710500
271.884767
272.030600
272.074400
272.390133
272.503667
272.558600
272.633100
272.835000
272.985433
273.311267
273.477567
273.505033
273.655233
273.771767
274.296267
274.400867
274.423167
274.484833
274.784467
274.900700
275.174933
275.305000
275.348633
275.752833
280.140067
280.672733
280.729300
280.783800
281.195667
281.242467
282.544700
282.589567
282.735667
282.939667
283.570467
283.747667
283.832600
284.012233
284.490667
284.597467
284.652067
284.813233
284.918033
284.958167
285.109200
285.147800
285.289967
285.369367
285.503900
285.594400
285.812533
285.900800
286.030100
286.050133
286.074433
286.211733
286.381400
286.765633
287.846100
288.052900
288.313833
288.449500
288.970767
289.067667
289.129633
289.393267
289.433667
289.577200
289.722400
290.192267
290.277767
290.449800
291.804033
292.050600
292.599567
292.679967
292.778667
293.087833
293.265033
293.326067
293.618500
293.666967
293.705233
293.776667
293.824300
293.856900
294.141567
294.237233
294.296433
294.425000
294.550867
294.620633
294.694867
294.736567
294.768867
294.847333
294.906833
295.085867
295.130733
295.233167
295.975767
296.976933
297.011667
297.070600
297.176667
297.235567
297.309000
297.554933
297.612033
297.836467
297.900167
298.057033
298.094700
298.137767
298.404733
298.773967
301.288767
301.492333
301.740333
302.686667
302.966400
303.044367
303.246000
303.358800
303.471567
303.935200
304.167833
304.332033
304.865933
304.924200
305.009300
305.183667
305.224267
305.907933
306.038800
306.554700
306.902833
307.032033
307.189533
307.270700
307.314633
307.351967
307.434367
307.509867
307.573767
307.666167
307.822233
308.134533
308.352000
308.679533
308.854600
308.936067
309.735333
310.378133
310.916833
311.186433
311.651700
311.731800
311.811800
312.610800
312.653667
312.701967
312.744500
312.822367
312.851167
312.899067
312.990867
313.054700
313.080167
313.181867
313.444400
313.671533
313.750833
313.775467
313.855233
313.911567
314.330267
314.371533
314.410700
314.560967
315.069300
315.089900
315.139067
315.247433
315.526667
315.587200
315.776733
316.218100
316.548467
316.599600
316.726700
316.758800
316.951367
317.007300
317.037400
317.103200
317.258000
317.311267
317.441833
317.531467
317.599367
317.912333
318.458400
318.639400
318.882967
318.944900
319.178367
319.587500
319.803500
319.939633
320.149600
320.412367
320.440600
320.483167
320.547633
320.593800
320.641333
320.682333
320.741500
320.947100
321.094700
321.129967
321.244433
321.278633
321.407900
321.746500
321.763567
321.939233
322.048167
322.649133
323.358633
323.702567
323.803633
324.019433
324.514933
324.589967
324.946200
325.067367
325.130167
325.404067
326.041433
326.078400
326.121033
326.344233
326.488900
326.590267
326.773100
326.914967
327.022967
327.078000
327.230367
327.271567
327.336533
327.436500
327.520633
327.541467
329.007767
329.617700
330.185333
330.369200
330.861467
331.027733
331.210867
331.447567
331.705200
332.050300
332.208867
332.266600
332.331167
333.073067
333.125833
333.999333
334.079767
335.320733
335.562133
335.601533
336.012000
336.154767
336.238467
336.312133
336.345167
336.495867
336.602067
336.904500
337.186833
337.356733
337.382267
337.461567
337.767267
337.999867
339.419267
339.521833
339.569467
339.608733
339.817300
339.894067
339.940433
340.262267
340.320000
340.385333
343.452400
344.903467
344.958533
345.503800
346.477433
347.215767
347.791100
347.840167
347.908800
348.119733
348.319633
348.475067
348.565567
348.634300
348.664033
348.731233
349.335933
349.501800
349.609267
349.699433
350.122033
350.436500
350.597733
350.852667
350.897967
350.960733
351.045433
351.126000
351.192567
351.307033
351.448733
351.530667
351.622533
351.689367
351.918933
352.202033
352.576667
352.644500
352.850900
352.957100
352.991333
353.062033
353.116367
353.171233
353.193400
353.248333
353.308267
353.328267
353.368200
353.494067
353.538200
353.705700
353.852700
353.935567
354.055533
354.112400
354.176233
354.501167
354.537500
355.037567
355.247867
355.432600
355.552800
355.692000
355.729700
355.826633
355.870233
356.010367
356.075900
356.109833
356.168333
356.340900
356.591667
356.824533
356.889600
356.940867
357.220033
357.469733
357.679467
357.743500
357.931167
358.020933
358.200267
358.547800
358.596067
358.758333
359.160800
359.427800
359.464100
359.491467
359.638433
359.716900
359.737333
359.803500
359.868533
359.972767
360.002367
360.098567
360.187100
360.275100
360.309433
360.397167
360.436567
360.470567
360.684967
360.864233
361.036333
361.223233
361.320033
361.369400
361.682400
361.773333
361.889433
362.140233
362.194900
362.251100
362.283633
362.319000
362.487800
362.531400
362.554867
362.580500
362.613533
362.707833
363.045567
363.088800
363.213967
363.269467
364.045933
364.226333
364.478900
364.760200
364.919933
365.025033
365.076133
365.151100
365.607000
365.711600
365.727300
365.729633
365.879967
365.954400
366.124200
366.283400
366.306600
366.363733
366.515500
366.548867
366.579133
366.679833
366.706367
366.727100
366.741533
366.783700
366.895967
366.974267
367.055400
367.124633
367.246000
367.298800
367.316700
367.431167
367.495033
367.668967
367.846800
369.135400
369.193867
369.348167
369.438833
369.498867
369.897267
370.482667
370.566367
370.602600
370.667833
370.966800
370.993467
371.092200
371.145300
371.189833
371.284533
371.425833
371.537100
371.590967
373.130967
373.179633
373.418033
373.578933
374.194467
374.243433
374.680767
374.797900
374.835167
374.985300
375.055400
375.095300
375.376800
375.604267
375.651067
375.721433
375.862467
375.963333
375.965300
376.000367
376.781433
377.729600
378.106267
378.282700
378.699133
378.820933
378.992900
379.285167
379.396400
379.744500
379.818100
379.936467
380.099733
380.926600
381.927000
382.061567
382.100933
382.709033
382.786567
382.985233
383.205000
383.292767
383.381133
383.820533
383.896033
384.527833
384.585800
384.671233
384.752267
384.786733
384.836300
384.887500
385.180867
385.301167
385.346267
385.434700
387.077400
387.222733
387.266333
387.517900
387.566167
387.746567
387.927033
387.954233
388.015300
388.072700
388.095700
388.135267
388.465500
388.640367
388.675467
388.807167
388.920600
388.948900
389.145200
389.627700
389.666267
389.721500
390.536033
390.682567
391.254300
391.510167
391.565533
391.835033
391.869500
391.976467
392.080367
392.371200
392.446100
392.510300
392.621333
392.741833
392.775433
392.885700
393.363767
393.401400
393.505367
393.551567
393.640267
393.708633
393.841100
394.175900
394.400433
394.509433
394.788500
395.320400
395.406133
396.384767
396.454700
397.038067
397.124500
397.194633
397.225200
397.295467
397.336700
397.404367
397.483033
397.510533
397.631367
397.702967
397.768333
397.982600
398.084667
398.386100
398.405933
398.453633
398.518167
398.529400
398.816500
399.749767
402.542333
402.862867
402.912633
403.426967
403.508500
403.619100
403.681400
403.753067
403.803033
403.838100
404.068133
404.188300
404.347533
404.382067
404.420900
404.450533
405.057400
405.721167
406.065300
406.126833
406.828133
406.930700
406.981633
407.054700
407.128367
407.192833
407.277867
407.311467
407.338300
407.384733
407.407667
407.448600
407.498233
407.765267
407.807600
407.837433
407.925300
408.054733
408.497167
408.540100
408.723767
408.949467
409.228533
409.472100
410.001233
410.216400
410.266800
410.309667
410.451933
410.521800
410.594467
411.030133
411.263500
411.928867
412.036467
412.050300
412.214133
412.296200
412.351900
412.642933
412.681067
412.754567
412.816167
412.962600
412.990967
413.020400
413.040367
413.066900
413.269600
413.311500
413.373167
413.474267
413.559867
413.657367
413.718333
413.782833
413.810000
414.055767
414.084567
414.173000
414.242267
414.284500
414.343433
414.380333
414.610800
414.659333
414.754967
414.841633
414.917033
415.218200
415.264533
415.289833
415.448200
415.565267
415.593667
415.959500
416.019433
416.040400
416.499800
416.741600
416.780667
416.833133
417.202800
417.242000
417.277200
417.386433
417.457867
417.762567
417.811600
417.816967
417.944600
417.990600
418.004767
420.307300
421.057067
421.256000
421.390867
421.452967
421.485100
421.575000
421.664700
421.820400
421.935200
422.194733
422.380233
422.411100
422.470400
422.544500
422.598667
422.864633
423.490400
423.835200
424.310033
424.352300
424.387667
424.425367
424.742033
425.023267
425.219433
425.741833
425.828867
425.950400
426.005233
426.576567
426.756300
426.799967
426.943933
426.979133
427.147400
427.210167
427.262333
427.305867
427.449667
427.790367
427.820167
427.956333
428.085567
428.129167
428.179167
428.248833
428.382933
428.431900
428.504233
429.635267
429.726900
429.891467
430.013867
430.528633
430.646000
430.692233
430.982233
431.027800
431.324300
431.386200
431.446033
431.571133
431.619300
431.738133
431.883900
431.921300
432.195500
432.315200
432.479633
433.554667
433.623867
433.711067
433.798300
433.926833
434.088900
434.319233
434.403467
435.612033
435.644000
435.730800
435.789333
435.831933
435.893833
436.529000
436.585967
437.094167
437.127767
437.159933
437.215900
437.346533
437.405933
438.176467
438.872467
438.961233
439.116467
439.220567
439.263433
439.362967
439.413367
439.442233
439.532233
441.386933
441.639433
441.872033
442.140333
442.193000
442.255300
442.423100
442.547167
442.615867
442.643767
442.732767
442.880800
442.939433
442.971733
443.160833
443.191133
443.391667
443.467033
443.488667
443.570633
443.610067
443.655200
443.751233
443.917067
444.114700
444.417367
444.468933
444.592067
444.643133
445.150267
445.275633
445.406100
445.506633
445.615167
445.654067
445.897267
445.911433
445.931633
445.963800
446.056733
446.334733
446.367767
446.436467
446.460700
446.536800
446.732067
446.752800
446.811600
446.857100
446.955367
447.445200
447.730333
447.787200
447.860633
447.914167
448.324067
448.586000
448.618067
448.692833
448.794533
448.821267
448.848333
448.864333
448.928200
448.971100
449.258267
450.502667
452.576533
453.072667
453.792800
453.832000
453.918200
453.941900
454.025133
454.116233
454.385533
454.433367
454.654067
454.789267
454.893733
455.016633
455.083167
455.173933
455.212067
455.447067
455.567700
455.591533
455.618933
455.672133
455.754600
455.853333
456.008400
456.204000
456.446367
457.356300
457.807000
458.154367
458.999033
459.242200
459.352200
459.403700
459.617667
459.761767
459.901667
460.165433
460.978200
461.096867
461.234200
461.272833
461.701867
461.724400
461.779867
462.587300
463.278400
463.526000
463.946900
465.359267
465.463933
465.622400
465.933100
466.239433
466.275567
466.340867
466.457733
466.604533
466.690600
466.995500
467.103867
467.169200
467.424467
467.462467
467.608300
467.672300
467.899300
467.944067
468.049600
471.609067
471.749067
471.973933
472.010733
472.586100
472.989467
473.041733
473.087000
473.141633
473.845200
473.963500
474.029233
474.149600
476.633933
477.875167
477.971067
478.361600
478.491467
478.557300
478.640767
480.155633
480.407000
480.455433
480.600633
481.155300
481.492300
481.955433
482.021500
482.162233
482.337200
482.474267
482.569067
482.608167
482.684333
482.723000
482.748267
482.779900
482.809800
482.936700
482.976600
483.042600
483.082767
483.151467
483.185867
483.247167
483.287833
483.318300
483.349000
483.382133
483.409367
483.444867
483.850667
483.935933
484.079000
484.106767
484.258800
484.300133
484.343367
484.428300
484.467967
484.605267
484.641967
484.670000
484.750400
484.806367
484.935433
484.977767
485.007567
485.095967
485.146733
485.323767
485.407133
485.520200
485.588400
485.713867
485.831600
485.965233
485.992667
486.100800
486.224500
486.282367
486.335600
486.723267
486.771900
486.871333
486.917167
486.996000
487.061967
487.118233
487.149500
487.231367
487.393367
487.539900
487.667467
487.797267
487.831667
488.068567
488.273000
488.319333
488.529733
489.342300
489.451367
489.795467
489.895200
489.982633
490.036633
490.120500
490.203967
490.357667
490.441933
490.574133
490.728367
490.782800
490.831900
490.940967
491.002400
491.559433
491.766467
491.837733
491.882033
491.922333
491.990633
492.143233
492.157633
492.185767
492.306467
492.627967
492.885400
492.933400
494.649333
494.794100
495.039733
495.214100
495.768433
496.125033
496.180800
496.510267
496.627033
496.692000
497.131367
497.238667
497.343833
497.383000
497.428900
497.607267
497.712033
497.837900
497.901700
497.952100
498.053700
498.245433
498.600733
498.642100
498.675000
498.735100
498.847300
499.241633
499.352867
499.400867
499.560800
499.831100
500.249367
500.310533
500.478467
500.631833
500.693700
500.864700
501.265800
501.355367
501.406767
501.484533
501.648967
501.832367
501.905467
501.974567
502.035067
502.063867
502.102033
502.145067
502.197767
502.298533
502.919000
503.867467
504.199367
504.350833
504.432333
504.537500
504.756200
505.544733
505.607300
505.644167
506.025967
506.126867
506.189667
506.311367
506.471667
506.536933
506.621700
506.682600
506.725100
506.953100
507.104933
507.166867
507.317367
507.450067
507.789433
507.823667
507.898233
508.082133
508.121000
508.369300
508.403600
508.513633
508.621800
509.029300
509.617000
509.680700
509.809033
510.055100
510.340200
510.377267
510.694333
510.766467
511.366133
511.430567
511.519467
511.615867
511.623767
511.698800
511.962167
512.115233
512.160800
512.216367
512.279700
512.380667
512.481100
512.575700
512.624133
512.906533
512.966100
513.027667
513.086800
513.255867
513.384133
513.505133
513.593967
513.637533
513.728300
513.764000
513.812500
513.988600
514.461767
514.631900
514.998000
515.424033
515.612733
515.662033
515.737800
515.803433
515.838000
515.865533
516.061167
517.736167
517.796133
518.889800
519.056733
519.353367
519.409300
520.054333
520.128533
520.176167
520.255967
520.400867
520.517033
520.930333
521.036967
521.092467
521.227300
521.376367
521.514033
521.649767
521.865633
521.895833
521.931100
521.985233
522.099900
522.134700
522.279033
522.327633
522.426967
522.582933
522.666733
522.703400
522.753933
522.898967
523.364267
523.463000
523.994533
524.787100
525.149200
525.210967
525.458367
525.528700
525.626900
525.832667
525.884767
525.977967
526.023600
526.350367
526.526400
526.608633
526.700900
526.813867
526.933567
527.260333
527.375867
527.422767
527.575100
527.737600
527.963033
528.013233
528.053967
528.361433
528.515500
528.752700
528.791767
529.062833
529.218667
529.356300
529.585167
529.661033
529.709400
531.020867
531.104267
531.301500
531.550633
531.668367
531.739933
531.748733
531.774633
531.942333
532.007467
532.161300
532.213400
533.741533
534.006400
534.464600
534.553600
534.664567
534.782800
534.873867
535.050800
535.073667
535.101833
535.207600
535.317200
535.607233
535.998667
536.266900
536.321600
536.512200
536.673233
536.774500
536.988067
537.044867
537.258467
537.665233
537.768533
537.863200
538.050900
538.129933
538.269400
538.360400
538.403967
538.466767
538.517767
538.598667
538.673167
538.959933
539.418833
540.652300
540.759033
540.820033
540.854867
540.902533
541.063600
541.429633
541.666133
541.931133
541.993600
542.027733
542.173100
542.279600
542.624733
542.791633
542.835233
543.454567
543.508967
544.315367
544.450700
544.978900
545.069867
545.104833
545.140067
545.183367
545.224867
545.286800
546.157267
546.373267
546.434567
546.735533
548.133933
550.047333
550.524367
550.639033
550.751500
550.870900
550.991267
551.048267
551.389800
551.727533
552.274200
552.538100
552.643467
552.674267
552.755000
553.749933
554.020667
554.046667
554.074567
554.438367
554.631200
554.799867
554.832900
554.925967
555.004167
555.076267
555.169833
555.282400
555.409100
555.516900
555.585067
555.628567
555.705567
555.806367
555.995600
556.068933
556.119367
556.271433
556.530867
556.619667
556.632033
556.683467
556.745633
556.790933
557.531567
558.281500
558.430700
558.497433
558.741500
558.794800
558.824767
558.864000
559.038800
559.165400
559.214367
559.258967
559.291133
559.441533
559.490533
559.695900
559.725833
559.756400
559.822133
559.886000
560.070433
560.099667
560.259633
560.308333
560.396100
560.725467
560.828067
560.881000
560.995533
561.105067
561.199833
561.231633
561.286000
561.390900
561.438867
561.754867
561.991400
562.050467
563.372000
563.419200
563.498833
563.568333
563.601000
563.636100
563.970433
564.162267
564.344267
564.376233
564.421467
564.568733
564.709033
565.223167
565.362000
565.399400
565.442400
567.545467
567.632767
567.796200
567.845800
567.920900
568.367767
568.461867
568.514933
568.579400
568.624067
568.712933
568.914800
569.070667
569.104067
569.305767
569.448633
569.575133
569.661233
569.793033
571.295600
571.408300
571.579567
571.697767
571.823100
571.960300
572.103433
572.387633
572.419067
572.475200
572.528433
572.662133
572.704833
572.816967
572.891167
573.067633
573.123200
573.145300
573.243167
573.274800
573.366367
573.986533
574.414567
574.902333
575.046133
575.168400
575.651433
575.720133
576.802867
576.912700
576.962467
577.152967
577.352800
577.471033
577.542767
577.718800
578.032433
578.180400
578.321367
578.689767
578.724333
578.760933
578.812733
578.855367
578.987367
579.075700
579.120533
579.214900
579.246167
579.281400
579.370167
579.592867
579.748967
579.779233
579.907000
579.949200
580.004200
580.055167
580.217933
580.415833
580.550533
580.690533
580.755400
580.919067
580.978067
581.035633
581.085200
581.164833
581.241067
581.267400
581.297933
581.338033
581.376500
581.422133
581.615767
581.640033
581.670733
581.697267
581.763700
581.863767
581.888533
582.003633
582.034900
582.341567
582.376167
582.444467
582.478200
582.586000
582.677000
582.755000
583.146967
583.245233
583.392400
583.444367
583.499200
583.585667
583.616400
583.676800
583.707667
583.780300
584.014733
584.045433
584.113300
584.136867
584.164167
584.297533
584.310433
584.331200
584.360467
584.424533
584.434033
584.481367
584.530000
584.546333
584.584567
584.654100
584.678867
584.731600
584.780400
584.835767
584.859567
584.876567
584.921267
584.954200
585.092467
585.190000
585.306233
585.348367
585.373967
585.397533
585.485467
585.621800
585.667033
586.088000
586.238800
586.306633
586.342400
586.388933
586.673967
586.871100
587.319933
587.350733
587.674267
587.708133
587.882500
587.993067
588.181200
588.458133
588.545367
588.615767
588.655100
588.758067
588.962267
589.322500
589.595533
589.827500
590.369867
590.485500
590.552267
590.779900
591.189433
591.374933
591.465067
591.568933
591.606267
591.656300
591.850267
591.902033
591.986033
592.020000
592.227833
592.460300
592.640967
592.705467
592.896233
592.924500
593.202033
593.548400
593.805767
593.920467
594.768233
595.568467
595.855933
596.075467
596.217567
596.431267
597.295267
597.340767
597.422300
597.712800
597.853500
597.937367
598.329833
598.838633
599.881367
599.910567
600.391567
600.545600
600.713233
600.819533
600.852833
600.886767
600.918133
601.077833
601.114800
601.834567
602.230600
602.336600
602.703000
603.073133
604.014333
604.252967
604.318733
604.344333
604.455633
604.567400
604.622367
604.696233
604.756600
605.284100
605.452367
605.750000
605.785967
606.417533
606.846667
606.958433
606.998700
607.096567
607.310900
607.487667
607.584267
607.628333
607.710533
607.865200
607.917933
608.060867
608.282800
608.710367
608.780767
608.833267
609.575333
609.668600
609.798167
609.929800
610.011733
610.164433
610.443067
610.480233
610.675033
610.793067
610.831600
610.861667
611.019233
611.159700
611.312233
611.441567
611.701633
612.383067
613.439467
613.621633
613.713833
613.836467
613.869833
613.929367
613.957533
614.322700
614.591900
614.759567
614.776600
614.811467
614.841800
614.872767
614.956133
615.108100
615.154367
615.280800
615.425633
616.074633
616.451467
616.600267
616.638767
616.688100
616.783233
617.131000
617.286300
617.345133
617.475067
617.802767
618.950367
619.705133
619.867133
620.087933
620.124833
620.157100
620.180533
620.502733
620.890400
620.921467
620.986300
621.301367
621.664367
622.047233
622.237333
622.313667
624.066933
624.164267
624.201833
624.232867
624.269267
624.426833
624.567667
624.823967
624.890667
625.078333
625.124633
625.226800
625.269400
625.351300
625.400633
625.497167
625.578333
625.766533
625.823967
625.923333
625.949833
626.037267
626.108067
626.282867
626.474667
626.584867
626.802933
626.894133
627.070533
627.146433
627.234733
627.424033
627.547233
627.575600
627.742233
627.834033
627.931233
628.020933
628.146933
628.294633
628.347800
628.500133
628.572000
628.709400
628.802800
628.831467
628.948533
628.990567
629.148233
629.227933
629.359000
629.407500
629.437033
629.445167
629.491167
629.667567
629.793033
629.819300
629.935533
629.969100
630.170000
630.284200
630.524900
630.564567
630.710633
630.822267
630.972900
631.031500
631.081833
631.319467
631.438767
631.488800
631.916500
631.997633
632.103100
632.171967
632.239400
632.400300
632.473633
632.512867
632.636633
632.696467
632.820267
632.848833
632.902467
633.086567
633.133833
633.192533
633.354300
633.434700
633.772333
633.974200
634.083667
634.148667
634.475333
634.738800
634.850267
634.927567
635.013133
635.038367
635.068933
635.201100
635.390133
635.784600
635.821933
635.878600
637.920733
637.993433
638.145700
638.378233
638.425400
638.510133
639.159867
639.546033
639.669333
639.939467
641.995000
642.033300
642.401733
642.519000
642.592033
642.737567
642.786867
642.854733
642.919367
643.361800
643.392000
643.465833
643.499967
643.540100
643.599467
643.767400
643.845600
643.950533
643.984300
644.357767
644.421633
644.751100
644.935267
644.989633
645.095567
645.250533
645.317233
647.088133
647.152067
647.192467
647.282500
647.357100
647.428867
647.718333
647.833733
647.881500
647.946867
648.101667
649.198533
649.568367
649.615833
649.668567
649.803100
650.198800
650.481267
651.034333
651.726133
651.779967
651.830767
651.951933
651.987233
652.137033
652.371633
652.443033
652.593733
652.785600
652.965700
653.091933
653.232200
653.452200
653.580733
653.647000
653.689567
653.760200
653.964467
654.125867
654.246500
654.310600
654.358833
654.432967
654.476267
654.499133
654.596667
654.612933
654.635833
654.674933
654.736667
654.964733
655.053267
655.089033
655.483933
655.682700
655.733400
655.909100
656.088467
656.138833
656.167367
656.187767
656.765300
656.816767
657.377800
657.470833
657.564600
657.611133
657.644133
658.843067
659.214533
659.288900
659.364000
659.427500
659.630433
659.732233
659.902067
660.266400
660.385500
660.517000
660.645433
660.885400
661.001667
661.423100
661.866333
662.269333
662.340567
663.027367
663.379167
663.426100
664.049833
664.316600
664.548100
664.669800
664.884400
665.170167
665.213667
665.324300
666.083333
666.416133
666.562333
666.984167
667.474533
667.579733
667.626967
667.875100
667.988033
668.043033
668.158233
668.371667
668.818400
668.846467
668.881900
668.965967
669.089900
669.129100
669.204267
669.285867
669.331500
669.558600
669.674633
669.699267
669.950233
670.002433
670.212300
670.345733
670.724233
670.899900
671.796933
672.084067
672.144033
672.261800
672.379967
672.630400
672.674067
672.729100
672.802367
673.150400
673.376000
673.556067
673.828933
674.026900
674.145300
674.221833
674.320233
674.358933
674.431200
674.449100
674.900833
675.293700
675.344200
675.377100
675.461133
675.565633
675.646067
675.793167
675.847667
675.906467
675.947033
675.988567
676.021633
676.091167
676.144200
676.192967
676.501900
676.836333
677.029367
677.135567
677.493967
678.159300
678.245833
678.484033
678.529767
678.742167
678.869533
678.936400
678.979833
679.172133
679.426100
681.754333
682.142933
682.169867
682.321967
682.549067
682.729667
682.777600
683.027433
683.250767
683.282967
683.439733
683.507933
683.550433
683.755267
684.142800
684.178267
684.329700
684.467833
684.511033
684.551000
684.658733
684.725633
685.482200
687.314267
687.651333
688.232400
688.357467
688.392133
688.520533
688.576833
688.610567
689.071167
689.101667
689.175867
689.197200
689.309933
689.445667
689.499233
689.553833
689.767267
689.866100
690.194100
690.725900
690.779600
690.846067
691.206567
691.370667
691.616700
691.754100
691.815733
692.238933
692.616567
692.667567
692.752167
693.076833
693.699033
694.052833
694.206967
694.394667
694.550567
694.644967
694.697700
694.724933
695.041267
695.315633
695.399233
695.456167
695.574667
695.723567
695.897100
696.015667
696.311633
696.499500
696.742567
696.776467
697.276400
697.309867
697.335467
697.378800
697.438067
697.507500
697.593967
697.716967
699.918533
700.051133
700.101033
700.182967
700.446867
700.493967
700.799933
700.851933
700.888533
701.003500
701.099700
701.176000
701.237600
701.346767
701.457100
701.561433
701.644167
701.710867
701.827467
701.906367
701.977767
702.005133
702.043200
702.143433
702.220567
702.260067
702.381500
702.575700
703.097767
703.395633
703.532733
704.006333
705.619867
705.670967
705.730400
705.780300
706.187200
706.264067
706.467600
706.572000
706.594633
706.749133
706.785367
706.866333
706.903467
707.023400
707.180167
707.225067
707.279600
707.427800
707.600000
707.632800
707.748467
707.799800
707.842767
708.040300
708.073500
708.202367
708.268667
708.292833
708.486833
708.546667
708.586067
708.618333
708.688333
708.773867
708.939567
708.968067
708.994100
709.037400
709.303433
709.333067
709.602967
709.658300
709.738733
709.837433
710.030800
710.083967
710.215567
710.296967
710.691267
710.785600
710.814400
710.866867
711.111367
711.688467
711.848167
711.881133
712.053700
712.162967
712.235467
712.502300
712.598433
712.668800
712.946567
713.012567
713.066867
713.643833
713.740833
713.845567
714.084300
714.128433
714.307033
714.588700
714.630900
714.776300
715.069067
715.219200
715.269700
715.361933
715.497900
715.742700
715.767500
715.830567
716.274233
716.317233
716.487600
716.748200
716.814433
716.845233
716.875967
716.916467
717.331300
717.364900
717.394567
717.431900
717.520267
717.572900
717.652400
717.690167
717.746800
717.809733
717.878700
717.940800
717.990767
718.056500
718.165900
718.208133
718.290000
718.507900
718.703633
718.767667
718.835700
718.971033
718.992467
719.136400
719.173033
719.254567
719.337000
719.396167
719.756600
719.780800
719.810800
719.827233
719.921933
720.035400
720.067033
720.187133
720.306833
720.327467
720.415033
720.530267
720.601367
720.656033
720.683967
720.826500
720.852300
720.876333
720.953767
721.000300
721.174200
721.193633
721.263033
721.524867
721.616100
721.971367
722.017733
722.110067
722.321167
722.370967
722.921533
723.011433
723.419033
723.471967
723.582600
723.740400
724.121733
724.175333
724.260867
724.408400
724.420433
724.670467
725.016567
725.098300
725.348700
725.486700
725.557967
725.821600
725.970633
726.003533
726.041933
726.121833
726.344967
726.563600
726.848833
727.027933
727.090033
727.139833
727.182467
727.218267
727.261167
727.302567
727.511900
727.682067
727.980433
728.198600
728.310100
728.376100
728.482833
728.523867
728.847600
729.086033
729.143133
729.178367
729.311667
729.348767
729.373867
729.412233
729.460433
729.703133
730.111100
731.600933
731.775367
732.106433
733.186967
733.443500
733.580700
733.796867
733.831633
733.904933
733.928167
733.958833
734.007833
734.078867
734.848133
736.043167
736.085433
736.297733
736.399267
736.465700
736.645433
736.837633
736.944400
736.962467
737.221433
737.282500
737.355733
737.407533
737.637267
737.921800
738.185167
738.231667
738.288333
738.745333
738.813500
739.499767
739.669833
739.852200
739.899567
739.972767
740.007767
740.133100
740.186433
740.393100
740.770833
740.938233
741.002200
741.213433
741.255367
741.290167
741.354500
741.456433
741.748867
741.792300
741.854333
741.986467
742.084900
742.664600
742.751500
742.882067
742.960967
743.087867
743.357367
743.410300
743.445933
743.687967
743.775000
743.935067
744.006800
744.216200
744.324267
744.493767
744.688200
745.169300
745.204767
745.247367
745.376300
745.410000
745.633133
745.919900
747.329833
747.472367
747.542533
747.608000
747.715633
747.785400
748.115700
748.267900
748.393633
748.551433
748.802267
748.825867
748.956867
749.329800
749.388033
749.918267
749.971400
750.009667
750.059800
750.408933
750.765400
750.818767
751.033667
751.193800
751.268833
752.150133
752.273800
752.867533
753.068733
753.097133
753.187700
753.378533
753.857567
753.936133
754.079367
754.138733
754.245933
754.422700
754.471633
754.535300
754.548867
754.602733
754.664800
754.916733
755.080333
755.179733
755.218467
755.324833
755.727067
755.777600
755.815800
755.851333
755.935833
755.983200
756.053433
756.093533
756.277833
756.309433
756.406633
756.446867
756.553600
756.798867
756.833033
756.889300
756.921000
756.988533
757.135633
757.158733
757.190700
757.223200
757.390933
757.654467
757.686567
757.750400
757.880367
757.954600
758.012333
758.151133
758.239200
758.376833
758.550967
758.731867
758.804000
758.845700
759.029667
759.181867
759.376400
759.441100
759.483800
759.658500
759.743300
759.949133
760.395767
760.675800
761.154933
761.180333
761.278467
761.334867
761.431167
761.634233
762.510400
762.793933
762.838500
763.175667
763.241467
763.263067
763.407633
763.467400
763.505933
763.717500
763.878967
764.222600
764.424733
764.457633
764.626367
765.005833
765.103300
765.817300
765.905000
765.937833
765.982767
766.380133
766.422633
766.580433
766.872867
766.924433
766.955367
766.997267
767.081533
767.346133
767.493033
767.726967
767.795300
768.271233
769.154733
769.618567
769.706433
769.755667
770.011833
770.347267
770.397300
770.556267
770.600667
770.697267
770.825333
770.896333
771.411800
771.539133
771.642333
771.953367
772.101133
772.159133
772.657633
773.511533
773.544933
773.781267
774.084533
774.135567
774.180833
774.280967
774.450767
774.508100
775.045200
775.623467
775.845833
775.894433
776.154700
776.201000
776.252833
776.429033
776.655033
776.687733
777.457033
777.843933
777.922900
777.961100
778.020633
778.054600
778.083133
778.101300
778.155100
778.253967
778.290800
778.379433
778.862067
778.986900
779.321633
779.365067
780.039733
780.171667
780.217667
781.068967
781.110933
781.459433
781.534633
781.555367
781.595833
781.663533
781.732900
781.775367
781.791567
781.978133
782.169833
782.220967
782.262133
782.296933
782.341533
782.454067
782.537400
782.575367
782.853133
783.070467
783.126967
783.177667
783.231800
783.307667
783.350267
783.421167
783.448233
783.508033
783.862933
784.231300
784.536700
784.613333
784.629533
784.728633
784.815200
784.918400
785.078233
785.180667
785.225667
785.330767
785.357667
785.453167
785.498300
785.720867
785.779700
785.844033
785.935967
785.989133
786.072567
786.097800
786.244167
786.284433
786.443533
786.493333
786.746500
786.813700
786.994367
787.107267
787.138567
787.210600
787.507767
787.567900
787.599100
787.624967
787.654233
787.724133
787.770933
787.912033
787.998933
788.254133
788.321567
788.348767
788.541567
788.598100
788.708867
788.758100
788.813367
788.841300
789.200967
789.379400
789.467800
789.494700
789.500000
789.571833
789.661167
789.725267
789.859367
790.130967
790.406367
790.443100
790.478233
790.505333
790.547400
790.597933
790.692800
790.768267
790.948200
790.967300
791.006133
791.033267
791.299467
791.344700
791.480333
791.565900
791.639933
791.795300
791.932533
792.083167
792.160400
792.671700
792.718733
792.869300
792.943833
793.570633
793.655667
793.741700
793.749767
794.026433
794.159633
795.292700
795.337333
795.770700
795.843433
795.905200
795.977667
796.690667
796.824267
796.903467
797.136267
797.191333
797.582867
798.096833
798.229333
798.362133
798.453167
798.553800
798.598700
798.728400
798.882067
798.952900
799.107433
799.252367
799.325467
801.886033
803.483633
803.541067
804.433233
805.075867
805.481800
805.604900
805.750533
805.865500
806.801067
807.075900
807.148767
807.246067
807.305500
807.388333
807.451800
808.094600
808.623800
809.170000
809.187233
809.245300
809.437533
809.654933
809.806700
811.542067
811.675067
811.737767
811.776967
811.818333
811.847933
811.951000
812.031233
812.197100
812.630533
812.849900
812.984667
813.692667
814.472700
814.520000
816.296900
816.327200
816.541600
816.584600
816.695900
816.928700
818.174400
818.422933
818.535100
818.882500
819.234500
819.393467
819.531700
819.747400
820.192967
821.498500
822.314900
822.366533
822.581933
822.656933
823.064733
823.251767
823.353533
823.463433
823.621933
823.836633
823.904000
824.036500
824.174900
826.029567
826.086533
826.472200
826.626967
826.741567
826.811167
826.848433
826.874000
826.926300
826.958167
826.990633
827.089667
827.673500
828.550800
828.650000
828.738533
829.241800
829.272533
829.319433
829.871233
830.212233
830.436000
830.510433
830.534467
830.671867
830.910267
830.987800
831.021500
831.117567
831.145033
831.333567
831.470633
832.035800
832.091200
832.580533
832.729633
833.319300
833.708967
833.896933
833.947067
834.093667
834.251900
834.546833
834.699867
835.186867
835.291167
835.450000
835.514733
835.824233
836.067600
836.108767
836.149300
836.184000
836.270400
836.435800
836.594900
836.755200
836.794833
837.100100
837.238100
838.729433
838.793100
838.827233
839.209367
839.248900
839.269333
839.329033
839.368500
839.398767
839.665100
843.687200
844.380667
844.411267
845.024167
845.372967
845.562933
845.623467
845.732867
846.411400
846.444100
846.479633
846.506433
846.557967
846.613933
846.763867
846.854733
846.899900
846.980300
847.039967
847.107200
847.299033
847.545533
847.637167
847.668000
847.737167
848.117433
848.234933
848.365233
848.437367
848.485067
848.530833
848.587000
848.738300
848.876667
849.302367
849.391200
849.463933
849.525067
849.758300
849.894733
850.086967
851.097200
852.034967
852.383067
852.426067
852.541700
852.615067
852.767133
852.833767
852.853700
852.925633
853.112033
853.242833
853.336467
853.428900
853.607600
853.923133
853.947933
853.981200
854.045167
854.083333
854.122067
854.565800
854.753567
855.602467
855.692800
855.792067
855.892700
856.018900
856.079733
856.251633
856.393500
856.463833
856.497967
856.604733
856.621000
856.732967
856.769833
857.352267
857.398033
857.454600
857.485333
857.571567
857.594067
857.639133
857.669500
857.716600
857.785467
857.819000
858.438233
858.498367
858.542967
858.867600
859.025067
859.151333
859.414133
859.614200
859.648533
859.951167
860.116267
860.162267
860.198233
860.808900
861.069067
861.104933
861.410367
861.463067
861.528633
861.552033
861.807967
861.937700
862.054133
862.088033
862.172700
862.206267
862.245567
862.377767
862.487933
862.791500
863.095200
863.278000
863.343700
863.507567
863.554200
863.615800
863.878100
864.241967
864.466333
864.629367
865.206700
865.280567
865.336067
865.600067
865.725333
865.753100
866.484400
866.704000
866.742800
866.894033
867.102067
867.443867
867.755533
868.715833
868.875067
868.940867
869.026833
869.151533
869.213033
870.777967
871.515233
871.648300
871.706767
871.769500
872.360833
872.652267
872.722500
872.758167
872.809167
872.866300
872.988767
873.072133
873.111400
873.321800
873.458867
873.505567
873.621567
873.750433
875.910100
875.977867
876.085000
876.178400
876.489333
876.509000
876.545133
876.596867
876.716933
876.784500
876.833267
876.871600
876.987867
877.154667
877.414667
877.460467
877.734467
877.987500
878.101133
878.155733
878.204367
878.225167
878.297467
878.319467
878.357167
878.806300
879.009433
879.060067
879.309433
879.407233
879.878133
880.458667
880.629233
880.665333
880.710267
881.033700
881.073533
881.093900
881.134933
881.462967
881.511067
881.827100
882.151833
882.456100
882.501300
882.584600
882.874333
883.311133
883.649467
883.834333
883.961133
884.016933
884.088167
884.092667
884.154500
884.205667
884.751167
884.866100
884.962200
885.009100
885.057333
885.291467
885.546100
885.591900
885.631067
885.661167
885.739200
885.762033
885.791933
885.914333
886.006967
886.038000
886.069700
887.665967
888.130033
888.275767
888.298600
888.761633
888.873400
888.919233
889.067167
889.180433
889.252167
889.489967
889.578500
889.636533
889.827867
890.614467
890.684400
890.958567
891.076800
891.144033
891.168600
891.211800
891.258200
891.620733
891.693533
891.726933
891.748267
891.816400
891.870867
891.901300
891.975700
892.307867
893.083900
893.578133
893.872433
894.038633
894.342967
894.393933
894.527900
894.667867
894.689300
894.729067
894.886567
895.139367
895.391200
895.496233
896.279433
896.321200
896.367067
896.418033
896.472167
896.633333
896.732033
896.852900
896.976333
897.113900
897.145833
897.243100
897.290033
897.328700
897.344467
897.375433
897.701133
897.721667
897.773200
897.783633
898.025833
898.138933
898.216733
898.530467
898.671833
898.708133
898.787400
898.839133
899.026967
899.039900
899.058700
899.079867
899.102200
899.124033
899.232800
899.400500
899.458200
899.655733
899.765933
899.908467
899.951567
900.071300
900.110900
900.137333
900.165500
900.305767
900.492933
900.831533
900.858300
900.885833
901.239800
902.133933
903.282000
903.329833
903.409567
903.686500
904.083567
904.594400
904.657933
904.759667
904.941467
904.995433
905.287867
905.616867
905.846433
906.009400
906.069333
906.103900
906.149733
906.232100
906.272033
906.392033
906.601267
906.765667
906.804100
906.840867
906.907400
906.975967
907.027667
907.141200
907.208267
907.291733
907.320200
907.391067
907.453100
907.823800
908.000500
908.079867
908.109300
908.165433
908.229033
908.284867
908.334100
908.426667
908.459833
908.613200
908.684133
908.697233
908.726400
908.811100
909.025133
909.067733
909.238800
909.416067
909.496200
909.634367
909.673833
909.692733
909.719833
909.761667
909.863867
909.936567
910.301267
910.334800
910.356433
910.535567
910.539867
910.658233
910.833267
910.981000
911.091833
911.128167
911.151900
911.173400
911.342967
911.364600
911.387033
911.472433
911.520433
911.779200
911.925600
912.314433
912.487333
912.506733
912.524233
912.585400
912.909500
913.535667
913.618033
913.663867
914.167167
914.335333
914.623067
914.788367
915.301300
915.508333
915.582700
915.975533
916.064067
916.102167
916.219267
916.275833
916.363733
916.416267
916.984433
917.535800
918.010633
918.059400
918.108400
918.202400
918.253933
918.402400
918.498367
918.590233
918.650433
918.682467
918.740267
918.904200
918.969033
919.183833
919.355667
919.391267
919.450867
919.511967
919.599800
919.654400
920.389533
920.447933
920.706400
921.035833
921.309200
921.357333
921.867767
922.241600
922.470633
922.556067
923.136767
923.285400
923.406200
923.807267
923.887467
924.013700
925.237733
925.358100
925.898200
925.943700
926.496100
926.570167
926.663800
926.814800
927.469133
928.334033
928.919067
929.035167
929.233867
929.276867
929.298933
929.325067
929.403133
929.498433
929.695967
929.879267
930.029267
930.335533
930.454167
930.615133
930.693300
930.754867
930.806967
930.891033
931.326100
932.078033
932.222433
932.333067
932.902100
932.950433
933.139400
933.255833
933.514700
933.652367
933.996067
934.758467
935.023133
935.097900
935.163967
935.579867
935.708200
935.734700
935.809967
935.992233
936.048367
936.160033
936.368500
936.418267
936.502367
937.080667
937.122500
937.294733
937.541533
938.333467
938.456400
938.800333
938.841933
938.926433
939.001933
939.021100
939.050067
939.246900
939.250367
939.479033
939.580300
939.855733
939.928500
940.168467
940.258433
940.303767
941.167433
941.409767
941.463033
941.734800
941.772100
941.864900
942.288667
942.368900
942.484700
942.508900
942.561467
942.630333
942.659133
942.699267
942.835467
943.075867
943.143067
943.662367
944.142800
944.174167
944.214233
944.641267
944.806400
944.979733
945.281733
945.572633
945.687467
945.775167
946.130933
946.266533
946.340633
946.409700
946.442567
946.525733
946.568900
946.623733
946.657367
946.735167
946.773100
946.805500
946.820600
946.862300
946.878600
946.913267
947.038667
947.089400
947.193433
947.236667
947.272267
947.459233
947.539767
947.611767
947.700633
947.783333
947.806867
947.855333
948.017100
948.295133
948.377033
948.620000
950.157933
950.254433
950.395067
950.505200
950.688133
950.863367
951.041333
951.481900
951.688200
951.831533
951.888533
952.554733
952.570700
952.597533
952.630233
952.735400
952.956467
953.133067
953.233067
953.273233
953.387200
953.564067
954.466800
955.324567
956.356633
956.557367
956.691200
957.761033
958.646367
958.902567
958.979600
959.245733
959.331467
959.376633
959.556333
959.660667
959.730133
959.804067
959.919567
960.191067
960.250000
960.299133
960.394900
960.532067
960.762500
960.799500
960.940567
961.001367
961.142900
961.242700
961.331900
961.816167
961.922800
962.055067
962.134033
962.177633
962.234433
962.751833
962.862533
963.386867
963.505333
963.664000
963.714333
963.779900
963.834667
963.941733
964.021100
964.158500
964.245667
964.321633
964.383467
964.798133
964.913400
965.089267
965.117700
965.146967
965.404667
965.461333
965.503333
965.529233
965.555200
965.805700
965.828000
965.872167
966.868967
967.040667
967.486333
967.531933
967.639533
967.713200
967.743967
967.809733
967.859533
967.912233
967.941833
968.102033
968.475933
968.561667
968.610967
968.708600
968.725233
968.742567
968.777233
969.050667
969.145700
969.184300
969.278667
969.374000
969.409433
969.445600
969.919600
971.193600
971.300867
971.329867
971.598967
971.762400
971.997467
972.324200
972.519433
972.567633
972.600367
972.622533
972.684300
972.801800
972.876400
973.149600
973.272767
973.390400
973.554533
973.678100
973.714033
973.746900
973.857233
974.029700
974.366100
974.443700
974.559900
974.595567
974.623300
974.663200
974.720567
974.853100
974.912000
975.020367
975.100300
975.144733
975.669633
975.813567
976.548233
976.634067
976.700933
977.684167
977.727133
977.768000
977.815700
977.855400
977.886033
977.909433
977.936867
977.994400
978.138633
978.177200
978.304133
978.396433
978.464667
978.766700
978.861200
978.959167
978.992167
979.034667
979.144167
979.259700
980.171600
980.588000
980.837467
980.877367
981.115633
981.204633
981.376167
981.423267
981.455100
981.617700
981.760133
981.812067
981.844933
981.951267
982.089767
982.331067
982.380300
982.422067
982.461100
982.488667
982.538267
982.633433
982.744933
982.828933
982.990067
983.752433
983.779067
984.412400
984.485033
984.582000
984.741100
984.991133
985.030633
985.176900
985.216267
985.487200
985.617167
985.673467
986.043433
986.534600
986.720767
987.027967
987.187533
987.404133
987.442567
987.551067
987.639933
987.672133
987.804800
988.136767
988.583800
989.210867
989.434200
990.073000
990.378767
990.507600
990.571067
990.927033
993.869367
993.946733
994.126000
994.175533
994.216300
994.252700
994.341400
994.547833
994.720800
994.801833
994.843000
995.471700
995.501833
995.581000
995.834633
995.923900
996.018333
996.119400
996.149067
996.225633
996.288433
996.339800
996.384600
996.510767
996.767467
996.829333
996.898600
997.206400
997.421300
997.621667
997.731733
997.918633
998.028900
998.115900
998.170933
998.282900
998.325267
998.614367
998.687367
998.790633
998.989933
999.206333
1001.082433
1001.176667
1001.295933
1001.505433
1001.588467
1001.654167
1001.712333
1001.892767
1001.980933
1002.066633
1002.126667
1002.167733
1002.350633
1002.401533
1002.461000
1002.585767
1002.681833
1002.882333
1002.934800
1003.038000
1003.075633
1003.132867
1003.233167
1003.359133
1003.458367
1004.008000
1004.420667
1006.086367
1006.843000
1006.935800
1007.004200
1007.068633
1007.104867
1007.158067
1007.340700
1007.447867
1007.646033
1007.860700
1008.269867
1008.321200
1008.398167
1008.486233
1008.692933
1008.799400
1009.183667
1009.422300
1009.534600
1009.727367
1010.300233
1012.843700
1012.870267
1012.919200
1012.975333
1013.067067
1013.135867
1013.231167
1013.641800
1013.693267
1013.808133
1013.870700
1013.948233
1014.014167
1014.044600
1014.116833
1014.136533
1014.314033
1014.356533
1014.387767
1014.419667
1014.487400
1014.506267
1014.541533
1014.599967
1014.645067
1014.797600
1014.852833
1014.918733
1014.947567
1015.069400
1015.117833
1015.164967
1015.213567
1015.338100
1016.148667
1016.227767
1017.004800
1017.057067
1017.247133
1017.617633
1017.741100
1017.780667
1017.816200
1017.848333
1017.899567
1017.955233
1017.981800
1018.008967
1018.109000
1018.166100
1018.622000
1018.813833
1018.882533
1018.926733
1018.996233
1019.069867
1019.114900
1019.158700
1019.186200
1019.245933
1019.310533
1019.341133
1019.403067
1019.469967
1019.551833
1019.692433
1019.780100
1019.955633
1020.010567
1020.537667
1020.737467
1020.833300
1021.213733
1021.292567
1021.360000
1021.545500
1021.604733
1021.730100
1022.029700
1022.360700
1022.572300
1022.733333
1022.852300
1022.983967
1023.067500
1023.112333
1023.157567
1023.487667
1023.623567
1023.890967
1024.039867
1024.074500
1024.819633
1024.892767
1024.927433
1024.959000
1026.007600
1026.205800
1026.320833
1026.419833
1026.557433
1026.689833
1026.728100
1026.774267
1026.835567
1026.875433
1026.927233
1026.982600
1027.087567
1027.110333
1027.158900
1027.243933
1027.301533
1027.410233
1027.543567
1027.579267
1027.723967
1027.811833
1027.844467
1027.898767
1027.921033
1027.944900
1028.380667
1028.434533
1028.661167
1028.745967
1029.012667
1029.050200
1029.149567
1029.338800
1029.438100
1029.552500
1029.705567
1029.814733
1030.015333
1030.046967
1030.126367
1030.227900
1030.301633
1030.409433
1030.431300
1030.550833
1030.604500
1030.633833
1030.650167
1030.696300
1030.778067
1030.850133
1030.932100
1030.957300
1031.080067
1031.189600
1031.556867
1031.587533
1031.739467
1031.843533
1031.909667
1031.986900
1032.089633
1032.130833
1032.177700
1032.238433
1032.302033
1032.368267
1032.453433
1032.494067
1032.530600
1032.655933
1032.837767
1033.141300
1033.231767
1033.320700
1033.427233
1033.479133
1033.592267
1033.695500
1033.938033
1034.134900
1034.164233
1034.460267
1034.617667
1034.840400
1035.502233
1035.654867
1035.722433
1035.790267
1035.905633
1035.934633
1036.010233
1036.076900
1036.168267
1036.197833
1036.234667
1036.439067
1036.468000
1036.681633
1036.756533
1036.882867
1036.954267
1037.147333
1037.616533
1037.797133
1037.930067
1037.980167
1038.125633
1038.411833
1038.555433
1040.471267
1041.115933
1041.189600
1041.304033
1041.343600
1041.390767
1041.477433
1041.641100
1041.661700
1042.018567
1042.180867
1042.238133
1042.336067
1042.403533
1042.506233
1042.602733
1042.873433
1042.970433
1043.710967
1044.015467
1044.140900
1044.171333
1044.265367
1044.367433
1044.823867
1044.874267
1044.946367
1045.099800
1045.117000
1045.363333
1045.494167
1045.634033
1045.679400
1045.769333
1045.887633
1045.955200
1046.022967
1046.155000
1046.603567
1046.646900
1046.683400
1046.720667
1046.757533
1046.805833
1046.846733
1047.323900
1047.369167
1047.616500
1047.843633
1047.905567
1047.953200
1048.093833
1048.131000
1048.168800
1048.312600
1049.098267
1049.145667
1049.170433
1049.209100
1049.242100
1049.516633
1049.590567
1049.914000
1049.989700
1050.120500
1050.388267
1050.763633
1050.852433
1051.036367
1051.369967
1051.754267
1051.827200
1052.216467
1052.452900
1052.492167
1052.742033
1052.868100
1052.913133
1052.937000
1052.981800
1053.095000
1053.698667
1053.871767
1053.998000
1054.031600
1054.115733
1054.176933
1054.231933
1054.262633
1054.375867
1054.407667
1054.487400
1054.555500
1054.789967
1055.020367
1055.573800
1055.747500
1055.846367
1055.881133
1055.940300
1055.992433
1056.551233
1056.686733
1057.577567
1057.668333
1057.786133
1057.864700
1058.249133
1058.325500
1058.716000
1058.791567
1059.140500
1059.168267
1059.448733
1059.520900
1059.599333
1059.700600
1060.636333
1060.874933
1060.985233
1061.014000
1061.054133
1061.116433
1061.163300
1061.263833
1062.548033
1062.645867
1062.691900
1062.729867
1062.933167
1063.044600
1063.476333
1063.519900
1064.567200
1064.599167
1064.996267
1065.037700
1065.092367
1065.187500
1065.214733
1065.273000
1065.468100
1065.572600
1065.751833
1065.793800
1065.831933
1065.939800
1066.063500
1066.108567
1066.141300
1066.160667
1066.763333
1066.832700
1067.069567
1067.442700
1067.666167
1068.118000
1068.237567
1068.405300
1068.469967
1068.539267
1068.667533
1069.448600
1069.560500
1069.618767
1069.747933
1069.849900
1069.916633
1070.084033
1070.122800
1070.848767
1070.930033
1071.100933
1071.198333
1071.326500
1071.503867
1071.592533
1071.657433
1072.119867
1072.193267
1072.250333
1072.297700
1072.355800
1072.403767
1072.717000
1072.780500
1072.794033
1072.880500
1072.910300
1073.012800
1073.040000
1073.065933
1073.160100
1073.191900
1073.227300
1073.260367
1073.338067
1073.366933
1073.461500
1073.503267
1073.797500
1073.869433
1073.921033
1073.990200
1074.108567
1074.175033
1074.218133
1074.322900
1074.404433
1074.425367
1074.449833
1074.600567
1074.634033
1074.709733
1074.835167
1074.965800
1075.495033
1075.590100
1075.823633
1076.098800
1076.160667
1076.377067
1076.969833
1077.538833
1077.679000
1077.724100
1077.897233
1077.954200
1077.991200
1078.177333
1078.264733
1078.329767
1078.389000
1078.730367
1078.927700
1078.966633
1079.139600
1079.351567
1079.401233
1079.451067
1079.965800
1080.061867
1080.476200
1080.551100
1080.579200
1080.601200
1080.636167
1080.859167
1080.938200
1081.061400
1081.298067
1081.509233
1081.676067
1081.677967
1081.717733
1081.789467
1081.966533
1082.161033
1082.366467
1082.436533
1082.636267
1082.662267
1082.809867
1082.826000
1082.944967
1084.991033
1085.297800
1085.358267
1085.472333
1085.523300
1085.568400
1085.609733
1085.765467
1085.835100
1085.887033
1085.958133
1086.145900
1086.176967
1086.405300
1086.442533
1086.517933
1086.741200
1086.794600
1087.545267
1087.945400
1088.004833
1088.115200
1088.195400
1088.258833
1088.391300
1088.634367
1088.774300
1089.022967
1089.384767
1090.135833
1090.193900
1090.414233
1091.454533
1091.537567
1091.613300
1091.641300
1091.783167
1092.054167
1092.189033
1092.600067
1093.038500
1093.119767
1093.514600
1093.634200
1094.166500
1094.222233
1094.384067
1094.473233
1094.504733
1094.763900
1094.814900
1094.881367
1094.960167
1095.172733
1095.217267
1095.264700
1095.311400
1096.736867
1096.906200
1096.938200
1097.034500
1097.120667
1097.183067
1097.305667
1097.362333
1097.572433
1097.719600
1098.118333
1098.314500
1098.634533
1099.137800
1099.823600
1099.969067
1100.132467
1100.174967
1100.279900
1100.310033
1100.476967
1100.636200
1100.675900
1100.730000
1101.035900
1101.291133
1101.547367
1101.613400
1101.758733
1102.030333
1102.071567
1102.447700
1102.626633
1102.770067
1102.900133
1103.183767
1103.335233
1103.379233
1103.400400
1103.424700
1103.611033
1104.388133
1104.974133
1105.103500
1105.556567
1105.944233
1105.998067
1106.031567
1106.147733
1106.404000
1106.809433
1106.935467
1107.198633
1107.299267
1107.470433
1107.627467
1107.711400
1107.751933
1107.839700
1107.872633
1107.934567
1108.019900
1108.200533
1108.298433
1108.370600
1108.573733
1108.725767
1108.750200
1108.816100
1109.141400
1109.209100
1109.279467
1109.316967
1109.355667
1109.704900
1109.750800
1109.828000
1109.912767
1110.068167
1110.197233
1110.351633
1110.488033
1110.603967
1110.642400
1110.703033
1110.726567
1110.977467
1111.039567
1111.076667
1111.315667
1112.011800
1112.117767
1112.327000
1112.412733
1112.872500
1113.181433
1113.212767
1113.266400
1113.363600
1113.425767
1113.673267
1113.872933
1113.942100
1114.030000
1114.086533
1114.478567
1114.515800
1114.686767
1114.847367
1115.066200
1115.125567
1116.887633
1117.154167
1117.927567
1118.087933
1118.164467
1118.545600
1118.631933
1118.699633
1118.796067
1119.023267
1119.418733
1119.538967
1119.682533
1119.774767
1119.832600
1120.257533
1120.494000
1120.761800
1120.970567
1121.013233
1121.069400
1121.244633
1121.349533
1121.435133
1121.571033
1121.661133
1121.820233
1121.917633
1121.960267
1122.032667
1122.155733
1122.484333
1122.562633
1122.582767
1122.735233
1122.854367
1123.417300
1123.533700
1123.612800
1123.744900
1124.278867
1124.419767
1124.671867
1125.542400
1125.770767
1126.068767
1126.341233
1127.002967
1127.444833
1127.629367
1127.872467
1127.914000
1128.419333
1128.602300
1128.704800
1128.771567
1128.867533
1128.992233
1129.093400
1129.491400
1129.787067
1129.811567
1129.898933
1130.201767
1130.257800
1130.325200
1130.398133
1130.429500
1130.482067
1130.621133
1131.047833
1131.594833
1132.565467
1132.706100
1132.891733
1133.008933
1133.129033
1133.320033
1133.344433
1133.547300
1133.623567
1133.657833
1133.714967
1133.753733
1135.912233
1136.182900
1136.214133
1136.490967
1136.574100
1136.616100
1137.968033
1140.195633
1140.558667
1140.639600
1140.722433
1140.828667
1140.962300
1141.151033
1141.230500
1141.823067
1142.474733
1142.536433
1142.674133
1142.810167
1142.906133
1143.093967
1143.133900
1143.238800
1143.640700
1144.221733
1144.325433
1144.623000
1145.876300
1145.912467
1146.066400
1147.149967
1147.212733
1147.258467
1147.314200
1147.434633
1147.483067
1147.512867
1147.576833
1147.677567
1147.708967
1147.773000
1147.806100
1147.892900
1147.970500
1148.486867
1148.615267
1148.740900
1149.312200
1149.436667
1149.498067
1149.632367
1149.697633
1149.855900
1150.951500
1151.014467
1151.073533
1151.325600
1151.452567
1151.545767
1151.717833
1151.765333
1151.815467
1151.854267
1151.902267
1152.135400
1152.293233
1152.851100
1152.913933
1152.993033
1153.283467
1153.341333
1153.473167
1153.734500
1153.775600
1153.916533
1154.123900
1154.287100
1154.376400
1154.425367
1154.588867
1154.680533
1154.792133
1154.869233
1154.978900
1155.117667
1155.624933
1156.001500
1156.245600
1156.329733
1156.458100
1156.554733
1156.642733
1156.690133
1156.813367
1156.854133
1156.957867
1157.040033
1157.216567
1157.377567
1157.404400
1157.657000
1157.826833
1157.965433
1157.997567
1158.100467
1158.358267
1159.319367
1159.355133
1159.772967
1159.862000
1160.442400
1160.736467
1160.848200
1160.879667
1160.917367
1160.990433
1161.109367
1161.788167
1161.867433
1161.998500
1162.456133
1162.575433
1162.808533
1162.992400
1163.154333
1163.552800
1163.566133
1163.680733
1163.806067
1164.215333
1164.372167
1164.397533
1164.445267
1165.284600
1165.446567
1165.580467
1165.663867
1165.864767
1166.150133
1166.287233
1166.352700
1166.450667
1166.588967
1167.126500
1167.207700
1167.257233
1167.307200
1167.425033
1167.570867
1169.188133
1169.388400
1169.718600
1170.187833
1170.651433
1170.684467
1170.765567
1170.853967
1170.890200
1170.940433
1171.229233
1171.860033
1172.205300
1172.227500
1172.264033
1172.373567
1172.480567
1172.522167
1172.565500
1173.042400
1173.083967
1173.123233
1173.391967
1173.467367
1173.603567
1173.815033
1173.854167
1173.938767
1174.642800
1174.684400
1174.723833
1174.883767
1175.601333
1176.075667
1176.125500
1176.267400
1176.391800
1176.662833
1177.477467
1177.632233
1177.671033
1178.030633
1178.087733
1178.170333
1178.267533
1178.312800
1178.360667
1178.506867
1178.571433
1178.603967
1178.906333
1178.955600
1179.045500
1179.113667
1179.151867
1179.373200
1179.558633
1179.976900
1180.035233
1180.072233
1180.339900
1180.423633
1180.557067
1180.694700
1180.885967
1181.259900
1181.432667
1181.556700
1181.997833
1182.731467
1182.875567
1182.911900
1182.942467
1182.968267
1183.072733
1183.245467
1183.306733
1183.362067
1183.594300
1183.692067
1183.739600
1183.925267
1184.228533
1184.299000
1184.560867
1184.613600
1184.669100
1184.791467
1184.871867
1184.908500
1185.488200
1185.588700
1185.816700
1185.853000
1185.934133
1185.984233
1186.104800
1186.269033
1186.429333
1186.587900
1186.729400
1186.923400
1186.982900
1187.073933
1187.199800
1188.070033
1188.219200
1188.433567
1188.804867
1189.142567
1189.253500
1191.036767
1193.504900
1193.582833
1193.622733
1193.763200
1193.846667
1193.870633
1193.980267
1194.572533
1195.372467
1195.420067
1195.710667
1195.747467
1195.892600
1196.051633
1196.381367
1196.505667
1196.577633
1196.632400
1196.851733
1196.984800
1197.030133
1197.074267
1197.181733
1197.222133
1197.687467
1197.728833
1197.808233
1197.910467
1198.105800
1198.199833
1198.292967
1198.314733
1198.345100
1198.572967
1198.686700
1198.958100
1199.217533
1199.272933
1199.743933
1199.873367
1200.001800
1200.158067
1200.208867
1200.309333
1200.441667
1200.556867
1200.601300
1200.722733
1200.765167
1200.967033
1201.396100
1201.477600
1202.172500
1202.267267
1202.322967
1202.476633
1202.788000
1202.896000
1202.980567
1203.337167
1203.483267
1203.532400
1203.622633
1203.752833
1204.126933
1204.165533
1204.246667
1204.640900
1204.711800
1204.880167
1204.965333
1205.193267
1205.723433
1205.996333
1206.147233
1206.508800
1206.795800
1206.895000
1206.953200
1207.001200
1207.266933
1207.446133
1207.754533
1207.836033
1207.941233
1208.145867
1208.184233
1208.208767
1208.283233
1208.462200
1208.661033
1208.788067
1208.844433
1208.900233
1208.924900
1209.011667
1209.051733
1209.261400
1209.362033
1209.488733
1209.605500
1210.000500
1210.236967
1210.276267
1210.328000
1210.450467
1210.553000
1210.586933
1210.664500
1210.710600
1210.751400
1210.911833
1211.099400
1211.127633
1211.277433
1211.483367
1211.558933
1211.794867
1211.994300
1212.394400
1212.647633
1212.687033
1212.718833
1212.760167
1212.899500
1212.942233
1213.087233
1213.159800
1213.184800
1213.302167
1213.476000
1213.552800
1213.590900
1213.797600
1213.852333
1213.958067
1214.024067
1214.128167
1214.205533
1214.604833
1214.985267
1215.741200
1215.766033
1215.803033
1215.957800
1215.990000
1216.679733
1216.767700
1216.825400
1216.875333
1216.887467
1217.033067
1217.064800
1217.087933
1217.538433
1217.573033
1217.828433
1217.940633
1218.175667
1218.249567
1218.317867
1218.443200
1218.524900
1218.619667
1218.644200
1218.691500
1218.730133
1218.781200
1218.812700
1218.950933
1219.019400
1219.102133
1219.367233
1219.835867
1220.020767
1220.053167
1220.092400
1220.163967
1220.340200
1220.384833
1220.498900
1220.631533
1220.673767
1220.760433
1220.809900
1220.925400
1221.012767
1221.226367
1221.287033
1221.511933
1221.546167
1221.571333
1221.617133
1221.675667
1221.736833
1221.799067
1221.861733
1221.914333
1222.143233
1222.170200
1222.217167
1222.261833
1222.293633
1222.322067
1222.348533
1222.375833
1222.479433
1222.506500
1222.785800
1222.818100
1222.872667
1222.920100
1222.968667
1223.313000
1223.477033
1223.535200
1223.564167
1223.890000
1224.051333
1224.097733
1224.154367
1224.180167
1224.869300
1224.911767
1224.962867
1225.058033
1225.151400
1225.217133
1225.287667
1225.483000
1225.632167
1226.307467
1227.313933
1227.365500
1227.701067
1227.784467
1228.222300
1229.312600
1229.341200
1229.394367
1229.511433
1229.543800
1229.705167
1230.614633
1230.862700
1230.887533
1230.960967
1231.069733
1231.221733
1231.361967
1231.476333
1231.617767
1231.827200
1231.985533
1232.070100
1232.146400
1232.180300
1232.289667
1232.541433
1232.572700
1232.754633
1232.813367
1233.022400
1233.537900
1233.638667
1233.926033
1234.062067
1234.201900
1234.242533
1234.343200
1234.379600
1234.512467
1234.623167
1234.719167
1234.802067
1234.923933
1234.940000
1235.237633
1235.307300
1235.923700
1235.944067
1236.191533
1236.609333
1236.726000
1236.785967
1237.213000
1237.406533
1237.618333
1237.707767
1237.750233
1237.807733
1237.846500
1238.035767
1238.076200
1238.138433
1238.366833
1238.573667
1238.621233
1238.900033
1238.942133
1239.055600
1239.104933
1239.132233
1239.160567
1239.208733
1239.244967
1239.258267
1239.280033
1239.615300
1239.709633
1239.751967
1239.983200
1240.055800
1240.114800
1240.363700
1240.435267
1240.571100
1240.795600
1240.878500
1240.999633
1241.140667
1241.410933
1241.461467
1241.554400
1241.721233
1241.751667
1242.044233
1242.085100
1242.115933
1242.200733
1242.225633
1242.370800
1242.489833
1243.122100
1243.296400
1243.395000
1243.833967
1244.124200
1244.376100
1244.573467
1244.681667
1244.769400
1244.863367
1244.904867
1245.562700
1245.616067
1245.770900
1245.887033
1246.005667
1246.118567
1246.183267
1246.312300
1246.338167
1246.387533
1246.532967
1246.808767
1247.194500
1247.444700
1247.740733
1248.063233
1248.197700
1248.451833
1248.549133
1248.778867
1248.824400
1249.384100
1249.534867
1249.563133
1249.599833
1249.736767
1249.765600
1249.828433
1249.859600
1249.976333
1250.010867
1250.165300
1250.244500
1250.345933
1250.379667
1250.409800
1250.433033
1250.447800
1250.477933
1250.509967
1250.545600
1250.608200
1250.641367
1250.745067
1250.773100
1250.799033
1250.928567
1251.083033
1251.694967
1251.731267
1251.856500
1252.130767
1252.187833
1252.273267
1252.434000
1252.760800
1252.791000
1252.844233
1253.025700
1253.149300
1253.427467
1253.589267
1253.628667
1253.694100
1254.048400
1254.147967
1254.207700
1254.259667
1254.288367
1254.327967
1255.085367
1255.280500
1255.573400
1256.202533
1256.697500
1256.737000
1256.854400
1256.884600
1256.981933
1257.015200
1257.040400
1257.139000
1257.180300
1257.872767
1257.933100
1257.983600
1258.212167
1258.308667
1258.555167
1258.641200
1258.825600
1258.971867
1259.068467
1259.142967
1259.174333
1259.401433
1259.435200
1259.500067
1259.748533
1259.815233
1259.833833
1259.887733
1260.000267
1260.421433
1260.456667
1260.510600
1260.568433
1260.673667
1260.773433
1260.872567
1260.978133
1261.030633
1261.145433
1261.245733
1261.325867
1261.353233
1261.385367
1261.455200
1261.798000
1262.046100
1262.066733
1262.303067
1262.433000
1262.723300
1262.954033
1263.001067
1263.031200
1263.076833
1263.521700
1263.650800
1263.684733
1263.717033
1263.820900
1263.857833
1263.927100
1263.969467
1264.011767
1264.762633
1266.024200
1266.080200
1266.277100
1266.305400
1266.372300
1266.430200
1266.552633
1266.621800
1266.771733
1266.819633
1266.926567
1266.993500
1267.210700
1267.506833
1268.191833
1268.622033
1268.684167
1268.707000
1268.795033
1268.899800
1269.101633
1269.160467
1269.291200
1269.349533
1269.791467
1269.828533
1269.896133
1270.019900
1270.206533
1270.298400
1270.710533
1271.020333
1271.100167
1272.092800
1272.124300
1272.600600
1272.659833
1272.777433
1272.817867
1273.132700
1273.591367
1273.718767
1274.064267
1274.173167
1274.241633
1274.738567
1274.814100
1274.942333
1275.108800
1275.344567
1275.440567
1275.554667
1275.666567
1275.921733
1275.959200
1275.965700
1276.002967
1276.403733
1276.512867
1276.840833
1277.755800
1278.430367
1278.516433
1278.591800
1278.926100
1279.065600
1280.853933
1280.908333
1281.089700
1281.349433
1281.435900
1281.525600
1281.834767
1282.282100
1282.425933
1282.556067
1282.633200
1282.719733
1282.871867
1282.918167
1283.693100
1283.891267
1283.921300
1284.097800
1284.798700
1284.861100
1285.322333
1285.379467
1285.411033
1285.474100
1285.539200
1286.266367
1286.420667
1286.541600
1286.970667
1287.195200
1287.290667
1287.361100
1287.508967
1287.636767
1287.704267
1288.036700
1288.108967
1288.406533
1288.480033
1288.521067
1288.729200
1288.823300
1288.966133
1289.071633
1289.179433
1289.437167
1289.663867
1289.762167
1289.896800
1289.931233
1289.977467
1290.015667
1290.048600
1290.148000
1290.188133
1290.267833
1290.505967
1290.574433
1290.711600
1290.982467
1291.054933
1291.094733
1291.143067
1291.247867
1291.343467
1291.573200
1291.756400
1291.792400
1292.020467
1293.133933
1293.301833
1293.348533
1293.585733
1293.888367
1294.111733
1294.279200
1294.705033
1294.760567
1294.960300
1295.217333
1295.255967
1295.295267
1295.358033
1295.776300
1296.010233
1296.155133
1296.333833
1296.842933
1296.884067
1297.044500
1297.702833
1297.741433
1297.945133
1298.158733
1298.281467
1298.402167
1298.817967
1299.262600
1299.459333
1299.585900
1299.681833
1299.944100
1300.077367
1300.179400
1300.247967
1300.946733
1301.935800
1302.197600
1302.366033
1302.411900
1302.538200
1302.700167
1302.798500
1302.956533
1303.139567
1303.288900
1303.327667
1303.365100
1303.399267
1303.678633
1303.760433
1303.909700
1304.261500
1304.322933
1304.436600
1304.633000
1304.765867
1305.561000
1305.834967
1306.007767
1306.049800
1306.116333
1306.188567
1306.536533
1306.846367
1307.121933
1307.200000
1307.210467
1307.315433
1307.356700
1307.478667
1307.542933
1307.860367
1307.893233
1308.177967
1309.020900
1309.067900
1309.324167
1309.402800
1309.537067
1309.563800
1309.698267
1309.950967
1310.043600
1310.274900
1310.675100
1310.870600
1311.002900
1311.190700
1311.338967
1311.435233
1311.498467
1311.551100
1311.689933
1311.913700
1312.076433
1312.202767
1313.154233
1313.379667
1313.435300
1313.493333
1313.838833
1313.878100
1313.950433
1313.983567
