0.711533
1.586133
1.671267
1.837300
2.006700
2.074133
2.179633
2.257367
2.332367
3.612500
3.730833
3.934333
3.987233
4.305733
5.074000
5.207500
5.648500
5.751633
6.780500
6.872700
7.166133
7.190800
7.233667
7.351767
7.385733
7.419567
7.589300
7.732333
7.762200
7.795667
7.959367
8.103567
8.204433
8.660133
8.767833
8.885033
8.962467
9.032400
9.175800
9.217500
9.284233
9.298333
9.310133
9.440233
9.496267
9.548067
11.239300
11.332900
11.506000
11.553333
11.601700
11.653600
11.691933
11.742033
11.797033
11.846633
12.090533
12.092167
12.447100
12.553367
12.674600
12.729400
12.777167
12.830467
12.902100
13.320967
13.385167
13.545533
14.079033
14.832667
14.912567
15.417533
15.502067
15.658567
15.837500
15.895433
16.234333
16.321967
16.362200
16.419033
16.545200
16.614800
16.643067
16.715867
16.773300
16.835567
16.926133
16.948933
16.990533
17.034367
17.107933
17.147933
17.237800
17.291100
18.301800
18.335600
18.384467
18.437267
18.533100
19.792833
21.912533
21.980033
22.619600
23.116400
23.130267
23.651200
23.742667
23.934967
24.005800
24.134767
24.210367
24.433133
24.493633
24.551500
24.645967
24.679033
24.774500
24.837033
24.877567
24.941033
24.980667
25.034267
25.388233
25.696633
25.795067
25.852733
25.957300
26.091400
26.147300
26.230833
26.485333
26.566400
26.778433
26.957267
27.009733
27.095500
27.300933
27.363267
27.431567
27.456467
27.504133
27.611033
27.645667
27.939333
28.161767
28.636433
28.680100
28.726767
29.459700
29.532333
29.772067
29.843967
30.207267
30.315833
30.419000
30.466467
30.616933
30.772433
30.780467
30.843833
30.963733
31.037200
31.101633
31.157200
31.228267
31.282200
31.367233
31.399767
31.447733
31.456233
31.537533
31.715767
31.741767
32.416667
32.480967
32.603433
33.368267
33.858600
34.383467
34.891267
34.998900
35.227533
35.545533
35.632567
35.736767
35.807067
35.864133
35.893833
35.978800
36.432767
36.470400
36.545233
36.593167
36.629500
36.741700
36.798133
36.906733
37.884267
37.930333
37.992433
38.045767
38.186933
38.310067
38.578667
38.759267
38.800667
38.878100
38.923033
38.962467
38.979967
39.237300
40.730433
40.774033
40.811400
40.900300
40.960300
41.035000
41.098367
41.135067
41.183067
41.310367
41.385767
41.461167
41.666633
41.846533
42.596233
42.673867
42.738300
42.835567
43.026867
43.100733
43.153467
43.228267
43.271967
43.305767
44.220933
44.296167
44.438233
44.712400
44.793867
45.138100
45.233367
45.309500
45.375867
45.492633
45.729100
45.821267
45.937333
45.969533
46.024600
46.053033
46.077933
46.107033
46.150833
46.202733
46.281867
46.366767
46.450867
46.490467
47.261300
47.316467
50.587000
51.607233
51.994767
52.761233
52.968300
53.004067
53.069433
54.053500
54.112733
54.164167
54.230700
54.271933
54.325333
54.425767
54.464900
54.542067
54.800367
55.334900
55.626633
55.700233
55.712667
55.744667
56.102800
56.153100
56.209400
56.363567
56.633633
56.745600
56.966633
57.035200
57.104267
57.207933
57.262300
57.329767
57.753200
58.196567
58.353733
58.484267
58.547200
58.598800
58.657767
58.762833
59.256967
59.775900
59.788700
59.793567
59.815833
59.820100
59.832533
59.843033
59.858667
59.890767
59.918533
59.933967
59.941900
59.943667
59.948633
59.951100
59.975900
60.004400
60.030100
60.053967
60.104300
60.177133
60.412633
60.643400
60.675233
60.686200
60.723733
60.741000
60.757867
60.778533
60.800067
60.827367
60.879500
60.904533
60.961833
60.980133
61.047000
61.117967
61.161567
61.181400
61.219933
61.225033
61.242700
61.254900
61.289567
61.306200
61.322233
61.374100
61.393167
61.405367
61.580267
63.711600
63.816367
63.974000
64.272567
64.543633
64.629200
64.743600
64.784267
64.844167
64.968300
65.112933
65.340300
66.381833
66.685200
66.733033
66.769967
67.558433
69.433733
69.506500
69.564200
71.151900
74.278200
74.455400
74.919900
75.033533
75.136067
75.759500
75.827000
76.875767
77.613467
78.375867
79.991100
80.410900
80.473200
80.557467
80.593233
80.697133
80.885500
80.909300
80.978233
81.039067
81.644667
84.018100
84.290900
84.847167
85.868200
85.897067
86.408033
86.484833
86.854167
86.993667
87.067600
87.164200
87.243200
87.296033
88.922467
88.986800
89.468833
89.634367
89.676267
89.771767
89.805467
89.855667
89.952133
89.986600
90.043967
90.105100
90.183733
90.243867
90.735433
91.257333
91.321200
91.372633
91.418500
91.475467
91.709233
91.722567
91.844933
91.909833
92.164500
92.367267
92.514800
92.667167
92.826600
92.853300
93.112067
93.380467
93.488533
93.668367
93.745200
93.807167
93.821633
93.912667
93.966267
93.985467
94.057733
94.073067
94.137733
94.200733
94.281467
94.324467
94.374833
94.472833
94.541233
94.796433
94.917200
95.242867
95.281400
95.578733
95.648467
95.743000
95.764767
95.821500
95.915300
96.007400
96.071133
96.176033
96.245567
96.278467
96.389367
96.478800
96.496333
96.538700
97.474567
97.715167
97.800700
97.861033
97.934933
98.002833
98.077033
98.126133
98.224367
98.608267
98.644033
98.689167
98.731133
98.806933
98.917967
99.010767
99.388733
99.556467
99.611767
99.984833
100.103867
100.177667
100.256567
101.083400
101.208033
101.283633
101.314233
101.369633
101.444733
101.521267
101.569300
101.664333
101.722333
101.725033
101.925967
102.009967
102.860333
102.940967
103.262367
103.322967
103.336067
103.483067
103.581900
103.656167
103.726100
103.974033
104.027400
104.093067
104.152067
104.238433
104.837767
105.106200
105.359467
105.444233
105.550767
105.633867
105.962333
106.072233
106.364200
106.387000
106.408533
106.428933
106.454800
106.469300
106.481600
106.498200
106.503500
106.518733
106.523667
106.556300
106.567600
106.578133
106.621500
106.658633
106.662933
106.718533
106.743600
106.848100
107.177800
107.417100
107.437433
107.459433
107.478367
107.551933
107.611367
107.641933
107.664633
107.691200
107.722233
107.736933
107.748533
107.853700
107.885033
107.991067
108.012933
108.034433
108.061400
108.073267
108.104067
108.137333
108.160800
108.188900
108.262500
108.349667
108.353800
108.358133
108.372633
108.414267
108.441233
108.447067
108.470067
108.489433
108.630133
108.671233
109.352333
109.691000
109.819433
111.255367
111.325167
111.433700
111.552167
111.574633
111.647767
111.720300
111.758167
111.871500
111.925900
111.951200
111.982600
112.024100
112.041167
112.062700
112.202667
113.595700
113.745733
113.920100
113.925933
113.995300
114.156100
114.187233
119.945033
120.212333
120.363400
120.658000
120.831733
121.099400
121.163500
121.167267
121.265600
121.354833
121.385267
121.541367
121.574100
122.461133
123.979300
124.086067
124.180900
124.866167
125.705433
125.783567
125.950967
126.657900
126.716267
127.215833
127.455533
128.148500
128.221900
128.380000
128.515400
131.488633
131.541300
131.583967
131.600600
131.755833
132.177367
132.209900
132.245833
132.305200
132.741667
132.808467
133.043600
133.150967
133.176733
133.396867
133.489500
133.545567
133.613800
133.969500
134.444500
134.493233
134.522567
134.652167
134.845400
134.920367
135.974667
136.012133
136.826567
137.027633
137.071533
137.138500
137.231833
137.275933
137.330933
137.503400
139.001833
139.416733
139.514000
140.165567
140.355267
140.415533
140.473900
140.521833
140.669233
140.699600
140.723433
141.087200
141.178400
141.223333
141.315767
141.374800
141.544967
141.630167
142.992567
143.114633
143.155233
143.213100
143.260200
143.378667
143.441533
143.498800
143.535867
143.614133
143.907367
144.242733
144.335667
144.777967
144.896333
145.642233
145.704033
145.902067
145.985567
146.103767
146.478900
146.543400
147.428667
147.493667
147.565967
147.642267
147.690967
147.793433
147.814300
147.856233
147.885733
147.930300
147.971300
148.002533
148.036867
148.099267
148.223533
148.303567
148.757000
149.176100
149.181100
150.101100
150.150433
150.558200
150.965367
151.245067
151.294967
151.579633
151.620900
151.669167
151.708267
151.710867
151.732200
151.735533
151.750767
151.762633
151.773167
151.775767
151.797333
151.837100
151.847600
151.874900
151.894067
151.927600
152.040267
152.076033
152.104867
152.349600
152.459100
152.480933
152.536533
152.570400
152.612800
152.627733
152.714600
152.804367
152.826733
152.848000
152.861067
152.875800
152.886933
152.897633
152.923867
152.940000
152.945133
152.947267
152.975333
152.996833
153.031233
153.043400
153.113133
153.886533
153.993300
154.075500
154.347900
154.526100
156.119967
156.199533
156.264967
156.562433
156.654500
157.150867
157.547900
158.748333
159.018000
159.173400
159.522633
159.729067
160.969933
161.946467
161.990733
162.089767
163.206133
163.601367
163.679633
163.749100
165.314700
165.364000
165.439733
165.546400
165.653433
165.723767
165.788600
165.829400
165.922933
165.971233
166.022167
166.053700
166.091200
166.380133
167.971900
168.331533
168.570367
168.595667
168.645600
169.942067
169.990600
170.106967
170.154733
170.182133
170.230133
170.317067
170.355533
170.402867
170.476267
170.516367
170.564433
170.639200
170.657967
170.694833
170.711933
170.803567
172.552600
172.672367
172.730600
173.003467
173.085000
173.526533
173.608833
173.658667
174.859867
174.925867
175.013567
175.139433
176.000400
176.040533
176.091533
176.147233
176.617833
176.712567
176.803933
176.896200
176.960733
177.026733
177.061300
177.741533
179.250833
181.791000
181.870033
181.998600
182.648500
182.883200
183.205433
183.323367
183.545967
183.768367
183.928500
184.019333
184.613900
184.688500
184.821433
184.927433
184.994200
185.123900
185.182500
185.259433
185.330867
185.396467
185.444533
185.576100
185.626400
185.682233
185.724700
185.791600
185.825800
185.922533
186.093967
186.238900
186.292967
186.735167
186.912367
186.944367
186.966200
187.079067
187.113533
187.155700
187.235200
187.275333
187.369300
187.545067
187.599933
187.709667
187.798833
187.884233
187.993000
188.372100
189.162867
189.838367
190.017233
190.115767
190.169367
190.248500
190.330033
190.410500
190.551633
190.561200
190.605600
190.763833
190.868233
190.952900
191.593167
191.988167
192.300267
192.373167
192.427400
192.482467
192.583867
192.691833
193.003667
193.134933
193.311633
194.177800
194.235000
194.405367
194.458567
194.549833
194.588933
195.303733
195.758567
195.943833
196.013733
196.104600
196.749167
197.032933
197.166700
197.198233
197.251667
197.530067
197.623200
197.701633
198.464800
198.720733
199.354933
201.876367
201.984033
202.050433
202.137433
202.244900
202.308033
202.396367
202.454000
202.481467
202.557733
202.595300
202.843967
202.933200
203.606667
203.648233
203.677667
203.700467
203.729567
203.747400
203.889933
203.917000
203.980400
204.049400
204.189067
204.214433
204.240300
204.283267
204.353933
204.418333
204.562167
204.615733
204.673733
204.737233
205.235067
205.290767
205.395133
206.340433
207.286267
208.536867
209.091567
209.166067
209.533200
209.666233
209.803267
209.859633
209.937367
210.129233
210.363367
210.582933
210.919333
211.021233
211.215800
211.277233
211.331467
211.396167
211.437233
211.466167
211.513733
211.550967
211.593400
211.717667
211.745200
211.796767
211.961433
212.093767
212.125900
212.290400
212.984033
213.087667
214.004733
214.062700
214.514533
214.591733
215.330800
215.533633
215.610167
216.297733
216.846833
216.937033
217.277867
217.847000
217.903133
218.076567
218.290733
218.334467
218.376967
218.396167
218.630933
218.697633
218.736100
218.768533
218.811167
219.069767
219.125833
219.169100
219.279200
219.342867
221.425867
221.514567
222.588367
222.654700
222.737667
222.775967
222.809800
222.831367
222.871800
222.914367
223.004067
223.329267
223.363733
223.853600
223.883967
223.940567
223.979900
224.497467
224.799500
225.312500
225.402500
225.527333
225.688233
225.837533
225.929400
225.982300
226.226933
226.397567
226.504833
226.887167
227.041733
227.416133
227.565367
229.454100
229.778433
229.846733
229.887867
229.946467
230.734567
231.518133
231.599133
231.726600
231.850600
232.010667
232.058933
232.126667
232.187700
232.294167
232.368433
232.535733
232.604033
232.677000
232.771567
232.858000
232.954100
233.568667
233.810600
233.902000
234.005067
234.292433
235.175467
235.475400
235.773733
235.889133
235.980400
236.314967
236.370567
236.513567
236.547467
236.694500
236.860600
237.024933
237.124733
237.370767
237.467200
237.537100
237.597633
237.633800
237.686267
237.805667
237.827233
237.967933
238.063800
238.094667
238.132867
238.165433
238.220900
238.766933
239.062367
239.169067
239.988533
240.071000
240.109300
240.173467
240.409067
240.529733
240.693100
240.878333
241.061933
241.337700
241.520100
241.634767
241.676500
241.710167
241.739867
241.843433
241.877233
241.895933
241.908633
241.987933
242.983833
243.246033
243.382133
243.398467
243.630067
243.844567
243.887367
243.913600
243.961233
244.009033
244.049567
244.095400
244.191200
244.299833
244.479600
244.593333
244.642633
245.020900
245.967767
247.973467
248.314367
248.392800
248.550800
249.174633
249.283833
249.328467
249.371433
249.393967
249.449500
249.474567
249.524833
249.592067
249.649067
249.791100
249.841933
249.899033
249.943000
250.427467
250.471000
250.516367
250.579367
250.638433
250.708067
250.763133
250.803767
250.985800
251.119167
251.146200
251.329733
251.360867
251.386267
251.472267
251.533367
251.748400
252.372000
252.700133
253.751033
253.787233
253.839100
253.950467
253.998967
254.138567
254.251267
254.810267
254.878033
255.630900
255.848300
255.944900
255.989367
256.124367
256.364533
256.413933
256.471000
256.640033
256.897633
256.936400
257.453000
258.511700
259.490600
260.373300
260.435600
261.649367
262.038967
262.148467
262.281233
262.351400
262.414367
262.758533
262.914567
263.117533
263.314900
263.881933
263.966333
264.017667
264.106967
264.451233
264.613367
264.671900
264.719667
264.820167
264.936000
265.744900
265.779667
265.826633
266.074700
266.190500
266.266233
266.348367
266.395367
266.431167
266.463767
266.569333
266.913500
267.000033
267.094433
267.207167
267.395233
267.461500
267.519000
269.577267
269.629000
269.719167
269.757067
269.842133
269.899033
269.968800
270.019667
270.384200
270.467100
270.743500
270.837433
270.911300
271.046700
271.538967
271.863167
271.983367
272.182833
272.245067
272.300400
272.388167
272.585467
272.730900
273.048033
273.239467
273.290600
274.927867
275.578267
275.953133
276.578333
276.927500
277.261367
278.128500
278.304033
278.350200
278.446233
278.460167
278.501233
278.651800
278.764333
278.855933
278.970733
279.077800
279.156700
279.202567
279.249333
279.297900
279.592267
279.983200
281.315000
281.427067
281.534233
281.640733
281.690033
281.946733
282.091300
282.186633
282.295333
282.336200
282.717767
282.774767
282.879400
282.951967
283.056967
283.107533
283.141033
283.945967
284.182767
284.484967
284.547067
285.504933
286.445700
286.479133
286.642867
286.741933
286.797000
286.834800
287.012500
287.301800
287.603200
288.375567
288.414600
288.454800
288.715833
289.063667
289.147467
289.406900
289.460767
289.498533
289.882700
290.189233
290.384133
290.532200
290.582367
290.678067
290.731400
290.833033
290.869867
291.046767
291.104833
291.178367
291.225567
291.258833
291.310400
291.338767
291.355800
291.420033
291.460567
291.835667
292.305033
292.422000
292.562000
292.762533
292.828400
292.882567
292.961700
293.056667
293.146000
293.211833
293.255067
293.277000
294.338033
294.479900
294.532567
294.906900
295.066733
295.414267
295.480433
295.490200
295.569300
295.766000
296.058333
296.166133
296.673800
297.388467
297.444833
297.582000
297.936800
298.540767
298.587467
298.811100
299.956433
300.982567
301.746933
301.819167
302.446867
302.533200
302.611933
303.431800
303.494167
303.575700
304.728167
304.804267
305.587533
305.641733
306.638133
307.034533
307.616167
307.689500
308.002933
308.262600
308.318667
309.487167
309.574067
311.513367
311.740000
312.057767
312.335533
312.394567
312.522900
312.658600
312.729400
312.787400
312.858833
313.088133
313.145333
313.216900
313.269100
313.541633
313.597500
313.653533
313.766267
313.844400
313.908567
314.171300
314.349733
314.388733
314.420600
314.433333
314.456867
314.547833
314.579367
314.682767
314.716300
314.761767
314.830700
316.122133
316.404300
317.222900
317.281767
317.496700
317.678167
318.237500
318.335867
318.659733
318.817767
318.859167
319.126633
319.416600
319.470733
319.781900
319.841067
319.870733
319.915800
319.961900
320.020400
320.229733
320.375233
320.728567
320.873700
320.930067
320.965767
321.543867
321.636767
321.718233
322.158100
322.968367
322.996033
323.018367
323.288100
323.558900
323.862533
324.060067
324.382067
324.421700
324.739567
324.851967
324.925267
325.166400
325.239567
325.328767
325.421633
325.428033
325.500000
325.709867
325.774067
325.810233
325.881833
325.951633
326.011033
326.039300
326.077733
326.197600
326.352933
326.434100
326.509900
326.551867
326.607833
326.668967
327.238900
327.411033
327.460967
327.501367
327.751433
328.666667
328.729033
328.828467
329.113133
329.145500
329.237133
329.308000
329.388033
329.463433
329.885000
330.326433
331.131033
332.308000
332.365400
332.606967
333.287933
333.313267
333.349300
333.403400
333.511467
333.555567
333.775767
333.849767
333.974000
334.031867
334.209867
334.304667
334.352300
334.407433
335.090967
335.383700
335.434633
335.839633
335.872533
336.115100
336.597833
336.653033
337.045633
337.130800
337.203633
337.257667
337.322200
337.675467
337.709767
337.784967
338.057867
338.271400
338.360600
338.506567
338.572067
338.610233
338.660833
338.804167
338.830467
338.874300
338.907633
338.978133
339.076267
339.998433
340.098067
340.516033
340.560000
340.593067
340.627633
340.639233
341.600967
341.881933
342.713100
343.182467
343.606833
343.720067
343.811567
343.870133
343.887200
344.076533
344.181400
344.374433
344.404233
344.573133
344.694600
345.130700
345.229267
345.687067
345.899867
345.994967
346.066700
346.104933
346.382133
346.518833
346.765500
346.792867
346.830467
346.894233
347.521533
347.746733
347.804567
348.212967
348.278100
349.092067
349.151733
349.395233
349.507700
349.960800
350.885100
351.262767
351.538933
351.603500
351.671567
351.942633
352.425367
352.949233
353.448133
353.567400
353.661867
353.863833
354.045300
354.101667
354.224900
354.292533
354.379267
354.431433
354.482600
354.505467
354.540967
354.572467
354.604033
354.643633
354.701233
354.853533
354.985700
355.068600
355.104967
355.218000
355.245167
355.270433
355.412367
355.490967
355.594367
356.171267
356.383400
356.604833
356.938367
356.984233
357.055000
357.239667
357.575533
357.755533
357.846667
358.417500
358.498933
358.634900
358.668200
358.744533
358.812933
358.829667
358.903667
358.926033
359.250067
359.502167
359.639400
359.684133
359.773900
359.817900
359.930300
359.939233
359.995867
360.086367
360.140400
360.231800
360.319600
360.614167
360.701033
360.788967
361.065433
361.380333
361.552367
361.783467
361.866000
361.948767
362.285967
362.456867
363.418933
363.533133
363.689900
363.760967
364.129467
364.237067
364.497433
364.648433
364.746500
364.813833
365.066033
365.166567
365.277200
365.333500
365.362700
365.510733
365.670500
365.712067
365.753600
365.840200
365.979367
366.006467
366.208367
366.313100
366.375233
366.464400
366.613300
366.645467
366.707333
366.781033
366.837200
366.912433
366.942033
366.972633
367.069167
367.142833
367.192333
367.288567
367.482900
367.801900
367.860733
367.971000
368.093567
369.611967
369.709367
369.813933
369.865100
369.915667
370.032633
370.079033
370.372300
370.891833
370.973500
371.078800
371.125867
372.366133
372.407167
372.495167
372.606533
372.685933
372.775733
372.959133
372.991867
373.044000
373.312967
373.536367
373.538167
373.606300
373.738467
374.564500
374.778333
374.838167
375.242367
375.286100
375.372867
375.688567
375.745733
375.814833
375.977767
375.996733
376.031533
376.081933
376.188200
376.434933
376.720700
376.883400
377.523933
377.604933
377.718067
378.090867
378.159533
379.483700
379.551067
379.641900
379.948133
380.015467
380.159267
380.224333
380.285867
380.509367
380.825433
381.275767
381.518200
381.573267
381.635133
381.713233
381.758633
381.811233
381.861600
381.945700
381.997933
382.182233
382.365100
383.374267
383.592200
383.798800
383.994133
385.811700
385.876467
385.970133
386.038100
386.094033
386.214867
386.272000
386.773300
387.908733
387.987733
388.103533
388.170733
388.837900
389.269067
389.369900
389.436400
389.477200
389.537467
389.600633
389.950700
390.332500
390.419667
390.470967
390.596767
390.689133
390.770367
390.842333
390.919033
390.950133
391.026600
391.071633
391.403633
392.471600
392.791833
393.301967
393.376433
393.902533
394.052267
394.105667
394.299700
394.388067
394.663533
395.143100
395.192833
395.213233
395.423933
395.496967
396.051600
396.234000
396.599900
396.664167
396.712067
396.789367
396.846500
397.007333
397.066500
397.137933
397.189767
397.291700
397.482167
397.970900
398.048967
399.063700
399.475800
399.614033
400.524400
400.693000
400.769000
402.339833
402.593600
402.879900
402.966000
403.062200
403.190100
403.624533
403.749633
404.790267
404.868733
404.927133
405.006400
405.131033
405.201333
405.231867
405.285267
406.559667
407.063300
407.119900
407.453533
409.299067
409.403733
409.599033
409.643600
409.799367
409.965333
410.181567
410.375200
410.684667
410.736033
410.811333
410.867200
411.145133
411.505567
411.666300
411.822433
412.604967
412.788600
413.794167
413.828567
413.860200
413.962200
414.257600
414.437933
414.504600
414.539533
414.580567
414.789833
414.975367
415.039733
415.498833
415.643233
415.856967
415.900600
415.983067
416.061700
416.109400
416.205167
416.414000
416.485400
416.681367
416.897500
418.147800
418.444367
420.334600
420.680333
421.249833
421.745967
421.848100
421.901567
422.208500
422.262633
422.501000
422.873367
423.261633
423.538100
424.036467
424.104967
424.269067
424.550733
424.749233
424.871800
424.939900
425.091233
425.125067
425.169967
425.229233
425.332633
425.429567
425.509933
425.665867
425.920367
426.274300
426.312767
426.334000
426.399567
426.490933
426.825867
426.988000
427.069500
427.176300
427.247400
427.534300
427.804067
428.123733
428.331067
428.462333
428.689233
428.838100
428.877800
428.903500
428.979700
429.031533
429.077300
429.109767
429.175433
429.209767
429.246767
429.281400
429.334067
429.887700
430.336833
430.924433
431.001467
431.043767
431.114800
431.202233
431.247133
431.332867
431.423700
431.502033
431.894700
432.183367
432.248467
432.332400
432.705633
432.737267
432.836733
432.977333
433.301533
433.411667
433.492000
433.526300
433.929933
433.988967
434.037833
434.143533
434.211100
434.409000
434.690500
435.028700
435.286300
435.321933
435.389333
435.432600
435.715833
437.100667
437.177400
437.640100
437.749367
437.799133
437.922567
437.960500
437.989933
438.161267
438.464467
439.087833
440.334500
440.444567
440.509667
441.061233
441.114933
441.177133
441.318167
441.373100
441.403200
441.463700
441.491400
441.961600
442.007867
442.050733
442.092867
442.124333
442.202800
442.759167
442.903433
443.099000
443.170967
443.342967
443.384167
443.560333
443.606700
443.700400
443.744933
443.807600
443.862867
443.919767
444.169300
444.621367
444.670733
444.737267
444.841900
444.898167
444.925467
445.573333
445.627667
446.354967
446.373900
446.392433
446.396067
446.406433
446.475833
446.507500
446.512700
446.522367
446.541600
446.546933
446.552633
446.567733
446.570033
446.588433
446.599400
446.612167
446.634400
446.649800
446.652133
446.740900
446.770300
446.790633
446.832567
446.871367
446.892033
446.898167
446.973100
447.048433
447.052067
447.092067
447.179567
447.208833
447.223667
447.242300
447.302600
447.350533
447.437100
447.449933
447.464700
447.485867
447.517433
447.528800
447.555900
447.561900
447.605433
447.672533
447.691100
447.754533
447.920033
447.948267
447.970933
448.023533
448.047767
448.068333
448.091433
448.107100
448.177967
448.208500
448.227067
449.390933
450.984967
451.908500
451.971000
452.082867
452.267667
452.845267
453.090800
456.272167
457.849467
458.057767
458.191967
458.463867
458.645767
458.713833
458.889300
459.287000
459.471100
459.570700
459.676300
459.923867
459.972667
460.079500
460.109267
460.153233
460.224100
460.292567
460.343167
460.533267
461.450267
461.615167
462.217200
462.618233
462.699967
463.964400
464.002067
464.251233
464.317633
464.446700
464.500100
464.563367
464.592833
464.618800
464.714600
464.763500
464.826300
464.890033
464.954033
465.413033
465.484567
465.741367
465.876033
465.944667
465.960833
465.986467
466.012767
466.057933
466.161100
466.180800
466.595633
466.618433
466.646933
466.667767
466.697700
466.763467
466.809567
467.272500
468.595367
469.029700
469.083867
469.165267
469.240233
469.340333
469.785467
470.137433
470.178567
470.369100
470.734633
470.824067
470.929000
471.046100
471.327900
471.453833
471.522000
471.638467
471.673033
472.089833
472.122967
472.185133
472.224333
472.301767
472.337600
472.422033
472.476467
473.299333
473.670667
473.752800
473.822967
473.890700
474.016167
474.156700
474.247500
474.310400
474.534767
475.809933
475.989100
476.057533
476.284033
476.385400
476.811133
476.884000
476.994267
477.142800
477.445367
477.533833
477.906100
479.319433
479.632933
479.678567
479.871733
480.351233
480.433267
480.475667
480.977267
481.382533
481.917600
482.015200
482.450233
482.994267
483.151000
483.475900
483.633000
484.045467
484.250033
484.555567
484.662600
485.171700
485.496300
485.550833
485.601800
485.673867
485.716667
485.815300
485.850333
485.912933
485.963567
486.046033
486.142433
486.565400
486.747300
486.836200
486.992000
487.068400
487.115967
487.203367
487.337533
487.672233
487.733533
487.893867
487.957833
488.187267
488.290900
488.373000
488.437733
489.202433
489.357867
489.385233
489.432967
489.539233
489.601200
489.774933
489.860433
490.106067
490.884733
490.968700
491.010000
491.086667
491.132200
491.321500
491.423567
491.510967
491.559300
492.576567
492.643067
492.740233
492.771600
493.436967
493.850033
494.289800
494.796433
496.043767
496.148967
496.370767
496.633767
496.814400
496.948700
497.019600
497.068133
497.120600
497.255400
497.390967
498.453900
498.557400
498.793400
499.137667
499.175200
499.299200
499.442867
499.531600
499.622700
500.079767
500.158833
500.398133
500.491100
500.727700
500.812700
501.643333
501.711733
501.777767
501.957433
502.036167
502.402900
502.519600
502.792667
502.864133
502.938900
503.022600
503.084333
503.426633
503.612433
503.954133
504.036467
504.138900
504.181167
504.255800
504.352733
505.112267
505.222267
505.347800
505.395400
505.550100
505.891600
505.969533
506.061533
506.132200
506.174133
506.584733
506.822967
507.234400
507.482667
507.788100
507.881300
508.053967
508.149633
508.211767
508.274400
508.398533
508.431000
508.481600
508.544167
508.611100
508.684800
508.731133
508.844100
508.994500
509.029700
509.063767
509.111400
509.133567
509.179400
509.226633
509.310833
509.414300
509.706967
509.806167
509.978333
510.036967
510.083633
510.109700
510.377700
511.561800
511.663633
511.688500
511.717333
511.796867
511.979767
512.066600
512.234533
512.875167
513.344533
513.419767
513.474367
513.569267
513.708500
513.771267
513.823367
513.890467
514.151400
514.232233
514.394033
514.454467
514.509333
514.542700
514.610400
514.643667
514.676400
514.735900
514.829133
514.860000
514.878267
514.918967
514.946833
514.981733
515.044167
515.105633
515.507100
515.534700
515.598900
515.609333
517.179467
517.290567
517.378467
517.747033
517.829300
518.116300
518.164900
519.389600
519.482533
519.981600
520.052833
520.198433
520.310900
520.381000
520.794033
520.873767
520.988267
521.390367
521.765867
522.285700
522.593000
522.859233
523.231433
523.620800
523.794233
524.865300
525.015933
525.037567
525.193367
525.290667
525.582533
525.656200
525.840333
526.178900
526.217367
526.244333
526.294200
526.316367
526.368000
526.772333
526.971400
527.220333
527.382200
527.563433
528.036467
528.422800
528.621367
528.653267
528.694233
528.946133
529.867933
529.891367
529.929000
530.330433
530.378133
530.446600
530.508833
530.599100
531.195133
531.233500
532.797033
533.161400
533.513867
534.194733
534.694933
534.956033
535.014100
535.308900
535.510167
535.727500
535.760567
535.881367
536.023500
536.922400
536.984100
537.087167
537.224667
537.298633
537.406700
537.472367
537.532433
538.131833
538.625367
539.062667
539.171500
539.250267
539.303833
539.428600
539.495400
539.670400
539.710133
539.759267
539.802600
540.031233
540.126233
540.199967
540.297067
540.341467
540.442000
540.834567
540.945800
541.046000
541.301833
541.468800
541.691500
542.058633
542.085833
542.554033
542.621533
542.758067
543.316100
543.384333
543.521500
543.629833
543.687933
543.775800
543.850033
543.895633
544.088700
544.125767
544.160967
544.208567
544.239233
544.303100
544.334600
544.391033
544.427067
544.463367
544.487833
544.535900
544.587933
545.298833
545.589067
546.269467
546.337667
546.516933
547.597100
547.809967
548.545533
548.603867
548.673667
548.735333
548.791000
548.887800
549.118633
549.193933
549.215967
549.258100
549.296167
549.328800
549.370267
549.434633
549.490433
549.562667
549.711800
549.806333
550.095100
550.176400
550.252200
550.332133
550.421567
550.504567
550.718033
551.290900
551.380400
551.437267
551.528633
552.031500
552.133100
552.934867
553.225400
553.299300
553.350100
553.389767
553.645333
553.692767
553.742867
553.787833
553.912800
553.972733
554.105400
554.187033
554.261600
554.287967
554.316667
554.361700
554.416967
554.687433
555.042767
555.415733
555.504867
555.579600
555.683433
555.753567
556.159167
556.299300
556.372567
556.478867
556.611300
556.673733
556.737867
556.966633
557.067233
557.322267
557.417900
557.596833
557.826267
557.873700
557.919300
557.979733
558.024233
558.055200
558.107500
558.150167
558.166300
558.219067
558.289100
558.405333
558.544967
558.806333
559.273267
559.634433
559.824867
559.911167
559.969700
560.048400
560.227633
560.273633
560.488167
560.788033
560.920733
560.971867
561.214667
561.281600
561.504733
561.816500
562.024533
562.232267
562.289267
562.343567
562.386300
562.472733
562.491700
562.553700
562.687267
562.717667
562.755633
562.780333
562.805800
562.824967
562.853933
562.875900
562.901667
562.918233
562.959167
562.988267
563.083100
563.124967
563.150933
563.218200
563.269200
564.366867
564.492033
564.691133
565.300700
565.489000
565.701400
566.041800
566.170467
566.239233
566.595067
566.659767
566.722500
566.785233
566.845900
566.894433
566.908833
566.946567
566.965733
566.988733
567.030067
567.109133
567.156033
567.237067
567.278233
567.423100
568.487700
568.746433
568.803367
568.840200
568.956833
569.007567
569.088333
569.182367
569.298000
569.533133
569.657467
569.756000
569.958500
570.031600
570.109133
570.326500
570.411133
570.478833
570.560667
570.648433
570.827700
571.014533
571.200467
571.261667
571.326567
571.373867
571.430833
571.850200
572.263300
572.783767
573.196733
573.280600
573.343200
573.438233
573.584233
573.694867
573.735400
574.024833
574.127833
574.174233
574.242567
574.313133
574.373400
574.432400
574.474400
574.512733
574.541800
574.584233
574.620000
574.660433
574.999367
575.500567
575.558133
575.594333
575.691933
575.766500
575.849167
576.490500
576.567967
576.623333
577.050933
577.118100
577.157467
577.203800
577.287767
577.344067
577.644767
577.892833
577.971967
578.128133
578.201500
579.642967
580.036700
580.214833
580.287067
580.353200
580.477767
580.591900
580.706833
580.763233
580.835500
580.920700
580.970033
581.033067
581.065467
581.107200
581.215700
581.227100
581.290167
581.902067
581.967567
582.181533
583.114333
583.187467
583.321967
583.372233
583.453533
583.491833
583.534300
583.595433
583.657500
583.824467
583.922633
584.105233
584.195933
584.324567
584.426233
584.544400
584.686267
584.756367
584.795000
584.830367
585.090500
585.120433
585.161367
585.215033
585.325200
585.378767
585.461367
585.484233
585.578700
585.742833
585.853400
585.927433
585.946767
586.006667
586.047467
586.119033
586.136600
586.210633
586.302567
586.386600
586.511833
586.554600
586.743933
586.951067
587.080000
587.117567
587.139233
587.159267
587.216433
587.228867
587.282800
587.295367
587.319133
587.381000
587.631967
587.791000
587.945500
587.987600
588.036667
588.061467
588.173267
588.205967
588.278133
588.288967
588.293667
588.351167
588.487167
588.525800
588.594600
588.614133
588.665733
588.861300
589.046400
589.236533
589.303900
589.312500
589.578100
589.601633
589.638733
589.697600
589.746567
589.797067
589.814033
589.858300
589.865933
589.887600
589.903567
589.938533
589.984433
590.034033
590.121667
590.213233
590.352800
590.482567
590.988167
591.064567
591.478900
591.560467
591.604300
591.684633
591.730367
591.774667
592.054967
592.386467
592.468200
592.744033
593.196267
593.295633
593.877333
593.929700
594.050667
594.472600
594.768567
595.254100
595.493100
595.540133
595.638600
596.093533
598.559867
598.923700
599.251067
599.268033
599.289633
599.342367
599.357633
599.398700
599.655167
599.697233
599.816667
599.846367
600.147433
600.961667
601.035933
601.157733
601.275000
601.326100
601.624600
601.836333
601.930333
602.055533
602.113767
602.758800
603.040433
603.183600
603.308300
603.369133
603.439033
603.508700
603.595967
603.648300
603.847633
603.959467
604.976067
605.490467
605.951867
606.169733
606.433133
606.636100
606.691600
606.727667
606.792133
606.833933
606.889633
607.036967
607.057100
607.099633
607.125667
607.200067
607.233767
608.331267
608.912167
609.028000
609.096067
609.292433
609.900433
610.205267
610.712100
611.035433
612.390167
612.482467
612.512600
612.888333
613.085767
613.231567
613.313233
613.582633
613.617033
613.642567
613.670300
614.192633
614.239333
614.339533
614.407333
614.484900
614.524500
614.599233
614.636000
614.666133
614.700900
614.750367
614.783133
614.821200
614.919300
614.958267
614.991700
615.080867
615.146267
615.512700
615.766767
616.533500
618.390633
618.424233
618.885100
619.154867
619.209533
619.369533
619.480667
619.510633
619.833767
619.935600
619.975000
620.020467
620.115033
620.338200
620.801700
620.935100
620.982633
621.008133
621.081967
621.170133
621.189967
621.236900
621.270800
621.389400
621.479967
621.793733
621.901367
621.966733
621.998067
622.724600
623.610267
624.261233
624.304800
624.369333
624.963033
625.050500
625.376300
625.467067
625.627500
625.725867
625.800700
626.417367
626.929267
627.099100
627.277667
627.410700
627.466833
627.503767
627.756333
627.863700
627.945933
628.000567
628.332833
628.423333
628.469933
628.529067
628.596700
628.662833
628.707500
628.804767
628.809600
629.217567
629.292633
629.584133
629.620200
629.933233
630.409733
630.870967
630.985667
631.042900
631.363600
631.493433
632.400167
633.363000
633.435267
633.683300
633.751500
633.791400
634.337733
634.487667
634.584433
634.640467
634.689133
634.770867
634.799533
634.849100
635.142900
635.205067
635.380633
635.521367
635.560233
635.679700
636.052967
636.492967
636.537667
636.547167
636.690000
636.824633
636.925067
636.976933
637.032767
637.102000
637.426267
637.616167
637.680933
637.856033
638.776367
639.045467
639.117300
639.181100
639.231700
640.004233
640.070600
640.238767
640.318300
640.582900
640.608400
640.860067
641.121067
641.360233
641.440867
641.512867
641.719367
641.771500
641.812300
641.874800
641.933367
642.040200
642.208500
642.248900
643.016500
643.250600
643.305400
643.635367
643.764367
643.817333
643.859267
643.928867
644.122933
644.211733
644.390467
644.471867
644.549000
644.566567
645.072000
645.298433
645.779100
645.951533
646.011600
646.181900
646.228700
646.276200
646.357767
646.542600
646.601800
646.694200
646.749167
646.786167
646.807067
646.832633
646.865067
646.905867
646.981900
648.732867
650.239500
650.649267
651.207200
651.245000
651.409367
651.446833
651.480100
651.559500
652.070533
652.132367
652.165200
652.222100
652.303133
652.336900
652.400567
652.707267
652.762167
652.784867
652.818167
652.851667
652.886133
652.937500
652.946133
653.066133
653.183533
653.943567
654.001400
654.063533
654.113833
654.136267
654.220667
654.255367
654.445933
654.672967
654.769900
655.295500
655.348667
655.566333
655.631767
656.401100
656.459100
656.593633
656.674667
656.747267
656.841033
656.887467
656.999200
657.055633
657.300833
657.407367
657.599000
657.668667
657.790700
657.852867
658.213667
658.414667
658.475200
658.556533
658.636800
658.798367
658.997433
659.180600
659.240500
659.280400
659.359800
659.400400
659.448700
659.484267
659.691900
660.231133
660.743300
660.830967
660.895367
660.961967
661.326300
661.482633
661.654800
662.090200
662.934467
662.972533
663.181767
663.229567
663.350000
663.405300
663.511333
663.590467
663.630100
663.689767
663.748967
663.801533
663.828133
664.060967
664.329767
664.446400
664.510200
664.593533
664.629833
664.785967
664.906133
665.149400
665.296533
665.456767
665.525067
665.815733
666.442200
666.528700
666.651433
667.420800
667.462867
667.682200
667.756133
667.820267
667.897133
667.947100
668.115133
668.246067
668.385467
668.439667
669.003333
669.500433
669.653567
669.713833
669.818400
670.004233
670.054000
670.226367
670.358567
670.460000
670.503700
670.587000
670.880067
670.927400
670.959133
670.996633
671.049400
671.091400
671.175867
671.231167
671.332533
671.395733
671.439800
671.495067
671.735033
671.773767
671.855700
671.918133
673.893367
673.941867
674.110900
674.255733
674.542267
674.775433
674.904733
674.938100
675.031700
675.172633
675.401800
675.470167
677.131233
677.357633
677.836600
678.114200
678.188900
678.242467
678.354767
678.398600
678.495100
678.637267
678.718333
678.788900
678.851733
678.892767
678.993400
679.054900
679.086333
679.120767
679.182500
679.248667
679.368400
679.602333
680.324233
680.413200
680.471067
680.508900
680.536433
680.586733
680.646900
680.708333
680.753100
680.828300
680.864133
680.917267
681.037367
681.065400
681.076433
681.593067
681.631433
681.633600
681.692133
681.794333
681.835167
681.881100
681.907067
681.941367
681.976567
682.017133
682.049433
682.211300
682.261800
682.284333
682.312167
682.325100
682.342300
682.773600
682.791633
682.813900
682.882800
682.911733
682.988467
683.014900
683.088700
683.384600
683.501167
683.563833
683.592900
683.631433
683.663500
683.687333
683.729000
683.781133
683.820800
683.961533
684.026200
684.382967
684.597867
684.614867
684.737533
686.563700
686.625267
686.698767
686.796467
687.683800
687.877100
688.397700
688.978700
689.180567
689.244267
689.303600
689.659333
689.733233
689.841333
689.891133
689.925567
689.983267
689.987167
690.005833
690.062233
690.140533
690.484400
690.645767
691.196500
691.235700
691.311233
691.363933
691.501167
692.850067
693.231267
693.289467
693.319567
693.401667
693.431667
693.472867
693.566867
693.873333
693.918100
694.025767
694.104800
694.178433
694.236500
694.281967
694.318700
694.608433
694.676267
695.022100
696.005633
696.178733
696.242767
696.780733
698.250667
700.209367
700.386800
701.420100
701.471700
701.540267
701.673433
702.482967
702.521633
702.584733
702.706567
702.759600
702.796533
702.842600
703.080967
703.146800
703.245833
703.310367
703.465200
703.581400
703.980200
704.424733
704.484933
704.491700
704.527200
704.570533
704.593833
704.636200
704.734967
704.797967
704.877233
705.002967
705.041500
705.118100
705.157800
705.206933
705.259033
705.281000
705.311300
705.356833
705.408933
705.447400
705.720667
705.960267
706.039867
706.078633
706.229300
706.928633
707.272667
707.333767
708.525367
709.111067
709.200833
709.299033
709.470767
709.504700
709.549100
710.065433
710.177867
710.233433
710.359800
710.796533
710.823700
710.936567
711.354467
712.381967
712.525500
712.595567
713.038567
713.076467
713.406333
713.482733
713.547533
713.596467
713.899600
713.945600
713.982167
714.142600
714.196833
714.369500
715.677600
715.838667
715.975667
716.046700
716.257067
716.442933
716.490667
716.532800
716.594400
716.646767
717.336767
717.469500
717.535667
717.707500
717.761967
717.840400
717.908200
717.981667
718.036267
718.146267
718.220367
719.475967
719.572033
719.665267
719.713233
719.765333
719.813900
719.850567
719.938333
720.059800
720.140700
720.213967
720.269333
720.300567
720.425167
720.466133
720.606033
720.856333
720.942100
721.208367
721.351167
721.458933
721.554767
721.711267
721.870533
721.938967
721.992533
722.093367
722.222700
722.237000
722.258867
722.320133
722.412600
722.428400
722.533900
722.611967
722.707133
722.710767
722.803067
722.821933
722.864367
722.898200
722.952967
723.075933
723.167267
723.344167
723.362100
723.411500
723.519933
723.581200
723.608900
723.665967
723.741200
723.805567
723.884967
724.143033
724.161300
724.240800
724.265067
724.348833
724.368133
724.377833
724.396867
724.405867
724.423300
724.463233
724.487400
724.868100
725.019167
725.065267
725.114633
725.193267
725.280067
725.348567
725.440233
725.543500
725.601867
725.650033
725.668233
725.697967
725.721800
725.735200
725.745700
725.757167
725.785400
725.882533
725.958167
726.038500
726.077700
726.119967
726.144933
726.174900
726.181567
726.224367
726.246767
726.325200
726.477800
726.742267
726.867733
726.995733
727.427567
727.491033
727.625700
727.804267
727.941600
728.021800
728.889700
728.976400
729.110667
729.764100
730.061867
730.108800
730.224167
730.449433
730.974633
731.007933
731.056633
731.216800
731.350067
734.101033
734.304467
734.344867
734.951233
735.198933
735.842467
737.717267
737.969000
738.454600
738.540867
738.590733
738.703133
738.847267
738.879867
738.915133
738.978867
739.062533
739.138133
739.181300
739.286100
739.692467
739.732267
740.018500
740.172567
740.188300
740.224667
740.255967
740.316267
740.396400
740.431133
740.492167
740.576400
740.632600
740.751567
740.802767
740.868000
740.969567
743.311933
743.422233
743.760567
744.032900
744.074767
744.114167
744.205700
744.417167
744.473800
744.945200
745.032333
745.169567
745.264500
745.346167
745.434867
745.606467
746.167300
746.320300
746.361567
746.448500
746.559933
746.998367
747.109900
747.158300
747.235300
748.459933
748.541467
749.199900
749.262400
749.555600
749.605233
749.650133
749.717533
751.565300
751.635867
751.754900
751.791100
751.830967
751.843433
751.877600
752.270333
752.312900
752.395933
752.577567
752.679700
752.756867
752.983467
753.383333
753.447067
753.525667
754.193000
754.297667
754.495833
754.548333
755.343167
755.559133
756.054400
756.101200
756.145633
756.197500
756.201433
756.778567
756.998067
757.194700
757.384400
757.561867
757.889667
758.056000
758.288567
759.025467
759.113200
759.173433
759.236767
759.652633
759.774033
760.119833
760.175267
760.246133
760.752600
761.818467
761.868533
761.941700
762.045233
762.123900
762.139067
762.228933
762.324900
762.451200
762.932433
762.973900
763.447833
763.485800
763.649200
763.938867
763.995200
764.232167
764.267633
764.314500
764.386033
764.442700
764.573833
764.836733
765.253300
765.410733
765.451300
765.506100
766.186467
767.053667
767.146467
767.325833
767.384800
767.873867
768.536600
768.902767
769.217700
769.375967
769.423400
769.591767
769.878100
769.923700
770.049167
770.102833
770.235633
770.516633
770.684567
771.089433
771.149100
771.297000
771.351667
771.487500
771.729433
771.826000
772.000600
772.141067
772.234100
772.346033
772.390000
772.642333
772.692333
772.790300
772.870600
772.953200
772.998967
773.048000
773.100367
773.136100
773.182967
773.235833
773.255967
773.304600
773.324467
774.161333
774.247933
774.435600
774.484433
774.579000
774.679133
774.924233
775.424700
775.463433
775.867867
776.298400
776.649067
776.845433
776.912167
777.024700
777.382933
777.461267
777.483833
777.547133
777.834867
779.694600
780.159967
780.185833
780.232267
780.313767
780.376133
780.627000
780.733067
780.954900
781.136100
781.531600
781.877833
782.143733
782.246633
782.637367
782.678400
782.720000
782.758633
782.872333
782.907167
782.930200
782.979600
783.041567
783.091867
783.105000
783.199800
783.246967
783.312433
783.533233
783.590900
783.622833
783.759567
783.873067
784.001300
784.074333
784.131500
784.240533
785.510900
785.601800
785.654567
785.738633
785.809067
785.892533
786.381733
786.463233
786.553567
787.830267
787.887100
788.021567
788.436633
788.505033
788.767033
788.787900
788.998967
789.231167
789.282567
789.313000
789.341467
789.389667
789.457000
789.573600
789.817767
789.984400
790.205467
790.470833
790.673233
791.030300
791.113500
792.284067
792.399667
792.439000
792.759300
793.069767
793.265933
793.364933
793.841900
794.492067
795.087900
795.171167
795.325200
795.612533
795.935933
795.984500
796.131700
796.245133
796.309133
796.327500
796.380300
796.533233
796.580167
796.600867
796.645233
796.668000
796.675300
796.724100
796.826400
796.964200
797.001100
797.038867
797.075333
797.099033
797.142900
797.218800
797.236100
797.265100
797.311300
797.335200
797.427233
797.465200
797.496267
797.508100
797.527200
797.668700
797.704833
797.805667
797.825367
797.840833
797.886433
797.918933
797.951333
798.194167
798.509667
798.635767
798.685133
798.867800
799.364367
799.566733
801.417367
801.456033
802.363600
802.512433
802.621867
802.971500
803.220567
804.502133
805.227133
805.686767
806.074800
806.134100
806.214867
806.303100
806.548533
807.045400
807.134867
807.171967
807.259367
807.389500
807.458467
807.503967
807.546267
808.014767
808.491967
808.771267
809.243000
809.631733
809.685867
809.812233
810.464900
810.546900
810.832567
810.902267
811.008933
811.059767
811.238367
811.446467
812.333367
812.408633
812.461267
812.733600
813.098100
813.156400
813.286167
813.333433
813.409200
813.476300
814.192167
814.283733
814.326233
814.387300
814.588000
814.653933
815.228433
815.285500
815.333133
815.394700
815.477900
815.549467
815.587767
815.644900
815.717400
815.753400
815.796467
815.863833
815.882400
815.900600
815.949433
816.016600
816.055567
816.953967
817.339367
817.492667
817.642367
817.809567
817.859767
817.893067
818.014167
818.106167
818.648067
818.704867
819.194900
819.423967
819.481733
819.539433
819.581667
819.664867
819.834800
819.937100
819.998233
820.066300
820.109333
820.151567
821.031400
821.439767
821.477933
821.746367
821.960100
822.016967
822.058167
822.119400
822.190400
822.511767
823.616933
824.777300
824.895267
825.183600
825.228933
825.468933
825.561767
825.945167
826.694133
826.921500
826.983667
827.007200
827.040733
827.147200
827.289833
827.525033
827.570500
827.699867
828.374100
828.457433
828.730267
828.894200
828.964267
829.080767
829.143767
829.335533
829.366800
829.465067
829.492400
829.510667
829.532333
830.010500
830.347833
830.463700
830.599533
831.078033
831.228467
831.627600
831.963233
832.019733
832.372967
832.381067
832.470033
832.589733
832.784167
832.953467
833.054600
833.091067
833.247300
833.364033
833.450033
833.483267
833.512633
833.550067
833.629133
834.624300
834.743400
834.921933
835.068533
835.730600
835.805267
837.125367
837.230533
837.570567
837.600267
837.636333
837.767067
837.808733
837.868200
837.904533
837.944300
838.646400
840.437733
840.665700
841.056567
841.592233
842.132900
842.239367
842.868867
843.319733
843.470733
843.701333
844.661467
844.753800
844.795500
844.857200
844.915200
845.091733
845.243267
845.348200
846.012200
846.085633
846.171433
846.206333
846.328667
846.398733
846.579733
847.105500
847.326833
847.522567
848.406867
848.603867
849.037067
849.072900
849.364200
849.513200
849.549567
849.619600
849.654500
849.715100
849.773800
849.923067
850.007900
850.053300
850.133933
850.748967
850.841967
850.892400
851.340600
851.483000
851.519133
851.550533
851.579800
851.706333
851.871600
851.991333
852.035900
852.067967
852.138367
852.208167
854.558333
854.931367
855.020267
855.818067
855.901333
855.925367
855.948333
856.022700
856.097167
856.219700
856.688833
856.756800
856.820700
856.930233
856.981033
857.078100
857.148900
857.199267
857.237433
857.392467
857.435967
857.502633
857.580333
857.606633
857.745767
857.774433
858.055867
858.209600
858.301200
858.368667
858.795333
858.978833
859.123200
859.396500
859.475067
859.627033
860.564633
861.738200
862.114967
862.407933
862.459500
862.756900
863.280200
863.328333
863.419367
863.696600
863.872067
864.334267
864.483267
864.584000
864.607367
864.818433
864.859433
864.927033
864.969333
864.992833
865.113533
865.153400
865.222167
865.779033
865.814967
865.860233
865.884667
865.934900
866.029100
866.043633
866.077600
866.128767
866.167900
866.230933
866.289667
866.320567
866.400333
866.464367
866.640433
866.692300
866.768533
866.799967
866.853767
867.025267
867.066767
867.140600
867.201500
867.322100
867.442767
867.466133
867.560933
867.738467
867.835933
867.996633
868.239267
868.283233
868.327967
868.363400
868.398400
868.433267
868.714800
868.753867
869.368400
871.041867
871.106833
871.167367
871.879967
872.700667
872.769967
874.274100
874.304567
874.389300
874.548800
874.613967
874.865300
875.029100
875.683800
875.875100
876.596300
877.065900
877.279167
877.881467
878.550600
878.680200
878.747933
879.150367
879.203100
879.400167
879.518533
880.070200
880.286367
880.468333
880.533633
880.852933
881.029400
881.154600
881.224233
881.294533
881.445000
881.481467
881.622000
881.732700
881.828067
881.965000
882.528167
882.596033
883.070267
883.147500
883.186967
883.377967
883.541067
883.568900
883.667400
883.736300
883.831067
884.147633
884.206800
884.296933
884.396267
884.970567
885.162433
885.310667
885.442033
885.603733
886.664033
887.458733
889.954867
890.047767
890.083900
890.134033
890.213633
890.280967
890.332267
890.436900
890.571000
890.637100
890.716667
891.025467
891.086000
891.154400
891.240267
891.373667
891.450033
891.615867
891.699133
892.481367
892.602500
892.613467
892.769833
892.802733
892.836900
892.872233
892.896600
892.926333
893.060400
893.076600
893.225200
893.287300
893.350267
893.544533
894.000767
894.372800
894.741600
894.881000
895.097733
895.418700
895.806900
896.082733
896.165500
896.509400
896.695433
896.853000
896.916600
896.957600
896.987433
897.030500
897.082400
897.135833
897.197567
897.307433
897.372167
897.422367
897.455233
897.516567
897.566867
897.815533
897.895433
898.034800
898.220967
898.517100
898.763033
898.815400
899.119200
899.698467
899.778900
899.844267
900.343767
900.389100
900.463933
902.676533
902.855267
903.002267
903.058000
903.163233
903.276667
903.309267
903.451200
903.505167
903.603400
903.767633
903.826100
903.982833
904.034967
904.091567
904.521633
904.721367
905.313333
905.531333
905.652500
905.762000
905.991833
906.161500
906.287333
906.359233
906.655167
906.781300
907.441300
907.560700
907.665300
907.730967
907.767733
907.844633
907.887200
907.952000
908.143300
908.238567
908.300867
908.353933
908.441000
908.651267
908.789433
909.588233
909.683400
909.758200
909.856567
909.962767
910.029133
910.111733
910.195733
910.275033
910.370933
910.456267
910.605700
910.694000
910.716400
910.802600
910.821867
910.905767
910.947200
910.992833
911.038833
911.136133
911.226733
911.240367
911.296733
911.329100
911.347633
911.419900
911.423333
911.529233
911.569267
911.579733
911.645933
911.648733
911.727767
911.753467
911.841367
911.904900
911.932733
912.006000
912.064300
912.174667
912.192900
912.262767
912.285600
912.373833
912.450133
912.517500
912.625200
912.726167
912.888767
912.923333
913.008400
913.266533
913.327467
913.385533
913.422233
913.540767
913.591033
913.613767
913.654400
913.694400
913.736767
913.754200
913.769167
913.808667
913.835367
913.867533
913.903033
913.998267
914.454800
914.481700
915.012333
915.116133
915.155100
915.224400
915.317833
915.390133
915.468667
915.502533
915.566967
915.581967
915.591933
915.642800
915.649867
915.694767
915.719300
915.742633
915.780000
915.832967
915.871767
915.905867
916.008400
916.046133
916.078800
916.160033
916.186167
916.199000
916.430233
916.490700
916.494200
916.549367
916.591867
916.649467
916.849600
917.874600
919.295167
919.325133
919.902233
919.995633
920.587067
920.624367
920.670100
920.751367
920.796300
920.812033
920.827733
920.926133
920.960767
921.143533
921.182433
921.355967
921.402333
921.414600
921.508200
921.639900
921.944367
922.013067
922.153200
922.275400
922.628967
924.281267
924.673267
924.767333
924.879767
924.994833
925.306900
925.355433
925.466400
925.506533
927.333233
927.593733
927.667933
928.784900
928.807300
928.840233
929.415900
930.593667
930.651633
930.738567
931.103200
931.207900
932.128933
932.247867
932.377267
932.489233
932.712900
932.841033
932.942500
933.013833
933.071700
933.145167
933.672233
933.684633
933.795500
933.879500
934.036267
934.314400
935.136500
937.273433
937.369767
937.704500
938.006900
938.332200
938.440067
938.535300
939.428333
940.898633
940.965267
941.040033
941.111100
941.207233
941.311200
941.445367
941.503500
941.599367
941.636533
941.689367
942.005200
942.540533
942.594100
942.636233
942.781400
942.933200
943.056367
943.142567
943.273400
943.744967
943.855300
943.947167
944.108767
944.260633
944.494533
944.583900
944.736100
945.194100
945.279333
945.332900
945.431100
945.471400
945.504000
945.535167
945.584300
945.658667
945.743833
945.803800
945.853833
945.922033
946.075733
946.120800
946.221400
946.284667
946.410133
947.237933
947.394700
947.593333
947.750033
947.928000
948.168933
948.282500
948.400800
949.819033
949.883067
949.981567
950.136933
950.395600
950.456733
950.495467
950.586833
950.866200
951.204400
951.443867
951.562700
951.613400
951.714800
951.928733
951.976367
952.029467
952.107867
952.763400
953.998767
954.423167
954.687800
955.426067
955.494400
956.000067
956.459033
956.581133
956.677267
957.866667
958.081767
958.132367
958.138867
958.166267
958.245533
958.296000
958.343200
958.681500
959.041933
959.110100
959.186433
959.317133
959.698100
959.896933
959.965167
959.997233
960.184967
960.240333
960.399033
960.446967
960.520500
960.745100
960.773767
960.791400
960.816533
960.885767
960.974100
961.098500
961.125600
961.352433
961.422367
961.459700
961.572233
961.615433
961.690867
961.955767
962.121300
962.439800
962.448433
962.755100
962.791367
962.823900
962.881167
963.051867
963.078867
963.101567
963.144600
963.195000
963.220767
963.508000
963.612467
963.668533
963.743033
963.868933
963.947500
964.354233
964.419033
964.464967
964.535833
964.638500
964.871400
964.930867
964.994167
965.093567
965.142800
965.346733
965.413333
965.511367
965.616333
965.679867
965.770467
965.820833
965.854233
965.932967
966.475667
966.555733
966.603033
966.661433
967.100400
967.230500
967.295367
967.332400
967.952933
968.031967
968.488933
968.542133
968.875000
968.947600
969.008567
969.046500
969.093767
969.142633
969.305267
971.088100
972.118633
972.214100
972.263333
972.455567
972.512067
972.585400
972.627233
972.666967
972.716900
972.887833
972.909567
972.938233
972.966667
973.039433
973.092967
973.164133
973.197100
973.239567
973.284367
974.144633
975.879833
975.959833
976.128800
976.431033
976.556533
976.617267
976.918667
977.050967
977.132667
977.224667
977.362367
978.634933
979.102733
979.239400
979.307167
979.377233
979.797200
979.929300
980.019533
980.056833
980.158633
980.204067
980.242800
980.264133
980.302467
980.396167
980.425133
980.435800
980.498633
980.606200
980.653467
980.681633
980.720400
980.769900
980.992733
981.253533
981.658400
981.820767
981.911367
982.072200
982.113100
982.358900
982.441600
982.558200
982.615933
982.778167
982.868700
982.911233
982.968733
983.691067
983.953233
984.100000
984.243133
984.282500
984.371633
984.402500
984.442667
984.514533
984.552233
984.570867
984.604300
984.633833
984.684567
984.826200
985.586700
985.825433
985.879000
985.934900
986.303033
986.427867
987.972267
988.010200
988.025933
988.101233
988.503333
988.670433
988.772600
988.839167
989.179633
989.360133
989.455000
989.576300
989.621667
989.696933
990.076933
990.181967
990.337233
990.485533
990.585500
990.757500
992.724100
992.790967
992.848800
992.972467
993.056967
993.160000
993.297433
993.373000
993.678200
993.727500
993.800000
993.861867
993.904967
993.964933
994.006167
994.207100
994.619767
994.869467
994.944000
995.136100
995.220467
995.261333
995.317333
995.387833
995.419500
995.446767
995.469333
995.491033
995.505000
995.521967
995.540267
995.583000
995.659000
995.686100
995.776567
995.810133
995.855633
995.903300
995.958167
996.022433
997.241333
997.461967
997.606000
997.759100
998.520967
998.614767
999.828700
1000.172100
1000.297633
1000.342167
1000.431400
1000.523000
1000.724367
1001.041300
1001.244467
1001.401333
1001.457800
1001.851333
1001.918367
1001.977633
1002.014533
1002.190667
1002.292567
1002.734567
1002.971833
1003.024233
1003.157433
1003.243033
1003.733767
1003.880733
1003.950867
1004.017667
1004.092433
1004.468033
1004.551467
1004.753700
1004.864233
1004.886200
1004.950667
1004.995733
1005.051700
1005.147567
1005.179200
1005.209800
1005.313633
1005.355633
1005.411433
1005.461600
1005.473700
1005.500733
1005.527800
1005.556933
1005.756600
1005.789500
1005.831467
1005.873133
1005.951200
1006.034867
1006.086367
1006.164633
1006.275900
1006.304967
1006.403033
1006.488900
1006.562367
1006.636100
1006.733233
1006.790667
1006.812600
1006.918433
1006.953567
1006.988500
1007.049500
1007.131100
1007.159367
1007.213200
1007.264400
1007.306067
1007.364500
1007.604000
1007.668433
1007.748567
1007.790433
1007.883233
1008.047233
1008.188433
1008.323533
1008.464967
1008.554633
1008.585333
1008.594433
1008.655933
1008.966000
1009.147967
1010.218600
1010.375133
1010.498667
1010.566200
1010.596233
1010.634300
1010.703200
1010.961833
1011.044800
1011.363567
1012.054300
1012.108733
1012.722700
1013.260900
1013.457200
1013.550667
1013.614167
1013.698000
1013.848633
1013.902633
1013.960600
1014.112033
1014.241867
1015.683200
1015.784633
1015.824933
1015.878433
1015.915067
1015.964733
1016.042800
1016.077867
1016.221167
1016.257400
1016.306600
1016.386200
1017.357100
1017.577000
1017.693433
1017.934833
1018.490567
1018.546367
1018.629733
1018.858800
1019.085333
1019.129633
1019.248800
1020.072167
1020.142100
1020.205367
1020.256233
1020.300433
1020.347700
1020.502867
1020.544533
1020.609100
1020.661000
1020.688767
1020.805333
1020.827967
1020.872533
1020.964500
1021.025967
1021.028000
1022.240033
1022.295200
1022.334167
1022.367500
1022.395433
1022.441667
1022.503267
1022.576667
1022.621100
1022.699633
1022.790433
1023.035267
1023.368567
1024.942433
1025.211200
1025.262133
1025.314600
1025.894533
1026.622800
1027.025900
1027.134867
1027.510500
1027.569567
1027.786533
1027.927533
1028.157800
1028.209400
1028.243633
1028.316800
1028.368100
1028.428800
1028.540333
1028.717733
1028.797200
1028.879333
1028.993300
1029.047900
1029.150367
1029.279567
1029.436867
1030.580467
1030.637467
1030.763933
1031.043500
1031.121233
1031.277967
1031.370800
1031.444433
1031.476700
1031.538767
1031.640033
1031.707567
1031.718333
1031.894500
1032.014467
1032.057233
1032.138400
1032.228867
1032.249000
1032.310500
1032.334433
1032.397267
1032.489600
1033.107733
1033.136200
1033.217367
1033.238467
1033.288200
1033.316033
1033.390200
1033.438733
1033.490100
1033.556033
1033.573100
1033.589933
1033.631000
1033.692467
1033.902233
1033.926500
1034.061300
1034.096000
1034.160133
1034.188767
1034.326867
1034.600233
1034.614067
1034.620267
1034.642100
1034.666033
1034.669633
1034.675267
1034.681567
1034.701833
1034.712767
1034.714833
1034.717133
1034.725133
1034.769933
1034.782833
1034.827033
1034.887767
1034.991167
1035.063200
1035.833533
1035.863767
1036.045867
1036.114667
1036.169033
1036.266267
1036.297633
1036.373267
1036.411667
1036.547867
1036.631767
1036.638600
1036.853133
1036.903500
1036.959967
1037.033467
1037.139367
1037.180667
1037.258100
1037.268833
1037.362933
1037.423633
1037.509967
1037.634700
1037.813000
1039.021867
1039.116200
1039.231567
1039.310700
1039.840100
1039.904900
1039.949167
1040.030733
1040.079233
1040.340233
1040.403300
1040.487433
1041.022000
1041.271467
1041.509467
1042.837700
1042.891533
1043.587833
1043.769867
1043.834967
1044.040100
1044.092867
1044.160900
1044.208567
1044.436033
1044.504267
1044.611967
1044.969867
1045.109533
1045.207433
1045.377733
1045.747200
1046.200333
1046.299167
1046.589167
1046.657933
1046.724033
1048.728167
1048.775800
1048.829367
1048.881167
1048.934667
1049.380333
1049.477767
1049.538833
1049.736767
1049.799833
1050.451900
1051.663833
1051.891133
1052.364767
1052.486267
1052.594967
1052.669233
1053.203333
1053.616400
1053.672333
1053.709800
1053.788000
1053.898633
1054.073067
1054.639267
1054.750167
1054.811167
1055.148667
1056.353233
1056.417733
1056.545867
1056.858600
1056.952033
1056.981500
1057.283033
1057.315333
1057.455433
1057.523900
1058.822500
1059.050500
1059.099700
1059.158667
1059.252867
1059.755600
1059.843900
1061.490533
1063.133433
1063.231400
1063.584000
1063.826933
1064.053700
1064.440067
1064.714467
1064.929000
1064.994567
1065.089200
1065.590467
1066.905667
1067.167833
1067.195167
1067.232800
1067.599300
1067.658933
1067.713967
1067.834167
1067.961933
1067.987433
1067.998467
1068.035933
1068.075700
1068.111000
1068.165100
1068.221300
1068.286000
1068.390867
1068.443767
1068.468167
1068.519233
1068.940933
1069.804967
1069.916500
1071.266233
1071.313533
1071.409833
1071.763500
1072.100967
1072.282133
1072.370967
1072.414133
1072.486467
1073.233833
1073.397467
1073.660467
1073.796967
1073.849667
1073.901533
1073.929033
1074.076933
1074.221267
1074.349433
1074.453667
1074.514600
1075.305533
1075.548233
1075.729033
1076.042433
1076.126000
1076.558800
1076.654533
1076.713133
1076.829467
1076.987200
1077.226167
1077.694233
1077.857700
1078.052933
1078.109367
1078.193767
1078.377967
1078.738233
1080.123333
1080.295933
1080.529133
1080.670700
1080.720000
1080.776733
1080.859200
1080.944800
1080.985133
1081.041133
1081.092200
1081.269300
1082.653233
1083.207267
1084.983833
1085.135867
1085.426300
1085.622700
1085.723033
1085.795000
1086.380833
1087.054567
1087.194867
1087.252633
1087.385267
1087.400733
1087.452133
1087.518333
1087.660733
1087.917267
1088.141200
1088.309167
1088.386533
1089.190633
1090.065567
1090.564833
1090.779533
1090.837267
1090.929167
1091.020333
1091.100167
1091.344233
1091.537900
1091.595500
1091.650900
1091.688733
1091.903700
1092.159167
1092.824100
1093.113600
1093.142333
1093.318600
1093.385533
1093.437567
1093.615267
1093.887633
1094.393833
1095.896933
1096.306633
1096.415433
1096.694467
1096.772700
1096.851433
1096.945900
1097.062700
1097.477000
1097.516967
1097.958200
1098.126733
1098.817233
1098.928233
1099.499967
1099.538233
1099.752900
1099.811967
1099.993800
1100.065600
1100.186867
1100.263933
1100.320233
1100.368433
1100.416200
1100.562033
1100.691067
1100.823900
1100.858600
1101.026833
1101.178467
1101.227233
1101.281200
1101.371567
1101.438433
1101.478067
1101.681233
1101.745467
1101.876133
1102.119500
1102.204567
1102.347867
1103.096500
1103.691600
1103.807400
1103.911000
1104.027667
1104.066433
1104.091500
1104.111033
1104.161967
1104.194800
1104.225567
1104.238800
1104.294200
1104.319033
1104.358967
1104.451133
1104.484700
1104.511367
1104.598433
1104.648700
1104.698700
1104.881567
1104.987500
1105.232533
1105.279900
1105.314533
1105.343667
1105.357300
1105.408200
1105.517667
1105.634067
1105.676100
1105.887500
1105.937767
1106.110367
1106.134933
1106.165167
1106.314833
1106.362100
1106.489500
1106.616367
1106.648567
1106.721300
1107.315133
1107.357800
1107.389667
1107.442833
1107.476700
1107.530867
1107.856200
1107.887600
1107.918833
1108.006500
1108.031567
1108.075200
1108.123533
1108.179633
1108.221433
1108.321700
1108.399467
1108.445433
1108.679567
1108.831833
1108.872800
1108.992433
1109.050800
1109.268700
1109.373967
1109.469833
1109.560900
1109.603267
1109.624733
1109.700200
1109.748400
1109.785933
1109.831433
1109.875767
1110.088333
1110.183500
1110.308867
1110.397933
1110.440433
1110.646033
1110.699167
1110.737433
1110.811933
1110.844267
1110.883133
1110.975467
1111.301133
1111.497433
1112.061333
1112.133967
1112.172767
1112.219767
1112.266233
1112.701633
1112.818300
1113.345700
1113.625533
1113.697300
1114.200533
1114.279333
1114.835467
1116.095133
1116.477133
1116.540533
1116.711200
1116.801367
1116.866267
1117.383600
1117.697133
1118.229867
1118.288400
1119.251933
1119.320000
1119.401033
1120.160467
1120.271300
1120.946900
1121.304100
1121.553733
1121.623133
1121.880067
1122.199667
1122.340900
1122.638967
1122.754167
1124.097167
1124.214433
1124.248600
1124.377667
1124.461433
1124.548933
1124.607133
1124.684133
1124.715000
1124.783033
1125.025233
1125.101700
1125.191800
1125.591400
1125.672733
1125.917167
1126.403467
1126.639700
1126.685633
1126.744900
1126.797900
1127.014267
1127.149633
1127.192967
1127.243433
1127.268567
1127.404267
1128.085133
1128.235433
1128.301800
1128.724600
1128.784300
1128.864333
1129.197033
1129.257433
1129.342633
1129.381833
1129.560967
1129.746467
1129.868367
1130.016500
1131.150933
1131.190867
1131.307933
1131.595500
1131.641900
1131.693800
1131.761967
1131.951900
1132.018067
1132.106300
1132.210933
1132.374467
1132.525433
1132.574333
1132.583533
1132.611100
1132.642533
1132.680500
1132.817767
1133.062300
1134.876633
1135.228433
1135.448767
1135.916467
1135.964800
1136.131800
1136.236833
1136.287533
1136.347967
1136.413133
1136.473867
1136.569167
1136.628100
1136.683967
1136.758233
1136.912500
1136.963133
1136.995933
1137.031767
1137.145800
1137.211033
1137.281033
1137.354900
1137.412167
1137.443633
1137.540767
1137.582167
1137.773900
1138.874567
1139.526433
1139.681467
1139.721567
1139.916700
1140.209100
1140.598433
1140.783167
1140.892000
1140.989300
1141.074700
1141.123067
1141.515633
1141.699200
1142.196267
1142.285100
1142.651033
1142.727933
1142.802067
1142.933000
1143.354900
1143.573233
1144.389900
1145.403433
1145.499033
1145.610000
1145.789400
1145.858833
1145.922400
1146.109267
1146.231233
1146.710933
1146.737267
1147.048600
1147.166467
1147.213867
1147.261700
1147.297267
1147.397333
1147.517567
1147.682467
1147.757667
1148.254800
1148.314700
1148.364100
1148.411067
1148.497867
1148.587867
1148.657367
1148.720867
1149.145300
1149.210867
1149.263133
1149.328033
1150.237433
1150.382533
1150.430000
1151.600833
1151.951900
1152.254367
1152.528367
1152.575033
1152.608700
1152.699000
1152.824367
1152.940367
1152.994433
1153.095200
1153.203633
1153.510500
1153.575533
1153.606767
1153.657633
1153.741300
1155.200367
1155.672867
1155.724367
1155.770633
1155.903633
1156.476000
1157.090367
1157.164400
1157.647167
1157.694500
1157.862200
1157.927800
1158.268133
1158.432667
1158.828867
1158.914367
1159.342900
1159.710100
1159.836467
1159.871200
1159.914533
1159.944233
1160.007433
1160.068733
1160.103700
1160.302567
1160.335833
1160.438033
1160.522967
1160.551200
1160.587567
1160.627400
1161.069967
1161.519700
1161.652667
1161.713200
1162.108267
1162.199233
1162.269367
1162.379967
1162.496333
1162.563800
1163.135833
1163.743433
1163.813333
1164.015133
1164.133433
1164.330667
1164.491200
1164.772600
1164.883733
1165.736467
1165.830733
1165.960867
1165.993033
1166.026100
1166.084567
1166.160100
1166.343500
1166.493067
1166.544133
1166.565800
1166.604767
1166.882700
1166.972933
1167.039300
1167.148267
1167.221833
1168.769700
1168.866100
1168.927533
1169.000233
1169.042933
1169.125467
1169.239767
1169.959833
1170.032100
1170.408567
1170.858200
1170.962367
1171.093433
1171.146233
1171.211967
1171.312233
1171.368133
1171.444133
1171.488567
1171.545367
1171.661700
1171.687400
1171.845667
1171.863900
1171.887667
1172.028600
1173.060833
1173.149067
1173.220033
1173.265700
1173.328367
1173.611300
1173.637867
1173.687833
1173.751967
1173.822933
1173.911000
1173.971333
1174.046433
1174.102333
1174.154267
1174.285933
1174.316567
1174.658700
1174.725567
1174.955033
1175.443333
1175.538467
1175.604167
1175.767467
1175.951033
1176.031000
1177.131767
1177.231367
1177.263767
1177.297767
1177.511867
1177.673033
1177.775300
1177.927500
1178.345300
1178.671733
1178.745067
1178.919667
1179.074133
1179.270067
1179.355767
1179.451467
1179.637867
1179.677600
1179.716267
1179.777367
1180.270300
1180.346233
1180.430133
1180.510800
1180.569633
1180.931700
1181.040733
1181.096133
1181.266800
1181.597700
1181.628833
1181.711367
1181.743467
1181.824267
1181.854033
1181.880233
1181.914133
1181.948600
1182.004900
1182.045667
1182.116333
1182.166567
1182.210400
1182.239833
1182.261200
1182.290167
1182.314033
1182.333067
1182.366400
1182.469833
1182.734933
1183.296133
1183.433800
1183.616567
1183.700667
1183.770300
1183.894633
1183.929900
1184.029667
1184.092900
1184.525967
1184.741467
1185.411433
1186.101233
1186.168233
1186.263533
1186.384400
1186.739733
1187.026567
1187.390367
1187.432067
1187.462933
1187.551733
1187.575067
1187.628800
1187.656367
1187.683333
1187.722767
1187.748433
1187.806200
1187.932933
1187.977133
1188.017933
1188.175367
1188.210800
1189.914900
1190.374133
1190.414167
1191.158067
1191.502800
1191.534067
1191.605667
1192.220300
1192.804733
1192.880200
1194.140000
1194.204700
1194.270967
1194.375367
1194.428900
1195.421867
1195.573133
1195.619567
1195.790067
1196.573467
1197.279600
1197.321433
1197.640467
1197.919467
1198.094767
1198.150933
1198.396533
1198.550433
1198.970167
1199.037933
1199.183333
1199.249733
1199.369667
1200.255200
1201.312533
1201.434000
1201.481667
1201.724867
1201.764367
1201.863233
1201.892333
1201.936000
1201.998300
1202.038000
1202.167833
1202.286933
1202.460500
1202.595233
1202.723933
1202.911833
1202.988367
1203.148467
1203.545633
1203.739767
1203.839733
1204.068867
1204.103867
1204.141133
1204.167500
1204.229967
1204.278200
1204.301133
1204.322067
1204.339833
1204.410500
1204.429633
1204.455433
1204.481333
1204.521367
1204.543533
1204.613733
1204.733233
1204.975300
1205.048367
1205.089833
1205.149467
1205.285333
1205.310867
1205.423800
1205.506267
1205.595967
1205.652367
1205.725933
1205.822400
1205.948200
1206.611400
1206.880600
1207.088933
1207.256100
1207.656333
1207.688767
1207.721467
1207.957300
1208.087967
1208.227867
1208.287033
1208.376467
1208.456900
1208.633200
1208.753567
1208.835467
1208.910367
1208.992833
1209.300333
1209.663800
1209.790200
1210.025167
1210.902967
1211.371400
1211.496067
1211.716533
1212.082200
1212.154033
1212.236333
1212.293700
1212.421200
1212.535700
1212.732033
1213.277800
1213.420467
1213.697000
1214.412967
1214.731667
1214.771733
1215.094100
1215.445500
1215.495067
1215.558233
1215.744033
1215.788667
1215.910033
1216.070533
1216.110900
1216.689200
1216.740300
1216.803433
1216.846033
1216.932600
1217.154567
1217.282900
1217.360600
1217.502033
1217.578267
1217.748833
1217.891800
1217.927233
1217.979733
1218.043267
1218.553200
1218.767067
1218.818167
1218.879600
1218.936933
1218.978367
1219.031467
1219.105767
1219.144733
1219.207700
1219.271967
1219.340333
1219.727833
1219.829933
1220.386367
1220.500433
1221.242600
1221.340400
1221.463133
1221.537867
1221.690667
1221.878633
1221.924433
1221.992533
1222.061333
1222.113433
1222.168167
1222.259633
1222.442600
1222.486867
1222.712400
1222.935467
1223.105533
1223.679033
1224.037367
1224.121600
1224.231067
1224.359433
1224.431967
1224.612500
1224.682367
1224.873767
1224.937700
1225.200033
1225.252867
1225.306433
1225.357367
1225.409433
1225.476733
1225.537033
1226.283033
1226.576600
1226.626067
1227.387467
1227.598100
1228.248900
1228.463667
1228.556533
1228.817733
1228.939600
1229.313700
1229.335900
1229.473267
1229.859267
1229.960333
1231.293867
1231.542500
1231.938100
1232.141333
1232.213867
1232.987800
1233.096867
1233.180000
1233.239100
1233.433500
1233.486267
1233.521467
1233.550233
1234.068567
1234.238567
1234.719833
1234.813500
1235.095367
1235.145200
1235.234067
1235.478633
1235.535433
1235.581233
1236.053633
1236.117300
1236.170967
1236.373333
1236.553967
1236.600633
1236.798800
1236.842567
1236.907433
1237.204833
1237.243633
1237.292700
1237.437733
1237.881833
1237.967800
1238.751833
1238.813933
1239.142200
1239.247367
1239.312433
1239.391000
1239.550967
1239.594167
1239.655267
1239.897433
1240.153667
1240.357700
1241.340333
1241.396833
1242.189867
1242.331733
1242.705600
1242.836933
1242.881567
1242.943000
1243.116400
1243.667933
1243.747133
1243.792800
1245.186633
1245.224633
1245.294500
1245.473867
1245.567267
1245.670467
1245.767133
1245.782200
1245.827933
1245.933400
1246.299500
1246.518567
1246.558867
1246.940367
1247.074800
1247.140267
1247.183600
1247.375500
1247.533667
1247.695267
1247.847667
1248.039267
1248.216100
1248.329767
1248.432633
1249.084767
1249.334467
1249.457900
1249.633567
1249.681600
1249.773200
1249.929333
1250.215300
1250.251600
1251.558033
1251.671300
1251.715800
1251.782133
1251.826667
1251.990300
1252.226767
1252.837100
1252.940700
1253.024067
1253.168333
1253.206800
1253.241600
1253.293167
1253.672133
1253.726133
1253.765400
1253.796867
1253.838300
1253.877267
1253.910833
1253.983867
1254.013500
1254.065000
1254.167833
1254.183833
1254.309767
1254.368967
1254.438567
1254.473500
1254.612300
1255.259167
1256.208667
1256.360000
1256.458200
1256.627800
1257.414533
1257.475900
1257.617367
1257.982000
1258.201800
1258.576067
1258.847333
1258.964067
1259.078233
1259.096500
1259.104633
1259.156767
1259.180567
1259.261733
1259.326567
1259.440967
1259.520467
1259.591367
1259.625633
1259.697833
1259.820567
1259.878500
1259.931067
1259.964567
1260.038700
1260.125700
1260.200567
1260.262333
1260.330700
1260.586100
1260.645567
1260.688000
1260.719667
1260.772533
1260.824767
1260.849367
1260.962900
1261.034067
1261.230033
1261.284100
1261.396233
1261.448033
1261.512600
1261.567200
1261.686133
1261.811400
1261.841133
1261.913133
1262.020767
1262.152600
1262.284767
1262.524433
1262.698433
1263.018133
1263.136167
1263.182433
1263.258267
1263.454933
1263.513500
1263.616267
1263.665600
1263.699667
1263.718067
1263.867433
1263.904867
1263.928933
1263.977167
1264.144200
1264.426000
1264.446667
1264.647933
1264.705933
1264.739433
1264.751733
1264.765367
1264.794200
1264.847567
1264.867133
1264.897633
1264.920600
1265.030933
1265.051633
1265.205333
1265.216933
1265.267367
1265.378733
1265.438467
1265.494833
1265.535367
1265.580833
1265.718667
1265.778767
1265.832833
1265.937833
1266.158400
1266.256067
1266.299067
1266.361133
1266.389567
1266.437600
1266.565600
1266.665000
1266.835967
1266.942833
1266.997833
1267.264733
1267.327100
1267.350100
1267.394833
1267.532267
1267.561233
1267.633033
1267.686700
1267.774333
1267.843667
1267.885767
1268.001833
1268.212033
1268.547500
1268.620233
1268.742367
1268.843633
1268.908967
1268.931367
1268.952400
1269.026500
1269.066467
1269.079100
1269.084667
1269.113800
1269.118467
1269.120300
1269.196700
1269.213467
1269.310733
1269.355833
1269.399367
1269.912167
1270.071000
1270.100133
1270.144567
1270.179900
1270.227033
1270.331433
1270.431167
1270.543633
1270.605900
1270.718133
1270.875200
1270.878200
1270.923767
1270.954167
1270.959000
1270.977300
1271.053667
1271.097433
1271.126133
1271.155200
1271.195700
1271.222533
1271.302700
1271.335967
1271.374033
1271.386833
1271.442067
1271.462500
1271.507333
1271.553933
1272.939367
1272.965733
1272.990700
1273.022833
1273.043467
1273.083667
1273.129033
1273.140600
1273.184700
1273.230467
1273.249500
1273.395133
1273.474733
1273.660167
1273.744833
1273.792367
1273.853867
1274.129400
1274.262700
1274.355500
1274.986533
1275.785133
1276.391367
1276.764100
1276.961267
1277.003300
1277.039000
1277.089567
1277.135333
1277.319033
1278.367467
1278.655300
1279.186333
1280.175867
1280.619733
1281.178000
1281.289333
1281.357167
1283.415233
1283.998667
1284.100300
1284.177500
1284.287100
1285.124533
1286.299467
1286.367067
1286.467633
1286.761100
1286.860700
1286.963167
1287.244800
1287.326833
1287.852467
1288.177233
1288.276600
1288.316467
1288.429033
1288.642367
1290.659900
1292.253967
1292.295033
1292.438633
1292.518967
1292.558967
1292.591133
1292.670133
1292.710867
1292.849933
1293.000933
1293.047733
1293.303967
1293.366800
1293.513333
1293.799867
1293.829533
1294.208233
1294.266167
1294.308933
1295.086833
1295.183567
1295.759533
1295.961500
1296.016167
1296.067600
1296.146267
1296.376733
1297.317800
1297.457333
1297.515667
1297.584267
1297.634967
1297.667833
1297.699267
1297.734700
1297.811167
1298.983433
1299.045800
1299.109867
1299.289833
1299.384500
1299.481333
1299.569033
1300.650967
1300.910333
1301.084933
1301.130467
1301.193867
1301.279667
1301.906667
1301.985733
1302.130000
1302.245800
1302.350200
1302.516600
1302.576267
1302.834067
1302.872800
1303.012667
1303.073567
1303.155933
1303.313500
1304.708167
1304.935500
1305.062233
1305.109900
1305.143267
1305.180867
1305.346633
1305.405400
1305.460267
1305.502800
1305.610833
1305.628300
1305.641200
1305.725467
1305.767933
1305.801267
1305.818400
1305.867767
1305.889100
1305.919333
1306.082533
1306.334233
1306.385333
1306.471533
1306.515567
1306.620133
1306.690967
1306.762900
1306.932033
1307.146933
1307.205000
1307.350100
1307.927000
1308.936433
1309.135433
1309.206300
1309.318200
1309.862967
1311.243400
1311.998233
1312.194867
1312.221200
1312.247300
1312.449433
1312.640900
1312.726267
1312.905733
1313.023133
1313.952933
