2.535700
2.592667
5.062633
17.193733
24.223133
28.003233
31.137167
32.970800
33.143600
34.229833
36.587600
38.924567
41.386400
43.370567
52.617967
60.109033
61.568267
62.613333
65.000900
65.706233
65.768833
66.133600
66.533600
67.433867
68.962133
74.892033
76.922867
77.212133
77.765267
78.944400
81.131567
82.377633
83.083233
88.076633
90.913133
94.205033
97.731867
101.833733
105.186833
106.988700
108.396133
118.956067
120.725033
122.430633
124.422367
130.545000
130.558567
132.487733
132.568100
133.407467
134.434867
135.636933
138.624567
140.314033
144.016167
151.534900
160.696267
161.442333
162.465233
162.971333
164.685467
164.763167
171.691933
171.779233
172.572667
177.324467
177.704300
184.631733
190.782033
197.379967
199.138133
201.511767
202.204467
202.683100
203.418467
209.135933
212.718867
220.197867
221.862433
234.018567
237.754067
239.367767
239.569267
242.491467
242.604267
244.437633
246.510333
248.026567
249.506400
251.374567
257.887700
258.378867
261.186033
261.459700
265.518600
266.793800
266.974200
270.608833
282.060933
286.716633
287.393267
289.251433
296.150333
298.611400
300.344100
304.107433
304.199900
305.367233
305.424100
308.772433
312.287733
320.850367
322.239933
322.870933
325.355267
328.948033
329.374200
330.307533
331.398233
331.950633
332.959667
333.833167
335.590167
339.384067
340.926967
343.438867
349.383900
355.664367
356.205967
365.271067
369.703700
370.686567
372.156933
373.631800
374.879467
377.238433
377.374433
377.749967
378.283100
379.297000
379.575133
381.882767
386.804267
388.548367
395.498767
398.544733
399.296200
400.232400
406.250567
409.199167
411.672767
411.761233
412.562733
413.753167
418.510467
421.294867
423.663233
425.286900
425.997567
430.375700
432.350100
432.655467
435.989433
437.332333
440.539800
440.725967
441.860000
447.117967
447.420700
447.798400
449.635600
453.451400
455.255800
460.390767
461.987000
463.508467
465.865867
467.075000
467.237467
470.138500
473.021600
473.124933
473.811900
484.695100
489.077767
492.071867
493.502067
496.386867
498.228833
498.692067
503.920267
508.656033
515.701467
519.268800
519.919000
521.941467
522.350800
522.868300
523.826467
527.595567
529.608700
529.613767
529.893367
532.000800
532.584933
533.544333
534.374067
535.678400
536.898833
540.319333
541.476300
546.283033
548.416600
552.661500
552.985067
554.730500
557.053867
558.046500
561.116533
565.746267
567.497433
570.215000
572.147600
575.664767
577.003100
578.086000
579.264800
583.731100
587.397033
587.611400
587.765500
589.114867
595.334000
596.641767
598.377433
611.170167
614.729633
615.658267
616.254700
616.904967
617.090867
620.674300
623.950967
624.014133
629.654500
630.735967
630.938600
633.667100
635.493667
637.587500
638.322833
642.518700
644.989167
647.716233
650.303333
653.001767
655.122133
657.479367
658.177467
661.621267
662.869500
663.602733
664.280500
664.608533
671.478033
676.438033
676.839733
677.858167
681.645433
682.422833
684.538000
685.301733
688.151567
689.030267
696.750667
700.060633
705.982567
710.981500
711.155767
711.499667
712.753100
714.637967
718.020867
728.324400
731.606233
732.908267
733.438267
738.224767
747.184800
753.503400
754.629567
756.930333
759.212533
761.764800
762.064300
765.033900
767.662333
772.187833
773.777900
776.489267
776.713600
778.013067
778.781533
782.846867
790.945067
792.862767
793.150800
793.525500
797.491700
807.363433
807.795533
817.243133
817.955300
830.504167
830.897467
833.279767
837.205567
838.073933
841.762900
846.508567
847.540067
855.709833
856.685567
858.283433
859.168033
859.934100
861.788500
863.651900
865.900400
876.956300
877.462933
887.197600
888.024400
888.354533
893.268733
895.658333
901.698667
905.289000
910.334400
913.506400
916.502833
923.508967
924.157200
928.823533
931.748533
939.207033
945.059100
948.794200
955.030000
955.338633
960.549767
968.473733
969.595300
970.619433
973.864900
974.659000
977.848167
978.185033
980.008833
981.413800
982.064833
982.122633
986.669933
987.931867
991.646633
996.260433
998.629933
1000.656800
1000.706467
1005.975733
1006.528833
1008.646533
1009.736433
1009.820367
1012.135267
1016.187167
1018.121300
1024.233633
1025.581933
1028.789067
1031.468500
1032.449733
1038.784733
1042.504833
1043.027200
1043.120600
1045.161133
1047.419400
1049.619733
1051.176333
1051.424300
1058.617167
1061.572300
1061.991467
1062.170900
1069.245067
1069.706867
1069.824533
1070.595967
1076.349900
1081.882067
1089.863900
1096.213900
1098.110500
1106.393200
1109.316433
1113.249333
1120.991967
1123.826067
1129.725667
1131.693900
1135.173800
1139.305200
1155.049200
1157.304667
1161.060233
1162.419067
1165.896233
1173.581000
1174.833367
1175.761800
1176.611700
1177.136533
1177.681867
1177.703733
1178.008333
1178.867700
1186.477100
1186.892367
1188.566000
1189.139333
1190.773867
1197.527200
1200.210367
1200.455833
1214.631067
1216.967300
1218.614467
1225.936900
1230.140967
1232.663567
1238.156767
1244.133000
1248.150533
1249.593700
1249.683500
1254.195700
1255.734700
1256.433500
1271.974133
1274.152400
1276.651100
1278.410600
1282.765567
1282.962167
1295.353400
1295.839900
1300.331333
1301.219133
1303.707533
1304.498033
1304.739133
1305.413633
1307.270100
1310.933200
