0.694700
0.862433
1.067467
1.255000
1.558433
1.603633
1.703233
1.819000
2.074733
3.280267
3.345367
3.366600
4.081200
4.095633
4.235367
5.189067
5.480900
5.912533
5.982300
6.981567
7.309667
7.828267
8.356600
8.739633
9.275767
10.104500
10.830267
10.835200
10.967333
11.124533
12.046933
12.150467
12.702933
12.749433
13.877900
15.326567
16.838600
17.594400
17.713500
17.844467
18.428367
20.160267
22.121367
23.862367
24.127633
24.454567
24.519767
24.656767
24.668367
25.392833
26.393867
26.503500
26.688700
26.693900
27.250600
30.311600
30.472267
31.070767
31.237033
31.956700
32.087533
32.482867
32.991967
33.266067
33.864267
34.741933
34.901000
35.097700
35.201067
35.239667
35.429100
35.455867
35.481200
35.497033
36.339200
37.197700
37.486700
37.797900
37.802733
37.904667
37.907933
38.430800
38.589433
38.595267
42.377267
43.171033
44.277400
44.436600
44.871200
44.989967
45.048267
45.287867
45.409967
45.559600
45.565767
45.639500
45.759400
45.825733
45.880000
45.905700
46.775200
46.781433
47.393767
47.401167
48.454133
48.995333
51.468400
52.002467
52.060867
52.133867
52.793467
53.640067
54.299500
55.019300
55.410167
55.462133
58.130433
58.651467
58.759367
59.063633
59.895600
60.085867
60.126200
60.906467
60.913667
60.922733
62.248133
63.010800
63.703533
64.391700
67.024200
68.009667
68.751367
69.122333
69.319933
69.450933
69.524733
69.556333
69.683467
70.569200
70.825400
70.832433
70.884467
70.892600
71.083633
71.127667
72.102567
73.396833
73.720433
74.702300
74.866900
77.024233
77.572133
77.709233
78.537833
82.329267
82.911933
87.505567
88.119200
88.261400
89.392800
92.337533
92.695033
92.878500
92.883233
94.197267
94.571400
94.603200
94.673667
95.053133
95.590733
95.659700
96.031233
96.128567
96.164567
96.248867
96.322467
96.508867
96.599600
97.205933
98.607533
104.560433
105.555000
106.528433
106.628367
106.721000
106.728367
106.775600
106.827633
106.891367
106.975567
107.131000
107.249233
107.868133
108.202433
109.633467
110.418233
110.559633
110.770133
110.774433
111.312800
111.438267
111.443067
112.149667
116.036100
116.793433
117.335200
118.006100
118.265100
118.397367
118.788533
119.500533
119.546600
119.699167
119.710367
120.397933
120.978633
121.104667
121.291900
121.487900
121.715400
121.771233
122.028433
122.036033
122.072300
122.268400
122.408667
122.867000
124.312533
124.448600
125.327300
125.339033
125.345967
125.486667
125.582333
125.683567
125.888900
126.494033
128.123633
128.498833
128.542633
128.649567
129.337800
129.654867
130.025467
130.246767
130.474633
130.768300
131.195167
131.499200
131.650133
131.762067
132.342533
134.111067
134.296533
134.424400
134.714667
134.958267
135.033500
135.252867
135.936467
136.010367
136.374767
136.554700
138.238800
138.356667
138.533567
138.652100
138.892567
138.899900
138.903833
139.005533
139.174433
139.663100
139.784733
139.788733
139.894167
139.986667
140.214400
140.300633
140.359033
141.128733
141.418900
141.505000
141.539933
141.916767
142.876000
143.293767
143.622533
143.663367
144.682833
145.799933
146.550233
146.735200
146.742700
147.778800
148.232900
149.308600
149.620800
150.141433
150.817867
151.682633
151.712000
151.752367
151.765333
151.773867
151.939600
152.027367
152.031967
152.053567
152.057267
153.312733
154.779233
155.537233
156.019767
156.367733
156.625867
157.382800
157.458800
157.579300
158.014033
158.225900
158.654500
158.740600
158.745567
160.347700
160.782300
164.152533
166.248433
166.397933
166.404167
166.408600
166.736567
167.820967
168.132367
173.440867
173.445500
175.350867
175.450433
175.454167
176.154100
176.229833
176.253433
176.320900
176.789833
176.832867
177.384933
178.400800
182.371500
182.510400
184.160900
184.761133
184.895933
185.491800
185.860533
186.024933
186.425800
186.520267
187.080433
187.267933
188.046067
188.371033
191.048067
191.614000
192.164533
192.289333
192.396667
194.118633
194.496567
196.088300
196.815767
196.837933
197.191167
197.310233
197.632167
200.226467
200.795033
200.972200
201.883933
201.906600
203.692533
206.629100
206.904667
207.941667
209.478033
209.549100
210.025933
210.228700
210.320533
210.444567
210.749467
211.140867
211.428367
211.481167
211.537267
212.025400
212.344100
215.341267
215.662933
216.002267
216.294067
216.357467
216.406200
217.370700
218.232067
218.288533
220.198033
223.029700
223.633833
223.769167
225.777967
226.506333
227.319900
227.837333
228.293267
229.184000
229.350700
230.836933
233.015833
234.216933
235.180000
235.304733
236.185000
236.741967
237.386600
237.722000
239.125200
242.296667
243.200000
244.370467
246.077067
246.868500
247.667700
247.717833
248.078100
248.147000
248.311200
248.414167
249.005533
249.084067
249.364467
249.792267
250.419400
250.957333
251.025667
251.037700
251.351267
251.544833
252.370467
252.489400
253.503233
253.715900
253.780000
254.791367
254.950767
255.950433
256.221233
256.698333
256.843433
257.663467
257.667200
258.299467
258.304267
258.630300
258.866067
259.126100
259.465867
260.966267
261.124533
262.047700
262.383367
263.115500
263.118900
263.185167
263.893133
264.167900
264.395500
264.681400
264.829933
264.939133
264.944033
265.303633
266.216867
266.265800
267.254767
267.688633
267.752933
268.231600
268.252633
268.397500
269.362667
270.960567
275.846967
276.874967
276.881300
277.200667
278.769133
279.817967
279.910700
280.771033
284.396900
285.025900
286.028433
286.317567
288.858733
289.428400
289.443100
289.527867
290.901500
291.307900
291.660900
292.096567
293.164567
294.592533
294.927933
294.931300
295.055067
295.265567
297.267433
300.065367
300.973267
301.920600
302.840400
303.836300
305.505967
305.890033
306.048367
310.421467
311.243333
312.640500
312.647100
314.300200
314.918900
315.939400
317.377033
318.723433
319.853500
321.751100
322.714133
322.782700
323.346067
324.672500
325.419000
325.725533
327.036900
327.330200
327.860867
329.660333
330.100433
332.675967
332.747267
333.796633
333.961667
338.246433
338.458333
340.409733
341.348800
342.245500
345.700800
345.784367
347.206933
347.877133
348.019467
348.048700
348.953900
349.215433
349.906500
350.863233
351.256367
352.360033
352.763367
353.077067
353.240567
354.540767
354.671467
355.279233
355.828467
357.367400
357.963267
358.687600
358.886867
359.030133
359.287933
359.343867
359.555567
360.636233
360.754433
361.375567
361.442967
361.466233
362.033400
362.219867
362.464367
362.480067
362.547200
363.479400
364.251267
364.506433
364.626000
364.953667
364.958067
365.465733
365.501067
365.624733
365.630333
365.714867
365.762767
366.207867
366.480567
366.704733
366.715500
367.337100
367.343033
367.498333
367.796000
368.123633
368.273500
368.470467
369.164133
369.559000
369.572033
369.664667
370.049233
370.905167
371.346533
371.676800
371.749000
372.969533
376.451900
376.706767
376.753600
377.193233
377.474133
377.782300
377.890800
378.004433
378.037633
378.730433
379.412167
379.844300
380.496700
380.811933
380.820267
381.194300
381.395733
381.580467
381.639267
381.651933
381.702333
381.706067
382.266400
382.411933
384.358333
384.872600
384.954600
385.825333
386.304200
388.107200
389.463767
390.623967
391.324700
393.482600
393.602300
394.565467
395.154200
395.957000
396.704967
396.857767
397.196500
398.750100
398.815067
401.904167
402.126367
402.538533
402.612367
402.652667
403.093267
404.444600
404.568300
404.789533
404.851333
405.167867
406.727800
406.877967
409.193333
409.469667
410.163633
410.512867
411.645767
411.920067
413.246767
413.620800
413.726500
414.703800
416.157767
416.453467
416.585833
418.157133
419.549133
421.004200
421.164367
421.977400
428.749900
433.083933
435.520967
436.522067
437.062800
437.833667
438.101633
439.155600
439.356500
439.647200
440.099700
440.297267
440.597767
440.752667
440.901167
442.796400
442.801767
443.848333
443.995600
445.319000
445.733300
446.407633
446.451800
446.546633
446.739733
446.799233
446.881667
446.897067
446.923033
446.958167
447.188467
447.225800
447.605333
448.527867
448.783267
450.538933
450.960267
451.393900
451.580633
451.801700
452.004533
453.530000
455.031433
455.133133
455.293900
456.443267
457.311300
457.315533
457.319400
458.614900
458.621500
458.896500
460.044600
463.222433
464.622533
464.859300
466.488800
468.581367
469.036133
469.326600
469.424933
469.648800
471.139967
472.994133
473.752033
474.739867
475.424733
476.494967
480.329400
481.359833
482.032367
482.195700
482.558600
482.918333
483.140300
483.911733
484.969133
485.366967
486.651967
487.165933
489.089433
489.618233
490.701200
493.035967
493.122400
495.048200
497.104800
497.699733
497.998700
499.077033
500.424000
501.572567
501.966467
502.706400
502.848400
503.871467
504.580733
504.586233
507.711900
508.046800
508.124733
509.215733
510.267100
510.388933
513.479600
514.086600
517.878833
518.093067
518.883267
519.161833
519.366767
524.757467
528.555367
529.053233
529.800400
529.899967
530.201800
530.482867
530.487500
531.005900
533.189167
538.581767
538.694533
538.875733
539.712267
539.721100
544.308267
544.977200
547.198300
548.242133
548.482000
548.497333
549.135633
549.271533
550.182700
551.584367
552.704667
552.892333
553.161033
553.543867
553.547833
553.879800
553.971000
556.763900
556.966100
557.037133
557.575367
557.578267
557.782700
557.858533
558.098133
562.273133
562.585533
562.592733
562.649400
562.662033
562.791467
562.882500
563.215300
565.737167
566.081000
566.462533
566.713367
566.893833
567.429000
569.962033
570.117933
570.239000
570.560800
570.681800
571.289200
571.549067
571.556533
573.176667
573.183100
573.186800
573.771767
573.942400
573.946100
574.238533
574.432333
574.985233
575.358433
575.363767
575.755867
577.949633
578.127967
578.422800
579.579100
582.704600
582.916200
583.064733
583.217833
583.581867
583.700600
583.762767
584.007000
584.533200
584.557167
584.671567
584.823833
584.947500
585.853233
586.175667
586.222833
586.237433
586.315400
586.449367
586.522767
586.658567
586.836333
586.916000
587.407867
587.511433
587.581700
587.586100
587.665600
587.698800
587.769767
587.821700
587.848000
587.957400
588.094700
588.107333
588.174700
588.869333
588.950200
588.980833
589.070733
589.413167
589.558667
589.563400
590.174600
591.428800
592.987467
592.991200
594.065733
594.259733
594.341033
594.495667
594.502267
595.038267
595.386467
596.191767
596.198167
596.448900
596.539267
596.792833
597.773233
598.339900
599.217167
600.068967
602.097133
604.306600
604.341933
605.367967
605.939133
607.383467
607.819967
609.670133
609.972667
611.579667
612.000533
612.247000
612.633067
612.825733
613.296900
613.742633
614.042133
614.106400
615.990500
618.416900
619.118600
619.176100
619.239467
619.406733
619.686100
620.354900
621.021167
621.241200
623.817933
623.828367
624.244000
625.773833
626.022300
626.113733
626.492400
626.700733
626.736533
629.558167
629.744200
629.839633
629.991967
630.651333
632.138100
632.972067
633.192167
633.412333
633.478833
635.118000
635.582267
635.652200
636.133667
636.232633
636.314100
637.324300
637.691933
637.707467
637.784900
638.068200
638.206267
639.906800
640.625167
640.975333
641.142633
641.329033
641.713933
641.889967
642.635367
643.067967
643.442200
643.971000
644.046067
644.246900
644.592567
644.769367
646.384867
646.482500
646.633600
647.959400
648.089667
648.334033
648.756367
649.204133
650.921767
650.962633
651.185567
651.563567
652.552500
653.137433
654.283867
654.423400
654.523167
654.536933
654.882967
657.796033
657.903433
659.057867
659.223733
659.314833
659.576600
660.340600
660.856033
662.747500
663.578967
664.077200
664.332733
664.338133
666.129667
667.099267
667.149100
667.966533
668.133033
669.151167
669.222133
669.570400
670.532733
671.146633
671.418833
673.246500
673.549533
673.706367
674.837000
675.836567
676.658133
676.736333
676.928600
676.936367
677.192267
677.265233
677.581267
678.463133
678.866167
679.246000
679.250433
679.381300
679.394500
679.627000
679.848067
680.831667
680.835767
680.884767
681.228133
682.716767
683.319933
683.447267
683.612700
683.663300
685.722967
686.400500
686.759267
686.798333
687.673567
687.682767
688.429067
688.599200
688.998267
690.160933
690.699867
690.711333
690.714800
692.417533
692.707067
692.837733
692.912233
692.952100
693.057433
693.294633
693.378067
693.733333
694.767267
694.773433
694.812967
694.888500
695.566433
695.995833
696.296067
696.806400
698.296200
700.722633
702.001267
702.646867
702.782600
702.854333
703.151600
703.295967
703.742000
703.860267
704.064133
704.806967
705.079800
705.143167
705.377400
706.850733
706.934367
707.601467
708.028700
708.380700
708.546000
708.721533
709.020367
709.586700
709.647633
709.968467
709.974367
710.080267
710.183200
710.240033
712.777933
713.056667
713.068467
713.159833
713.262667
713.855667
714.099200
714.414167
714.528667
714.574167
715.911233
716.268167
716.634967
716.703600
716.887667
717.026433
717.419867
718.461400
718.587333
719.065567
719.602700
719.802067
719.823633
720.127767
721.042800
721.300400
721.560233
721.710700
721.906200
721.910467
722.328300
722.335033
722.409233
722.623833
722.677333
722.732200
722.957100
723.223233
723.311000
723.491967
723.610867
723.764200
723.959700
724.134133
724.486467
724.495600
724.634233
724.871833
724.879733
725.236100
725.285000
725.311167
725.534233
725.701300
725.902533
726.071933
727.456700
727.652633
729.041200
729.448200
729.662900
729.851200
729.942867
729.952733
730.036733
730.132100
730.388933
730.825800
731.794200
731.857533
732.204267
733.773567
734.197833
734.415467
735.184033
735.433100
735.999300
736.944433
737.182000
738.935467
739.775600
739.788300
740.261267
740.852733
740.995133
741.262700
741.504133
742.088267
742.400333
743.878300
744.898600
745.254500
745.557467
745.844900
746.286167
746.348933
746.356967
746.361700
746.482433
746.854467
747.054467
747.117567
747.374833
747.472833
748.117800
748.558100
751.405433
751.443600
751.447833
751.676600
752.057900
752.065333
752.982800
753.447267
755.352300
755.830267
756.362533
757.222067
757.534800
759.323500
759.444800
759.452033
759.532800
761.319967
761.413833
761.573000
761.812600
761.900500
762.032233
762.073033
762.135667
762.141267
762.711533
763.107733
763.112167
763.237200
763.419733
764.616700
767.424767
767.506567
767.858200
768.688767
768.933533
772.271567
772.954200
773.298267
773.427933
773.921900
773.975633
774.208133
774.437933
774.447333
775.757567
776.101267
777.621500
778.359200
778.366600
780.225933
781.196033
781.247200
781.379867
782.995967
784.545367
784.749333
786.426700
787.172467
787.393667
787.432800
787.654267
788.907133
789.104333
789.122333
789.128367
789.320333
790.146767
790.500300
790.775533
790.786233
790.959767
791.189033
791.387200
791.688533
791.805067
792.018933
792.313233
792.319267
792.620033
793.536200
793.820033
795.156967
796.181000
796.382067
797.321067
797.656433
800.462633
801.609400
801.674100
801.897667
802.203333
804.114133
804.484967
805.396600
806.415433
806.943667
807.104700
807.217200
807.491400
808.413100
808.715333
808.828567
809.289233
809.883167
810.010567
810.027633
810.030967
810.251000
810.387200
810.882833
810.981933
811.098600
811.418267
811.914033
812.077733
812.159600
814.338267
818.268867
818.660900
820.286700
820.332967
820.450100
821.340700
821.348933
821.351233
822.521300
822.659033
823.536800
823.745767
823.752167
823.838667
823.841900
823.990567
824.099800
824.211833
824.608933
824.716533
825.083533
825.533967
825.969100
826.196867
827.500667
827.882267
828.032600
828.621067
828.779067
828.907167
828.924867
829.580033
829.895667
832.979700
833.074267
833.252733
833.804067
835.433500
835.642533
835.869100
835.887067
836.208967
836.551000
837.882867
838.005200
838.137600
838.227033
838.235000
840.885500
842.161600
844.964100
845.555033
845.610133
846.785733
849.314633
849.538633
850.568733
853.232200
854.150800
854.325033
854.329167
854.378167
854.432033
854.521967
855.035133
855.061000
855.362967
857.690333
858.590700
858.894167
860.975067
861.782767
862.480933
863.034433
863.335867
865.046533
865.760467
866.514600
868.189667
868.467667
868.958667
874.034167
874.882000
875.208000
875.469000
877.617567
877.636967
877.643000
878.722100
880.414567
881.352867
881.416300
882.181167
882.515833
882.521300
883.948133
884.486667
884.551100
886.046800
886.505800
886.741900
886.882933
888.199733
889.004367
889.171400
889.322267
889.334367
889.579900
889.782300
889.849800
890.024300
890.036833
890.569800
890.655367
890.787767
891.230467
891.800700
891.932000
892.262000
892.319900
892.687867
893.174633
893.261033
895.570300
895.674133
896.043900
896.278333
896.486700
900.880233
901.699000
902.529167
902.589333
902.789633
903.392867
903.470400
903.897567
907.172933
907.544800
907.701500
907.829767
908.123367
908.223567
908.541933
908.622033
908.719333
909.348333
909.426733
909.589900
909.830600
909.835367
910.422633
910.566133
910.658433
910.716133
911.028567
911.313067
911.529133
911.589900
911.602700
911.911667
912.123833
912.333833
912.527000
912.614733
912.706500
912.764033
912.799900
912.854067
912.897967
914.111333
914.163733
914.272533
914.277500
914.326833
914.653100
914.679733
916.047067
916.207133
916.311600
917.193767
917.303800
917.364467
917.464200
917.478967
917.489900
917.794500
918.004000
918.586533
919.236200
920.260200
920.415133
920.512900
921.186167
922.356533
922.845033
923.313167
923.407833
924.221200
924.393900
924.449967
924.660000
925.966733
926.736767
927.584567
928.507267
928.550033
929.072100
929.267433
929.271767
929.518233
929.552333
931.576100
932.127000
932.451867
932.545167
932.601833
932.745867
933.071700
933.356533
933.651333
935.124100
935.194000
935.884733
936.180300
936.412367
936.554400
936.658000
936.690167
937.969767
938.927433
939.445033
940.115067
941.679800
942.770967
943.553233
943.607167
943.621767
943.837467
944.067233
944.210100
944.594567
944.755800
944.899233
945.017233
945.039367
945.066900
945.242633
945.500200
945.514600
945.772133
945.969133
946.560967
947.258767
949.374067
949.473500
949.886967
950.013233
950.247700
950.749067
952.045867
952.730200
953.559167
953.953500
954.997867
955.591133
955.955900
956.362800
957.060100
957.821300
957.893100
957.896967
958.080533
958.667200
961.159200
961.430200
962.454500
962.998733
963.185267
963.316233
963.324100
965.333733
966.143967
966.318600
967.803800
970.245467
970.724933
972.863700
974.316433
974.540567
974.815000
975.312267
975.357600
975.613567
975.647133
975.803200
975.863667
975.900900
975.969333
976.059800
976.182400
976.511100
976.761600
976.772333
977.279800
977.298567
977.375967
977.381333
977.437167
977.663500
978.232667
978.510867
978.712000
979.268000
980.308333
980.375133
980.788867
980.873100
981.412267
982.942167
983.084233
984.171600
984.334167
984.337467
984.690033
985.326400
987.829700
987.880067
987.961133
988.125267
988.167233
988.285100
989.814400
991.200067
991.491933
991.842767
992.432800
992.516733
995.041633
995.291567
995.383967
995.418100
996.722033
996.961767
998.647500
999.479167
999.752900
1001.276667
1001.659800
1003.670300
1004.718567
1010.196833
1010.297267
1010.333867
1010.667967
1010.727500
1010.839467
1011.031633
1011.109800
1012.139933
1012.215467
1012.222667
1012.305000
1012.375433
1012.439000
1012.590000
1014.775100
1014.989600
1015.582467
1016.112000
1016.218900
1016.408367
1016.492000
1016.519133
1016.763500
1016.956667
1016.984100
1017.060700
1017.338967
1017.725500
1018.578867
1019.119400
1019.249333
1019.766100
1020.073733
1020.386933
1020.658367
1020.736100
1020.889033
1021.571867
1021.790767
1021.934767
1022.161933
1022.685300
1023.489333
1023.831633
1023.835467
1026.091400
1026.541533
1027.008267
1028.136533
1028.580933
1029.091767
1029.108233
1030.050300
1030.497600
1030.533733
1030.539400
1030.607000
1030.610200
1031.111500
1031.409167
1031.649733
1032.176800
1032.405000
1032.498433
1032.607233
1032.662300
1032.674967
1032.801433
1033.083033
1033.165000
1033.292267
1034.381633
1034.741733
1034.978867
1034.999733
1035.150367
1035.613733
1035.898267
1035.902767
1036.097033
1037.061867
1037.084100
1037.224533
1038.076767
1038.083367
1039.247933
1041.860900
1042.814633
1047.096633
1048.052767
1048.163300
1048.470167
1050.070567
1051.905567
1051.972267
1052.511667
1053.302733
1053.773867
1054.259233
1054.712400
1054.886300
1055.479200
1055.716633
1055.720367
1056.070900
1056.451467
1057.903733
1057.908533
1061.429333
1061.478067
1061.598433
1061.708167
1061.967767
1062.660000
1062.794767
1064.579400
1064.843767
1065.338333
1065.423200
1065.426833
1066.127300
1067.310800
1067.398833
1067.461533
1068.111600
1068.343300
1068.592467
1069.198333
1069.511967
1069.624400
1071.281400
1071.344367
1071.784100
1071.887800
1072.522733
1072.889233
1073.359300
1073.380900
1073.540667
1073.546167
1074.179767
1076.282067
1076.348900
1076.461333
1076.530967
1076.592900
1076.659767
1077.139767
1077.360100
1078.032200
1078.954667
1079.190633
1079.211500
1079.525067
1079.979567
1080.126800
1080.428800
1081.392200
1083.107933
1083.207567
1083.654500
1084.098000
1084.241833
1084.526033
1085.362700
1086.341300
1086.680067
1087.946033
1087.982533
1088.636933
1089.298133
1089.637833
1090.486167
1090.493433
1090.897167
1091.653767
1092.134167
1093.718833
1094.781767
1094.887767
1095.089000
1095.361033
1095.364367
1095.636900
1095.769033
1096.014900
1096.937067
1097.893700
1098.031300
1098.297300
1099.414233
1099.538967
1100.020200
1100.711733
1101.552733
1101.886067
1102.468733
1102.509567
1102.747367
1102.986933
1103.891567
1105.691700
1109.698300
1112.433133
1112.636267
1113.401700
1114.473667
1114.574633
1115.481667
1115.515133
1115.518367
1115.577867
1115.591567
1115.982500
1117.735933
1117.749800
1117.970067
1118.984767
1119.372867
1119.509100
1122.407367
1123.301567
1123.968367
1124.409067
1124.884933
1125.048300
1125.150300
1125.287367
1127.326300
1127.329967
1128.113000
1128.167933
1130.197200
1130.868767
1131.048500
1131.431500
1131.504700
1131.628400
1131.651067
1131.760500
1132.228367
1133.891867
1134.437833
1135.275133
1135.319900
1135.323100
1135.768367
1136.071967
1136.298200
1136.655633
1136.707300
1136.964033
1136.975667
1137.674733
1137.810167
1138.369467
1138.405433
1138.633967
1138.684067
1138.789867
1138.922800
1138.995533
1139.300567
1139.385000
1139.579067
1139.693100
1139.775167
1139.782200
1140.389100
1141.233867
1141.628367
1141.848100
1142.185433
1142.567067
1142.945033
1142.951100
1143.508000
1143.525367
1144.058167
1144.678533
1144.789467
1144.838933
1144.867600
1145.407700
1145.573967
1145.604233
1145.787667
1145.931733
1145.938000
1146.241233
1146.739800
1146.875900
1147.349700
1147.546467
1147.558067
1147.562633
1147.917367
1148.045067
1148.330667
1148.401900
1148.423967
1148.728400
1148.866167
1148.889600
1149.767400
1149.874867
1150.013133
1150.523567
1150.914900
1151.569767
1151.712967
1151.851267
1151.904200
1152.867267
1153.169967
1154.873300
1154.905033
1154.957100
1155.553267
1156.724900
1156.903500
1157.044133
1157.128233
1157.207233
1157.483933
1157.698900
1158.789433
1159.795667
1159.823733
1159.902133
1160.608267
1160.644667
1161.028133
1161.083967
1161.453433
1162.868933
1163.120933
1164.447133
1164.937133
1165.230900
1166.065167
1166.463067
1168.326900
1168.391933
1169.255267
1169.258700
1169.270333
1171.131700
1171.540700
1171.633300
1171.640600
1171.857000
1172.268733
1172.574000
1174.949333
1175.274833
1175.519400
1176.608467
1177.056267
1177.334767
1177.451267
1177.787767
1181.890567
1182.126533
1182.131767
1185.427367
1186.627067
1187.096433
1187.846433
1187.858000
1188.306467
1188.958033
1189.087700
1189.279033
1190.666500
1190.823000
1191.187400
1192.541700
1193.763033
1193.845967
1194.293567
1194.495233
1194.998233
1195.374667
1195.634167
1195.696733
1196.293233
1197.103033
1197.351333
1199.064733
1199.674667
1199.989233
1200.104367
1202.568833
1202.899733
1203.102900
1203.222367
1204.433667
1204.595033
1205.856633
1207.688333
1209.731233
1209.890467
1209.898000
1212.335433
1212.413667
1213.817067
1214.139400
1214.875400
1215.116067
1215.153267
1216.371300
1218.922700
1219.197067
1219.543500
1219.703400
1220.158233
1220.736600
1221.899000
1222.081000
1223.420700
1224.005100
1224.416200
1224.483267
1224.487467
1224.587700
1225.722567
1226.391967
1227.411567
1227.428133
1227.617667
1227.691167
1228.208100
1228.399900
1228.729533
1229.123767
1230.301767
1232.098367
1232.939967
1234.463667
1234.735467
1235.051600
1236.600367
1238.050133
1239.914933
1240.155200
1240.672267
1240.887633
1241.244333
1241.249133
1241.353367
1241.992400
1242.743500
1243.199567
1243.411300
1245.020833
1246.584700
1246.770933
1247.516367
1248.148467
1248.833300
1249.704500
1249.734633
1249.779267
1250.695633
1250.846667
1250.964567
1251.326800
1251.792733
1251.832000
1252.147233
1252.356300
1253.891367
1254.727333
1256.187933
1256.554200
1256.981800
1258.760233
1258.862733
1259.154600
1259.384300
1259.397467
1259.478467
1259.602867
1259.725200
1259.730167
1259.816233
1259.820067
1260.030167
1260.520767
1261.098867
1261.498267
1261.572500
1261.694933
1261.698433
1261.812667
1261.852933
1261.870233
1262.041500
1262.046400
1262.162833
1262.310700
1262.623300
1262.740767
1262.776300
1262.846700
1262.958933
1262.963800
1263.206100
1263.625233
1263.661633
1263.700300
1263.775733
1263.842067
1264.233367
1264.380767
1264.471933
1264.544467
1264.694833
1264.784867
1264.788167
1265.001400
1265.004500
1265.062500
1265.116600
1265.125333
1265.130733
1265.558233
1265.591467
1265.846033
1265.905833
1265.982700
1266.171267
1266.432933
1267.316967
1267.596833
1268.042067
1268.234667
1268.671467
1268.673967
1269.240467
1269.243200
1269.651433
1269.739667
1269.783233
1269.837333
1270.124633
1270.353800
1270.491467
1270.605500
1270.638467
1270.784700
1271.097467
1271.557400
1271.563000
1271.813933
1272.134367
1272.479800
1272.627500
1272.685733
1272.693367
1272.988333
1273.244800
1274.274333
1274.344433
1274.569333
1275.010667
1277.026967
1277.045967
1277.145567
1277.268700
1277.860500
1277.905567
1278.078867
1278.151500
1278.480433
1278.592367
1278.597567
1279.037667
1279.672533
1280.558033
1280.905400
1281.566233
1282.009533
1282.263200
1282.698100
1282.755967
1283.034100
1283.077767
1283.122367
1283.138867
1283.200800
1283.204700
1283.355967
1284.321233
1284.584033
1287.331067
1288.152700
1288.217667
1288.283900
1289.702300
1291.571767
1291.914033
1291.969733
1292.160700
1296.479333
1297.134467
1297.178667
1298.031267
1299.258833
1299.472300
1299.508833
1299.517333
1300.573800
1300.644767
1300.703900
1301.938733
1302.200433
1303.836433
1307.314900
1307.662800
1309.496200
1309.689067
1310.318700
1311.308533
1311.400700
1312.484367
1313.360333
1313.463267
1313.469667
1313.708400
