1.771800
5.458467
5.480767
5.627767
6.626000
6.781867
7.090600
7.119533
7.246467
7.315667
7.325767
7.354567
7.371000
7.496633
7.498633
7.563233
7.594767
7.637467
7.796000
7.820500
8.803200
8.940533
9.233767
9.317433
9.352500
9.398933
9.423467
9.446600
9.551233
9.602000
9.682567
11.724467
11.943200
11.978267
12.012767
12.597600
12.739267
12.765833
12.798400
12.816133
12.841367
12.979800
13.077967
13.110833
13.142167
13.199333
13.221733
13.252133
13.273400
13.296167
13.330367
13.373500
13.430600
13.792067
13.854400
13.912533
13.952833
14.000867
14.072800
14.102600
14.145333
14.190833
14.244000
14.282567
14.352967
14.402433
14.496967
14.526167
14.613533
14.651767
14.704300
14.948333
15.765367
15.805367
15.842567
16.320000
16.892133
16.994900
17.085600
17.120233
17.170267
17.176567
17.228467
17.822633
18.475800
18.652400
18.783367
19.019367
19.106933
19.452233
19.492633
19.536333
19.641933
19.863233
20.023367
20.173700
20.255200
20.693333
20.734533
20.770333
21.080400
21.181433
21.351633
21.389500
21.450800
21.838533
21.905567
22.043833
22.220500
22.617600
22.934167
22.980100
23.878533
24.755067
24.799633
25.270033
25.347000
25.382067
26.521467
26.650533
26.703433
26.734633
26.756133
26.786567
26.808267
26.820367
26.851467
26.877900
26.894633
26.919633
26.926933
26.943000
26.970300
26.998267
27.050967
27.079667
27.128267
27.163633
27.190667
27.240100
27.262767
27.296000
27.362800
29.131500
29.253967
29.300600
30.136400
30.350533
30.400167
30.463867
30.543433
30.577367
30.632100
30.723367
30.774567
30.849733
30.930267
31.116367
32.314200
32.474967
32.518133
32.691733
34.365633
34.902133
34.934767
35.025700
35.132833
35.168967
35.517900
35.552000
35.653967
35.680633
35.721067
35.755100
35.791900
35.826167
35.894900
35.953767
36.057467
36.261767
36.293600
36.423300
36.523900
36.695000
36.729100
36.764500
36.939433
37.074333
37.128667
37.286767
37.895900
37.948400
37.999000
38.041900
38.070333
38.105167
38.179667
38.309900
38.348433
38.458733
38.693233
38.818667
38.858900
38.883700
38.891000
39.037567
39.072833
39.111033
40.135633
40.706367
40.765300
40.799067
41.207133
41.234433
41.307667
41.801200
42.535933
42.579633
42.597933
42.700400
42.786433
42.965967
42.967667
43.097500
43.143133
43.168867
43.192633
43.462167
43.490433
43.550567
44.055367
44.466533
44.646367
44.710567
44.732133
44.847800
44.928000
44.988900
45.025167
45.070367
45.117900
45.139667
45.175867
45.204700
45.209100
45.248933
45.285100
45.316433
45.352200
45.607600
45.739167
46.420467
46.811833
46.843767
46.890067
46.948600
47.005567
47.120033
47.151233
47.221300
47.242233
47.266200
47.308033
47.343533
47.782833
47.896833
48.084400
48.147200
48.454600
48.603000
48.751767
48.805733
48.839100
48.882200
49.093133
49.156633
49.851333
49.972500
50.468333
50.494200
50.627533
50.670833
50.706200
50.754800
51.097933
51.602633
52.838800
54.563700
54.595767
54.642767
54.669000
54.812333
54.871967
55.069600
55.419300
55.485133
55.509600
55.519300
55.567533
55.590100
55.603467
55.732600
55.762900
55.803200
55.836400
55.862333
55.962300
56.076333
56.252367
56.348800
56.383667
56.439600
56.461200
56.489533
56.513267
56.550500
56.585700
56.630333
56.658567
56.752633
56.799133
56.830700
56.843400
56.879500
56.907500
56.935267
56.958633
56.993967
57.045133
57.078267
57.105033
57.149933
57.179267
57.215933
57.290633
57.322567
57.350600
57.413000
57.466267
57.534267
57.586067
57.604333
57.614533
58.036367
58.085000
58.115333
58.210100
58.289067
58.328933
58.374333
58.407800
58.444367
58.602767
58.629400
58.649267
58.731033
58.753933
58.772167
58.799333
58.824200
58.847167
58.867167
58.916000
58.940567
58.971167
58.995833
59.019333
59.051733
59.075433
59.121633
59.145767
59.167000
59.235600
59.360733
59.427400
59.556500
59.816233
59.856700
59.870167
59.881100
59.895933
60.389067
60.773233
60.800233
60.831333
60.949867
61.327467
61.383533
61.461633
61.622933
61.657033
61.848033
62.003900
62.402800
63.706800
64.805867
65.049033
65.117033
65.151600
65.278167
66.139900
66.280100
66.507600
66.688800
66.732467
66.797033
66.937300
67.590200
67.783833
67.848967
69.187767
69.702667
70.095700
70.637033
71.415200
71.482200
74.312067
74.529567
74.719033
74.756233
75.074067
75.141867
75.273700
75.349400
76.008200
77.439733
77.553633
77.615733
77.673033
77.739967
77.895500
79.070733
79.644233
79.669533
79.692833
79.724967
79.759167
79.845200
79.866567
79.907967
80.024433
80.068033
80.108067
80.161067
80.193367
80.221000
80.340233
80.370433
80.456767
81.698300
81.977033
82.009733
82.430500
82.514733
82.558400
82.596400
82.677033
82.757233
83.970200
84.005100
84.068500
84.121400
84.296233
84.388967
84.491667
84.596900
85.026200
85.054167
85.105667
85.718400
85.776133
85.811767
85.864267
85.935967
85.962800
86.035100
86.067733
86.107500
86.150333
86.451667
86.501533
86.590567
86.638033
86.673000
87.971867
88.041500
88.088267
88.527400
88.631833
88.714900
89.053133
89.144600
89.177767
89.210100
89.249400
89.271267
89.342933
89.370533
89.400067
89.427400
89.461233
89.470467
89.492033
89.526933
89.549100
89.580733
89.626900
90.241100
90.345833
90.561633
90.755267
92.035067
92.268900
92.861400
95.258133
96.078433
96.620100
96.659933
96.693967
96.736433
96.846700
97.031033
97.066067
97.103233
97.133367
97.159433
97.180867
97.197567
97.216967
97.237933
97.264700
97.299300
97.335667
97.375800
97.599033
98.424633
98.621800
98.665300
98.671767
98.715433
98.884233
99.074867
99.603300
100.495633
100.630933
100.685033
100.836367
100.870933
101.305467
101.333900
101.362900
101.401800
101.433800
101.466767
101.498233
101.521733
101.629933
101.655667
101.777500
101.789567
101.808867
101.899267
102.119233
102.982433
103.025500
103.070767
103.112133
104.857833
105.273533
105.323333
106.105067
106.153833
106.211833
106.215133
106.258367
106.406767
106.515633
106.544000
106.577733
106.589900
106.726367
106.767433
106.841700
107.162400
107.349467
107.570233
107.611800
107.639333
107.662567
107.691567
107.695067
107.758033
108.140333
108.171600
108.297933
108.320133
108.378933
110.279133
110.973167
111.589200
112.067300
112.275100
112.303533
112.437900
113.397500
113.803200
113.927167
114.096167
114.206767
114.257633
114.320233
114.673100
114.694100
114.716800
114.803967
115.516133
115.571633
115.889133
115.968167
116.012333
116.126000
116.536067
116.605367
116.658033
117.281867
117.342967
117.420867
117.864500
118.537767
118.580167
118.669567
119.205967
120.098633
120.153533
120.975567
121.024733
121.065100
121.662633
123.441233
123.588600
123.739667
123.775733
124.860833
125.742467
125.817733
125.851233
125.966567
126.012933
126.048200
126.095600
126.127967
126.151733
126.184800
126.219867
126.255700
126.278067
126.578767
128.001167
128.035967
128.069267
128.111733
128.456567
131.345033
131.757233
131.857967
131.997567
132.044067
132.140567
132.841200
132.869567
132.919000
132.976833
133.027433
133.073600
133.099600
133.165033
133.201733
133.244233
133.279633
133.344767
133.381500
133.453033
133.567400
133.736733
133.959500
134.551467
134.607567
134.646767
134.684200
135.161133
135.757800
135.886667
135.944567
135.959900
135.984500
136.018300
136.048600
136.084600
136.116167
136.175700
136.287667
136.338500
136.368600
136.393933
136.423633
136.446300
136.478200
136.515000
136.640867
136.695000
136.722867
136.770433
136.816533
136.845733
136.879900
136.948633
137.113133
137.156867
137.226933
138.674900
138.944633
139.033200
140.321633
140.355567
140.951133
141.021933
141.441733
141.498767
141.587100
142.545400
143.084833
143.117933
143.151567
143.196000
143.223467
143.251967
143.456367
143.596333
143.621033
143.652500
144.260533
144.977400
145.688167
146.035033
146.556000
147.426833
147.831767
147.906700
147.988700
148.389400
149.637233
150.156200
150.419400
150.541300
151.000467
151.542400
151.719667
151.760167
151.783900
152.338667
152.606100
153.074700
153.150367
153.197233
153.534500
153.610000
153.635700
153.674500
153.706767
153.807333
153.966200
154.055033
154.109867
154.147000
154.199100
154.229000
154.260167
154.330833
154.384100
154.513167
154.672567
154.736933
154.782500
154.876033
154.907767
155.811567
155.841400
155.872433
155.939767
155.974667
156.012433
156.083267
156.115267
156.148000
156.186400
156.268633
156.446367
156.578667
156.607867
156.686467
157.240767
157.290467
157.321233
157.392967
157.600567
157.631200
157.749167
157.813800
158.088867
158.170533
158.293200
158.426967
158.462767
158.493667
158.527500
158.554700
158.569000
158.600667
158.636433
158.705200
158.877733
159.062033
159.119333
159.187633
159.283200
159.285900
159.321167
159.561300
159.596900
159.681633
159.727133
159.872933
159.931367
159.984633
160.047800
160.214000
160.320767
161.151700
161.422567
161.784367
161.841933
161.880100
161.924733
161.958567
162.024200
162.064200
162.111300
162.148833
162.180500
162.228100
162.273300
162.356767
162.588533
162.646700
162.719067
162.755600
162.789933
162.819133
162.860767
162.908467
162.942533
163.033133
163.082667
164.052133
164.079200
165.142000
165.190733
165.226500
165.259633
165.289467
165.329133
165.359800
165.388700
165.414400
165.430700
165.442200
165.558333
165.593000
165.633100
165.742067
165.800233
165.940433
166.132500
167.047933
167.362867
168.010133
168.374500
168.679800
169.743300
169.931067
169.955967
170.001333
170.023133
170.067800
170.167667
170.393967
170.551500
170.633733
170.656600
170.665533
171.790300
172.778033
173.325000
174.062567
175.440067
176.083767
176.171200
176.532567
176.659033
176.763800
176.828633
176.962167
177.005900
177.073900
177.109967
177.152533
177.192200
177.226000
177.278267
177.635500
177.868900
178.211700
178.694433
179.117733
180.702800
181.110833
181.261233
181.365733
181.505567
181.573400
181.612967
181.645900
181.785333
181.866467
182.001200
182.047200
182.115100
182.153167
182.184667
182.228000
182.269967
183.319067
183.377033
183.489300
183.552167
183.602233
183.652500
183.692767
183.793467
183.838667
183.876267
183.926800
184.598833
185.023067
185.398533
185.477433
185.545233
185.599367
185.650300
186.153433
186.360000
186.398067
186.425800
186.452567
186.486967
186.511400
186.623033
186.695633
186.886367
187.624133
187.680400
187.737800
187.931100
190.154200
190.761400
190.951833
191.907733
193.045567
193.068133
193.271767
193.726300
194.165300
194.237300
194.332433
194.393867
194.439300
194.495367
194.539133
194.561100
194.644467
194.673167
194.728267
194.777533
194.816333
195.207067
196.281200
196.341767
196.419367
196.454367
196.520500
196.561667
196.598433
196.718033
196.756267
196.816800
196.885367
196.920267
196.953367
196.983067
197.007833
197.028500
197.053700
197.119500
197.147600
197.184467
197.219733
197.293100
197.330067
198.484767
198.968800
199.061733
199.946367
200.662400
200.776367
201.928633
202.063100
202.299933
202.506800
202.541867
202.572767
202.635133
202.775033
202.801300
202.848833
202.910833
202.958967
203.024333
203.190967
203.238300
203.310200
203.486567
203.533167
203.588467
203.638167
203.667733
203.698267
203.733000
203.763300
203.800733
203.835367
203.857367
203.891367
203.918433
203.986567
204.170000
204.244500
204.320533
204.371867
204.398267
204.530833
204.565267
204.567400
204.596500
204.625200
204.653800
204.803400
204.831400
204.865433
205.150700
206.074367
206.824300
207.170400
207.201067
207.292400
207.599133
207.621900
207.654700
207.736600
207.827767
207.871900
208.069400
208.123467
208.519700
208.526267
208.686933
208.916967
208.962667
209.008700
209.047267
209.098433
209.129567
209.149033
209.224300
209.252700
209.281600
209.348600
209.397033
209.907033
210.097067
210.113300
210.882167
210.976600
211.014967
211.066967
211.138400
211.166733
211.237133
211.268733
211.306767
211.350267
211.387700
211.427667
211.464067
211.499133
211.538300
211.573700
211.680867
211.700267
211.741000
212.537333
212.677767
213.861467
214.109867
214.335233
214.839433
216.655533
216.842267
217.544667
217.699033
218.119367
218.190600
218.233433
218.262967
218.285167
218.306800
218.448800
218.485100
218.519767
218.624067
218.674833
219.297233
219.346067
219.588900
220.577600
221.127733
221.290433
221.706733
221.915867
221.952167
222.715500
222.791133
222.830333
223.243267
223.362400
223.373933
223.700333
223.730433
223.805833
223.832900
223.864800
223.904233
223.932033
223.995667
224.256500
224.392367
224.402567
224.449933
224.501467
224.729267
224.767700
224.789567
224.819600
224.846900
224.871200
225.123067
225.438967
225.490300
225.542033
225.585900
225.646800
225.682700
225.939300
225.982767
226.028333
226.246800
226.469900
227.183200
227.569667
227.705833
227.723800
228.279800
228.429633
228.695833
228.730333
228.769100
228.817700
228.868700
229.108933
229.178933
229.214600
229.250067
229.286533
229.315833
229.345133
229.376167
229.418200
229.476867
229.698667
229.891400
229.912533
230.078700
230.124467
230.165100
230.345400
230.402067
230.535200
230.697200
230.747967
230.798867
230.936700
230.978900
231.134567
231.191933
231.313400
231.828733
231.970700
232.013200
232.048667
232.220300
232.341167
232.384367
232.598200
232.627333
232.652500
232.685367
232.712533
232.757867
233.017800
233.051167
233.104233
233.189700
233.218633
233.250400
233.285267
233.312667
233.334367
233.360967
233.393233
233.428967
233.450833
233.479467
233.512433
233.541900
233.572600
233.598000
233.622633
233.663033
233.830633
233.869433
234.428900
234.612233
234.838567
235.207267
236.004467
236.048933
236.102267
236.143600
236.204700
236.259133
236.310367
237.153633
237.214833
237.285433
237.359033
237.403133
237.436367
237.751567
238.155967
238.329400
239.508500
239.546100
239.608967
239.679233
239.792233
239.855867
239.910333
241.129367
241.325867
241.347833
241.885500
242.109000
243.611700
243.673867
243.732267
243.802333
243.878067
243.936000
244.069500
244.207100
244.272967
245.585700
245.969767
246.026567
246.405433
246.439333
247.775933
248.037667
248.042667
248.671900
248.686733
248.715200
248.824467
248.870800
248.929433
249.173200
249.232200
249.275733
249.321667
249.344733
249.494133
249.882900
250.019133
250.138133
250.175133
250.204800
250.256100
250.296400
250.342967
250.424967
250.459233
250.498067
250.593833
250.613533
250.656967
250.724033
250.778667
251.115933
251.144533
251.188400
251.251367
251.290733
251.326133
251.362833
251.426000
251.471433
251.500633
251.530900
251.571100
251.601767
251.622733
251.627833
251.658400
251.692833
251.722500
251.773933
251.805467
252.105267
252.194033
252.329300
252.404667
252.426567
252.494800
252.548600
252.584233
252.633733
253.634267
253.684400
253.842467
253.901067
253.989033
254.645233
254.705667
255.573767
256.618533
258.717767
259.598167
259.801333
261.410333
261.473867
261.486767
261.504767
261.579933
261.605000
261.642233
261.692767
261.732467
261.782667
261.813733
261.844133
262.124567
262.340167
262.399133
262.580600
262.628833
262.685267
262.751433
262.800433
265.673600
265.762733
265.784267
265.862867
265.896800
265.932867
266.023767
266.103700
266.132667
266.161300
266.188567
266.222567
266.231000
266.410667
266.534567
266.577367
266.633367
267.022033
267.632767
268.701467
269.629467
269.667533
269.705767
269.743267
269.782900
270.090300
270.306100
271.186767
271.546500
271.829600
272.108767
272.177667
272.209367
272.249167
272.448667
272.633367
274.497233
274.802133
274.863500
274.925567
275.397733
275.472133
275.569067
275.619467
276.119467
276.287300
276.371600
277.808733
278.170467
278.221567
278.250800
278.274733
278.308500
278.404500
278.442733
278.591400
279.269033
279.309633
280.354100
280.418200
280.800767
280.913500
281.430467
281.458233
281.486900
281.575467
281.657400
281.753200
282.050600
282.385067
282.609900
282.920367
282.977500
283.017467
283.053367
283.069500
283.095200
283.118500
283.151567
283.179467
283.217500
283.240033
283.308800
283.341600
283.379767
283.465567
283.621633
283.911500
283.973400
284.011067
284.041867
284.108333
284.163433
284.204700
284.233833
284.261167
284.295867
284.331400
284.401700
284.452900
284.488733
284.836800
286.267033
286.421333
286.460867
286.764367
286.886667
286.916100
287.040467
287.080333
287.122200
287.251567
287.320867
287.411600
287.515800
287.574667
287.703333
287.769600
287.802967
287.843500
287.879900
287.916933
288.007633
288.035967
288.073067
288.107400
288.137300
288.185833
288.224333
288.295900
288.333367
288.391700
288.453033
288.479067
288.510233
288.548267
288.578267
288.609867
288.638567
288.695667
291.054633
291.266967
291.334633
291.413100
291.469833
291.871933
291.892033
292.482067
292.521567
292.780733
292.837467
292.890200
292.946233
293.011067
293.048833
293.082733
293.116233
293.154233
293.260267
293.314500
293.336067
293.481733
293.508733
293.552733
293.598067
293.642667
293.945767
294.928367
295.154267
295.189967
295.215733
295.238100
295.260467
295.290833
295.313400
295.338433
295.363000
295.402700
295.413567
295.425833
295.450800
295.470400
295.525400
295.547000
295.632200
295.658433
295.701067
295.731233
295.755967
295.783400
296.350900
297.130100
297.197600
297.235767
297.613733
297.752600
299.041433
299.131967
299.189767
299.251733
299.311300
299.342700
299.618033
299.619700
299.763800
299.799500
299.828167
299.862700
299.884133
299.921767
299.961733
299.990433
300.026667
300.074933
300.109100
300.577733
300.644433
300.673500
300.709633
300.986100
301.343400
301.382500
301.426667
301.471733
301.740367
301.872100
301.914767
302.111033
302.144933
302.210500
302.250467
302.282233
302.322800
302.349067
302.403333
302.438967
302.468033
302.517500
302.567733
302.621300
302.911867
302.950767
303.201700
303.244333
303.621733
303.680767
304.025967
305.441633
305.603367
305.722067
306.072067
306.206867
306.591267
306.640733
307.019267
307.073500
307.268800
307.310833
307.358000
307.403267
307.472667
307.525067
308.244500
308.446967
308.490900
309.286800
309.376100
309.548900
309.590033
309.630467
309.674700
309.784467
309.853967
309.948367
309.981000
310.067967
310.078633
310.143300
310.192333
310.279400
310.324533
310.367067
310.501200
310.557000
310.622000
310.710967
311.005800
311.044200
311.054200
311.132800
311.263200
311.307567
311.342167
311.369100
311.402900
311.436400
311.479933
311.515433
311.552733
311.579733
311.609667
311.646633
311.694267
311.854333
312.026900
312.065667
312.135633
312.225500
312.274100
312.339600
312.393233
312.868667
312.894000
313.032167
313.223133
313.630567
313.941000
313.975600
314.054800
314.094333
314.306367
314.397667
314.472500
314.708000
315.675633
316.048733
317.290133
317.442767
317.554567
317.595500
317.658967
317.699200
317.738167
317.797800
317.921433
317.986000
319.580833
319.832533
319.865833
319.890033
319.945633
319.977900
320.017000
320.099333
320.139233
320.172667
320.219833
320.339067
320.381033
320.997633
321.019100
321.057533
321.085300
321.122667
321.159967
321.207867
321.245900
321.284333
321.317533
321.355400
321.392833
321.431133
321.461067
321.498433
321.725667
322.987900
323.019867
323.047867
323.399200
323.459900
323.897200
324.106100
324.143300
324.191767
324.258567
324.330033
324.390067
324.432867
324.775300
324.818567
324.960600
325.052633
325.110433
325.192500
325.218367
325.250800
325.283100
325.318933
325.370733
325.445000
325.490433
325.572400
325.615933
325.673200
325.711433
325.758933
325.810567
325.897700
325.963200
325.994400
326.092067
326.147833
326.239400
326.272500
326.341100
326.395633
326.510033
326.783400
326.834467
326.915733
327.146900
327.184100
327.844600
327.969500
328.160900
328.259033
328.288367
328.334067
328.364433
328.425267
328.502700
328.577233
328.849300
329.621167
329.769700
329.833033
329.889967
329.988533
330.079767
330.114200
330.160733
330.388833
330.964400
331.394900
332.550467
333.017267
333.387133
333.714533
333.951233
334.124600
334.182167
334.263567
334.290933
334.352667
334.410100
334.443600
334.474200
334.496500
334.600500
335.396533
335.440033
335.494400
335.594867
335.624133
335.676700
335.710667
335.751233
335.781000
335.786200
335.808967
335.843600
335.872433
335.909767
335.971300
336.054233
336.087300
336.126667
336.221000
336.260967
336.679733
336.722900
336.748367
337.760733
338.257900
338.397367
338.629500
338.663233
338.827900
338.871533
338.926967
339.040667
340.565200
340.839867
340.985833
341.075767
341.140167
341.736533
341.955600
342.007000
342.506500
342.802733
342.858467
343.065367
343.120867
343.260100
343.448067
343.676333
343.712900
343.857433
343.884500
343.933633
343.976400
344.016433
344.101700
344.134100
344.211067
344.339033
344.387433
344.510400
344.969333
345.027400
345.063167
345.122233
345.169900
345.204867
345.215600
345.245767
345.274800
345.303033
345.336600
345.381967
345.432200
345.493367
345.521067
345.688500
345.722667
345.749833
345.822533
346.042767
346.505267
346.540967
346.587733
346.619767
346.797133
349.076467
349.144533
349.202033
349.723967
349.904867
350.560200
350.725033
350.759067
350.817000
350.844733
350.878400
351.049433
351.148167
351.269133
351.424067
351.657200
351.688700
351.806900
351.862767
352.531333
352.621067
352.935700
353.042200
353.562700
353.822400
354.501733
354.526667
354.571433
354.597633
354.630733
354.664767
354.690067
354.719000
354.749667
355.021133
355.078867
355.099067
355.136200
355.156233
355.184100
355.230333
355.282667
355.286400
355.312967
355.326133
355.385100
355.464733
355.513200
355.558500
355.626967
355.661300
355.692833
355.768867
356.668867
357.362967
358.808600
358.877767
359.064700
359.104233
359.132200
359.170933
359.206600
359.244233
359.318267
359.350300
359.387633
359.397233
359.487033
361.279167
361.369133
361.472167
361.625767
362.577633
362.632167
362.701367
362.792933
362.816667
362.841767
362.873833
362.904700
362.932667
362.958933
363.044833
363.072800
363.112300
363.258300
364.222733
364.250000
364.557767
364.940967
365.281367
365.341267
366.203633
366.930567
367.860933
367.957167
368.004433
368.135600
368.274333
368.576667
368.657567
368.715233
369.390700
369.490933
369.523467
369.545767
369.570867
369.611733
369.632167
369.652267
369.681133
369.739633
369.776033
369.871533
369.943267
369.987300
370.032400
370.128533
370.217933
372.255600
372.791600
372.851167
372.880933
373.088700
373.145433
373.193500
373.237033
373.277867
373.717367
373.735300
373.773533
373.808433
373.838067
373.870867
373.905700
374.632300
374.686233
374.727700
374.768900
374.826567
375.131367
375.275967
375.734633
375.750233
376.474500
376.592200
377.138467
377.239667
377.277400
377.320200
377.367700
377.425567
377.448167
377.497633
377.519067
377.522900
377.576433
377.606767
377.640867
377.664333
377.689033
377.717933
377.761067
377.800233
377.834267
377.869800
377.902000
378.174067
378.231100
378.283200
379.842733
380.212000
380.440133
380.476267
380.729367
381.093800
381.144367
381.174033
381.179200
381.244867
381.271067
381.304600
381.335600
381.368400
381.402000
381.437867
381.460800
381.514133
381.558267
381.586067
381.612233
381.637067
381.662700
381.722433
381.787833
381.851933
381.878800
381.904433
381.932133
381.965933
382.033100
382.077633
382.811833
382.935967
383.694767
383.788233
384.289100
384.732900
384.823433
385.753967
386.154900
386.205867
386.311933
386.317400
386.428500
386.488000
386.523233
386.529100
386.560967
386.589900
386.639167
386.900733
386.937500
386.946133
386.972200
387.011233
387.067833
387.147433
387.203767
387.257867
387.297067
387.328900
387.397267
387.486700
387.633800
387.793667
387.859967
387.887767
387.924867
387.956867
388.009700
388.051333
388.504200
388.733133
389.033633
389.104333
389.156700
389.191367
389.227400
389.285267
389.337100
389.381067
389.665933
389.947000
390.300367
390.367800
390.658700
391.111700
391.150967
391.208500
391.251533
391.325600
391.365400
392.120967
392.143900
392.151100
392.190167
392.224067
392.318733
392.367700
393.983000
394.602633
395.146500
395.180800
395.212233
395.246367
396.483700
396.835733
396.868533
396.894367
396.926033
396.954733
396.990533
397.062467
397.301067
397.419433
397.451433
397.576067
397.856300
399.033000
399.066000
399.120767
399.386033
399.398967
399.718867
399.967433
400.024667
400.062800
400.092567
400.294133
400.689867
400.892767
401.013667
402.022767
402.081167
402.146300
402.166633
402.189033
402.241867
402.283467
402.368800
402.397733
402.432200
402.471333
402.602100
402.720367
403.275833
403.577833
403.848933
405.137033
405.334533
405.413033
405.548767
405.618267
405.682133
405.772467
405.800700
405.824667
405.940867
405.994733
406.031667
406.075967
406.119867
406.517333
406.558433
406.611000
406.659600
406.712833
406.739567
406.759900
406.788767
406.820067
406.850633
406.875100
406.917233
406.952367
406.966500
407.014700
407.069833
407.099200
407.163700
407.503633
407.764800
409.848100
409.878533
409.952267
409.994267
410.024800
410.056967
410.095133
410.625867
410.668867
410.737233
410.855467
410.885133
410.909667
410.918767
410.952767
411.014500
411.049767
411.057467
411.076000
411.557967
411.597767
411.663333
411.737267
411.787300
411.821033
411.861133
411.903100
412.057333
412.112233
412.625267
413.621100
413.719867
413.833833
413.902700
413.942300
414.008167
414.037267
414.072333
414.152167
414.218667
414.242633
414.309533
414.353367
414.403100
414.517400
414.550800
414.831200
415.602800
415.661233
415.684133
415.711167
415.750033
415.792333
415.846800
416.003300
416.030267
416.072300
416.098733
416.120100
416.145900
416.173967
416.194900
416.224333
416.251400
416.312233
416.340567
416.365000
416.393233
416.442600
416.479700
416.507733
416.608333
416.843567
416.871667
416.903933
416.955733
418.724967
420.445800
420.536933
420.608233
420.668400
421.798700
421.899833
422.306667
422.343833
422.422467
422.711500
422.879133
423.653733
423.687667
423.719300
423.756767
424.040933
424.080400
424.128933
424.166633
424.521667
424.910267
424.960200
425.113200
425.151000
425.202100
425.640133
425.791833
426.182167
426.220267
426.298767
426.318367
426.372167
426.400867
426.442200
426.494800
426.530800
426.572200
426.607167
426.668967
426.689600
426.736600
426.776100
426.825400
426.864500
426.905033
426.936300
426.965933
427.074967
428.293133
428.958667
429.093667
429.140633
429.245133
429.320933
429.331567
429.921800
430.188100
430.420333
430.460367
430.737233
431.041833
431.063233
431.093033
431.125867
431.381200
431.424733
431.462033
431.534733
431.601367
432.793733
432.863500
432.920833
432.999400
433.029400
433.224400
433.272400
433.319267
433.349633
433.387667
433.414100
433.446333
433.483933
433.519067
433.563167
433.599500
433.652167
433.721300
433.993533
434.063367
434.096367
434.134667
434.169133
434.273133
434.311833
434.944900
435.218633
435.263600
435.291733
435.368267
435.393633
435.444833
435.536233
436.298367
436.352967
437.809600
437.914167
437.959533
438.290600
438.368567
438.440200
438.496833
438.668133
438.998900
440.170800
440.229100
440.268933
440.359900
440.497733
440.507567
440.640400
440.673467
440.713967
440.759567
440.787600
440.857533
440.892633
440.919700
440.936767
440.955367
440.989867
441.032833
441.230567
441.241033
441.410933
441.465067
441.530467
441.572467
441.596967
441.614200
441.671167
441.720500
441.753800
441.789333
441.837833
441.907767
442.019833
442.050367
442.077000
442.118033
442.164133
442.195167
442.222067
442.248400
442.406567
442.463633
442.489033
442.524767
442.599167
442.649000
442.743733
443.098767
443.266500
443.418933
443.462933
443.570333
443.626500
443.745767
443.776667
443.806900
443.865400
444.005967
444.083900
444.127300
444.133400
444.165667
444.378733
444.640000
444.675633
444.705333
444.740167
444.773333
444.796767
444.822233
444.849633
444.910333
444.928367
445.010100
445.055467
445.112167
445.139900
445.200867
445.286733
445.363467
445.395233
445.461200
445.535900
445.581833
445.627467
445.898833
445.956233
446.304567
446.384867
446.413967
446.449300
446.478633
446.538900
446.877633
446.879467
446.947367
447.099800
447.481700
447.515533
447.541333
447.561067
447.612933
447.703167
447.961300
448.044500
448.064200
448.166433
448.202333
448.338433
449.367867
449.415233
449.656933
450.819133
451.463467
452.575200
452.723733
453.140433
453.252667
453.726167
453.767800
455.632333
455.703667
455.963467
456.076167
456.154000
456.307667
456.405267
456.470533
456.553867
456.736367
457.601700
457.844300
458.465800
459.287333
459.495933
459.779533
460.067633
460.196033
460.267067
460.299200
460.348900
460.405600
461.581933
462.028033
463.847967
463.874867
463.922000
463.969000
464.156467
464.610033
464.783667
464.839500
464.890267
464.922067
464.947500
465.011967
465.055500
465.113067
465.133367
465.162667
465.192167
465.221367
465.316333
465.402567
465.428267
465.473800
465.745600
465.813333
465.859967
465.945100
466.034500
466.064133
466.086900
466.118767
466.151867
466.252367
466.294500
466.336600
466.416267
466.568967
466.636867
466.647033
466.706633
466.956700
467.017600
468.009233
468.217833
468.245333
469.004333
469.055767
469.086833
469.140367
469.180433
469.223700
469.252967
469.327433
469.354967
469.389333
469.407467
469.443333
469.503333
469.535367
469.725767
470.018133
470.313567
470.926167
471.403567
471.445933
471.479267
471.516367
471.543433
471.554400
471.587533
471.629900
471.680633
471.715267
471.784200
471.824633
471.861567
471.896167
471.923767
471.958033
471.987200
472.016400
472.023667
472.051300
472.112733
472.142367
472.181233
472.218467
472.247367
472.289867
472.336833
473.717933
473.755267
473.979800
474.182200
475.841900
475.975167
476.011000
476.024267
476.362300
476.372167
476.390367
476.504600
476.567267
476.649467
476.708933
476.740767
476.794600
476.833967
476.861367
476.944100
477.445333
477.654200
477.942900
478.010700
478.067933
478.852667
478.897867
479.148967
479.201700
479.567900
479.581700
479.617733
479.644367
480.014433
480.326233
480.360367
480.488467
480.662467
480.696467
480.730500
480.767433
480.847067
480.895100
480.928667
480.960700
480.976567
480.993900
481.016200
481.059000
481.079900
481.121167
481.155233
481.183700
481.216167
481.260900
481.342833
481.367200
481.371633
481.399200
481.431300
481.465700
481.507467
481.545600
481.636800
481.722000
481.800667
481.949933
482.191533
485.803767
486.400633
486.425700
486.476033
486.515200
486.561733
486.613167
486.639000
486.660733
486.692300
486.723400
486.765267
486.796933
486.826433
486.859567
486.893167
486.914400
486.983333
487.014967
487.106767
487.505667
487.690333
488.124567
488.266467
488.343800
488.388867
488.658033
488.757033
488.823767
488.858500
488.882267
488.908700
488.942300
488.957933
488.975500
489.006033
489.028200
489.054533
489.086933
489.181833
489.240400
489.271900
489.274433
489.321833
489.363633
491.008700
491.039433
491.152367
491.643100
492.561733
493.381667
493.666800
493.853033
493.881300
493.927100
493.968667
494.014900
494.590400
494.633367
494.695067
494.732800
494.759733
494.787533
494.811933
494.839433
494.883200
494.915433
494.939800
494.965533
494.995633
495.146933
495.196533
495.244700
495.251267
495.306367
495.943533
495.985167
496.043433
497.001600
497.057333
497.481567
497.877200
498.468467
498.585533
499.718033
499.934733
499.964900
500.004200
500.028967
500.101167
500.113667
500.137967
500.149433
500.181833
500.211767
500.960667
501.009600
501.072633
501.130900
501.192167
501.237067
501.402600
501.508733
501.539333
501.576433
501.660667
502.121767
502.319733
502.344367
502.362800
503.068800
503.122333
503.163633
503.208733
503.249733
503.294400
503.344867
503.401000
503.536900
503.577100
503.609333
503.645767
503.708267
503.767500
503.794567
503.828267
503.850733
503.904367
503.953500
504.031967
504.390200
504.425267
504.443900
504.474300
504.617800
504.665833
504.843567
505.278433
505.361933
505.397500
505.470000
506.071533
506.342833
506.376933
506.413133
506.451967
507.302700
507.650333
507.704333
507.728033
507.780333
507.901100
507.934200
507.967267
508.005700
508.081900
508.085067
508.135933
508.191933
508.440667
508.726667
508.812400
508.884033
508.938867
509.247367
509.546433
509.597700
509.644033
509.671133
509.702233
509.735900
509.758933
509.779133
509.822300
509.842433
509.867033
509.964567
510.012767
510.073833
510.137933
510.160967
510.198667
510.248100
510.283200
510.317100
510.359200
510.384767
510.444367
510.476167
510.480167
510.511533
510.619133
510.650033
511.566567
511.672800
511.707567
512.216367
512.245267
512.288467
512.384667
512.449267
512.582067
513.250167
513.473433
513.534833
513.681533
513.769900
513.859433
513.945667
513.969367
513.995067
514.038933
514.125433
514.175967
514.327967
514.481900
514.824767
514.876367
514.938400
514.975533
515.005567
515.057933
515.098600
515.131133
516.587400
517.217767
517.270833
517.314433
517.524900
517.591567
518.980067
519.823200
519.931933
520.036000
520.167300
520.203600
520.377333
520.413300
520.602733
520.881000
521.225033
521.353600
521.424367
521.462467
522.424200
522.495467
523.156167
523.690800
523.769700
523.782867
523.925033
523.998667
524.041200
524.488533
524.533167
524.554267
524.651700
525.212567
525.237400
525.264133
525.324067
525.436333
525.474033
525.518067
525.545433
525.572500
525.606067
525.634700
525.659500
525.687067
525.797933
525.842433
525.852000
525.886200
525.929767
525.972833
526.023333
526.056033
526.128667
526.273767
526.345000
526.351833
526.391000
526.425267
526.490467
526.525967
526.601733
527.535833
527.573467
527.689767
527.773467
528.148100
528.774400
530.011867
530.221833
530.439367
530.503067
530.564233
530.582667
530.625467
530.650467
530.695533
530.725733
530.899900
531.028267
531.306600
531.716667
531.826600
531.861633
531.905833
531.934000
531.973767
532.005900
532.057067
532.099667
532.157467
532.245500
532.383700
532.448067
532.496133
532.683567
532.732300
532.786233
532.832100
532.885133
532.932033
533.074000
533.163800
533.250333
533.425133
533.809400
533.850467
533.900633
533.927833
533.982533
534.137167
534.204433
534.376100
534.417400
535.292567
535.385600
535.818967
536.922033
537.081800
537.145367
537.455000
537.486433
537.521867
537.711867
537.727400
537.753933
538.159700
538.723633
538.752900
538.799800
538.829200
538.872567
538.928267
538.961700
539.050833
539.108300
539.150200
539.201733
539.275867
539.331533
539.609167
539.853367
540.498000
540.810500
540.863800
540.934233
540.970933
541.017667
541.119700
541.230233
541.550900
543.320000
543.442367
543.570933
543.687700
543.844500
543.882233
544.059267
544.304167
544.354167
544.381567
544.490400
545.168700
545.795967
546.008267
546.056867
546.100233
546.285833
546.540700
546.583233
546.714533
546.964600
547.709533
547.757000
547.796100
548.227733
548.364000
548.402600
548.442900
548.485200
548.539833
548.573167
548.602700
548.666933
549.587600
550.250933
550.286633
550.305733
550.333567
550.367467
550.403767
550.432367
550.472100
550.504100
550.535967
550.567600
550.594633
550.671567
550.703167
551.773733
552.289567
552.495533
552.571733
553.042033
553.082767
553.122233
553.277967
554.036667
554.310267
554.826000
554.870333
554.900100
554.934967
554.959133
554.997200
555.026733
555.061500
555.106333
555.356300
555.483867
555.560067
555.602633
555.631433
555.667033
555.750167
556.133467
556.356967
556.505233
556.539333
557.446567
557.581067
557.663900
557.689333
557.701167
557.707367
557.738100
557.756267
557.814533
557.822767
557.863567
557.902633
557.925300
557.961533
557.993200
558.063933
559.804367
560.404200
560.609633
560.675433
560.758567
561.104433
561.262200
561.285167
561.575033
561.814633
561.846100
561.882200
561.919100
561.949200
561.975600
562.000367
562.053100
562.140700
562.176800
562.263233
562.299033
562.350800
562.767200
562.823000
562.858733
562.924467
562.958200
562.987933
563.094100
563.235967
564.153567
564.191467
564.249433
564.311367
564.332467
564.365800
564.405100
564.445000
566.080567
566.350500
566.521800
566.849867
567.040367
567.537967
568.706000
568.757933
568.798000
568.852900
568.893667
569.364067
569.515867
569.582067
569.726900
569.914800
569.956667
570.012100
570.148400
570.360400
570.705667
570.819500
570.845500
570.870633
570.915167
571.029133
571.101900
571.160000
571.193133
571.239167
571.272967
571.922967
572.336100
572.530800
573.474133
573.580000
573.764433
573.827200
574.376533
574.704433
575.032100
575.079233
575.183567
575.474500
575.566833
576.554267
576.621900
576.671533
576.775233
577.041700
577.187833
577.227200
577.348500
577.416267
577.999967
578.219433
579.818400
579.888667
579.899467
579.929767
579.995167
580.030833
580.082733
580.126300
580.175233
580.321000
580.359300
580.993000
581.106400
581.229633
581.284100
581.488700
583.122067
583.512100
583.587733
584.801467
585.567700
587.469467
588.262167
588.348367
588.525800
588.605800
588.671200
589.301767
589.639000
589.795100
590.211700
590.724133
590.758600
590.872333
590.901433
590.935100
591.066333
591.107000
591.179133
591.218900
591.275167
591.295600
591.311633
591.391833
591.436500
591.667867
591.902933
591.939433
591.945033
592.987200
593.823067
594.040633
594.567867
595.034867
596.096567
596.343933
596.406000
596.428667
599.295467
599.352033
599.562033
599.593400
599.624333
599.650700
599.761667
599.817533
600.008733
600.053867
600.160333
600.199067
600.247067
600.572100
600.674067
600.703867
600.750800
600.798733
600.877400
600.938667
600.959900
601.012533
601.100367
601.151167
601.188867
601.201267
601.286900
603.024833
603.195967
603.224667
603.229267
603.459233
603.523633
603.586100
603.629333
603.836367
603.968500
604.901467
604.948967
605.030567
605.142967
605.166267
605.198433
605.257067
605.332700
605.464567
605.500100
605.621367
606.370233
606.457967
606.516667
606.555767
606.577533
606.650533
606.678200
606.791267
607.047733
607.091900
607.156333
607.190300
607.291167
607.328867
607.411300
608.295533
608.444267
608.477733
608.918933
609.663867
609.693833
609.715433
609.766267
609.820033
609.826400
609.857267
609.908400
609.915900
610.415000
610.681633
610.886167
611.183567
611.464200
612.118000
612.150133
612.224867
612.458500
612.521933
612.588700
612.856400
612.988767
613.050000
613.071333
613.102967
613.244100
613.293100
613.363100
613.525633
613.668500
613.935133
614.031133
614.299967
614.333700
614.473033
614.501733
614.527867
614.575967
614.712833
614.811600
615.431833
615.505800
615.578867
615.586700
615.634600
615.667400
615.698233
615.763567
616.236900
616.276700
616.300333
616.364633
616.524200
616.559667
616.598533
616.643033
616.673967
616.699700
616.791767
617.847233
618.864267
619.210433
619.337633
619.387433
619.598733
619.665967
620.045100
620.083867
620.105767
620.145767
620.150533
620.598333
620.631533
620.658933
620.712567
620.733767
620.762333
620.821767
620.898433
620.943067
621.048567
621.136867
621.141133
621.177933
621.212400
621.241267
621.266667
621.305233
621.331767
621.373200
621.406400
621.439667
621.805600
622.573300
622.629167
622.669900
622.734967
622.882933
623.170667
623.246400
623.800500
623.828833
623.852667
623.881133
623.907733
623.931067
623.967600
624.006933
624.094367
624.605767
625.658333
627.150367
627.358400
627.452067
627.507667
628.076167
628.148333
628.211967
628.384267
628.429633
628.588667
628.708133
628.713433
628.754767
628.837067
628.893900
628.981667
629.016600
629.025500
629.051267
629.081833
629.108767
629.170700
629.241700
629.328600
629.392867
629.417833
629.484000
629.486233
629.515633
629.579400
629.660467
629.695267
629.739033
629.762700
629.797567
629.831667
629.863800
629.989300
630.020267
630.046767
630.090133
630.231567
630.431300
631.085433
631.140200
631.172000
631.227367
632.878900
634.439400
634.490367
634.558133
634.573567
634.617200
634.687667
634.766267
634.803000
634.845167
634.943033
634.968367
635.000633
635.033933
635.084500
635.119533
635.151267
635.761200
635.787000
635.851567
635.897833
635.968700
636.022533
636.071700
636.167167
636.218833
636.399800
636.433433
636.467700
636.521400
636.574500
636.627233
636.665200
636.695500
636.722667
636.743200
636.782233
636.812533
636.837600
636.869900
636.892833
636.917167
636.946367
636.970167
636.998833
637.068667
637.097500
637.133367
637.165533
637.199067
637.253133
637.275233
637.296067
637.322667
637.343700
637.352700
637.387600
637.423300
637.468300
637.522733
637.558900
637.617467
637.654000
637.687500
637.999600
638.174567
638.579900
638.618400
639.064300
639.981300
640.304467
640.803033
640.862133
641.412233
641.630533
641.803633
641.854733
641.883067
642.739667
642.794867
643.218533
643.253900
643.290867
643.324300
643.375367
643.454833
644.280300
645.669367
645.860000
645.921200
646.515933
648.684567
648.730300
649.856433
650.964967
651.305367
651.346633
651.480867
651.503100
651.692533
651.726367
652.123000
652.221233
652.248667
652.278433
652.355567
652.707033
652.861633
652.895200
652.962633
653.016600
653.045967
653.114400
653.176200
653.512933
653.903667
653.975100
654.011833
654.045700
654.095600
654.110500
654.144500
654.272733
654.399433
654.441000
654.496567
654.600200
654.666567
654.737800
654.779467
654.827200
654.977233
655.020200
655.084767
655.197600
655.280167
655.318433
655.366400
655.413233
655.596767
655.839033
655.996567
656.099733
656.144833
656.203133
656.292733
656.336567
656.365667
656.428900
656.453067
656.503700
656.527367
656.563033
656.578900
656.589400
656.638800
656.714067
656.769167
656.870133
656.948433
657.292300
657.329500
657.365767
657.427267
657.926333
658.140167
658.225600
658.254167
658.317100
658.429233
658.454267
658.479867
658.536900
658.562000
658.593833
658.632833
658.656167
658.690167
658.729167
658.806500
658.850167
658.873467
658.961167
658.989567
659.040300
659.129100
659.152333
659.230567
659.522700
659.620200
660.827100
660.885467
661.485200
661.553567
661.592867
661.629900
661.692633
661.705067
661.730400
662.578333
662.625000
662.670033
662.769400
662.799667
662.890400
662.922900
662.944133
662.969467
663.001500
663.048967
664.327633
664.569433
664.684500
664.717933
664.751133
664.821833
664.852867
664.935900
664.971600
665.014833
665.106833
665.298500
665.751400
665.947267
666.999267
667.294500
667.357767
667.561100
668.156867
668.472133
668.814833
668.958333
669.023533
669.106100
669.144733
669.177833
669.221300
669.259000
669.291067
669.346600
669.962233
670.044767
670.225133
670.272700
670.437300
670.504367
670.572433
670.856700
671.112267
671.301933
671.506833
671.667133
671.763667
672.011567
673.800900
674.222933
674.724533
674.832267
674.891767
674.980367
675.028733
675.072100
675.131733
675.304300
675.401733
675.511233
677.338033
677.389633
677.422333
677.989100
678.202133
678.706067
678.720067
678.751567
678.788633
678.825533
678.880900
678.967067
679.093933
680.817467
680.855733
680.954233
680.977500
681.003400
681.021900
681.040733
681.063233
681.081400
681.098633
681.137800
681.188233
681.237467
681.298433
681.335100
681.359300
681.380067
681.404067
681.485433
681.520100
681.599267
681.754933
681.813233
681.910767
681.978767
682.017167
682.060833
682.088933
682.109233
682.136867
682.157500
682.177733
682.219133
682.244733
682.281733
682.372167
682.401200
682.426533
682.466167
682.488667
682.524900
682.586767
682.626600
682.800167
682.829000
682.869833
682.925733
682.971433
683.069900
683.122133
683.150467
683.270867
683.375800
683.420300
683.514467
683.568533
683.570900
683.613133
683.665800
683.705000
683.771367
683.813400
683.863233
683.866400
683.903367
684.435000
684.617767
685.292800
685.464200
685.531767
687.318467
687.693367
687.858767
687.934967
687.963100
687.982533
688.005167
688.067567
689.539133
689.583167
689.639867
689.681033
690.047400
690.120133
690.130433
690.180600
690.284933
690.319233
690.358733
690.385167
690.456767
690.776133
690.983100
691.936067
692.654667
693.274000
693.443633
693.469800
693.489167
693.669700
693.694333
694.051033
694.092667
694.163433
694.424100
694.449133
694.704567
694.740833
694.813167
695.112700
695.175433
695.271600
695.318667
695.369267
695.734567
695.993933
696.033800
696.076167
696.121233
696.190133
696.318433
697.039367
697.156633
697.659967
697.833567
697.857467
697.864400
697.935867
697.969033
697.971700
697.998233
698.030800
698.102167
698.141133
698.175300
698.255067
698.289767
698.312300
698.664633
698.706133
700.320633
701.445333
701.486300
702.483867
702.534600
702.568500
702.607833
702.698233
702.782200
702.837800
702.955667
702.997567
703.146133
703.553267
704.114100
704.156100
704.379833
704.448167
704.496467
704.561900
704.983667
705.279233
705.308500
705.437233
705.475233
705.500500
705.544933
705.576433
705.959033
706.153600
706.307067
708.257533
708.388567
708.543767
708.877067
709.596467
709.731767
710.159033
710.212333
710.250567
710.284167
710.579933
711.020467
711.038867
711.045367
711.064100
711.491867
711.505867
711.570167
711.604933
711.618567
711.637700
711.661933
711.708967
711.847400
712.442133
712.516267
712.737133
712.856133
712.914600
712.988267
713.029000
713.059233
713.088667
713.129800
713.159333
713.190933
713.216733
713.275600
713.325400
713.500067
713.529167
713.553567
713.624700
713.659700
713.777967
714.069633
714.110833
714.147300
714.209167
715.130900
715.943600
716.023233
717.232667
718.388100
718.612867
718.929267
719.096567
719.163600
719.187000
720.580433
721.803100
722.812700
722.924400
723.427233
724.602167
724.634400
724.699667
724.952367
725.475533
725.979833
726.033000
726.078700
726.205800
726.222767
726.252233
726.302067
726.409567
726.435433
726.502733
726.568267
726.683500
726.742733
726.793633
726.819033
726.848767
726.878400
726.912200
726.981900
727.026467
727.191000
727.195000
727.361067
727.733633
727.847567
727.979067
730.256967
730.987767
731.291167
731.354167
731.392733
731.922400
732.045500
732.636300
734.189467
734.882867
734.977167
735.117600
735.145433
735.198600
735.256733
735.284600
735.291933
735.355400
735.428300
735.430400
735.534567
735.575067
735.722567
735.743133
736.077500
737.132867
737.484933
737.847700
738.158433
738.163800
738.697000
738.765867
738.792967
738.921200
738.950433
739.003967
739.088833
739.239667
739.336000
739.402733
739.574367
739.606067
739.672867
739.706233
739.746567
739.803400
739.867533
739.895733
739.969400
740.013700
740.047067
740.129067
740.170567
740.199433
740.316100
740.351067
740.383867
740.426333
740.462067
740.561200
740.693067
740.744767
740.777167
740.876400
740.929400
740.978367
742.650233
742.689733
742.743367
743.461467
743.508767
743.543333
743.571433
743.589833
743.648833
743.705033
744.384633
744.437967
744.555067
744.979267
745.913433
745.960800
745.988333
746.020967
746.051733
746.115167
746.146233
746.177167
746.206500
746.236433
746.268567
746.346467
746.375833
746.394333
746.409000
746.528133
746.577233
746.592667
746.622367
746.689700
746.766400
746.801500
747.009667
747.030567
747.059433
747.105500
747.133967
748.621733
748.701533
750.144167
751.634300
751.666200
751.813000
751.899400
751.954800
751.973433
752.005800
752.205333
752.239300
752.281200
752.327633
752.363800
752.394900
752.418400
752.473833
752.512367
752.588233
752.621067
752.696100
752.747900
752.774467
752.819667
752.895800
752.898100
752.989500
753.490333
753.575033
753.609900
753.691633
753.696433
753.729933
754.037533
754.129433
754.189000
754.225667
754.633367
755.428800
755.460200
755.516600
755.619200
755.878433
756.136100
756.210467
756.249667
756.308600
756.355633
756.585000
756.833667
756.883433
756.911167
756.939733
756.995367
757.071467
757.110400
757.155300
757.184800
757.217300
757.252333
757.296167
757.329267
757.367167
757.432300
757.461267
757.483767
757.509933
757.587367
757.609267
757.633933
757.662767
757.730667
758.356067
759.179367
759.712300
759.810567
760.481700
761.775333
761.784300
763.125333
763.152767
763.225167
763.407067
763.516733
763.675967
763.789900
763.827367
764.760600
764.803667
764.853900
764.905800
765.066367
765.101200
765.149400
765.190433
765.253200
765.336567
765.388367
765.422733
765.458333
765.535633
765.564200
765.595933
765.635300
765.712833
765.768133
765.880267
766.126267
766.157700
766.215967
766.265167
766.348533
766.577367
766.735533
766.795833
766.852467
766.962600
767.407000
767.445367
767.481933
767.538233
767.583200
767.619733
767.662200
767.699633
767.786233
767.901200
767.934733
767.975667
768.007767
768.045767
768.443267
768.480533
768.499667
768.525133
768.557433
768.585100
768.636500
768.668333
768.702700
768.725133
768.762233
769.364667
769.381300
769.955267
770.005700
770.046267
770.087400
770.134067
770.175500
770.213767
770.244833
770.281200
770.632900
770.674800
771.106400
771.374433
771.611100
771.980267
772.274333
772.338067
772.584400
772.672767
772.841533
772.998633
773.108367
773.403900
774.445533
774.521267
774.553533
774.583333
774.664300
774.728200
774.762267
774.810600
774.863333
774.901667
774.920167
774.954467
774.989067
775.320700
775.608700
775.614533
776.601633
776.722567
776.749833
777.052867
777.089600
777.263433
777.313233
777.486233
777.550800
779.829600
779.980767
780.689833
780.727767
780.838067
780.885367
780.938000
780.971833
781.011300
781.083367
781.120233
781.153867
781.184667
781.229233
781.280300
781.313433
781.345133
781.396267
781.427900
781.471367
781.548300
781.587567
781.615867
781.641867
781.667633
781.693233
781.724200
781.747800
781.782667
781.825633
781.829767
782.033200
782.101333
782.145400
782.174167
782.213133
782.243933
782.337867
782.374733
782.405633
782.636167
782.739800
782.751933
782.882233
783.066267
783.162667
783.242333
783.280267
783.309300
783.343100
783.366900
783.392267
783.427200
783.454600
783.492067
783.514700
783.544533
783.602667
783.629833
784.225733
784.277833
784.775067
784.973700
785.438867
785.473567
785.518933
785.562433
785.760133
785.796467
785.857500
785.912567
786.009533
786.051667
786.277567
786.460400
786.654267
788.308400
788.352433
789.356733
789.503267
789.528633
791.602167
791.626400
791.779667
792.182567
792.250533
793.519767
793.773833
793.809700
793.865467
793.898600
793.960100
794.006133
794.062700
794.101333
794.154167
794.187333
795.934200
796.080933
796.311033
796.577667
796.675100
796.734900
796.782867
797.092600
797.201633
797.282967
797.400767
797.582867
797.688533
799.271133
799.840167
800.059400
800.161033
800.287933
800.429000
800.495633
800.534567
800.567867
800.653600
800.938867
801.033233
801.086033
801.160300
801.343200
801.383200
801.406667
801.458267
801.498800
801.530233
801.556900
801.910500
801.956067
802.002267
802.394000
803.460367
803.492100
803.651200
803.804533
803.948367
804.100967
804.172400
804.490367
804.522667
804.549200
804.595733
804.649167
804.703267
804.750533
805.103833
805.559700
805.937267
805.990233
806.029000
806.143400
806.200833
806.246800
806.347367
806.401633
806.461267
806.509600
806.552667
806.634800
806.711600
806.761700
806.798133
806.841700
806.866667
806.875767
806.912000
807.116667
807.386333
807.429333
807.573867
807.662667
807.825667
809.274567
809.316433
809.831967
809.931033
810.090967
810.140367
810.196100
810.291667
810.324533
812.020567
812.080067
812.390733
812.490333
812.988133
813.021267
813.051367
813.157100
813.267167
813.296267
813.350567
813.699433
813.841033
814.633967
814.931600
814.991933
815.053933
815.116133
815.712300
815.856700
815.957233
815.972967
816.934400
817.493933
817.544233
817.568967
817.596900
817.616867
817.623800
817.647833
817.687867
817.730333
817.814633
817.844133
817.868633
817.897133
817.957633
818.016500
818.121233
818.135200
818.613300
818.729533
818.971267
819.013867
819.170467
819.332733
819.411867
819.456033
819.602833
819.713933
819.758700
819.817100
819.866567
819.907100
819.938533
819.995267
820.070267
820.120567
820.157900
820.207433
820.245367
820.327200
820.370267
820.405967
820.440967
820.546700
820.574900
820.607000
820.635500
820.670867
820.710300
820.754833
820.800333
820.870000
821.850267
822.066133
822.112067
822.234700
822.402700
822.822833
823.590367
823.641233
825.001033
825.162433
825.221267
825.290467
825.555767
825.684900
825.714033
825.782333
825.940600
825.987933
826.026967
826.075000
826.131100
826.216833
826.247300
826.252067
826.357400
826.397533
826.431800
826.461867
826.483800
826.525400
826.552567
826.595367
826.669933
826.704033
826.717367
826.730267
826.774767
826.812267
826.996967
827.166467
827.455133
827.590067
827.600100
827.629233
827.648300
827.670767
827.687200
827.756333
827.836467
827.917300
827.974567
828.013033
828.108733
828.147033
828.407267
828.463233
828.493033
828.523633
828.546467
828.571600
828.592067
828.617567
828.648767
828.680700
828.699533
828.733667
828.766900
828.803167
829.042967
829.088333
829.436267
829.442700
829.490467
829.506533
829.569433
829.651200
829.762900
829.814200
830.319333
830.433833
830.570300
830.603733
830.637067
830.709700
830.724067
830.779500
830.823267
830.863233
830.905633
830.957033
830.999633
831.208833
831.226300
831.554367
831.707100
832.050200
832.731500
832.878367
832.935267
832.977067
832.983100
833.028933
833.211933
833.257933
833.503267
833.628767
834.367567
834.847100
834.912567
834.963533
834.994133
835.244567
835.286067
836.042867
836.102767
836.653667
836.720200
836.758167
837.341633
837.575833
837.721767
837.759633
837.832833
837.921500
837.964867
837.995133
838.028700
838.131767
838.227767
838.304467
838.351233
838.401600
838.413433
838.609467
838.637867
838.742633
838.918267
839.036233
839.084633
839.117300
839.199000
839.663233
840.696433
840.995800
841.071233
841.109533
841.632433
841.893167
842.184300
842.530200
842.759867
842.802467
842.861533
842.921233
842.963400
843.022367
843.051067
843.095000
843.139967
843.204233
843.513400
844.857367
845.323567
845.508467
845.548067
845.582233
845.654533
845.886133
845.915533
845.939100
845.999633
846.042633
846.137267
846.181667
847.157700
847.170367
847.254100
848.574433
848.657467
848.670433
848.717500
849.050267
849.136833
849.203533
849.272067
849.304867
849.336667
849.394867
849.462567
849.531200
849.647267
849.655467
849.695300
849.731900
849.862133
850.004467
850.089000
850.109500
850.177933
850.235833
850.265000
850.299667
850.329000
850.393100
850.394800
850.507467
850.562733
850.642067
850.677167
850.717000
850.887500
851.022467
851.162200
851.549200
852.088633
852.505467
853.950167
854.472767
854.935933
855.026733
855.170900
855.257433
855.344867
855.417933
855.464333
855.481200
855.502167
855.519233
855.535100
855.623600
855.648933
855.685967
855.713033
855.789733
855.846467
855.876367
855.889600
855.949233
856.132467
856.141100
856.173033
856.284900
856.301033
856.337900
856.459933
856.576033
856.625667
856.671267
856.728933
856.861133
856.902567
856.935300
856.964600
857.004500
857.036200
857.087733
857.272533
857.330200
857.496233
857.536333
857.540367
858.128600
858.166533
858.196467
858.250267
858.295067
858.341367
858.389767
858.413200
858.431533
858.467433
858.507600
858.571000
858.604133
858.630767
858.653300
858.676533
858.699300
858.730333
858.741067
858.756600
858.934533
859.072367
859.234233
859.530000
860.544433
860.886533
861.750433
861.835867
862.216467
862.257500
862.293100
862.363367
862.392367
862.594900
863.108200
863.424400
863.521933
863.680300
863.701167
864.647133
864.767200
864.895133
864.938500
865.017767
865.091567
865.212033
865.240433
865.265033
865.295033
865.325667
865.350267
865.373033
865.444767
865.471267
865.492633
865.624733
865.778433
865.804967
865.828333
865.947833
866.003633
866.107200
866.192967
866.215567
866.238733
866.264067
866.301967
866.354000
866.388867
866.423333
866.445467
866.480133
866.506967
866.538667
866.560167
866.590533
866.674467
866.705600
866.786633
866.830767
866.863133
866.922833
866.960433
866.985733
867.062933
867.099333
867.162767
867.191867
867.213567
867.239000
867.287700
867.315167
867.433033
867.461000
867.564000
867.688033
867.712000
867.875567
867.878067
867.926867
867.950600
867.970233
868.030267
868.075933
868.111000
868.163333
868.194100
868.240833
868.288133
868.323667
868.354233
868.398167
868.733533
869.317133
869.521633
869.734567
869.828900
869.878300
869.911433
869.931900
869.983200
870.385500
870.647133
871.238067
872.332833
874.270933
874.404000
874.454533
874.494800
874.547800
874.613533
874.818833
874.845367
875.036633
875.843733
875.898867
875.929200
875.934400
875.985667
876.035933
876.074433
876.097467
876.142900
876.182233
876.328467
876.384900
876.797767
876.841500
876.869867
876.912233
876.947800
877.020267
877.566167
877.599900
877.631967
877.679167
877.718233
877.764567
877.808867
877.923033
878.017600
878.061500
878.101500
878.146467
878.175933
878.678433
878.714267
878.754800
878.833733
878.872567
878.905533
878.990867
879.034967
879.070100
879.132667
879.241000
879.275200
879.315500
879.437700
879.755367
880.156800
880.210667
880.361100
880.398667
880.444500
880.485500
880.550933
880.716933
880.773100
880.828167
880.905633
880.948100
880.991433
881.020067
881.065233
881.095400
881.127467
881.159467
881.193367
881.224133
881.256967
881.283767
881.323833
881.357900
881.386133
881.421867
881.460133
881.479100
881.504967
881.562133
882.080500
882.107100
882.174733
882.237100
882.324733
882.354633
882.386467
882.423900
882.489067
882.563133
882.599767
883.404233
883.639633
883.734633
883.805500
883.845267
883.885867
883.962433
884.098967
884.188533
884.889033
884.943667
885.004400
885.484467
885.596433
885.965000
886.185600
886.225600
886.288667
886.352967
886.415200
886.444467
886.513433
886.558533
886.630433
886.677033
886.719533
886.903333
887.455200
887.833000
887.969900
888.239967
889.466800
889.505200
890.076733
890.124467
890.343700
890.798867
890.995433
891.040533
891.327367
891.872333
891.909900
891.945833
892.076200
892.129867
892.161233
892.205633
892.240667
892.269667
892.322033
892.356200
892.912800
892.959100
893.158867
893.334500
895.904700
896.203167
896.273733
896.318833
896.428633
896.682133
896.769300
896.802667
896.837067
896.870433
896.896233
896.977367
897.044033
897.123533
897.215967
897.247933
897.293400
897.513967
897.678567
897.681333
897.906933
897.966933
898.035133
898.063367
898.083700
898.112533
898.138300
898.165800
898.410333
898.448533
898.481200
898.504733
898.537967
898.576000
898.618433
898.649467
898.677567
898.706767
898.737600
898.763600
898.789267
898.817700
898.852567
898.876967
898.920200
898.990400
899.027800
899.056000
899.097567
899.335767
899.462867
899.509000
899.539100
899.574400
899.623533
899.691933
901.546667
902.432900
902.444233
902.463300
902.532300
902.567700
902.638500
902.688100
902.844433
903.315533
903.565367
903.664467
903.827000
904.547833
904.648567
904.684233
904.725867
904.885133
905.401600
905.517767
905.586633
905.634667
905.685767
905.743800
905.778867
905.962800
905.974433
906.755733
907.448167
907.475700
907.554933
907.595667
907.677667
907.714833
907.827400
907.854367
908.074200
908.119033
908.159267
908.193433
908.221000
908.250500
908.268167
908.381267
908.487200
908.489667
908.559767
908.669200
908.700200
908.724633
908.752200
908.776500
908.805333
908.827733
908.858900
910.172667
910.990967
911.043067
911.913667
912.079300
912.680000
913.088200
913.766900
913.996933
914.361433
914.504333
915.392300
915.562600
915.868467
916.271533
916.828833
916.882567
916.907967
916.940567
916.966033
917.016667
917.066767
917.143867
917.220033
917.267733
917.635867
917.665567
917.696267
917.762000
917.809900
917.868967
917.929867
917.973500
918.009733
918.015333
918.046133
918.093467
918.535133
918.603200
918.930867
918.977967
919.004033
919.043067
919.075733
919.112933
919.212133
919.216467
919.243733
919.280433
919.293433
919.331233
919.629967
920.376700
920.718267
920.902167
920.932733
921.083400
921.090400
921.286867
921.323733
921.371833
921.399633
921.435233
921.484700
921.519267
921.557667
921.570400
921.625133
921.668467
921.715100
921.770500
921.868867
921.933233
921.949800
921.968333
922.004767
922.026100
922.060933
922.125133
922.176200
922.221067
922.267967
922.392900
922.551467
924.122033
924.975433
925.029800
925.231033
925.290000
925.348933
925.538000
925.579100
925.622233
925.661767
926.136900
926.215967
926.258533
926.560933
926.620000
927.051567
927.186067
928.110200
928.377900
928.462333
928.512333
928.584733
928.644967
928.764967
928.792500
928.858600
928.929933
929.123567
929.205200
929.941933
929.976233
930.178500
930.497767
930.555033
930.596900
930.629667
930.671867
930.751400
930.793967
931.397867
931.737967
931.862933
931.900400
931.973700
931.982267
932.035867
932.056733
932.149200
932.186567
932.212300
932.248033
932.275900
932.348667
932.378367
932.405700
932.434100
932.466767
932.522333
932.580400
932.620267
932.643400
932.668000
932.683833
932.739033
933.136400
933.616467
933.703167
933.772867
933.805333
933.884433
933.930367
933.987533
934.036833
937.276633
937.728300
937.788567
937.821633
937.861233
937.892167
937.930700
938.072767
938.307900
938.352433
938.445267
938.495133
938.530133
938.585267
938.622567
938.655600
938.683400
938.725533
938.773233
938.801867
938.826967
938.859567
938.889167
938.947933
939.019633
939.069867
939.094767
939.794800
940.076933
941.057267
941.101933
941.187433
941.321200
941.391433
942.208967
942.240867
942.282767
942.360800
942.477667
942.543800
942.692400
942.877233
943.098800
943.435167
943.498400
943.687900
943.732133
943.783100
944.106900
944.137867
944.148300
944.168733
944.194400
944.221200
944.275900
944.279900
944.302267
944.332400
944.355733
944.376200
944.405333
944.437700
944.469400
944.493067
944.525600
944.595633
944.728233
944.830500
945.153933
945.409967
945.757167
945.848733
945.917500
946.396067
946.485000
946.541833
946.681500
947.276033
947.414100
947.466500
947.513267
947.775067
947.786300
947.813933
948.693900
948.760667
949.152800
949.222900
949.262567
949.306433
949.355933
949.487933
949.517667
949.573667
949.601800
949.622667
949.650700
949.678833
949.700267
949.723667
949.753667
949.786867
949.802500
949.883567
949.924667
950.013767
950.057233
950.701233
950.893633
950.927333
950.956000
951.025400
951.288000
951.492167
951.531800
951.561700
951.627067
951.675900
951.714900
951.755900
951.794500
952.563367
953.440800
953.538700
953.578533
953.612600
953.632200
953.660600
953.932800
954.073067
954.132933
954.184467
954.218067
954.232233
954.247467
954.340700
954.403400
954.442567
954.530300
954.789700
954.864267
955.017000
955.154633
955.195333
955.257000
955.301467
955.432500
955.558433
956.784467
956.909433
957.327767
957.515933
958.035633
958.104467
958.139667
958.169967
958.208467
958.399333
958.486867
958.631700
958.771367
958.860767
959.016167
959.073067
959.102367
959.127567
959.168933
959.194400
959.226767
959.260500
959.306167
959.361667
959.414500
959.474400
959.556433
959.594000
959.720733
959.976433
960.015200
960.085633
960.133433
960.190067
960.227400
960.264900
960.293633
960.343800
960.405167
960.466067
960.600700
960.766100
961.117533
961.163033
961.179767
961.372633
961.411167
961.780000
961.836133
961.872067
961.917333
961.952300
961.981867
962.044700
962.092000
962.127567
962.188500
962.225300
962.254233
962.274000
962.299933
962.331767
962.357033
962.387033
962.417033
962.440767
962.457233
962.490800
962.520567
962.538433
962.554533
962.580500
962.605700
962.625333
962.794400
962.913400
962.995200
963.067467
963.161133
963.193867
964.057000
964.125567
964.160067
964.265933
964.384300
964.557433
964.593133
964.674733
964.739033
964.876333
964.894900
965.171233
965.258833
965.327133
965.363600
965.416033
965.472300
965.512433
965.557400
965.603867
965.637167
965.672267
965.709100
965.735600
965.766933
965.802333
965.828067
965.856900
965.911500
965.938533
966.020533
966.036667
966.064767
966.090033
966.111633
966.153567
966.259433
966.298333
966.352833
966.416167
966.474500
966.555833
967.534033
967.978167
968.264800
968.363900
968.422167
968.477967
968.513833
968.574900
968.613867
968.691400
968.859233
968.882533
968.910833
968.941367
968.975300
969.036367
969.109100
969.155033
969.187067
970.377100
971.258767
971.309500
971.435567
971.489400
971.559733
972.014000
972.036600
972.109200
972.143300
972.174733
972.235667
972.275567
972.314733
972.342233
972.454267
972.593000
972.665700
972.729467
972.743067
972.791800
972.866100
973.125900
973.157567
973.194400
973.225067
973.252433
973.294567
973.381633
973.826733
974.178833
976.812533
977.148600
977.299933
977.344267
977.723567
978.164000
978.596467
979.529633
979.561533
979.621933
979.741600
979.764033
979.803333
979.832133
979.852833
979.879433
979.908867
979.957133
979.992867
980.024900
980.057733
980.334633
980.395700
980.491000
980.681133
980.755167
982.134533
982.329733
982.388733
982.905900
983.092033
983.671733
983.723633
983.894733
983.958800
983.985400
984.015833
984.043800
984.124167
984.153500
984.194667
984.227267
984.269033
984.531600
984.569967
984.602800
984.626667
984.675233
984.820800
985.884833
986.007200
986.393833
986.992533
987.941433
988.528633
988.668100
988.918433
988.999967
989.078800
989.686567
989.866833
990.031533
990.422600
991.494500
991.733633
991.970933
992.003867
992.030033
992.146300
992.214933
992.347533
992.387000
992.818500
992.832033
993.231300
993.412533
993.479000
993.662833
994.667867
994.717500
994.741200
994.772600
994.803167
994.828233
994.861933
994.887300
994.902467
994.931067
994.985133
995.006733
995.048733
995.085933
995.155500
995.198833
995.231233
995.316233
995.352233
995.609000
995.641200
995.706767
995.808233
996.866933
997.489400
998.580533
999.432767
1000.180867
1000.229467
1000.275000
1000.447700
1000.506967
1000.534733
1000.563200
1000.626400
1001.005700
1001.048300
1001.096967
1001.135800
1001.169867
1001.202167
1001.231167
1001.259033
1001.300167
1001.368533
1001.578300
1001.892033
1002.345600
1002.423200
1003.097800
1003.907833
1004.625633
1005.129800
1005.319333
1005.382500
1005.506500
1005.551500
1005.654933
1005.684967
1005.719567
1005.775367
1005.836900
1006.059467
1006.173700
1006.210933
1006.239033
1006.308367
1006.332667
1006.366833
1006.400567
1006.469067
1006.496767
1006.517867
1006.550500
1006.615900
1006.637033
1006.643433
1006.691200
1006.707033
1006.731033
1006.826633
1006.876300
1006.950033
1007.102133
1007.157000
1007.189667
1007.220733
1007.260500
1007.294667
1007.421233
1007.502800
1007.654000
1007.760900
1007.858200
1007.878633
1007.912100
1007.958567
1007.985400
1008.009700
1008.040567
1008.069833
1008.100133
1008.142000
1008.157800
1008.222300
1008.240667
1008.266600
1008.284333
1008.304267
1008.347600
1008.379033
1008.405700
1008.422100
1008.458400
1008.478500
1008.483600
1008.527233
1008.557367
1008.643733
1008.677100
1008.747067
1008.767733
1008.778000
1008.790900
1008.806000
1008.820900
1008.837900
1008.861967
1008.882633
1008.934633
1008.978200
1009.027333
1009.062133
1009.087233
1009.124000
1009.133700
1009.156133
1009.180967
1009.211900
1009.235267
1009.269533
1009.305367
1009.472500
1010.174567
1010.252633
1010.285100
1010.318800
1010.368033
1010.436500
1010.474633
1010.508167
1010.589633
1010.706567
1010.779500
1010.826167
1010.868267
1011.681300
1011.748367
1011.976000
1012.665867
1012.729400
1012.765967
1012.834700
1013.256100
1013.612233
1013.885467
1014.176733
1014.376133
1014.728300
1015.660100
1015.689033
1015.716533
1015.785633
1016.120667
1016.249000
1016.279533
1016.288067
1016.356833
1016.391600
1016.414300
1016.463733
1016.525300
1016.753667
1016.788500
1016.840300
1017.534433
1017.573267
1017.611900
1017.642333
1017.674533
1017.689533
1017.757700
1017.872100
1017.904267
1017.939867
1017.970800
1018.009767
1018.400400
1020.603433
1020.734967
1020.861400
1021.035367
1021.401300
1021.800267
1022.215667
1022.219867
1022.281000
1022.351500
1022.394467
1022.453800
1022.486400
1022.522900
1022.580667
1022.609533
1022.643200
1022.671100
1022.710600
1022.817567
1022.881167
1022.933067
1022.959200
1023.515033
1023.545200
1023.579833
1023.611700
1023.650800
1023.682467
1023.728667
1023.772533
1023.912233
1024.533100
1024.682333
1024.712000
1024.986067
1025.026033
1027.943967
1028.073733
1028.081467
1028.385233
1028.564900
1029.179533
1030.469867
1031.032467
1031.358767
1031.386133
1032.063133
1032.313367
1032.405067
1032.521467
1032.543867
1032.867100
1033.294733
1033.667100
1034.060633
1034.258567
1034.498933
1034.526100
1034.828900
1034.848433
1034.872967
1035.147600
1035.660700
1036.889100
1037.275700
1038.182733
1038.693933
1038.724400
1038.763000
1038.806233
1038.896833
1038.945767
1038.978767
1039.025433
1039.070400
1039.107033
1039.126067
1039.163533
1039.249533
1039.286400
1039.376067
1039.620767
1039.821167
1039.881767
1039.915667
1039.960233
1039.994233
1040.056000
1040.083400
1040.183933
1040.216367
1040.249267
1040.295233
1040.301033
1040.372333
1040.794100
1042.975767
1043.029400
1043.051367
1043.104333
1043.180700
1043.299167
1043.632767
1043.678867
1043.892067
1044.043100
1044.132333
1044.235700
1044.412767
1044.472500
1044.561300
1044.653533
1044.690300
1044.743233
1044.891867
1044.922967
1044.971300
1045.000133
1045.040267
1045.071633
1045.098467
1045.134667
1045.169567
1045.214733
1045.255767
1045.479933
1045.527033
1045.595300
1046.294300
1046.603067
1046.609433
1046.640333
1046.788567
1048.153733
1048.224867
1048.552033
1048.713300
1048.811367
1048.922633
1049.055067
1049.143233
1049.397400
1049.471533
1049.528400
1049.770833
1049.921800
1049.998700
1050.068667
1050.095067
1050.131400
1050.175333
1050.207267
1050.288967
1050.350367
1050.375567
1050.466033
1050.499833
1050.520600
1050.545367
1050.571767
1050.593467
1050.615500
1050.642100
1050.672000
1050.703067
1050.788600
1050.826500
1050.881633
1050.934267
1050.970533
1051.008000
1051.196400
1051.247033
1051.704567
1051.845967
1051.887467
1052.110933
1052.199167
1052.231167
1052.717400
1052.842867
1052.908800
1052.948200
1052.985900
1053.046567
1053.087833
1053.257800
1053.709933
1053.932833
1053.998100
1054.856467
1054.926600
1054.999933
1056.625700
1056.692400
1056.765767
1057.393300
1057.703033
1058.751067
1058.786733
1058.818867
1058.845667
1058.880467
1058.912967
1058.943533
1058.988100
1059.042900
1059.172733
1059.246200
1059.296033
1059.547100
1059.572800
1059.598700
1059.624367
1059.651367
1059.708467
1059.929667
1059.970433
1061.788467
1061.893400
1062.039767
1062.079133
1062.141133
1062.193800
1062.246533
1062.417000
1062.611600
1062.649367
1062.871567
1062.904067
1062.943067
1062.975900
1063.031733
1063.089300
1063.142967
1063.167867
1063.259667
1063.315600
1063.417167
1063.453267
1064.031800
1064.094667
1064.141700
1064.199300
1064.240567
1064.333533
1064.392833
1064.401800
1064.472400
1064.508933
1064.574733
1064.645567
1064.678200
1064.713667
1064.790233
1064.829867
1064.867033
1064.903700
1064.945867
1065.036800
1065.077333
1065.125433
1065.172500
1065.334833
1066.769633
1066.839367
1067.111533
1067.171633
1067.191633
1067.237267
1067.276233
1067.338900
1067.391867
1067.763533
1067.801100
1067.835600
1067.890667
1067.923000
1067.989067
1068.135767
1068.145833
1068.253367
1068.318000
1068.355567
1068.776100
1068.826733
1068.847167
1068.873467
1068.918933
1068.954800
1068.994900
1069.059567
1069.171267
1069.243367
1069.466633
1069.508933
1069.546067
1069.587200
1069.627633
1069.653533
1069.693567
1069.745833
1069.777700
1069.781033
1069.817867
1069.832867
1069.851267
1069.906100
1069.941067
1070.000000
1070.023667
1070.052000
1070.168000
1070.230300
1070.440333
1071.021433
1071.051900
1071.128100
1071.167600
1071.338733
1071.411667
1071.504500
1071.565200
1071.646733
1071.696967
1071.752367
1072.192467
1072.236433
1072.280033
1072.502667
1072.513167
1072.637467
1073.403967
1073.462667
1073.606000
1073.805667
1073.847300
1073.935367
1074.211933
1074.334900
1074.458767
1075.257033
1077.631533
1078.099667
1078.206700
1078.261900
1078.298367
1078.331800
1078.360333
1078.487033
1078.551133
1078.611600
1078.643500
1078.890833
1080.561933
1080.642533
1080.679633
1080.709867
1080.977467
1081.163733
1081.374933
1081.422500
1081.462000
1081.471400
1081.888700
1082.094933
1082.528433
1082.551367
1082.566400
1082.600467
1082.628400
1082.657333
1082.686767
1082.752167
1082.792067
1082.828167
1082.875600
1082.920600
1082.975933
1083.021800
1083.075667
1083.116967
1083.269433
1083.951233
1084.173767
1084.448267
1084.485100
1084.527933
1084.589267
1084.634733
1084.861600
1084.899233
1085.888933
1086.141633
1086.975767
1087.034100
1087.151200
1087.212600
1087.237900
1087.305100
1087.383767
1087.418133
1087.427333
1087.736867
1087.757100
1087.772433
1087.787967
1087.796600
1087.806900
1087.862867
1087.918667
1087.953967
1087.998833
1088.253200
1088.441267
1088.582233
1090.778467
1091.919933
1091.972033
1092.027933
1092.063133
1092.090067
1092.116700
1092.140367
1092.149933
1092.542000
1092.659233
1092.802833
1092.849467
1092.981100
1093.011100
1093.333967
1093.376767
1093.435633
1093.474167
1093.513300
1093.550067
1093.586300
1094.682600
1094.789233
1095.162467
1095.391867
1095.653500
1095.729233
1095.963200
1096.868900
1096.872500
1096.921100
1096.996433
1097.062200
1097.096933
1097.209967
1097.320633
1097.372833
1097.478200
1097.513367
1097.883867
1098.076533
1098.906567
1099.147700
1099.271733
1099.379200
1099.412567
1099.457800
1099.485433
1099.530333
1099.574500
1099.610800
1099.643167
1100.287867
1100.672600
1100.747500
1100.814900
1100.995600
1101.284833
1101.397967
1101.466233
1101.561133
1101.605767
1101.641900
1101.748967
1101.795767
1101.825567
1101.853867
1101.886833
1101.955733
1102.023100
1102.085000
1102.686667
1103.872367
1103.978867
1104.270633
1104.390300
1104.761700
1104.833067
1104.885400
1104.925667
1104.956100
1104.993900
1105.089800
1105.145533
1105.197600
1105.208600
1105.287267
1105.322500
1105.344967
1105.382200
1105.434000
1105.493067
1105.522867
1105.537667
1105.564967
1105.598700
1105.626967
1105.649200
1105.716033
1105.746333
1105.795667
1105.803833
1105.857667
1105.914800
1105.948567
1105.969367
1106.023533
1106.136133
1106.177900
1106.295833
1106.322467
1106.351533
1106.374267
1106.412367
1106.468100
1106.494400
1106.521567
1106.547300
1106.615533
1106.640967
1106.669367
1106.766133
1106.809800
1106.831400
1106.853200
1106.878967
1106.914300
1106.950367
1106.983033
1107.010067
1107.029200
1107.056900
1107.080300
1107.102800
1107.139167
1107.170300
1107.197233
1107.288633
1107.333167
1107.444033
1107.516200
1107.558133
1107.834300
1107.870733
1107.938467
1107.984133
1108.014333
1108.042733
1108.076767
1108.107000
1108.162700
1108.225700
1108.283500
1108.400600
1108.436700
1108.505500
1108.536033
1108.606533
1108.628967
1108.693000
1108.719933
1108.758633
1109.244300
1109.311567
1109.353867
1109.387467
1109.424700
1109.462633
1109.502633
1109.538500
1109.577067
1109.624300
1109.686333
1109.724867
1109.785167
1109.842000
1109.914600
1109.937500
1110.121233
1110.429767
1110.647667
1110.673100
1110.711133
1111.078267
1111.102733
1111.305667
1111.890600
1111.981133
1112.012867
1112.049400
1112.092700
1112.097000
1112.192133
1112.403767
1112.484600
1112.563100
1112.650233
1112.721467
1113.665667
1113.710233
1113.794900
1113.832567
1113.863500
1113.913767
1113.983100
1114.045467
1114.111067
1114.146367
1114.268767
1114.290267
1114.674067
1116.848167
1116.851733
1116.918100
1116.978833
1117.193700
1117.252133
1117.691733
1118.659367
1119.009267
1119.036533
1119.087567
1119.125533
1119.154600
1119.174100
1119.244133
1119.304133
1119.336000
1119.396300
1119.428767
1121.313333
1121.815167
1123.362233
1123.939800
1124.873133
1124.952567
1125.190700
1125.237067
1125.277733
1125.311933
1125.342567
1125.390200
1125.552467
1125.670167
1125.711233
1125.888533
1125.948800
1125.986633
1126.027767
1126.094400
1126.151400
1126.200833
1126.245000
1126.293167
1126.340433
1126.404533
1126.438067
1126.470300
1126.502167
1126.527133
1126.547100
1126.608967
1126.658067
1126.707133
1126.751300
1126.788933
1126.814367
1126.866000
1126.886967
1126.916900
1126.953700
1126.982233
1127.038500
1127.076633
1127.160733
1127.291067
1127.300133
1128.005333
1128.150967
1128.216233
1128.308733
1128.349767
1128.737433
1128.767100
1129.122667
1129.192567
1129.293367
1129.385233
1129.545467
1129.649933
1129.692900
1129.742900
1130.028767
1130.106200
1130.137133
1130.240233
1130.288067
1130.360067
1130.420633
1130.495267
1130.534467
1130.653500
1130.827400
1130.891000
1130.970167
1130.997733
1131.016033
1131.056367
1131.157800
1131.228600
1132.415600
1132.613933
1132.670667
1132.884800
1133.486167
1133.526567
1133.563933
1133.675200
1134.413167
1134.458167
1134.770933
1134.795000
1134.824367
1134.848733
1134.876767
1135.072400
1135.152400
1135.282667
1135.339667
1135.407833
1135.490300
1135.515200
1135.573200
1135.613433
1135.699133
1135.733000
1135.767233
1136.084267
1136.130733
1136.210100
1136.254667
1136.334233
1136.909200
1139.048867
1139.230333
1139.823767
1140.701200
1140.935433
1140.960600
1140.968000
1141.201300
1141.338733
1141.543200
1141.565467
1141.601867
1141.632633
1141.665300
1141.693733
1141.729833
1141.826467
1141.883200
1142.021367
1142.161133
1142.198333
1142.228533
1142.261867
1142.296600
1142.343967
1142.393000
1142.417567
1142.437300
1142.541000
1142.689600
1142.749833
1142.875233
1142.983100
1143.020767
1143.068833
1143.143133
1143.199633
1143.246700
1143.343967
1143.518300
1143.564567
1144.084800
1144.162367
1144.671733
1144.693667
1144.751833
1144.784267
1144.811067
1144.833833
1144.876367
1145.171800
1145.276367
1145.369667
1145.417167
1145.445867
1145.480633
1145.539100
1145.654533
1145.690033
1146.825200
1147.208333
1147.255967
1147.318000
1147.358800
1147.393133
1147.514433
1147.553533
1147.586767
1147.611467
1147.643267
1147.688233
1147.758200
1147.794000
1148.311533
1148.522633
1149.462200
1149.497933
1149.568833
1149.600333
1149.643200
1149.687133
1149.697900
1149.721300
1149.781733
1149.837267
1149.869733
1149.917267
1150.010633
1150.040167
1150.066567
1150.098167
1150.138400
1150.161300
1150.195467
1150.219033
1150.394267
1151.069167
1151.726633
1152.034400
1152.968500
1153.001433
1153.045233
1153.091167
1153.369633
1153.440500
1153.515467
1154.091667
1154.559667
1155.731167
1156.094700
1156.244033
1157.256067
1157.306867
1157.327267
1157.340233
1157.372667
1157.477533
1157.854733
1157.915567
1157.941933
1157.966433
1157.991167
1158.065000
1158.127533
1158.243133
1158.417467
1159.615367
1160.303600
1160.335300
1160.462733
1160.538333
1160.636533
1161.086533
1161.386967
1162.006200
1162.053867
1162.132433
1162.485067
1162.555767
1162.798800
1162.838733
1162.871000
1163.304567
1163.354700
1163.395700
1163.421433
1163.639800
1163.992100
1164.111067
1164.139033
1164.164433
1164.190567
1164.220400
1164.283167
1164.311067
1164.335433
1164.358967
1164.390067
1164.420033
1164.445800
1164.472067
1164.537733
1165.794700
1165.853133
1166.145267
1166.351833
1166.413867
1166.557100
1166.714700
1166.830733
1167.976433
1167.980167
1168.094067
1168.287433
1168.742033
1168.849633
1168.901367
1169.396467
1169.931367
1170.697567
1170.727533
1170.840200
1170.890700
1170.928467
1170.956367
1170.987833
1171.039033
1171.074733
1171.135333
1171.160633
1171.190567
1171.224300
1171.257167
1171.288333
1171.325200
1171.357733
1171.448967
1171.482667
1171.509533
1171.540733
1171.597767
1172.091700
1173.494300
1173.658933
1175.014733
1176.171100
1176.235067
1176.282800
1176.667167
1176.780067
1176.784900
1176.813167
1176.848467
1176.882500
1176.932500
1176.983867
1177.076000
1177.129533
1177.264367
1177.347467
1177.524500
1177.893900
1177.935000
1178.006500
1178.464933
1178.758533
1179.038733
1179.062933
1179.092900
1179.118500
1179.152767
1179.209100
1179.271100
1179.317300
1179.531100
1179.604833
1181.104333
1181.689500
1182.373733
1182.375700
1182.514100
1182.569833
1183.767133
1183.806767
1183.860067
1183.884267
1183.898567
1183.949367
1183.988933
1184.045433
1184.114567
1185.259333
1185.288267
1185.323767
1185.439033
1185.488433
1185.524500
1185.692300
1185.803867
1186.385333
1186.862133
1187.008500
1187.041500
1187.088300
1187.128100
1187.268400
1188.176167
1188.298700
1189.679467
1189.885100
1190.229733
1190.253700
1190.285833
1190.329967
1190.408267
1190.618100
1190.663267
1190.704367
1190.806700
1190.878267
1190.954567
1191.451867
1191.503933
1191.524367
1191.576833
1191.616167
1191.684633
1191.762400
1191.808533
1191.909233
1192.982067
1193.576067
1193.951467
1194.448000
1195.212267
1195.253767
1195.353967
1195.518267
1195.623000
1195.735233
1195.807100
1195.826867
1195.854933
1195.940567
1196.251900
1196.323467
1196.374567
1196.477500
1196.536800
1196.581200
1197.051500
1197.781333
1197.854267
1198.227433
1198.313700
1198.513667
1198.572333
1198.615300
1198.638833
1198.701633
1198.797633
1198.936367
1199.094067
1199.208167
1199.246367
1199.290933
1199.446833
1200.525000
1200.532767
1200.605667
1200.639033
1201.436833
1202.707600
1202.737133
1203.381667
1203.434367
1203.508233
1203.580067
1203.764167
1203.868067
1203.899267
1203.938100
1203.969667
1204.357367
1204.381033
1204.408833
1204.429800
1204.736400
1204.943733
1205.081700
1205.119233
1205.162300
1205.234767
1205.290267
1205.355567
1205.359100
1205.369500
1205.443800
1205.587900
1205.618000
1206.402067
1207.176067
1207.212900
1207.644633
1207.682600
1207.734900
1207.801633
1208.120633
1208.161167
1208.636533
1209.223233
1209.254900
1209.322300
1209.385433
1209.447267
1209.493900
1209.527867
1209.573767
1209.609867
1209.652167
1209.679667
1209.712367
1209.796533
1209.837633
1209.873333
1209.907067
1209.936833
1210.010267
1211.765567
1211.832700
1212.536800
1212.718133
1212.856467
1212.901100
1213.692633
1214.516833
1214.690000
1214.825733
1214.861933
1215.364200
1215.366900
1215.598567
1215.638300
1215.673667
1215.728700
1215.818533
1215.903800
1216.009767
1216.050133
1216.076200
1216.275667
1216.308600
1216.370567
1216.404467
1216.444767
1216.487533
1216.533000
1216.580367
1216.609667
1216.650467
1216.700000
1216.750100
1216.784833
1217.012267
1217.091367
1217.203067
1217.238733
1217.321233
1217.396967
1217.983200
1218.072600
1218.255133
1218.322667
1218.543600
1218.577267
1218.613433
1218.688000
1218.796900
1218.839800
1218.939267
1218.973333
1219.080300
1219.142733
1219.190167
1219.220700
1219.255900
1219.290533
1219.364000
1219.395300
1219.472267
1219.515033
1219.546200
1219.566100
1219.617767
1219.683733
1219.714567
1219.755567
1219.845233
1219.871267
1219.896633
1219.921933
1219.946500
1219.971933
1219.995600
1220.014233
1220.041867
1220.058500
1220.094967
1220.136733
1220.168700
1220.209133
1220.242167
1220.270333
1220.296233
1220.325400
1220.501667
1220.869433
1221.541433
1221.594667
1221.649700
1221.670500
1221.719267
1221.749567
1221.789233
1221.819567
1221.858600
1221.897533
1221.915067
1221.934567
1221.960800
1221.986700
1222.005733
1222.050867
1222.072233
1222.204533
1222.239400
1222.346533
1222.394467
1222.424433
1222.465800
1222.495533
1222.517100
1222.555533
1222.572433
1222.588367
1222.603867
1222.626967
1222.665067
1223.138033
1223.288033
1224.372600
1224.413900
1224.459767
1224.856667
1224.898167
1225.051767
1225.343933
1225.538133
1225.671667
1225.730533
1225.785333
1225.810067
1225.837133
1225.869967
1225.941767
1226.028900
1226.064200
1226.082667
1226.104967
1226.148900
1226.177067
1226.212700
1227.267667
1227.685200
1227.780400
1227.821000
1227.857033
1228.192567
1228.297267
1228.423133
1228.457167
1228.660600
1228.786300
1228.809200
1228.854100
1229.112867
1229.149300
1230.475033
1230.503567
1230.596733
1230.655700
1230.715967
1231.141600
1231.570733
1231.620667
1231.662033
1231.708200
1231.749633
1232.099033
1232.173433
1232.206867
1232.276567
1232.314400
1232.356933
1232.407967
1233.017400
1233.066367
1233.152000
1233.486000
1234.151633
1234.246700
1234.270100
1235.612167
1235.668967
1236.288667
1236.323300
1236.464000
1236.817767
1237.484100
1237.567900
1237.602567
1237.634233
1237.659700
1237.693533
1237.752467
1237.875900
1238.087600
1238.130900
1238.181033
1238.248267
1238.295600
1238.368333
1238.504033
1238.535200
1238.584267
1238.619300
1238.667433
1238.704867
1238.755600
1238.818833
1238.891867
1239.034767
1239.833767
1239.839367
1239.906500
1239.984933
1240.020467
1240.048033
1240.118067
1240.154033
1240.190800
1240.227033
1240.267100
1240.319200
1240.339200
1240.352700
1240.422633
1240.441633
1240.651867
1240.745833
1241.371100
1241.637400
1242.978833
1243.081467
1243.242967
1243.355867
1243.551733
1243.646900
1243.681300
1243.717433
1243.751933
1243.810433
1243.845167
1243.904567
1243.953167
1244.193833
1244.229867
1244.259600
1244.297100
1244.341433
1244.401700
1244.424967
1244.460467
1244.485767
1244.526267
1244.617033
1244.630433
1244.677667
1244.721733
1244.760433
1244.828700
1245.200400
1245.387433
1245.416100
1245.659800
1245.841100
1245.904300
1245.956633
1245.987900
1246.027267
1246.029833
1246.064533
1246.154333
1246.190900
1246.305433
1246.388133
1246.493267
1246.524233
1246.569833
1246.581100
1246.622433
1246.636400
1246.691167
1246.761867
1246.842933
1246.879033
1246.933700
1247.020000
1247.616833
1248.270533
1248.347000
1248.407733
1248.468867
1248.504733
1248.541367
1248.579400
1248.765267
1248.811267
1248.878133
1249.614733
1250.010567
1250.222400
1250.310300
1251.388733
1251.710767
1251.765567
1251.972200
1252.056200
1252.110700
1252.140000
1252.178633
1252.230800
1252.395833
1252.432333
1252.471667
1252.500267
1252.541600
1252.603367
1252.635500
1252.662767
1252.701733
1252.763233
1252.807833
1252.837467
1252.865867
1252.896133
1252.926667
1252.953733
1252.975333
1253.024067
1253.056967
1253.090167
1253.125167
1253.191533
1253.233033
1253.447700
1253.537700
1253.605133
1253.629367
1253.654733
1253.684867
1253.730900
1253.760133
1253.792667
1253.819133
1253.864800
1253.916500
1253.961600
1254.095800
1254.219767
1254.275067
1254.304900
1254.336500
1254.364767
1254.397467
1254.441233
1254.523267
1254.540667
1254.605567
1254.627200
1254.669900
1254.756167
1254.826800
1254.874467
1254.922300
1255.530667
1256.214633
1256.285033
1256.308833
1256.349767
1256.393133
1256.438300
1256.478633
1256.517233
1256.560233
1256.609200
1256.647667
1256.778800
1256.797667
1256.838833
1256.884167
1256.923733
1256.958567
1257.492033
1257.935300
1258.999700
1259.492533
1259.746000
1259.859600
1260.117933
1260.184500
1262.304433
1262.361633
1262.841067
1263.110133
1264.436167
1264.463600
1264.499800
1265.056567
1265.469200
1265.992167
1266.067967
1266.818933
1266.993267
1267.316300
1267.883067
1268.000700
1268.085700
1268.139767
1268.176400
1268.288000
1268.308600
1268.352433
1268.486900
1268.522700
1268.806967
1270.963833
1272.109233
1272.176367
1272.194400
1273.135467
1274.123133
1274.309867
1274.339267
1274.396000
1274.443133
1274.489633
1274.532867
1274.581500
1274.773733
1274.819100
1274.853233
1274.878400
1274.902900
1274.929833
1274.971600
1275.739200
1275.772800
1276.743567
1276.774967
1276.808733
1276.869233
1276.907200
1276.961500
1277.107400
1277.143933
1277.207900
1277.265233
1277.393367
1277.472167
1277.957600
1278.077433
1278.217700
1278.360100
1278.387167
1278.729700
1278.933633
1280.377233
1280.421567
1280.463667
1280.501633
1280.572033
1282.750967
1282.910267
1283.029300
1284.156867
1284.185000
1284.214167
1284.366167
1284.407300
1284.458700
1284.496200
1284.537267
1284.665000
1284.748033
1284.804467
1284.848033
1284.889267
1284.950533
1284.984833
1285.024733
1285.074867
1285.118933
1285.194533
1285.396767
1286.430433
1286.875633
1287.043500
1287.073433
1287.588967
1287.700133
1287.729633
1287.758367
1287.783200
1287.832800
1287.861467
1287.883267
1287.907700
1287.937067
1287.963367
1287.986200
1288.052333
1288.075700
1288.191833
1288.276233
1288.334567
1288.643200
1288.750300
1289.632333
1289.882133
1292.483700
1292.522333
1292.599133
1292.624367
1292.685500
1292.776867
1292.803067
1292.835767
1292.892433
1292.900800
1293.082600
1293.154600
1293.188933
1293.234467
1293.260767
1293.333367
1293.361133
1293.386933
1293.446300
1293.557300
1293.601533
1293.629600
1293.660867
1293.702900
1293.977833
1294.007567
1294.206600
1294.256700
1294.298467
1294.333833
1294.365400
1294.404300
1294.445700
1294.476233
1294.506233
1294.542533
1294.603533
1294.639267
1294.674033
1294.704300
1294.765700
1294.804000
1294.837000
1294.924667
1294.954500
1295.000367
1295.060767
1295.096033
1295.117567
1295.140067
1295.155667
1295.180767
1295.207867
1295.277200
1295.318467
1295.360300
1295.389167
1295.454933
1295.876133
1296.109167
1296.284100
1296.347767
1296.649633
1296.745833
1296.804667
1296.857767
1296.914133
1297.008033
1297.033667
1297.113000
1297.137467
1297.158733
1297.178633
1297.197033
1297.234033
1297.288867
1297.313400
1297.401467
1297.669267
1297.819133
1298.764700
1298.803233
1298.963333
1299.041967
1299.081700
1300.946833
1301.041900
1301.411367
1301.453400
1301.956900
1301.989500
1302.613500
1303.006167
1303.041000
1305.034133
1305.091567
1305.160067
1305.207433
1305.310500
1305.389033
1305.419333
1305.454333
1305.498033
1305.633400
1305.697700
1305.910933
1305.965800
1305.997967
1306.021033
1306.566200
1306.607767
1306.668867
1306.722633
1306.754133
1306.914033
1307.512867
1307.582967
1307.672400
1307.704700
1307.772267
1307.817967
1307.861467
1307.895800
1307.944733
1308.252333
1308.347300
1308.361600
1308.419500
1308.636667
1308.773833
1308.874467
1308.918067
1309.042100
1309.082667
1309.145933
1309.203567
1309.246867
1309.302400
1309.427800
1309.478400
1309.635267
1309.694433
1309.780167
1310.388733
1310.653000
1311.683633
1312.419967
1312.650367
1312.694267
1312.723133
1312.757500
1312.798900
1312.859300
1313.263400
1313.569167
1313.620800
1313.662900
1313.736167
1313.784067
1313.814733
1313.852033
1313.883433
1313.912600
1313.942167
1313.964133
1313.990567
