0.025400
0.139267
0.155167
1.146167
1.266533
1.375800
1.800167
1.856967
2.090167
2.484300
2.679933
3.194233
3.734300
3.974500
4.605300
5.228733
5.769233
5.981067
6.132933
6.265900
6.438467
6.695467
6.970467
6.991033
7.942800
8.171700
8.860933
9.130600
9.279700
9.454433
9.556900
9.703100
9.743600
9.857867
9.926700
10.069600
10.355667
10.515700
10.798400
10.958700
11.472767
11.506467
11.977267
12.011333
12.111367
12.229000
12.259167
12.677667
12.929633
12.939867
13.038900
13.419533
14.049867
14.374933
14.692200
14.757433
14.798667
14.894133
15.088233
15.369567
15.430867
15.647300
15.696733
16.103133
16.402433
16.413233
16.474433
16.837333
16.962067
17.036033
17.085900
17.195133
17.353733
17.399400
17.493500
17.744567
17.830933
18.002333
18.029900
18.163100
18.304767
18.332200
18.472833
18.485667
18.581467
18.599833
18.613133
18.885467
18.989600
19.010867
19.237700
19.351667
19.426367
19.618833
19.684600
19.809200
19.848767
19.879033
19.967700
20.138467
20.241833
20.298233
20.869267
20.888700
21.173800
21.327067
21.362567
21.378167
21.448633
21.540267
21.676633
22.154400
22.242733
22.332133
22.620700
22.705033
22.783167
22.834633
22.881167
22.974667
23.043767
23.171933
23.265867
23.458967
23.898167
23.927967
23.959100
24.024900
24.054667
24.205067
24.250733
24.297567
24.400367
24.801100
25.122433
25.693233
25.774667
25.828500
25.932867
26.284667
26.769400
26.779333
27.471200
28.077000
29.174633
29.392967
29.548267
29.702500
29.789967
29.884900
29.915367
29.922600
29.960933
30.162000
30.212033
30.278733
30.427367
30.628067
30.680667
30.805667
30.930300
31.102933
31.198100
31.247033
31.397667
31.640333
31.744500
31.980267
32.053500
32.618967
33.561400
34.188267
34.243133
34.643933
34.778467
35.060567
35.131133
35.196100
35.228867
35.485033
35.582700
35.863000
36.222300
36.337133
36.771367
38.073800
38.471233
38.875500
39.290567
39.383233
39.451233
39.459767
39.501633
39.563800
39.606200
39.685933
40.307567
40.411000
40.454133
40.717967
41.087933
41.172500
41.328033
41.616300
41.722500
41.890667
41.966700
42.051733
42.099333
42.526033
42.752567
42.810633
42.935033
43.138933
43.270233
43.422200
43.447667
43.914467
44.026700
44.119533
44.350667
44.491100
44.667100
44.672500
44.855700
45.291467
45.441400
46.337300
46.377533
46.517000
46.547333
46.634700
47.266833
47.592000
47.959600
48.072500
48.211000
48.318167
48.368600
48.425133
48.468833
48.639367
48.849167
48.936433
49.031700
49.375967
49.392767
49.608467
49.692467
49.735800
49.761400
49.785400
49.820867
49.850067
49.946000
50.002800
50.040333
50.344267
50.596867
50.877100
51.010033
51.049567
51.313100
51.720633
51.875867
51.912367
51.965567
52.014367
52.297100
52.418433
52.736600
52.744967
52.852900
53.150333
53.247200
53.324400
53.949033
54.173533
55.714400
55.777433
55.948367
55.952167
56.723867
56.954567
57.304433
57.742933
57.844333
58.597967
59.068600
59.187267
59.244200
59.274533
59.413767
59.818633
59.841633
59.948100
60.007333
60.098367
60.189433
60.499633
60.563033
60.566100
60.665500
61.006433
61.146733
61.392700
61.447933
61.654467
61.694200
61.728467
61.797833
61.831200
61.846733
61.910600
62.047633
62.122433
62.168133
62.273267
62.539733
62.637767
62.703900
62.788533
62.809633
62.962300
63.126800
63.181033
63.230467
63.355300
63.436100
63.525967
63.586900
63.652733
63.719500
63.877633
63.946800
64.115600
64.265633
64.460233
64.708500
65.051867
65.089067
65.139767
65.312133
65.793633
65.869267
65.951667
66.217233
66.324267
66.493033
66.646533
66.852100
66.912467
67.007867
67.075167
67.637633
67.709200
68.047433
68.250767
68.266367
68.312667
68.344500
68.395133
68.622267
68.837700
69.696100
69.726733
69.931500
70.149200
70.299067
70.315067
70.637333
70.651600
70.975333
71.099233
71.133567
71.290500
71.309767
71.570500
71.809333
72.022100
72.366500
72.586933
72.698733
73.063800
73.086467
73.118767
73.264567
73.395167
73.406367
74.507467
74.523967
74.567033
74.642033
74.753333
74.941533
75.575800
75.690300
75.717600
75.780600
75.809767
75.817267
75.847667
75.893533
75.921067
76.160933
76.230400
76.679400
76.698467
76.729533
76.904067
77.036367
77.427667
77.505833
77.634167
78.279767
78.416433
78.557333
78.679633
78.824567
79.295133
79.629900
79.710900
80.030500
80.217433
80.315733
80.338833
80.532600
80.689567
80.844700
81.202133
81.274367
81.525567
81.549033
81.637800
81.743933
81.760100
81.950967
82.117067
82.231833
82.379333
82.392233
82.417233
82.422067
82.495433
82.586467
82.634900
82.679567
82.735500
82.897700
82.943033
83.122500
83.274467
83.313467
83.416467
83.509933
83.613800
83.837967
84.491800
84.565833
84.864500
85.014400
85.118000
85.592900
86.159300
86.286833
86.766900
86.791933
86.862500
87.083767
87.208000
87.267900
87.710867
87.868700
88.121767
88.366100
88.468300
88.952400
88.993833
89.263167
89.271567
90.209400
90.289500
90.323900
90.426133
90.466633
90.569633
90.790900
90.881733
91.005667
91.222733
91.258933
91.380733
91.563700
91.870300
91.942367
91.996067
92.047567
92.343433
92.484967
92.530967
92.648700
92.787400
92.983333
93.038433
93.111600
93.133167
93.148233
93.186933
93.268533
93.554533
93.723700
93.730200
93.917867
93.946200
94.053867
94.220067
94.628833
94.741467
95.190900
95.908267
96.158867
96.211233
96.374433
96.458967
96.686933
96.828467
97.178933
97.544367
97.614300
98.211667
98.431867
98.642133
99.229267
99.291900
99.407067
99.506467
99.767700
99.794800
100.217133
100.244833
100.319233
100.385300
100.768433
101.155700
101.242300
101.329767
101.396733
101.434000
101.456600
101.832200
101.897867
102.128067
102.160833
102.244067
102.453367
102.743533
102.840100
102.897500
103.058200
103.442300
103.470200
103.483567
103.780300
103.889100
104.070300
104.231367
104.286267
104.672767
105.811533
106.214167
106.509033
106.643967
107.006800
107.015333
107.059567
107.297000
107.385633
107.462467
108.702500
108.748800
108.783967
108.865100
108.963733
108.979133
109.106100
109.514867
110.052667
110.091967
110.381600
110.896000
111.934633
111.985000
112.023633
112.166167
112.368633
112.482800
112.545067
112.571467
112.761433
113.193233
113.518567
113.911700
113.967600
114.000733
114.005433
114.171633
114.203200
114.339667
114.374233
114.430300
114.557633
114.588600
114.616533
114.885233
115.191333
115.386500
115.538533
115.628833
115.738567
115.820800
116.030367
116.148833
116.402667
116.455733
116.480133
116.596100
116.637067
116.788667
117.536500
117.571967
118.071733
118.146533
118.425400
118.603633
118.997667
119.215000
119.449133
119.457567
119.672000
120.385167
120.658733
120.675567
120.763633
121.009567
121.104133
121.473433
121.537400
121.640400
122.223633
122.309533
122.376533
122.634633
122.708700
123.030267
123.485800
123.645800
123.697000
123.802500
123.913367
123.997033
124.134233
124.223400
124.349833
124.365333
124.891533
125.027167
125.083767
125.198500
125.466233
125.653700
126.088000
126.300400
126.305800
126.725833
126.836233
126.895567
126.971633
127.005267
127.564667
127.646033
127.652700
128.169800
128.357767
128.739233
128.765300
128.896833
128.969033
129.009500
129.276433
129.654033
129.928767
129.952867
130.010467
130.107433
130.136333
130.670333
130.875700
131.009800
132.113767
133.071300
133.105800
133.253100
133.381600
133.747333
134.293967
134.320967
134.894167
134.953067
135.105867
135.143033
135.621600
135.699833
136.908167
137.130900
137.295633
137.415433
137.496367
137.548500
137.784467
137.804067
137.853000
137.866200
138.548833
138.680367
138.769767
138.860767
139.407333
139.561467
139.687600
139.851600
139.973033
140.001367
140.121300
140.144633
140.229267
140.360467
140.631667
141.313600
141.363333
141.528067
141.772133
141.837367
141.900533
143.289867
143.543967
143.589267
143.675600
143.721967
143.741367
143.822933
143.834267
144.095533
144.222833
144.528033
144.761300
144.911567
145.268433
145.349267
145.588600
145.975233
146.666133
146.745333
147.273967
147.558567
147.580433
147.769833
147.918333
148.198400
148.266000
148.357933
148.491867
148.573000
148.619400
148.651400
148.697200
148.902800
149.072600
149.212433
149.239533
149.295700
149.592133
149.688267
150.192833
150.404933
150.539633
151.422933
151.626333
151.941233
152.275067
152.322733
152.478533
152.718667
152.806133
153.307033
153.508600
153.555233
153.632167
153.653067
153.884533
154.078633
154.198400
154.317733
154.416500
154.569667
154.668400
154.824433
154.853933
154.909633
154.939633
155.027733
155.097100
155.221967
155.231300
155.305533
155.385033
155.462533
155.591333
155.817733
155.939267
156.100567
156.121267
156.178767
156.209033
156.275800
156.337433
156.769833
157.046300
157.120267
157.324900
157.913067
157.928167
158.118867
159.291433
159.725367
160.146900
160.349200
160.401267
160.485133
160.691367
161.170767
161.301267
161.309667
161.558333
161.716467
161.764533
161.861700
162.096733
162.495933
163.192633
163.505267
163.613067
163.699367
163.872567
163.959133
164.143133
164.277867
164.361200
164.392000
164.626733
164.682133
164.981333
165.179733
165.383300
165.659500
165.835800
165.956600
166.000100
166.275133
166.319433
166.441667
166.476200
166.896133
167.191667
167.396100
167.443567
168.205067
168.448167
168.513567
168.644167
168.844167
169.072033
169.240533
169.340467
169.391233
169.836433
170.315867
170.522367
170.629667
170.656700
171.467767
172.440500
172.510100
172.663533
172.707633
172.787000
173.026700
173.188767
173.549933
174.948000
175.170633
175.258367
175.975700
176.394133
176.488933
176.518100
176.709467
177.140200
177.306433
177.372233
177.715067
177.800967
177.918067
177.935900
177.985833
178.029867
178.160833
178.227633
178.335067
178.382033
178.462600
178.912967
178.980900
179.167200
179.482367
179.652900
179.686867
180.102733
180.129200
180.256700
180.258533
180.503267
180.539167
180.656633
180.710467
180.955733
181.334567
181.402333
182.035900
182.039633
182.496700
182.559433
183.032567
183.425533
183.428367
183.701133
183.751167
183.804667
184.090900
184.150033
184.372900
184.689033
184.751100
185.018733
185.091433
185.193933
185.240700
185.252933
185.292800
185.433967
185.567633
185.631600
185.806000
185.875667
186.021600
186.032667
186.132567
186.323633
186.996300
187.211633
187.339333
187.900200
188.028200
188.218333
188.397200
188.436133
188.807533
189.262833
189.559200
189.822233
189.901533
189.935467
189.970600
190.571600
190.684400
190.854667
190.860933
190.939267
190.965500
191.088133
191.461333
191.469200
191.518367
192.225700
192.672500
192.895900
192.913367
193.232033
193.352500
193.419567
193.706633
193.816967
194.263867
194.419433
194.605367
194.672567
194.764500
194.793333
194.992067
195.083633
195.210333
195.402067
195.488467
195.611600
195.898967
196.158400
196.337267
196.389667
196.798667
196.859467
197.051700
197.401333
198.115033
198.221833
198.247233
198.325867
198.376733
198.476367
198.510200
198.561433
198.866733
198.900100
200.183700
200.389733
200.695333
200.944667
201.108300
201.156867
201.407533
201.564867
201.702633
201.873967
202.151600
202.159033
202.301100
202.389733
202.479167
202.575967
202.952467
203.156800
203.201067
203.316433
203.562267
203.755633
204.011400
204.568000
204.706100
204.941167
205.278400
205.472433
205.712800
205.734867
205.854000
206.378300
206.439633
206.653767
206.672833
207.003367
207.017433
207.087100
207.125067
207.209900
207.332933
207.403133
207.543033
207.555233
207.622000
207.945733
208.010533
208.066833
208.109700
208.526967
208.663200
208.919967
209.749867
209.790267
209.806733
209.917167
209.972333
210.060400
210.089567
210.578500
210.881900
211.777067
211.819633
211.866867
212.219967
212.799267
212.992167
213.209500
213.304067
213.420367
213.490433
213.805467
214.202500
214.462800
214.590167
214.864767
215.178233
215.181500
215.248033
215.331333
215.433233
215.672533
215.834700
216.589600
217.491733
217.904500
218.045533
218.430700
218.471600
218.498567
218.551833
218.628367
218.700500
218.756100
219.253633
219.493100
219.584300
219.904067
220.765833
220.930500
221.019800
221.190400
222.039667
222.902333
223.049800
223.414700
223.444867
224.126267
224.271200
224.395933
224.712433
224.980233
225.692467
225.731900
226.453200
226.943967
227.251667
227.271400
227.355733
227.374567
227.394500
227.471133
227.658633
227.696267
227.806300
227.944767
228.144033
228.183933
228.378967
228.423133
228.670567
228.696133
229.314467
229.377733
229.507567
229.623300
229.845000
229.927733
229.991667
230.098067
230.448600
230.549500
230.653400
230.813933
231.360133
231.564433
231.651133
231.926900
232.130200
232.335133
232.515967
232.874900
233.123067
233.532133
233.784700
233.889400
234.215167
234.506500
234.519033
234.660467
234.704200
234.812867
234.829767
234.854800
235.236500
235.475267
235.654867
236.134067
236.186767
236.346900
236.437133
236.603967
236.674500
236.982067
237.112167
237.168867
237.509167
237.629367
237.736433
237.900767
237.984300
238.115567
238.194467
238.497933
239.081700
239.404133
239.951733
240.155067
240.389600
240.490667
240.931200
241.019733
241.085567
241.571067
241.881700
242.146467
242.320367
242.584433
243.049600
243.244100
243.293967
243.335200
243.448433
243.521433
243.592100
243.749633
244.288600
244.438233
244.720300
244.729200
244.830933
244.865900
244.953700
245.216200
245.400267
245.437400
245.649900
245.693033
245.851900
245.873567
245.887300
245.923067
246.035900
246.038533
246.284700
246.327533
246.810633
246.971233
247.063600
247.284367
247.360133
247.485733
247.686533
247.800800
247.887100
248.357533
248.433400
248.489967
248.634267
248.874667
249.076867
249.141100
249.289100
249.347167
249.688833
249.772667
251.275567
251.456033
251.547967
251.826900
252.071800
252.112000
252.294267
253.400900
253.612000
254.393267
255.385800
255.958333
256.115000
256.398967
256.616700
256.749033
256.891633
256.989933
257.247033
257.319400
257.396267
257.809233
258.033733
258.406100
258.835433
258.864033
259.138200
259.756733
259.912800
260.137633
260.305567
260.506133
260.567300
260.783133
261.062233
261.182767
261.457700
261.479200
261.814800
261.882800
261.955067
262.127967
262.554200
262.592333
262.623167
262.664867
263.184900
263.723200
263.760967
264.027467
264.260867
264.364167
264.412033
265.013500
265.135333
265.169767
265.204100
265.563467
265.738433
266.114700
266.321533
266.882533
266.991067
267.058533
267.419167
267.487433
267.849000
267.868367
267.913500
268.043267
268.093633
268.594233
268.777467
268.901267
268.932333
268.962433
268.985100
269.033700
269.067100
269.096600
269.148400
269.280900
269.820733
269.931133
270.203367
270.421233
270.575300
270.638800
270.900467
271.294433
271.394800
271.556033
271.654567
271.834467
272.224567
272.540067
273.246833
273.255900
273.335500
273.399233
273.787833
273.846367
274.105533
274.140333
274.245000
275.078367
275.469300
275.489400
275.522133
275.579867
275.775967
275.785500
276.321133
276.631467
276.658100
276.708967
276.882600
276.919000
276.957967
277.019100
277.150333
277.426867
277.528900
277.567633
277.591200
277.702967
277.947633
277.969067
278.031600
278.177033
278.588867
278.671733
278.779367
278.983967
279.171400
279.351533
279.641867
279.991433
280.232333
280.238500
280.441900
280.504633
280.769033
280.841367
281.063633
281.077567
281.152533
281.499933
281.606800
281.840367
282.128067
282.264733
282.370433
282.660833
282.815167
283.255233
283.442433
283.555933
283.703933
283.784567
283.862733
283.925167
284.428133
284.458267
284.579367
284.722733
284.871433
285.024467
285.138067
285.172967
285.221033
285.560633
285.698500
285.809200
286.374700
287.118167
287.402433
287.408967
287.453633
287.541733
287.627567
287.759800
287.979167
288.082767
288.510267
288.632333
288.684400
289.096000
289.224000
289.503400
289.568767
289.735467
289.962700
290.129000
290.231833
290.356400
290.365000
290.399400
290.404833
290.461900
290.629267
290.712633
290.749067
290.868900
291.012067
291.143267
291.199333
291.229733
291.378100
291.412200
291.727600
291.740733
292.191000
292.270767
292.518367
292.765267
292.804733
293.024167
293.386900
293.577667
293.622733
293.812733
293.876667
293.939800
294.633200
294.669500
294.891267
294.919633
295.022367
295.801167
295.962700
296.045133
296.091500
296.103067
296.156067
296.406067
296.575600
296.629100
296.688267
296.738567
296.821600
296.883533
296.920167
297.094967
297.097533
297.340800
297.533433
297.713233
298.160500
298.271200
298.494300
298.512500
298.660467
299.107400
299.168533
299.669667
299.784333
299.805167
299.897067
300.126800
300.153033
300.223200
300.320600
300.455967
300.485000
300.692500
300.756000
300.783300
300.947600
300.997000
301.001200
301.392067
301.718733
302.338033
302.592433
302.785733
302.843200
303.058600
303.086067
303.425000
303.907267
303.914033
303.941067
304.015733
304.127500
304.172433
304.665433
305.046900
305.228333
305.878833
305.997400
306.059400
306.569833
306.894833
306.979233
307.015300
307.220267
307.265667
307.406433
307.494200
307.660933
307.709433
307.781267
307.844100
308.187300
308.280700
308.568600
308.775033
308.866533
308.901000
308.964433
309.241833
309.328333
309.427933
309.829100
309.988800
310.010367
310.041800
310.251800
310.414700
310.517700
310.709400
310.795833
310.849667
310.893500
311.011233
311.070033
311.120667
311.165533
311.323367
311.467700
311.584967
311.654667
311.858567
311.986400
312.026500
312.110367
312.420933
312.614700
312.735067
312.856633
313.136767
313.220767
313.301233
313.342567
313.446267
313.619700
313.852133
314.366833
314.435267
314.761700
314.841933
314.938067
315.270967
315.959733
316.096067
316.179533
316.458733
316.749800
317.314400
317.373333
317.401200
317.604733
317.916533
317.960367
318.206833
318.494833
318.766667
319.125767
319.252533
319.513733
319.553733
319.606333
319.662300
319.812300
320.395633
320.493733
320.889400
321.349400
321.439767
321.640667
321.696067
321.857300
321.908833
321.997567
322.080400
322.133133
322.260800
322.293967
322.461067
323.932300
324.217333
324.253767
324.498267
324.566733
324.734800
324.947033
325.257600
325.269400
325.589433
325.616500
325.735700
325.784700
325.840233
326.055533
326.104167
326.214233
326.317500
326.345567
326.843867
326.991700
327.236900
327.254467
327.413367
327.505867
327.563733
327.671567
327.690633
328.030400
328.120767
328.190867
328.330500
328.564533
328.579533
328.857500
328.974600
329.433900
329.508633
329.582133
330.215833
330.681167
330.808167
330.848233
330.946900
330.979100
331.155033
331.299933
331.394600
331.449467
331.764233
331.808600
332.291533
332.893567
333.809800
333.869400
333.923867
334.185367
334.361900
334.971500
335.125367
335.188133
335.481100
335.910033
336.529267
336.579833
336.640300
336.714367
336.802167
337.048533
337.207667
337.903367
338.055600
338.061000
338.609067
338.746433
338.904367
339.074100
339.195467
339.260300
339.434733
339.733967
339.984367
340.085700
340.158367
340.424367
340.532033
340.558633
340.582367
340.685367
340.973333
341.003000
341.237567
341.281300
341.367200
341.388600
341.557967
341.847700
341.997300
342.157800
342.231000
342.279900
342.299600
342.437133
342.523667
342.728100
342.783367
342.799133
343.190667
343.215367
343.336600
343.544867
343.737100
343.772833
343.859167
343.911567
343.939533
344.045533
344.070267
344.118233
344.369167
344.543867
344.753267
345.067200
345.111933
345.200667
345.515133
345.675433
345.889800
346.031833
346.817500
346.972300
347.161633
347.559767
347.591967
347.811767
348.237833
348.351700
349.132500
349.274800
349.997567
350.580233
350.665633
350.911367
350.984133
351.039833
351.515100
351.636267
351.938400
352.104300
352.130033
352.204167
352.522067
352.603733
352.732433
352.797433
352.808033
352.971167
353.183567
353.236233
353.392867
353.455867
353.647767
353.711567
353.751300
353.801867
353.837300
353.873700
354.105967
354.232733
354.366367
354.399500
354.539900
354.699100
354.857433
355.213033
355.357067
355.396333
355.598533
355.721167
355.839300
355.843733
356.258733
356.635900
356.852000
356.952800
357.326067
357.364100
357.966100
358.086700
358.186633
358.418567
358.551433
358.782100
358.925900
359.167333
359.710000
360.059567
360.101167
360.174133
360.216633
360.237500
360.268100
360.359567
360.486033
360.621333
360.717600
360.734133
360.768300
360.818833
361.029100
361.216300
361.256667
361.410533
361.888100
362.201067
362.311500
362.433967
362.533967
363.379767
363.398700
363.647867
363.929367
364.254133
364.289433
364.352467
364.458400
364.535967
364.590433
364.835400
365.009767
365.069400
365.071367
365.209767
365.374567
365.507200
365.548033
365.584633
365.970933
365.984900
366.171167
366.325567
366.329133
366.386067
366.410233
366.469600
366.504967
366.545067
366.609700
366.690733
366.811667
366.851467
366.884533
366.952000
366.987033
367.093767
367.124400
367.151833
367.282867
367.466733
367.543633
367.630133
367.829900
367.866367
368.112067
368.185833
368.255733
368.279933
368.305500
368.602767
368.694033
368.842200
368.961867
369.396767
369.629933
370.086767
370.165900
370.327067
370.396067
371.139367
371.308000
371.385500
371.995433
372.035500
372.220867
372.722567
372.761833
372.914667
372.983033
373.155667
373.239667
373.299533
373.316233
373.480767
373.975633
374.137600
374.156100
374.367133
374.419433
374.479233
374.960367
375.240133
375.521367
375.795633
376.019133
376.045533
376.177033
376.221933
376.775767
376.800133
376.891533
376.942600
377.124467
377.236600
377.872467
378.178167
378.441967
378.654900
379.118867
379.166767
379.505433
379.697133
379.984800
379.994800
380.045167
380.058167
380.300167
380.633067
380.876567
380.886733
381.005967
381.028933
381.068833
381.234567
381.952100
382.202600
382.554033
382.856467
382.912467
383.770300
383.887833
384.462133
384.534700
385.202200
385.654300
386.356933
386.457300
386.630167
386.678267
386.807567
386.874533
387.043100
387.303500
387.418567
387.782800
387.968700
388.267700
388.454167
388.531767
388.705667
388.789800
388.797467
389.803167
389.817667
389.943667
390.283600
390.436633
390.652800
390.707633
390.866433
391.121733
391.293233
391.394667
391.885900
392.092267
392.186500
392.217733
392.273367
392.298933
392.384167
392.399733
392.518367
393.016200
393.090667
393.182000
393.218367
393.285200
393.413267
393.487133
393.836867
393.946867
394.076567
394.110100
394.483967
394.715133
395.386633
395.896400
395.973867
396.005767
396.371767
396.451467
396.663067
396.970467
397.164900
397.292367
397.793967
397.938267
398.011833
398.303800
398.390800
398.420800
398.463767
398.503667
398.820500
398.904400
398.946400
398.996267
399.020333
399.052400
399.238033
399.303900
399.400800
399.436967
399.860367
399.893367
399.958467
400.051000
400.145900
400.289967
400.331100
400.357033
400.403500
400.413500
400.472533
400.518233
400.528400
400.598333
400.635833
400.660867
400.684867
400.765233
400.859000
401.268167
401.283133
401.367867
401.385367
401.394933
401.418733
401.517933
401.654967
401.804100
401.833867
401.841367
401.882733
402.096633
402.333867
402.473400
402.496300
402.751200
402.956900
402.995733
403.130433
403.184167
403.819333
403.842600
404.833267
405.005533
405.061400
405.187433
405.486033
405.596867
405.618233
405.677367
405.714800
405.990367
406.012433
406.132633
406.196467
407.016167
407.250567
407.516333
407.647100
407.890967
407.935900
408.055800
408.555933
408.763400
408.850200
408.931100
409.016433
409.069600
409.635633
409.732833
410.226533
410.622667
410.825767
410.986933
411.191467
411.221533
411.259567
411.317633
411.552800
412.061667
412.113867
412.338367
412.366800
412.572067
412.653967
412.705600
412.970300
412.987433
413.932900
414.185500
414.229867
414.423233
414.461733
414.492167
414.802067
414.851967
415.078867
415.137233
415.517200
415.565000
415.636133
415.659133
415.852267
416.003833
416.051467
416.165300
416.656200
416.797633
416.877867
416.893367
417.153700
417.441100
417.830500
417.918433
418.190900
418.783267
419.091567
419.150033
419.200433
419.239300
419.366300
419.401467
419.657533
419.706867
419.793233
419.921100
419.928900
420.128867
420.220000
420.300533
420.304267
420.360633
420.510300
420.680833
420.692133
420.762933
420.887633
421.297100
421.449133
421.650200
421.811100
422.128167
422.539700
422.752033
423.097467
423.257267
423.266133
423.359967
423.596433
423.606833
423.677500
423.711300
425.132500
425.311600
425.399567
425.521500
425.711500
425.979767
426.463800
426.620233
427.441967
427.750033
427.842367
427.907800
427.986000
428.116033
428.262233
428.378000
428.529800
428.548567
428.629367
428.842700
429.395733
429.597467
429.718033
429.742900
430.066733
430.306300
430.319200
430.399533
430.418833
430.735867
430.797100
431.225367
431.415567
431.551733
431.596067
431.645233
431.889167
432.082433
432.172800
432.697100
432.741900
433.101967
433.405100
433.676033
434.239367
434.351000
434.542933
434.594100
434.781967
434.907500
434.934467
435.030933
435.065467
435.517467
435.576200
435.881300
435.985167
436.051500
436.389467
436.567300
436.696233
436.820300
436.937233
436.998133
437.024900
437.096067
437.123733
437.343567
437.443300
437.506033
437.560800
437.590500
437.830833
437.868333
437.907833
438.119167
438.232933
438.321200
438.559867
438.710200
438.825000
439.026367
440.346867
440.509767
440.850133
440.941467
440.999967
441.513633
441.769667
441.937667
442.204067
442.507533
442.700900
442.822567
442.870867
443.825433
443.858100
443.940000
444.196300
444.237200
444.240300
444.305367
444.757433
444.999667
445.107867
445.362433
445.404933
445.471467
445.560933
445.972600
446.011133
446.182633
446.301100
446.338800
446.552833
446.575033
446.632633
446.796167
447.045833
447.448267
447.777467
448.151367
448.270233
448.750100
448.822300
448.834867
448.915467
449.294900
449.558067
449.654833
449.664367
449.737733
449.806267
449.954400
450.109100
450.359500
450.364133
450.587067
450.794300
451.067633
451.287500
451.446200
451.619533
451.686633
451.830267
451.895800
452.536900
452.758233
453.570267
453.749467
454.092167
454.620133
454.766033
455.224933
455.442467
455.513600
455.662533
455.746767
455.778833
456.121133
457.298967
457.540900
457.806900
458.129400
458.255467
458.691267
458.731933
458.894100
459.064800
459.660933
459.901233
459.988333
460.063633
460.082233
460.140367
460.505867
460.883367
461.121033
461.269633
461.308167
461.376300
461.408367
462.366867
462.662600
462.696800
462.769900
463.158067
463.459300
463.591000
463.717000
463.740133
464.068333
464.103867
464.172967
464.336600
464.363167
464.424867
464.532667
464.783033
464.816367
464.871500
464.889633
465.019333
465.312633
465.488433
465.522633
465.938633
465.989567
466.498967
466.678333
466.977400
467.085167
467.107100
467.257867
467.488900
467.706300
468.131867
468.148567
468.171933
468.316533
468.408700
468.502367
468.596433
469.150900
469.199367
469.215033
469.296900
469.357033
469.524600
469.559800
469.595800
469.636433
469.728233
470.310300
470.813733
471.188000
471.279733
471.631500
472.579300
472.634367
472.658400
472.785267
472.951233
473.024733
473.095233
473.144600
474.195800
474.248533
474.304267
474.544867
474.649967
474.790333
474.815967
475.035433
475.069467
475.175100
475.205633
475.332567
476.351633
476.605067
477.022100
477.189600
477.468833
478.072700
478.510767
478.617067
478.661567
478.719067
478.770667
478.803933
478.840500
478.887767
479.120467
479.338867
479.476833
480.066833
480.236833
480.365600
480.436100
480.457000
480.548933
480.869700
480.912133
480.991367
481.050367
481.518067
481.629433
481.775500
481.854467
481.970933
482.184633
483.074267
483.233100
483.310300
483.522067
483.603533
483.710833
483.843233
484.024500
484.235567
484.560633
484.658933
484.730233
484.793133
484.945833
485.006533
485.166833
485.284600
486.221300
486.462833
487.127867
487.400267
487.691967
487.731000
487.854967
487.968633
488.152167
488.210867
488.236967
488.515733
488.580633
488.678067
489.224333
489.562900
489.868133
489.977633
490.023600
490.121767
491.078267
491.431233
492.011500
492.100233
492.661400
492.783133
493.726933
493.749833
493.936933
494.322367
494.400667
495.046333
495.371233
496.038867
496.441433
496.879667
496.971333
497.216967
497.401100
497.428233
497.436867
497.579133
497.668667
497.702500
497.798300
498.060200
498.111267
498.137733
498.791300
499.089300
499.626733
499.882167
500.133900
500.178133
500.201133
500.260200
500.447400
500.506900
500.580100
500.780067
500.784167
501.125967
501.179067
501.290800
502.361667
502.436533
502.483800
502.646133
503.503267
503.756067
504.082700
504.474067
504.488200
505.005633
505.101800
505.315800
505.398500
505.614933
505.669533
505.846733
505.995833
506.807367
507.401467
508.169667
508.304933
508.420700
508.487733
508.642067
509.088667
509.324633
510.027400
510.470133
510.476500
510.707933
511.208000
511.255500
511.491767
511.552633
511.719833
512.267000
512.552467
512.664500
512.726067
512.802700
512.954467
514.206267
514.293567
514.331533
514.424267
514.547800
514.603967
514.724767
514.783467
514.856200
514.935200
515.291133
515.543333
515.744767
515.803967
515.868467
516.007867
516.137067
516.204233
516.320233
516.433433
516.472833
516.531833
516.755767
517.128300
517.234867
517.425933
517.563900
517.946067
518.078167
518.373100
518.650033
518.840500
518.913833
519.006400
519.025733
520.157533
520.641467
521.354000
521.591133
521.677867
521.695833
521.952000
522.105067
522.223300
522.244367
522.516067
523.134133
523.575667
523.616833
524.233000
524.248800
524.358267
524.427033
524.679800
524.871800
525.317067
525.431267
525.508333
525.707800
526.259033
526.353567
526.422367
526.555500
526.591967
526.737867
527.106167
527.128067
527.536967
527.685100
528.276767
528.416200
528.443267
528.455667
528.501400
528.552633
528.598433
528.791633
528.892867
528.982367
529.378267
529.463900
529.564333
530.096933
530.291867
530.426800
530.798000
530.942267
531.175367
531.355667
531.388367
531.480900
531.503367
531.693367
531.878233
531.906133
532.209667
532.339367
532.474033
532.767067
533.109367
533.156133
533.198667
533.217533
533.352667
533.380267
533.488733
533.626733
534.104567
534.402467
534.525100
534.882167
534.974867
535.444700
535.582200
535.640067
535.765700
535.811233
535.834933
535.911367
536.183333
536.237433
536.610133
536.664233
537.126900
537.262867
537.697867
537.851800
537.908300
538.402067
538.654367
538.923100
539.698767
539.815867
540.109267
540.129200
540.196267
540.262133
540.416967
540.545600
540.598300
540.662333
541.035500
541.183833
541.464067
541.527667
541.597100
541.761167
541.865333
542.010767
542.446367
542.888433
543.343500
543.360100
543.397833
543.426167
543.468133
543.699967
543.814333
543.901000
544.284733
544.392067
544.434267
544.521900
544.768767
544.797600
544.988067
545.055733
545.281333
545.305500
545.557033
546.282400
546.994833
547.094933
547.160867
547.436533
547.985767
548.028400
548.101167
548.360400
548.501433
549.046033
549.551467
550.444967
550.600200
550.690233
550.781267
550.797633
550.890233
551.577733
552.580000
552.783733
553.688667
553.800667
554.455000
554.504500
554.742733
554.817767
554.888633
554.970900
555.007400
555.105333
555.275067
555.470633
555.472400
555.769333
556.537367
556.545533
556.579800
556.646367
556.893533
557.937900
558.031167
558.147133
558.185000
558.282700
558.348200
558.702900
558.892200
559.437200
559.587267
559.697700
559.746500
559.783800
560.070533
560.130400
560.391467
560.774700
560.865267
560.968867
561.223500
561.254633
561.308967
561.360033
561.402500
561.830400
561.975200
562.008600
562.082967
562.176867
562.421367
562.742967
563.092867
563.459267
564.438067
564.589933
564.678767
564.854200
564.867900
564.933767
565.032633
565.076033
565.108300
565.344300
565.351033
565.695300
565.949533
566.324933
566.402033
566.609667
566.757800
566.972400
567.007367
567.199600
567.519400
567.567400
568.008767
568.055600
568.153233
568.203167
568.870400
568.939200
569.191000
569.247067
569.351200
569.422233
569.491767
569.611167
569.868533
569.877333
569.942067
570.204400
570.311700
571.233667
571.298067
571.434767
571.483000
571.706233
572.165700
572.246167
572.283567
572.503733
572.855300
572.959200
573.117067
573.528567
573.823467
573.968567
574.167967
574.217367
574.361633
574.393933
574.538633
575.673800
575.710400
575.743600
575.901133
575.943400
576.047067
576.146433
576.347067
576.723200
576.797800
576.911800
577.055700
577.125100
577.232100
577.288667
577.535767
577.826167
578.032767
578.117933
578.221733
578.384000
578.482833
578.524767
578.753033
578.990500
579.204800
579.372767
580.117867
580.212233
580.889733
580.914667
581.553267
581.557500
581.664500
581.976533
582.183733
582.376767
582.411000
582.503067
582.541700
582.690267
582.761767
582.813333
582.835500
582.957833
582.982500
583.002367
583.465100
583.505133
583.699933
583.732633
583.941200
584.062400
584.089500
584.133133
584.226200
584.339667
584.358133
584.386133
584.478033
584.496467
584.548300
584.691833
584.720500
584.984133
585.026000
585.059700
585.061400
585.386400
585.588900
585.649700
585.925733
586.001667
586.264967
586.302900
586.563833
586.615333
586.718267
586.783933
586.853233
587.041300
587.129133
587.486767
587.515033
587.630600
587.641467
588.081833
588.117033
588.233167
588.293000
588.759967
588.935500
588.999667
589.046467
589.068500
589.487700
590.338967
590.387600
590.493733
590.722500
591.035000
591.041000
591.090800
591.141400
591.222967
591.581300
591.716933
591.959133
592.051167
592.336867
592.521200
592.618967
592.705233
593.136433
593.320767
593.459767
593.531367
593.764633
594.362000
594.438333
594.531100
594.768900
595.068600
595.094367
595.296867
595.522033
595.663900
595.926533
596.078100
596.280167
596.544867
596.985667
597.096200
597.211433
597.215267
597.323933
597.398833
597.598233
597.732867
598.073733
598.115767
598.407667
599.341700
600.116633
600.359867
600.571533
600.583367
600.865800
600.951533
601.127467
601.188067
601.325300
601.665433
601.669800
601.741767
602.280300
602.322167
602.447200
602.526433
602.928133
602.999433
603.727533
603.951000
603.991367
604.535133
604.541267
604.578700
604.712900
604.840367
605.172733
605.502400
606.205300
606.302333
606.791667
606.822667
606.857967
607.051933
607.113600
607.143467
607.275233
607.320667
607.498300
607.586433
607.705967
607.767367
609.325800
609.545933
609.718867
610.054700
610.088100
610.326233
610.469333
610.624200
610.943667
611.008800
611.148900
611.225533
611.460900
611.556200
611.845633
612.129967
612.847733
612.954767
613.529600
613.701367
613.871867
613.953933
614.193867
614.585433
614.634533
614.719433
614.961233
615.054833
615.172767
615.341167
615.588733
615.768967
615.841667
615.969967
616.006633
616.378833
616.680233
616.809000
617.079133
617.085700
617.257800
617.668167
617.761067
617.911267
618.099767
618.245100
618.254233
618.912300
618.972733
619.137367
619.372733
619.535533
619.779767
620.710733
621.078433
621.347567
621.426867
621.431733
621.457167
621.601267
621.624900
621.760300
621.912267
622.004633
622.143433
622.258400
622.593367
622.648667
622.712767
622.764833
622.794633
622.830833
622.917900
623.011833
623.223133
623.404433
623.755500
624.034200
624.255833
624.581700
624.718467
624.825533
625.382067
625.418433
625.560000
625.596933
625.767300
625.903700
626.201367
626.639400
627.094433
627.521267
627.654333
627.733100
627.800600
627.970200
628.898733
628.912633
629.024100
629.136633
629.441300
629.500933
629.775700
630.027367
631.081000
631.168600
631.325000
631.413800
631.578933
631.677567
631.852833
632.059467
632.123667
632.201767
632.219233
632.296667
632.434867
632.550633
632.702133
632.794800
632.840767
633.266067
633.578933
633.674900
633.897000
634.049667
634.051567
634.111600
634.188100
634.370100
634.429200
634.625000
634.696200
634.846967
635.015767
635.159400
635.179900
635.294967
635.337867
635.497000
635.745867
635.840700
635.879667
636.184233
636.236167
636.512433
636.544600
636.644633
636.780633
637.490667
637.528133
638.110433
638.148233
638.286267
638.496567
638.727267
638.821100
639.010033
639.355767
639.474500
639.585700
639.685467
639.747200
639.834467
639.926967
639.953333
640.126867
640.169800
640.215133
640.470700
640.499267
640.693600
640.854300
640.877367
641.364367
641.425000
641.527033
641.543700
641.633433
641.878233
641.962533
642.114167
642.140333
642.143500
642.208133
642.277567
642.324100
642.543500
642.599600
642.657100
642.758333
642.789300
643.147300
643.290767
643.355600
643.381233
643.658500
644.114533
644.282033
644.431667
644.557100
644.675600
644.813733
644.915333
644.984767
645.210767
645.627300
645.662033
645.714800
645.748600
645.825233
646.382767
646.596700
646.680533
646.777033
647.071867
647.394000
647.488467
647.802333
647.809800
648.267833
648.310833
648.502800
648.545633
648.608067
648.861267
649.079100
649.118267
649.978633
650.303567
650.366333
650.612767
651.176133
651.198600
651.745700
652.305300
652.823700
653.361767
653.689567
654.374667
654.556067
654.612733
654.754900
654.930267
655.085133
655.288500
655.552633
655.755200
656.069367
656.134167
656.196033
656.347200
656.422300
656.424733
657.080033
657.172767
657.419467
657.529433
657.556733
657.819267
657.883233
658.057600
658.577767
658.720167
658.786633
658.873367
659.644900
659.749900
659.781633
659.864033
660.014433
660.619867
660.666900
660.715167
661.159500
661.374533
661.428933
661.617200
661.669800
662.057000
662.121133
662.191233
662.452100
662.554400
662.587200
662.754867
663.178500
663.314433
663.330500
663.417633
663.977967
664.011433
664.034933
664.070700
664.528633
664.727133
665.309867
665.887867
665.891033
666.375667
666.548900
666.755767
666.928033
667.546233
667.675533
667.797600
667.819567
668.140500
668.545933
668.584533
668.594700
669.010133
669.210233
669.441100
669.569867
669.647467
669.656167
669.685333
669.934267
670.285167
670.306467
670.453067
670.953333
671.100000
671.250233
671.461933
671.486433
671.539833
671.607100
671.700867
671.737300
671.879333
671.901633
672.015167
672.123600
672.323367
672.611267
672.834933
672.881667
672.932100
673.254633
673.341567
673.656967
673.853833
674.326300
674.876933
674.957100
675.245000
675.359200
675.404733
675.497500
675.552900
675.716133
675.857100
676.205600
676.616967
676.758600
677.843967
677.981500
678.064733
678.139267
678.219233
678.395467
678.624367
679.034533
679.093900
679.446400
679.459533
679.552633
679.577333
679.693300
679.777833
679.866233
679.945133
680.091933
680.791333
680.811400
680.937267
681.356267
681.478633
681.631800
681.764267
681.826300
681.895833
681.993133
682.029033
682.107033
682.244233
682.597700
682.777333
683.000633
683.162133
683.419833
683.546133
683.591867
683.736800
683.856133
684.022100
684.070233
684.316800
684.374533
684.397833
684.457600
684.485933
684.598033
684.616333
684.690700
684.851467
684.904767
685.022667
685.094767
685.111400
685.136067
685.261733
685.437767
685.702767
685.849800
685.953267
686.070733
686.187700
686.250633
686.530800
686.749800
686.984967
687.443833
687.483633
687.592900
687.770667
687.920267
688.085500
688.255300
688.299133
688.376000
688.764667
688.787767
689.095233
689.460467
689.599800
690.022267
690.077233
690.451500
690.497467
690.647867
690.836867
690.938300
691.754267
692.452100
692.765167
693.246067
693.528267
693.760733
693.814400
693.862467
694.002167
694.128533
694.585700
694.974767
695.196033
695.247800
695.387133
695.461933
695.472667
695.544433
695.663100
695.828000
696.097133
696.250633
696.317500
696.442100
696.514667
696.704967
696.749400
696.868800
696.950200
697.009333
697.493433
697.631367
697.699300
697.870733
697.920533
698.021200
698.111800
698.325067
698.422300
698.552200
698.728167
698.744233
698.771567
698.932300
699.497800
699.738533
699.785533
699.940367
699.991733
700.124000
700.296500
700.458467
700.465700
700.601567
700.689200
700.774333
701.178400
701.711967
702.055767
702.063200
702.096333
702.121300
702.310267
702.541533
702.693033
702.748233
703.031433
703.148033
703.152667
703.303000
703.403733
704.107600
704.286100
704.621567
704.661133
705.603033
706.000067
706.270233
706.323333
706.449000
706.468133
706.517533
706.741067
706.973100
707.262567
707.359000
707.556467
707.807367
707.847933
707.904733
707.981533
708.001400
708.355400
708.463667
708.543967
709.159133
709.806800
709.910500
709.924633
709.983300
710.084867
710.573233
711.453333
712.126067
712.354167
712.931100
713.057600
713.120500
713.469500
713.636800
713.720967
713.835533
713.910633
714.320100
714.346467
714.418533
714.749533
714.964367
715.094500
715.572767
715.788367
716.093033
716.227333
716.264067
716.472000
716.952767
717.053700
717.193533
717.760433
717.791133
717.839300
717.949400
718.041000
718.407967
718.735767
718.788333
719.005367
719.240700
719.349733
719.401000
719.443167
719.735933
719.843367
719.958900
720.057033
720.419667
720.427867
720.462967
720.684500
720.721500
720.774567
720.825700
721.032533
721.214633
721.326500
721.823933
721.981300
722.036467
722.199733
722.297267
722.472100
722.655067
723.043300
723.089200
723.122667
723.703433
723.759533
723.813133
723.907600
724.770767
724.796367
725.169967
725.256900
725.492433
725.805400
726.471133
726.631100
726.751567
726.761867
726.852033
726.963867
727.039833
727.236800
727.351800
728.065767
728.139967
728.364233
728.632733
728.661667
729.485600
729.531600
729.778767
730.071067
730.272800
730.387633
730.472133
730.532367
731.257467
731.381933
731.441733
731.473667
731.527800
731.651867
731.792300
731.839167
731.946033
732.131100
732.152200
732.306367
732.471000
732.527900
732.727800
732.837767
732.902500
733.230600
733.447833
733.610167
733.643133
733.783400
733.873233
734.030133
734.078733
734.129367
734.262200
734.836133
734.901800
735.435467
735.590700
735.958433
735.966667
736.053033
736.902833
737.040767
737.101633
737.159533
737.369800
737.635300
737.715167
737.886067
738.003333
738.013167
738.247267
738.286467
738.376733
738.837200
739.022600
739.075967
739.559033
740.166967
740.611833
740.760867
741.177967
741.279167
741.627500
741.899500
742.081267
742.430133
742.821867
742.855933
743.125200
743.486867
743.573833
743.656200
743.876833
744.105367
744.119867
744.355333
745.164400
745.512000
745.643733
746.631433
746.935233
747.055633
747.107767
747.221700
747.234100
747.297033
747.333200
747.574200
747.810567
747.990033
748.046467
748.995933
749.412367
749.549033
749.747900
750.082100
750.116700
750.168733
750.417167
750.698333
750.855167
750.943867
750.946933
751.100233
751.751533
751.883900
752.039233
752.766567
752.917233
753.002300
753.130000
753.292467
753.345867
753.388333
753.516900
753.841133
753.992667
754.170367
754.219900
754.281767
754.456533
754.621500
754.760367
754.890567
754.977433
755.381767
755.671100
755.702800
756.085300
756.282500
756.449033
756.469733
756.596600
756.634767
756.704000
756.882433
757.064400
757.140567
757.343800
757.419633
757.767500
757.820667
757.883133
757.969100
758.191267
758.269500
758.710067
758.838700
758.874300
758.925367
758.944333
759.434067
759.450233
759.689867
760.023633
760.220600
760.331300
760.448933
760.505733
760.721567
760.816400
761.248667
761.608200
761.659600
762.019433
762.119867
762.210900
762.233967
762.409467
762.487200
763.124533
763.442567
763.602267
763.770600
763.824133
763.972433
764.065767
764.273867
764.613167
764.657967
765.086433
765.388833
765.852933
765.884267
766.079333
766.526300
766.567800
766.615867
767.399200
767.803467
767.822733
767.854533
768.089200
768.534133
768.938933
769.486733
769.579600
769.627267
769.793933
770.205533
770.248700
770.296133
770.452833
770.544267
770.697967
770.738233
770.823333
771.025400
771.132200
771.304067
771.413000
771.633700
771.750300
771.858067
771.893633
772.125967
772.127733
772.189233
772.192433
772.234000
772.280767
772.673100
772.991267
773.056533
773.617467
773.677067
773.711867
774.020867
774.545133
775.083933
775.343367
775.733267
775.799633
775.839600
776.013967
776.464200
777.278833
777.375633
777.395267
777.551300
777.653533
777.835067
777.998167
778.385633
778.493800
778.571300
778.723900
779.047633
779.877100
779.940600
779.965733
780.111500
780.220500
780.254400
780.605900
780.642500
780.670233
780.923100
780.997800
781.131267
781.325633
781.477133
781.516700
781.619433
782.037767
782.096733
782.271633
782.687967
783.081467
783.318567
783.464267
783.631567
783.818667
783.935533
784.082300
784.420433
784.945467
785.177167
785.370967
785.633067
785.975033
786.149400
786.804000
786.827567
786.876833
786.964067
786.996433
787.294033
787.321667
787.617433
787.732700
787.768533
787.807800
787.973900
788.197400
788.622967
788.742800
788.940867
789.078633
789.164867
789.344867
789.391367
790.019100
790.479267
790.549167
790.624500
790.717533
790.756233
790.889400
791.121733
791.929733
792.089667
792.667767
792.672833
792.749700
793.013100
793.126767
793.267733
793.353667
793.467833
793.567233
793.718233
793.891967
793.941567
794.020567
794.476200
794.755867
794.861200
794.988300
795.026400
795.067400
795.101800
795.125233
795.199300
795.206767
795.387533
795.570500
795.597533
796.134567
796.397033
796.500667
796.696567
796.757167
796.994600
797.046433
797.104033
797.423867
797.740400
797.951233
797.979733
798.233900
798.411900
798.427567
798.711167
798.774167
798.948800
799.046500
799.257833
799.284567
799.383233
799.492133
800.141933
800.175300
800.433067
800.470067
800.648167
800.781300
800.923800
801.023667
801.093900
801.413533
801.632633
801.820433
802.080800
802.089500
802.222633
802.351433
802.440867
802.496533
802.957833
802.997067
803.232033
803.686467
803.814367
804.313067
804.889333
805.021667
805.147300
805.447667
805.683300
805.746200
805.832767
805.878200
805.907033
806.122233
806.577833
806.711967
806.752633
807.054867
807.142833
807.150567
807.173467
807.612433
807.824033
808.768767
808.809867
808.887233
809.268233
809.552933
809.649033
809.736767
809.768633
809.886367
810.082200
810.099833
810.442600
810.842033
811.133333
811.535967
811.572300
811.627633
812.257500
812.329133
812.424900
812.468967
813.065767
813.387767
813.530400
813.821600
813.855533
813.962500
813.990233
814.256633
814.291667
814.607267
814.647367
814.791167
815.012633
815.138733
815.175033
815.447500
815.491067
815.949533
816.036200
816.085533
816.215700
816.289567
816.582633
816.602367
816.647467
816.663767
816.783900
816.986667
817.014200
817.128767
817.230233
817.248767
817.415600
817.690833
817.871467
819.108733
819.280800
819.357267
819.407233
819.608267
819.781267
820.211733
820.449900
820.744267
821.344867
821.462733
821.741933
821.855800
821.911900
822.000900
822.068367
822.557300
822.750700
822.914967
823.031767
823.225167
823.283767
823.445467
823.529600
824.004300
824.015933
824.974833
825.437300
825.700100
826.130467
826.181167
826.269967
826.305100
826.391333
826.794067
826.949767
827.009433
827.224500
827.476800
827.849867
827.882633
827.933300
828.003100
828.217400
829.074500
829.311300
830.171367
830.614100
830.752067
830.867033
830.959333
831.101167
831.474167
831.599533
831.856100
832.116300
832.455067
832.583000
832.666633
833.226967
833.287400
833.574233
833.628367
833.864433
834.006133
834.129233
834.400933
834.670033
834.936667
835.398533
835.664800
835.779800
835.877800
835.963367
836.023133
836.083633
836.085733
836.193000
836.443567
836.546667
836.650300
836.685700
836.754167
836.829633
837.188067
837.825967
838.003567
838.246933
838.581533
838.979100
839.090900
839.625033
839.786300
839.843667
839.910267
840.164533
840.316333
840.617767
841.102533
841.298700
841.579400
841.885600
841.921033
841.955300
842.001667
842.225033
842.442267
842.446733
842.478000
842.593900
842.666267
842.731800
842.752700
842.768700
842.818833
842.897667
843.049000
843.441167
843.589233
843.611800
843.863000
844.017600
844.109633
844.141933
844.224000
844.495200
844.570033
844.657933
844.752800
845.164633
845.173767
845.316367
845.364667
845.412933
845.791233
845.888867
845.927567
846.020133
846.142133
846.373267
847.593167
847.907833
848.392867
848.454533
849.056633
849.183167
849.220033
849.323667
849.329733
849.646500
849.736933
850.049433
850.336033
850.803200
850.829367
851.053067
851.786200
851.887667
851.994967
852.065800
852.105767
852.288667
852.446133
852.748367
852.925767
852.981900
853.154900
853.320867
853.371367
853.464000
853.822267
855.472533
855.520867
856.247467
856.271300
856.791633
857.066033
857.649900
858.133600
858.390533
858.557133
858.621367
858.781367
858.901967
859.109000
859.201767
859.443767
859.506967
859.785233
859.815333
859.859267
859.882900
859.980033
860.068233
860.213000
860.469833
860.528900
860.766067
860.910167
860.991433
861.212800
861.346100
861.830633
861.835200
862.668167
862.768667
863.198667
863.454133
863.642433
863.679700
863.714700
863.895500
863.982100
864.024233
864.300300
864.390100
864.634800
864.850767
864.885600
864.995633
865.096967
865.817433
865.901833
865.968667
866.011633
866.355833
867.311800
868.328633
868.428700
868.518067
868.603167
868.720500
868.847800
869.007967
869.163167
869.229367
869.534500
869.580233
869.583933
869.616700
869.638267
870.008333
870.179467
870.912967
871.033500
871.184733
871.260267
871.280333
871.830933
871.927400
871.962033
871.979100
872.128000
872.166967
872.320767
872.569367
872.599033
872.688367
872.891800
873.088600
873.155567
874.019700
874.315967
874.430400
874.702633
874.949267
875.073100
875.158000
875.395133
876.296933
876.349433
876.357867
876.908133
877.281700
877.692433
877.999767
878.188300
878.472067
878.752167
879.008433
879.058633
879.115200
879.155467
879.224167
879.269100
879.410567
879.570267
879.622367
879.709500
880.070233
880.136167
880.177067
880.226833
880.310400
880.379967
880.430500
880.509867
880.704900
880.993300
881.221833
881.588633
881.718433
881.756733
882.003300
882.183067
882.308500
882.514467
883.162200
883.921567
884.010200
884.213433
884.285267
884.701967
884.867467
884.914533
884.951367
884.984767
885.235400
885.311067
885.521933
885.793333
885.824133
886.103267
886.141667
886.212867
886.267900
886.480300
886.530867
886.633200
886.904167
886.933933
887.043033
887.156267
887.195533
887.415700
887.445333
887.475067
887.530433
887.640633
887.716000
887.775133
887.807233
887.891267
887.979633
887.989200
888.052967
888.196833
888.202933
888.275500
888.706300
888.810867
888.842567
888.857567
888.912367
889.136800
889.426000
889.565033
889.609967
890.157967
890.310967
890.373167
890.759800
890.919233
890.945867
891.009133
891.112633
891.332300
891.702467
891.799400
891.812767
892.303000
892.377733
892.682600
893.709767
894.035200
894.446167
894.751067
894.769200
895.717933
895.819533
896.257767
896.769833
897.167533
897.277733
897.784367
897.893767
897.915067
898.082000
898.257800
898.378467
898.516133
898.613567
898.810700
899.212567
899.293267
899.407367
899.445800
899.573933
900.008800
900.197400
900.229200
900.645033
900.733700
900.757100
901.009467
901.049600
901.232500
901.374867
901.457267
901.517000
901.547967
901.682633
901.701867
902.008533
902.453800
902.633400
902.766233
902.915800
902.974400
903.042600
903.099467
903.373833
903.570300
903.879433
904.051567
904.118633
904.328900
904.358633
904.916500
905.215233
905.726433
905.812067
905.857233
905.914133
906.018300
906.119200
906.350500
906.410567
906.483300
906.534600
906.571000
906.642267
906.761667
906.984867
907.034567
907.093833
907.316833
907.658500
908.095700
908.142133
908.442900
908.490767
908.522267
908.999733
909.108267
909.265400
909.819867
910.010233
910.126733
910.183667
910.319033
910.392267
910.540333
910.552667
910.699700
911.402833
911.622767
912.449833
912.668267
912.675367
912.729467
912.760367
912.848733
913.044900
913.186233
913.233767
913.257400
913.371333
913.551167
913.699100
914.347567
914.413100
914.475233
914.518400
914.558367
914.610200
914.661300
914.767100
914.800633
914.991600
915.352300
915.363400
915.500500
916.313233
916.418800
916.531967
916.567900
916.635000
916.690567
916.743100
917.133533
917.138800
917.187433
917.329267
917.381433
917.802967
917.804733
918.049867
918.442500
918.519467
918.575033
918.613233
919.645967
919.895267
920.108167
920.744767
920.849600
920.880933
920.949833
921.035800
921.204200
921.327900
921.493333
921.569300
921.634233
921.746367
921.758767
921.784500
922.415467
922.812400
922.906233
922.946033
922.972767
923.099200
923.661567
924.096833
924.366667
924.754567
924.862867
924.931667
925.416533
925.508633
925.561333
925.569733
925.665667
925.745367
925.917700
925.963767
926.026933
926.056367
926.217100
926.293800
926.478100
926.808833
926.952133
927.411033
927.594500
927.658567
927.663200
927.834633
928.539400
928.576967
928.718500
929.127700
929.371867
930.214333
930.657533
930.813367
930.840533
931.127767
931.145533
931.165667
931.372833
931.762733
931.829667
932.090400
932.215933
932.419233
932.517900
933.017967
933.148567
933.264700
933.685833
934.070000
934.129367
934.249200
934.324667
934.889567
935.234533
935.392300
935.643200
936.691267
936.730633
936.760467
936.899000
937.453067
937.811400
937.917300
937.995267
938.088267
938.211667
938.247233
938.302700
938.424233
938.599067
938.839367
938.891433
939.093033
939.408300
940.293767
940.547033
941.103667
941.245367
941.525967
941.845000
942.379633
942.577500
942.641567
942.688767
943.017133
943.346467
943.580633
943.703267
943.759667
943.874667
944.386067
944.494000
944.599733
944.720500
944.744900
944.769667
944.911767
944.929800
945.036467
945.762333
945.874900
946.415833
946.434133
946.612867
946.667767
946.814700
946.980067
946.990933
947.124167
947.323900
947.867567
947.888000
948.151467
948.205067
948.262200
948.303800
948.378500
948.431067
948.600367
948.813333
949.022000
949.051067
949.192433
949.356167
949.399933
949.583767
949.686100
949.786300
949.970267
950.260367
950.635733
950.786200
950.842333
951.154433
951.895600
952.782000
953.121300
953.181667
953.423433
953.489200
953.535600
953.539333
953.629233
953.797933
953.831433
953.835333
953.864500
954.698167
954.719433
954.936200
955.060333
955.085867
955.161867
955.496733
956.118500
956.144833
956.154767
956.483900
956.503533
956.847533
956.907167
956.928033
956.990233
957.134300
957.196767
957.264600
957.475133
957.968900
958.003867
958.061367
958.147700
958.189967
958.282667
958.318733
958.396300
958.536100
959.030700
959.107467
959.574567
959.877133
959.942133
960.078267
960.728067
960.827733
961.010533
961.183200
961.342200
961.510533
961.518633
961.652533
961.830033
962.013200
962.077800
962.104733
962.264433
962.927533
963.025967
963.079233
963.273633
963.939400
964.287333
964.290933
964.395467
964.470167
964.555067
964.623567
965.038600
965.096033
965.126167
965.259900
965.454367
965.625900
965.783333
965.852100
965.857867
966.076900
966.295667
966.867667
966.994533
967.142433
967.494500
967.740833
967.899433
968.017633
968.200833
968.443000
968.719533
969.029433
969.411567
969.549233
969.668933
969.975900
970.030533
970.058767
970.083000
970.205700
970.267400
970.361967
970.435700
970.526167
970.777267
970.994933
971.162800
971.193533
971.260400
971.315633
971.498567
971.607433
971.654067
971.836067
972.284300
972.597567
972.782167
973.221800
973.311500
973.398067
973.442767
973.479267
973.576767
973.801933
973.957567
974.249067
974.411767
974.417800
974.438033
974.528100
974.668200
974.974500
975.189500
975.217167
975.331700
975.662533
976.039833
976.355833
976.759933
976.946600
977.104833
977.294567
977.468733
977.518367
977.559800
977.735533
977.747867
977.828867
977.975633
978.195033
978.580367
978.653400
978.874000
979.207233
979.235467
979.467600
979.481767
979.660033
979.737267
979.790500
980.014467
980.248600
980.615767
980.708600
980.825833
980.976400
981.500067
981.670167
981.738200
982.242733
982.295700
982.480233
982.662933
982.850033
982.941067
983.049067
983.208700
983.495167
983.602133
984.104267
984.237233
984.605267
984.647467
984.708467
984.942300
985.156133
985.236133
985.271700
985.864833
986.113900
986.435867
986.871833
987.135767
987.173700
987.175300
987.505400
987.894800
988.081333
988.492000
988.574933
988.823033
989.002433
989.840933
990.125833
990.467400
990.531967
990.748767
990.888467
990.904967
990.945000
990.968333
991.327000
991.343700
991.362867
991.540333
991.557400
991.744800
992.011933
992.047933
992.061133
993.034000
993.123533
993.151700
993.157767
993.218300
993.508033
993.715967
993.772433
993.808567
994.288933
994.435067
994.671300
994.688767
994.714767
994.745200
994.903833
995.148567
995.382200
995.466900
995.553233
995.825600
995.955433
995.963033
995.990967
996.056500
996.248567
996.316967
996.386933
996.931467
997.126700
997.314800
997.454033
997.577667
997.959600
998.046933
999.009200
999.117000
999.631267
1000.203600
1000.321000
1000.475000
1000.781933
1000.820367
1000.860333
1000.894967
1000.966067
1001.023000
1001.170467
1001.314367
1001.464733
1001.583533
1001.897600
1001.961800
1002.009200
1002.195700
1002.372333
1002.687533
1002.888933
1003.075667
1003.764433
1003.826700
1003.850300
1004.924967
1005.136200
1005.324633
1005.779333
1005.790567
1005.950567
1006.098667
1006.286767
1006.327800
1006.593833
1007.292800
1007.631033
1007.749233
1008.364700
1008.433300
1008.647600
1008.719867
1008.871300
1009.098467
1009.139767
1009.251900
1009.302000
1009.390833
1009.464533
1009.496067
1009.566967
1009.588533
1009.644633
1009.745067
1009.792300
1009.998633
1010.400733
1010.493967
1010.637733
1011.025067
1011.078367
1011.115333
1011.209800
1011.265033
1011.508633
1011.551067
1011.593700
1011.615600
1011.817933
1011.877800
1012.023200
1012.508633
1012.553833
1012.580767
1013.552100
1013.616967
1013.712700
1013.842967
1014.079567
1014.426100
1014.524400
1014.700033
1014.792500
1014.941067
1015.156500
1015.356833
1015.811067
1015.857300
1016.175100
1016.276967
1016.540100
1016.841800
1016.933467
1017.031567
1017.518767
1017.580867
1017.645367
1018.316800
1018.402300
1018.456300
1018.651400
1018.697933
1018.918800
1019.218400
1019.343400
1019.371900
1019.591233
1019.635433
1020.089200
1020.318567
1020.944900
1021.191433
1021.286900
1021.675600
1021.884867
1021.975533
1022.160733
1022.635100
1022.923300
1023.834367
1023.889233
1024.062933
1024.110633
1024.215200
1024.248233
1024.508533
1024.584467
1024.634100
1024.817967
1025.109433
1025.464733
1025.658233
1026.570800
1026.582133
1026.709700
1026.752367
1026.757533
1027.025167
1027.110467
1027.553067
1027.769467
1028.102000
1028.343233
1029.150967
1029.268867
1029.335033
1029.752900
1029.808767
1029.842767
1030.057833
1030.278667
1030.426600
1030.541600
1030.573233
1030.673600
1030.729900
1030.890700
1030.924667
1030.987067
1031.445133
1031.620633
1031.689300
1031.800600
1032.042633
1032.076833
1032.202933
1032.231467
1032.491500
1032.630667
1032.688033
1032.922900
1032.962800
1032.984933
1033.563533
1033.695667
1033.741900
1033.751033
1033.780700
1034.164767
1034.341967
1034.717967
1034.822800
1034.889267
1035.040467
1035.779867
1035.824133
1035.900933
1036.250933
1036.353933
1036.404233
1036.419333
1036.583333
1036.728667
1036.735533
1036.806767
1036.868633
1037.009933
1037.143400
1037.327067
1037.331167
1037.395767
1037.497700
1037.632100
1037.801233
1037.988467
1038.230500
1038.295500
1038.375233
1038.424733
1038.531533
1038.755900
1038.789767
1039.268633
1039.321700
1039.349167
1039.440467
1039.545100
1040.009067
1040.545733
1040.868300
1040.905467
1041.011833
1041.032500
1041.337500
1041.490333
1042.028700
1042.140233
1042.757467
1042.823767
1043.008633
1043.020233
1043.352267
1043.509500
1043.636767
1043.639367
1045.308133
1045.370400
1045.491367
1045.865467
1046.042700
1046.132167
1046.446633
1046.711100
1046.845767
1046.897267
1046.986767
1047.178267
1047.376100
1047.711100
1047.831100
1048.117000
1048.135300
1048.161867
1048.413333
1049.262200
1049.340667
1049.362767
1049.634200
1050.188333
1050.617867
1050.741333
1050.795867
1050.973633
1051.069033
1051.155200
1051.185467
1051.493800
1051.528367
1052.117367
1052.161233
1052.319533
1052.421667
1052.552900
1052.691467
1052.978633
1053.121767
1053.292900
1053.498967
1053.786933
1054.028767
1054.577367
1054.944367
1054.982967
1055.518733
1055.721800
1055.786967
1056.117967
1056.549067
1056.737100
1057.186633
1057.216700
1057.320733
1057.350033
1057.371767
1057.497367
1057.801633
1057.853900
1057.936633
1058.163567
1058.317067
1058.368267
1058.627433
1058.696267
1058.820067
1058.884400
1059.218200
1059.431533
1059.495033
1059.632767
1060.088867
1060.345433
1060.813600
1061.133300
1062.021233
1062.191367
1062.202233
1062.355000
1062.425067
1062.471267
1062.494333
1062.576067
1062.731733
1062.890633
1062.913967
1063.391200
1063.421967
1064.436133
1065.102433
1065.361067
1065.498933
1065.510667
1065.559833
1066.252367
1066.363867
1066.771400
1066.857233
1067.017900
1067.702600
1068.055667
1068.060200
1068.310133
1068.419833
1068.886367
1069.104933
1069.187033
1069.320800
1069.347200
1069.386267
1069.392033
1069.494367
1069.507333
1069.628800
1069.693000
1069.835500
1070.009900
1070.580967
1070.703400
1070.754600
1070.967900
1070.982067
1071.178567
1071.484600
1071.565833
1071.786467
1071.809867
1071.875267
1071.886600
1072.007200
1072.160600
1072.200933
1072.558933
1072.598100
1072.866433
1073.009467
1073.097767
1073.211800
1073.478167
1073.695000
1074.301600
1074.597533
1074.678333
1074.773233
1075.044533
1075.048000
1075.314333
1075.397467
1075.476000
1075.567867
1075.802833
1075.847133
1076.164400
1076.403933
1076.455533
1076.609100
1076.788433
1077.873700
1078.165700
1078.268267
1078.457400
1078.666233
1078.728733
1078.795100
1079.061867
1079.313100
1079.382000
1079.462500
1079.519100
1079.704933
1079.798733
1080.068200
1080.209700
1080.551633
1080.903400
1081.007133
1081.092767
1081.231767
1081.481900
1081.809400
1082.034367
1082.084367
1082.106433
1082.210933
1082.253767
1082.287467
1082.710333
1082.780700
1083.339433
1083.492500
1083.527733
1083.772467
1083.798533
1083.880100
1084.179233
1084.355467
1084.760400
1084.796600
1084.932833
1084.981000
1085.029433
1085.333567
1085.841033
1086.068000
1086.137100
1086.213167
1087.451967
1088.406867
1088.435300
1088.807800
1089.399367
1089.423300
1089.472767
1089.513867
1089.690433
1089.747133
1089.893233
1090.317167
1091.236033
1091.308900
1091.373533
1091.508600
1091.638033
1091.663500
1092.003867
1092.027600
1092.078500
1092.155500
1092.201867
1092.413600
1092.949567
1093.031133
1093.121533
1093.155700
1093.417333
1093.623733
1093.752133
1093.834200
1093.910367
1094.148767
1094.198033
1094.236167
1094.395233
1094.720033
1094.935967
1095.222633
1095.412533
1096.254000
1096.897900
1097.700633
1098.002700
1098.206733
1098.246333
1098.285433
1098.489800
1098.750600
1098.829267
1098.994233
1099.055833
1099.071400
1099.203600
1099.253600
1099.691667
1099.809133
1099.959233
1100.012833
1101.056033
1101.198633
1101.530600
1101.715400
1101.880167
1102.099833
1102.214233
1102.300967
1102.353633
1102.382400
1102.403100
1102.710500
1102.775667
1102.873800
1103.179700
1103.256467
1103.260200
1103.370933
1103.421500
1104.001667
1104.484233
1104.700733
1104.807633
1104.975000
1105.016800
1107.084500
1107.505633
1108.194467
1108.201567
1108.205800
1108.699567
1108.737867
1108.922200
1108.972467
1109.358733
1109.819067
1109.990533
1110.468867
1110.501800
1110.562900
1110.600600
1110.865500
1111.188100
1111.362833
1111.470567
1111.570167
1111.604333
1111.952900
1112.346500
1112.466933
1112.493800
1112.726967
1112.799867
1112.814433
1112.896033
1112.914600
1112.985033
1113.190833
1113.277267
1113.357533
1113.550667
1113.833167
1114.243667
1114.260133
1114.342533
1114.631500
1115.533767
1116.012700
1116.038733
1116.119800
1116.454133
1116.745200
1116.920933
1117.264967
1117.411333
1117.727533
1117.934233
1117.962233
1118.080800
1118.151933
1118.274900
1118.366067
1118.418367
1118.507400
1118.767867
1118.784933
1119.060967
1119.547167
1119.595033
1120.000900
1120.231800
1120.896900
1121.150367
1121.344400
1121.390000
1121.511767
1121.689767
1122.313633
1122.442800
1122.469867
1122.509933
1122.562367
1122.738133
1122.963933
1123.014367
1123.161167
1124.057000
1124.205500
1124.295067
1124.391267
1124.492100
1124.772467
1125.056433
1125.199000
1125.205933
1125.300533
1125.551333
1125.754433
1125.800167
1125.938467
1126.089933
1126.495133
1126.663533
1127.167533
1127.271233
1127.328767
1128.086100
1128.134400
1128.170033
1128.361333
1128.421667
1128.667733
1128.942533
1129.177867
1129.386933
1129.623200
1129.649000
1129.986267
1130.031900
1130.320367
1130.358533
1130.376233
1130.440500
1130.758367
1131.040033
1131.069433
1131.201667
1131.624700
1131.686133
1132.585900
1132.652500
1132.999533
1133.176400
1133.223267
1133.441100
1133.545333
1133.656700
1133.713767
1133.882067
1134.090033
1134.168733
1134.209033
1134.535800
1134.833733
1135.027533
1135.291133
1135.571067
1135.598933
1135.872267
1135.894800
1135.958733
1136.059600
1136.379333
1136.486067
1136.742900
1136.886800
1136.914500
1136.990400
1137.179333
1137.523967
1137.934467
1138.072400
1138.614700
1138.770233
1138.821333
1139.218533
1139.360033
1139.424933
1139.554367
1139.619533
1139.901500
1140.229200
1140.341533
1141.053067
1141.372667
1141.452333
1141.469233
1141.667667
1141.742100
1141.818933
1141.887133
1141.919733
1142.152267
1142.212600
1142.406900
1142.576667
1142.648733
1142.668400
1143.048867
1143.068867
1143.117333
1143.652700
1143.702367
1143.961467
1144.016600
1144.107133
1144.213000
1144.390500
1144.433467
1144.486433
1144.664633
1144.707533
1144.904467
1145.057300
1146.258567
1146.260267
1146.507767
1146.823833
1146.867500
1146.993100
1147.150833
1147.164000
1147.384967
1147.465767
1147.646333
1147.869000
1147.923967
1148.209567
1148.250433
1148.447233
1148.611767
1148.656500
1148.820833
1149.077900
1149.208033
1149.210500
1149.467400
1149.632333
1149.662933
1149.854900
1150.116767
1150.157367
1150.238233
1150.784933
1150.881533
1151.221700
1151.313667
1151.525700
1151.789233
1152.167533
1152.417933
1152.837433
1152.976200
1153.241867
1153.392600
1153.597400
1153.806267
1153.873900
1154.357700
1154.455600
1154.603333
1154.691833
1154.933467
1155.123767
1155.183467
1155.324400
1156.032233
1156.093267
1156.142567
1156.272100
1156.312400
1156.440367
1156.632900
1156.646933
1156.686833
1156.726733
1156.807500
1156.898633
1157.422667
1157.724667
1157.892100
1158.000267
1158.094033
1158.199367
1158.295500
1158.409667
1158.692300
1158.722933
1158.867600
1159.069967
1159.220533
1159.315067
1159.346733
1159.446933
1159.494300
1159.546600
1159.582033
1159.805167
1159.915200
1160.178067
1160.221400
1160.266467
1160.271500
1160.492467
1160.526067
1160.697867
1160.848567
1160.897133
1160.970033
1161.019700
1161.126233
1161.377567
1161.403333
1162.218867
1162.351967
1163.026200
1163.156700
1163.354667
1163.371733
1163.469933
1163.532333
1163.740900
1163.878967
1163.951400
1164.098733
1164.332567
1164.532367
1164.607800
1164.971700
1165.155133
1165.355567
1165.434567
1165.487600
1165.689133
1166.028033
1166.344633
1166.597833
1166.730133
1167.141967
1167.422333
1168.180333
1168.551133
1168.972900
1169.008833
1169.182067
1169.212667
1169.344633
1170.070400
1170.173300
1170.247267
1170.543267
1170.595800
1170.664467
1170.853033
1170.969700
1170.983400
1171.015800
1171.118233
1172.031500
1172.117233
1172.377333
1172.446833
1172.502067
1172.590700
1172.930533
1173.493000
1173.673000
1174.035433
1174.179600
1174.187333
1174.223033
1174.433833
1174.475667
1174.901633
1175.295400
1175.340733
1175.734900
1175.854267
1175.897933
1176.468000
1176.547900
1177.071467
1177.081633
1177.280200
1177.445133
1177.685300
1177.736367
1177.973933
1178.146900
1178.223933
1178.329567
1178.375467
1178.518833
1178.588267
1178.731733
1178.772933
1178.860167
1178.920500
1179.051667
1179.374800
1179.450133
1179.571667
1180.091533
1181.110433
1181.253833
1181.309367
1181.364633
1181.458300
1181.512033
1182.074600
1182.208867
1182.249700
1182.269767
1182.347467
1182.768333
1182.893367
1183.230567
1183.546367
1183.928900
1184.025900
1184.196133
1184.303567
1184.928633
1185.151767
1185.165967
1185.219400
1185.381400
1185.574600
1185.601333
1185.702000
1185.823933
1185.887100
1186.337000
1186.370200
1186.417867
1186.535267
1186.659600
1186.854333
1186.935367
1186.972267
1187.831267
1187.946567
1188.009500
1188.051133
1188.189767
1188.551067
1188.938500
1189.040833
1189.101933
1189.160967
1189.210400
1189.251433
1189.331100
1189.558533
1189.631600
1189.944833
1190.050233
1190.065833
1190.116400
1190.180467
1190.241633
1190.281800
1190.343633
1190.925467
1191.004800
1191.087533
1191.324867
1191.572633
1191.654133
1191.994933
1192.048000
1192.721900
1193.144833
1193.624433
1193.678133
1193.682267
1194.145167
1194.243167
1194.365700
1194.725567
1194.745967
1195.232533
1195.537800
1195.778000
1195.889133
1195.956333
1196.094567
1196.146667
1196.695867
1196.862967
1196.947600
1197.110900
1197.172167
1197.179633
1197.329100
1197.680067
1197.794067
1197.885167
1197.937700
1198.067067
1198.148233
1198.205767
1198.370200
1198.385033
1198.455200
1198.550833
1198.873600
1199.178400
1199.209367
1199.265267
1199.296433
1199.569400
1199.626100
1199.698467
1199.784033
1199.856567
1200.210267
1200.316867
1200.447867
1200.956200
1201.337867
1201.674767
1201.813833
1201.858667
1201.886800
1202.364200
1202.783133
1202.840400
1202.889933
1203.003233
1203.100067
1203.154133
1203.248467
1203.340933
1203.434300
1203.723733
1203.913667
1204.032067
1204.399067
1204.505067
1204.617033
1205.743433
1206.071433
1206.170900
1206.416333
1206.453633
1207.490833
1207.522000
1207.525100
1207.719167
1207.801300
1207.966933
1208.049000
1208.277333
1208.346367
1208.420467
1208.531767
1208.583233
1208.862233
1209.084700
1209.180900
1209.325200
1209.471500
1209.704300
1210.219767
1210.580267
1210.859133
1211.875333
1211.985833
1212.049267
1212.091833
1212.229167
1212.295933
1212.301967
1212.698300
1212.886867
1213.032033
1213.077233
1213.140633
1213.282333
1213.317367
1213.421267
1213.437667
1213.772867
1213.780733
1214.007967
1214.427333
1214.928933
1215.200333
1215.227233
1216.350200
1216.863467
1218.407800
1218.478667
1218.642667
1218.685600
1218.846333
1219.359033
1219.855600
1219.914667
1220.028800
1220.085867
1220.126333
1220.225733
1220.261600
1220.333067
1220.357900
1220.620567
1220.736400
1220.789900
1220.802733
1221.054133
1221.443033
1221.776000
1221.817933
1222.806700
1222.971067
1223.069633
1223.131267
1223.238933
1223.354033
1223.519300
1223.883100
1223.949433
1224.063400
1224.300333
1224.375333
1224.658333
1224.896700
1224.991933
1225.115933
1225.161833
1225.316233
1225.452000
1225.492367
1226.225733
1226.237633
1226.501367
1226.594967
1226.681567
1226.794233
1226.954467
1227.289933
1227.406533
1227.422400
1227.743100
1227.787967
1227.812067
1227.848900
1227.946567
1228.055767
1228.224433
1228.263533
1228.426767
1228.540800
1228.661800
1228.820067
1228.841867
1229.180533
1229.317800
1229.339200
1229.539033
1230.177467
1230.191267
1230.223300
1230.255633
1230.342567
1230.344400
1230.373067
1230.518167
1230.607400
1230.610967
1230.756600
1230.800967
1230.812567
1231.480967
1231.835433
1231.978733
1232.147800
1232.268433
1232.945567
1233.028867
1233.036500
1233.108133
1233.180900
1233.235600
1233.466100
1233.830333
1233.890000
1234.125267
1234.173833
1234.371900
1234.555500
1234.699967
1234.932000
1235.210100
1235.381733
1236.692967
1237.452433
1237.498333
1237.515633
1237.557767
1237.707267
1237.740200
1237.923333
1238.066900
1238.168133
1238.202000
1238.311367
1238.455300
1238.598767
1238.782733
1238.819333
1238.982733
1239.068767
1239.132433
1239.290533
1239.330500
1239.396267
1239.427600
1239.544000
1239.610333
1239.894267
1240.717733
1241.056933
1241.107400
1241.270833
1241.619233
1241.704433
1242.268300
1242.305433
1242.812567
1243.033967
1243.191400
1243.231100
1243.362133
1243.736333
1243.765933
1243.826900
1243.992567
1244.075900
1244.257967
1244.264200
1244.494067
1244.581233
1244.605167
1244.739900
1244.969800
1245.018033
1245.072100
1245.119200
1245.246700
1245.533700
1245.573300
1245.808700
1246.232167
1246.430900
1246.585933
1246.626967
1246.822833
1247.035067
1247.086300
1247.203667
1247.408000
1247.495033
1247.582600
1247.722633
1248.266267
1248.368333
1248.776300
1248.793467
1249.338833
1249.375100
1249.623467
1249.927967
1250.223200
1250.270500
1250.399867
1250.799400
1251.002700
1251.399767
1251.574800
1251.752767
1252.343667
1252.481967
1252.695100
1253.143633
1253.761833
1254.113333
1254.266000
1254.577767
1254.688300
1255.048400
1255.074300
1255.080900
1255.094500
1255.113600
1255.173233
1255.257800
1255.524233
1255.639167
1255.761733
1255.842800
1255.876100
1257.048433
1257.347133
1257.697033
1257.933667
1258.069000
1258.248700
1258.708867
1258.938233
1258.960567
1259.159000
1259.217033
1259.249200
1259.388733
1259.825733
1260.638400
1260.703233
1260.743233
1260.979367
1261.221767
1261.235800
1261.404800
1261.594933
1261.735633
1261.794367
1261.994933
1262.177433
1262.212167
1262.454800
1262.856300
1262.892033
1262.970667
1263.029700
1263.214600
1263.264167
1263.308833
1263.381100
1263.418300
1263.445767
1263.849633
1263.898367
1263.995033
1264.115767
1264.190333
1264.290033
1264.442900
1265.446333
1265.472533
1265.749467
1266.117367
1266.532433
1266.565767
1266.625667
1266.786800
1266.907700
1267.102367
1267.184733
1267.787567
1267.857667
1267.913000
1268.170467
1268.208233
1268.261700
1268.748867
1268.822200
1269.063033
1269.109900
1269.701767
1269.789467
1269.827233
1269.860533
1269.882567
1270.064800
1270.106367
1270.348533
1270.982033
1271.237400
1272.832800
1272.899067
1273.076800
1273.222600
1273.265567
1273.425000
1273.492700
1273.603000
1274.460333
1274.838500
1275.053433
1275.232400
1275.546900
1275.661700
1275.800433
1276.074433
1276.101767
1276.166367
1276.321900
1276.499733
1276.668633
1276.742967
1277.378100
1277.483133
1277.590933
1277.606067
1277.853900
1278.025633
1278.140600
1278.313733
1278.419133
1278.499167
1278.840733
1278.910400
1278.946633
1279.065467
1279.085100
1279.119367
1279.136100
1279.209167
1279.321567
1279.398000
1279.462133
1279.511000
1279.624933
1279.677667
1279.694133
1279.877567
1279.966133
1280.124100
1280.429200
1280.500833
1280.967067
1281.622000
1281.789300
1281.861833
1282.278600
1282.415633
1282.569967
1282.667900
1282.832500
1283.746567
1283.773033
1283.890700
1284.069533
1284.294467
1284.355900
1284.374267
1284.412233
1284.487333
1284.648433
1284.879667
1285.233267
1285.370467
1285.674367
1285.826000
1286.109733
1286.214300
1286.284767
1286.380100
1286.392300
1286.633933
1286.718867
1286.748200
1286.998167
1287.017533
1287.189433
1287.475267
1287.580233
1287.690433
1287.805567
1287.951100
1288.328867
1288.904067
1289.771833
1290.258367
1290.366967
1290.585833
1290.879400
1290.979667
1291.086367
1292.085567
1292.148933
1292.763333
1292.920900
1292.934133
1292.956400
1293.740367
1294.070367
1294.287367
1294.749967
1294.789433
1294.827267
1295.112500
1295.198600
1295.228367
1295.843233
1295.899433
1295.991900
1296.253600
1296.438567
1297.051033
1297.395500
1297.503667
1297.856533
1298.815000
1298.911267
1299.007467
1299.093233
1299.130567
1299.344433
1299.412667
1299.469833
1299.632600
1299.721867
1300.308533
1300.485667
1300.843933
1300.969833
1301.951833
1302.393300
1302.560400
1302.692833
1303.007300
1303.115500
1303.203033
1303.598300
1303.600433
1303.649100
1304.135833
1304.204767
1304.440967
1305.089100
1305.195000
1305.851767
1305.866300
1306.010900
1306.672300
1307.735200
1307.781000
1307.916967
1307.952800
1308.008033
1308.150533
1308.182233
1308.228167
1308.429000
1308.456467
1308.483367
1308.558567
1308.612200
1308.660333
1308.696900
1308.802800
1308.884633
1308.931833
1309.138200
1309.173267
1309.386400
1309.503000
1309.588233
1309.645667
1309.685367
1309.901700
1309.938767
1310.005467
1310.799000
1310.929333
1311.024067
1311.729300
1311.957133
1311.980767
1312.410933
1312.578900
1312.683867
1312.730500
1312.833033
1312.870167
1312.920967
1312.954767
1312.975367
1313.068100
