0.115967
0.392633
0.707367
0.831600
3.606667
3.990933
4.076600
4.194233
4.557967
4.608467
4.629067
4.731100
4.805100
5.152033
5.414733
6.053333
6.055533
6.104233
6.134200
6.441033
6.560900
6.612733
7.267000
8.423900
10.515200
10.589333
10.696367
10.941733
11.057100
11.101567
11.614333
11.617900
11.921800
12.459600
12.553700
12.918133
13.473500
13.604567
13.689667
14.620100
15.221133
15.447967
16.393000
17.367600
18.123233
18.239800
18.287867
18.413633
18.549533
18.608433
18.746800
18.805900
18.928833
19.198033
19.907000
20.086100
21.074233
21.178167
21.210100
21.847667
22.649767
23.671800
24.036767
24.048700
24.149100
24.214667
24.288200
24.388267
24.453200
24.516200
24.553167
24.845967
24.943633
24.964267
25.630433
27.159233
27.190800
27.620767
27.759567
27.945967
28.010467
28.243333
28.554233
28.638367
28.683567
28.731567
29.112933
29.488300
31.346867
31.498633
31.789333
31.819433
31.845200
32.068133
32.238067
32.871700
33.032700
33.153800
33.290133
33.782100
34.305667
34.357767
34.633200
35.584133
36.386933
36.910067
38.373633
38.686733
39.000433
39.647133
39.924067
40.326300
41.112033
41.128233
41.565233
42.369800
42.440167
43.162667
43.845333
43.980567
44.876567
45.106767
45.742467
45.787600
45.841833
45.965400
46.164667
46.213633
46.232433
46.421433
47.030633
47.237700
47.757267
47.991333
48.334900
48.442167
48.472367
48.894900
49.061733
50.248767
50.684067
50.835700
51.262000
51.424200
51.946333
53.198967
53.210733
53.230667
53.450567
53.481533
54.085600
54.168300
54.236167
54.286167
54.709033
55.012400
55.090200
55.121567
55.266267
56.135600
56.753600
56.755867
57.974000
58.025633
58.037733
59.713367
60.234400
60.633200
60.753900
61.394700
62.049700
62.093233
62.139600
62.285267
62.415533
62.503333
62.515333
62.720067
62.823800
63.502967
64.192433
66.345100
66.390033
66.423833
66.593000
66.624167
67.831700
68.859867
69.286733
69.524067
70.391067
70.430433
71.039800
71.082067
72.035933
72.693167
73.262867
73.381233
73.555667
73.694800
73.977533
74.188567
74.330033
74.344533
74.392167
75.228733
75.356000
75.614633
77.114533
77.208733
77.256700
77.360400
77.411633
77.460700
77.733933
77.756400
81.030100
82.416333
83.228767
83.293733
83.578133
83.700500
85.241867
85.290267
85.471633
85.497267
85.554333
85.916067
85.962700
85.997833
86.217833
86.860733
87.347067
87.420267
87.900533
89.682700
89.939267
89.991933
90.429800
94.800533
96.012200
96.854733
96.861000
96.892333
97.008500
97.064633
98.183500
98.253233
98.624100
98.673200
99.037667
99.137700
99.512433
100.198133
101.532767
101.962467
103.013433
103.204167
103.323000
103.375467
103.415800
103.649433
103.659467
103.994533
104.012700
104.015867
104.041200
104.057033
104.231367
104.372300
107.118167
107.649367
107.744133
108.119733
108.431667
108.644333
108.829200
108.901633
109.062400
109.119800
109.195400
109.428567
109.972967
111.930200
111.956200
112.827567
113.441567
113.773200
113.975333
114.059400
114.293800
114.652600
114.722800
114.810967
114.895867
115.012367
115.281467
115.655833
116.026500
116.121633
116.554767
116.590000
116.773300
116.873767
117.032167
117.176167
118.392400
118.626533
118.748500
118.927167
119.120733
119.862100
120.232600
120.357467
120.366967
120.682467
121.033367
121.117300
121.407867
121.659333
121.768100
121.824433
121.880267
122.018900
122.132567
122.555133
122.818433
122.869800
123.191167
124.132300
124.197967
124.566500
124.695633
124.913567
125.349067
125.492167
125.669267
127.153367
127.485200
127.736033
127.907600
128.314900
128.602233
130.247900
130.629533
130.770333
130.865433
130.887433
131.311867
131.367867
131.556167
131.875367
132.167633
132.471533
132.769367
132.804133
133.918967
134.401967
134.922567
135.417367
135.668033
135.720367
135.876633
136.263633
136.827267
137.541100
137.633667
138.164167
138.438933
139.478067
139.581033
139.858633
140.130167
140.872867
141.208667
144.174367
144.345733
144.418700
145.556000
145.936833
146.106433
146.182833
146.490167
146.827733
146.861700
146.892000
147.001733
147.143967
147.165533
149.802467
150.092400
150.262633
150.280733
151.119167
151.366633
151.506867
152.267333
152.380100
152.399233
152.717533
153.418033
153.440667
153.490633
153.638167
153.694800
153.732967
154.057133
155.039900
155.675333
156.157900
156.266000
156.479100
156.834433
156.848233
156.882533
157.276300
157.354800
157.673767
157.785767
158.500100
158.549833
158.686067
158.873400
158.879000
159.648967
160.141100
160.587867
160.813633
160.825967
160.974633
161.905333
161.978933
162.098867
162.224533
162.756967
163.455033
163.922133
164.642067
164.728233
164.884400
165.892633
166.234067
166.532367
167.029733
167.531800
167.581367
167.630033
167.664767
167.947900
167.966133
168.518767
168.532100
170.806900
170.961467
171.441633
171.721367
172.621467
172.907733
175.799833
175.926167
176.062567
176.246400
176.273300
177.013067
177.032600
177.828533
177.929333
177.939900
178.171367
178.264933
179.179733
179.302167
179.411700
179.982567
180.120567
180.422300
180.494833
180.995167
181.190133
181.416667
182.196167
182.243733
182.981900
183.002567
183.056967
183.096933
183.160467
183.234467
183.457600
183.516900
184.055767
184.075467
184.254667
184.331900
187.391133
187.807800
188.349400
189.264967
192.500200
192.544633
193.415033
193.758367
193.879400
193.927467
193.984033
194.695900
195.040933
197.362633
197.554367
197.641467
198.950600
199.049600
199.139033
199.219100
199.374133
199.866300
199.876233
200.255400
200.365900
201.177433
201.321533
201.780867
201.873800
201.945700
202.310000
202.658933
204.059733
204.323233
204.784000
205.240100
205.276467
205.436633
206.184000
207.090033
207.415133
207.863833
209.445800
209.497900
209.981867
211.267833
212.097767
212.475733
212.510033
212.668200
213.321300
213.898567
214.003233
215.781267
215.818600
215.837667
215.954600
215.984467
216.111333
216.221167
216.271700
216.348067
216.554033
216.582933
216.996667
217.053300
217.121067
217.245600
218.205833
218.212700
219.128400
219.695167
220.009467
221.187900
221.287000
221.469633
221.578367
221.795000
221.969133
222.094267
222.191967
222.245567
222.258033
222.301467
222.498833
222.580367
222.705200
222.756967
222.852367
223.359833
223.518067
223.767400
224.996167
225.327467
225.386733
225.814600
225.899267
225.999400
227.637500
227.821167
227.925000
227.950567
228.541533
228.572467
228.608100
228.910100
229.686133
230.166233
230.471667
230.939900
233.439033
233.641467
233.851667
235.902967
237.953100
238.269333
238.292367
238.603900
239.093833
239.483567
239.981967
240.653033
241.174200
242.225033
242.266933
242.598100
242.627467
243.247033
243.997967
244.143567
244.416867
244.884200
245.104433
245.678167
246.198367
247.062633
247.129600
247.225433
247.252833
247.261100
247.462200
247.530500
247.773800
247.827800
247.864933
247.891000
247.937600
248.100500
248.477800
248.647567
248.713433
249.072733
249.138633
250.175200
250.259933
251.467467
251.804933
253.043333
253.380633
253.779300
254.283400
254.299767
254.326367
254.420933
254.855267
254.916367
255.305067
255.753967
256.459200
256.466800
257.239900
257.638400
258.798133
259.199633
259.516233
259.525767
259.676033
260.218300
260.327200
260.400033
260.487833
261.628700
261.940967
262.022867
262.208733
262.475633
262.508433
264.979233
265.048933
265.203767
265.573800
265.728900
266.422067
266.658367
267.822433
267.904433
268.799500
268.955733
268.984200
269.230633
270.042567
271.864967
272.057033
273.495233
274.005767
274.110700
274.506233
274.514900
274.705267
274.845333
275.013833
275.041000
275.140967
275.293400
275.306467
275.545200
276.130167
276.362967
277.139233
277.191100
277.336867
277.360567
277.388833
277.610333
277.857000
277.990633
278.205633
278.296333
278.582133
278.793667
279.492033
279.571000
279.646567
279.736900
279.769567
279.891533
280.099933
280.606733
280.823000
280.887500
281.098667
281.139767
281.723367
281.818533
281.936300
281.955367
281.985533
282.183133
282.521967
282.768100
283.744433
284.757733
285.519733
285.915133
286.155200
286.336067
287.876700
287.898133
288.682067
291.215933
292.104533
292.334333
292.626500
292.685333
293.945833
294.541867
295.112800
295.161900
296.397100
296.566300
296.616233
296.670167
296.695500
296.835333
296.837567
297.100100
298.261167
298.357333
298.530933
300.132533
302.463800
302.704533
302.795033
302.852400
303.061867
303.876867
303.884433
303.984667
304.110900
305.316033
305.704600
305.731000
305.824533
305.872200
305.934867
305.955400
306.083933
306.134133
306.174100
306.193533
307.182633
307.506200
308.909867
309.179667
309.264933
309.770700
309.997367
310.298733
311.110367
311.781000
311.815800
314.320200
314.436967
314.441300
314.538767
314.935133
315.699600
315.897233
316.376467
316.715333
316.742033
316.779600
316.848533
316.903867
317.135300
317.181633
317.257433
317.261133
318.195000
318.334000
318.526400
319.025833
319.391067
319.470200
319.503767
319.710933
320.375333
321.850967
322.324267
322.329767
322.557233
322.644733
322.715467
322.726667
322.815700
322.907733
322.965367
323.063967
323.227933
323.282233
323.422200
323.453200
323.585833
324.385233
324.417233
324.451433
324.643500
324.935033
325.258100
325.570200
325.948533
326.109667
326.572833
327.595833
327.743133
327.818667
327.898367
328.017267
328.960800
328.974100
329.074533
329.867400
330.245733
330.343767
331.638833
332.098533
332.213500
332.311267
332.374100
332.431633
332.445933
332.643600
332.675733
332.680700
332.721100
332.803867
332.845833
332.876633
332.966467
333.653667
333.876367
333.916200
333.968300
334.233133
334.419233
334.630600
334.960333
335.079367
336.581800
337.863167
338.596367
338.954167
339.163533
339.603200
339.659333
340.425833
340.453067
340.521367
340.679100
340.719233
340.772000
340.942100
341.446667
342.498600
342.639533
343.077800
344.686300
345.531700
345.565567
345.578100
345.600133
345.663600
345.698133
345.907100
346.365100
348.464800
348.484633
348.944900
348.994733
349.109500
349.261967
349.307900
349.318700
349.347033
349.402267
349.510967
350.057267
350.279067
350.894333
350.926333
350.982633
351.081333
351.154800
351.183600
351.252500
351.273333
351.407767
351.839533
352.034400
352.060600
352.344800
353.553633
353.904800
354.562867
354.638200
356.187867
356.898200
357.552967
358.145833
359.756567
360.247367
360.324833
360.399933
362.401067
362.700000
364.185833
366.268433
367.292967
368.268933
368.346200
368.504067
368.559367
368.576933
368.767433
369.092933
369.109133
369.157167
369.201167
369.809633
369.836800
370.521200
371.094500
371.116000
371.179400
371.255467
371.800800
371.913833
371.947400
371.975300
372.062967
372.141367
372.234100
372.287733
372.342700
372.407533
372.480033
372.564933
372.920367
373.239000
373.253567
373.282833
373.341433
373.545700
373.548933
374.212467
374.494200
374.855100
375.798600
376.068133
378.055933
378.159000
378.669867
378.763167
379.226800
379.913900
380.002733
380.475500
380.831500
380.961400
382.906200
383.199867
383.944633
383.983967
384.298467
385.129833
385.228733
385.402267
385.477800
385.492567
385.788167
386.160900
386.281033
386.581800
386.626267
387.610700
387.642533
388.233567
388.236933
388.337733
388.842067
388.986167
391.199533
391.286667
391.492100
391.504300
392.294800
392.834600
393.345733
393.534667
393.899533
394.718367
394.785267
395.334533
395.369833
395.460467
395.484800
395.561267
395.627433
395.896767
396.561900
396.650967
398.201133
398.543167
398.597333
398.735267
399.312900
400.843700
400.872900
400.994600
401.893800
402.397567
402.509833
402.646267
402.654500
402.926500
403.273400
404.418400
404.649100
404.923533
405.005233
405.835967
406.655133
407.161200
407.336600
407.750867
407.916033
408.477467
408.511000
408.786700
408.951067
409.009067
409.118000
409.166333
409.208600
409.244533
409.269767
409.416633
410.295700
410.504700
410.534067
410.602600
410.618900
410.786067
412.266533
413.017433
413.083667
413.112433
413.709933
415.792767
416.479533
416.808033
417.247600
417.290700
418.072600
418.137367
418.321000
418.354567
418.420533
418.488067
419.025200
419.476000
419.636133
420.050800
420.690600
422.249933
423.812500
423.853367
424.776767
424.942067
425.221500
425.381167
425.974633
427.007833
427.157300
427.465967
427.480767
427.620000
428.099333
428.197733
429.198000
429.213333
429.245633
429.268667
429.411467
429.660133
430.059000
430.155533
430.658467
430.849667
430.884333
431.431600
431.547467
431.640767
432.036400
432.308433
432.916967
433.077800
433.120233
433.187833
433.802767
434.615633
435.680167
435.784733
435.819833
436.602967
437.192200
437.511933
437.569800
437.577200
437.616800
438.100267
438.736067
439.509600
439.591533
439.625467
440.287100
440.528133
440.573400
440.661267
440.765433
441.470000
441.605267
442.008367
442.247033
442.758700
443.152700
443.249767
443.274567
443.306400
443.652033
444.167500
444.745300
445.943367
446.078833
447.977467
448.491867
448.641500
448.821233
448.888100
449.234833
449.528000
449.809133
450.515000
451.111200
451.303767
451.551267
452.003167
452.132167
452.170433
452.186733
452.219333
452.304800
452.727333
452.900633
453.039933
455.082333
455.280467
456.109867
456.323167
458.558500
459.305933
460.030000
460.365400
460.628933
460.754233
461.075567
461.681933
461.792067
462.245000
462.755733
462.960333
463.274300
463.317600
463.767867
464.235033
464.504200
465.148767
465.510833
465.974533
466.083000
467.073933
467.599600
468.383133
468.918567
469.004533
469.378233
469.469233
469.544033
470.554267
471.187067
473.799433
474.306900
475.838100
475.855933
475.952633
476.049433
476.174267
476.251400
476.360633
477.253067
477.316767
477.957267
479.050033
479.136733
479.426900
479.557400
479.582033
479.781367
479.838367
479.925767
480.452033
480.629567
481.849433
482.379633
482.552900
482.748467
483.319233
483.902300
484.203367
484.273400
484.651067
485.116867
485.218233
485.960433
485.972833
485.980767
486.465800
486.992667
487.196467
487.556433
488.245733
489.731633
490.108267
490.214367
490.487900
490.682167
490.820700
490.964567
491.046467
491.382000
491.432800
493.126867
493.208600
493.256000
493.308267
493.505333
493.642833
494.277567
494.340800
494.507467
494.543700
494.581200
494.973167
495.096533
495.331467
495.483233
495.491400
495.541833
495.705367
495.775167
497.482800
498.024633
498.713867
498.746133
498.813533
498.850267
499.002567
499.174700
499.262567
499.340367
499.600767
499.669967
499.723333
500.408233
500.449833
500.782567
500.938333
502.709100
503.199133
503.812700
504.381733
504.839567
504.902967
504.981900
505.027800
505.086900
505.103700
505.563300
505.603300
505.698767
505.783633
506.045767
506.152400
506.241133
506.458267
508.505233
508.870567
509.954000
510.587633
510.755733
510.932133
510.947767
511.067067
511.771900
511.828000
511.930233
512.095167
512.507767
514.332767
514.492500
514.589300
514.646000
514.945267
515.358167
515.477567
515.696133
515.702300
516.027033
516.554133
516.903100
516.934067
517.041400
517.071933
517.184433
517.602000
517.790767
519.360733
519.737700
520.931267
522.148167
522.647767
522.747200
522.840200
522.877033
523.050200
523.089067
523.284933
523.313500
523.401467
523.563300
524.007367
524.387533
524.855933
525.087767
525.146000
525.261300
525.343467
525.599500
525.795533
525.895667
526.103300
527.844100
527.938267
529.259367
529.743833
529.746500
530.549400
530.586533
530.676200
530.835567
531.900000
532.665033
532.896467
533.654567
534.201100
534.926400
536.012433
536.352233
536.415933
537.413200
537.847300
537.870533
539.061800
539.377967
539.830167
539.900000
540.039167
540.290300
540.428167
540.513233
540.714933
540.912467
541.559867
541.763600
542.070333
543.080300
543.423333
544.270967
544.324100
545.267367
545.565300
545.733233
546.200933
546.341267
546.356700
547.107867
547.770167
547.812233
548.150733
549.064667
549.275467
549.364700
550.158400
551.521067
552.873733
553.782633
553.908500
554.194900
554.271167
554.487167
554.874367
555.430667
555.845367
555.896367
555.970200
556.223500
557.787000
558.290367
559.077667
559.250000
559.704900
559.804700
559.961200
560.355867
560.424600
561.544000
562.300233
562.556700
562.878933
562.924833
563.992067
564.036933
564.694200
564.721733
564.725367
564.749100
564.794800
565.488133
567.223467
567.414533
567.825133
567.906800
568.232500
571.426100
571.863133
571.936233
572.153367
572.240967
572.281967
572.845367
573.085633
573.173933
573.798300
573.820633
575.634200
575.682500
575.723533
575.757667
575.794667
575.912667
576.030633
577.231400
577.837500
578.737933
579.164900
579.575667
579.734733
580.268467
580.965833
581.684633
581.739867
582.377300
583.664467
584.107800
584.289133
585.110033
587.726800
587.849667
588.356833
588.359533
588.425033
588.426833
589.310167
589.399967
593.754533
594.211733
594.379233
594.446833
594.475167
594.569967
594.718000
594.806000
594.871233
594.951500
595.171400
595.331000
595.531233
596.235767
596.898567
597.472367
597.999333
598.435367
598.635167
598.737967
598.812600
598.978700
599.156933
599.401533
599.427167
599.716367
600.729900
601.262200
601.796600
601.902633
603.103267
603.493600
604.685900
604.778000
605.045067
605.877833
606.209167
607.877167
607.909333
607.917700
607.995967
608.177100
608.236633
608.780267
609.091800
609.099100
609.153700
609.158000
609.308367
609.433167
609.474367
610.562533
610.701933
611.384967
611.664700
611.700300
611.757367
612.262067
612.320833
612.347067
612.579300
612.627933
612.671800
612.834400
612.894400
614.824067
615.420633
616.394900
617.219933
617.730533
617.782067
618.558467
618.579433
618.753633
618.954533
619.181267
619.416567
620.100933
620.170067
620.307067
620.471300
620.539633
621.024033
622.106967
623.089100
623.189600
623.369733
623.477100
623.533533
623.804400
623.882900
624.145367
624.464933
624.558633
624.573267
624.575867
625.328567
626.104300
626.255400
626.288967
626.329133
626.369333
626.402733
626.651933
626.855233
626.944233
626.950767
627.077600
627.653467
627.674567
627.874667
628.397800
628.553467
628.661067
632.675333
632.735733
632.785600
632.873767
632.986967
633.113600
633.836033
634.033333
634.240867
635.856433
637.089000
637.384400
637.422733
637.495500
638.100900
638.233567
638.287167
638.299600
638.385733
638.658067
638.782333
638.839500
639.062933
639.169967
639.508633
639.776700
640.585433
642.971367
643.000100
643.072133
643.462600
643.483500
643.542633
643.784000
643.814200
644.608267
646.602467
647.280300
647.478967
647.896200
648.365333
648.556000
650.771900
650.815233
650.925233
651.125167
651.191433
651.500100
651.585100
651.751933
651.920267
652.583067
652.739400
652.867867
653.242400
653.349133
653.492367
653.514600
653.529833
653.792000
653.987000
654.180633
654.742900
654.968700
655.143967
655.450633
655.609467
656.106467
656.498333
656.874267
657.914867
658.182500
658.893933
659.051333
659.232367
659.671333
659.972500
660.089900
660.336400
660.730300
660.789967
663.030767
663.481933
664.025500
664.279933
664.315733
664.399167
664.447367
666.599000
667.061567
667.536200
667.614333
667.631233
667.697333
667.865233
668.453933
668.517533
669.367300
670.120500
671.940867
672.058633
672.493500
672.586200
672.607000
673.573400
674.533467
675.782467
675.794433
676.908500
676.961900
676.977800
677.576267
678.088400
678.090300
678.362600
679.067533
681.283433
681.518933
681.695267
681.752667
682.740100
682.779033
684.320600
684.963933
685.080367
685.272833
685.420500
685.659833
685.848700
686.020667
686.917467
686.949133
687.028167
687.669867
688.245667
688.528167
688.666533
688.844067
689.136833
689.174700
689.476233
689.685500
689.723367
689.736200
689.789500
689.915133
690.388833
690.597000
691.307733
692.499233
692.699500
692.724767
692.827633
693.373167
693.450500
693.782633
694.763567
694.808400
694.901400
696.397133
697.077367
699.035700
699.138233
699.607333
699.655633
700.130100
700.220967
700.421667
702.104833
702.126767
702.718600
702.762833
704.285833
704.421433
705.231467
705.525333
705.579900
705.735867
706.474900
707.139700
707.354933
708.156967
708.952167
709.091467
709.664567
709.728067
710.041467
710.453767
710.835900
711.044800
711.119267
711.928167
711.968767
712.008033
712.063733
712.340900
712.513900
712.516300
712.597633
712.650733
713.493667
714.158233
714.979067
715.041767
716.594467
717.345000
717.465100
717.496600
717.903867
718.328833
718.495967
718.577733
718.579467
718.631633
718.648967
719.877867
722.091367
722.184267
722.228967
722.230733
722.707067
722.776167
723.164133
723.368567
723.573833
724.067767
724.147833
724.154567
724.701633
724.712067
726.596500
727.292800
727.357333
727.502100
728.362567
728.378100
729.544000
729.583700
729.666533
729.702767
729.722767
729.748100
729.885533
729.961967
730.120200
730.189833
730.212733
730.282400
730.350967
730.359733
730.371533
730.382767
730.425567
731.331033
731.602567
732.054700
732.262033
732.365400
733.113967
733.958367
734.159433
734.199300
734.277100
734.454800
734.588900
734.931700
735.625233
736.478433
736.483967
736.921033
737.273000
737.696267
737.794000
738.819633
738.946833
738.998700
739.778033
740.127133
740.854900
741.296333
741.677100
741.734333
741.815800
741.980900
742.060133
742.240433
742.330600
742.354900
742.434633
742.930000
743.206333
743.220733
743.786733
743.827867
743.884167
743.922800
743.931467
744.086600
744.430600
744.723333
745.455233
745.698267
745.728267
747.429033
748.344900
748.369600
749.208567
749.351567
750.011900
750.120967
750.167833
750.576033
751.005167
751.223267
751.267700
751.582333
752.078633
752.401967
752.884833
753.010100
753.014400
753.207633
754.878867
755.634767
755.736800
755.839900
757.462233
758.326767
758.539967
759.247633
760.711833
760.886933
761.204300
761.766733
761.788800
761.952600
763.073700
764.290667
766.420700
766.991500
768.017500
768.160000
768.356300
768.390733
768.515900
768.736433
768.845067
768.890233
768.910767
768.953133
769.102600
769.248667
769.311500
769.738800
769.938867
770.043333
770.431700
770.467000
770.491067
771.052967
772.050967
772.443133
772.739567
773.467800
774.342200
775.157833
776.064900
776.353567
776.433267
777.194933
779.374700
779.567367
779.695800
779.711833
779.834733
779.982767
780.230967
780.280567
780.369867
780.607467
781.000467
781.880300
782.954167
783.677967
784.988100
785.105500
785.114767
785.134167
785.210833
785.575500
786.744933
787.412133
787.796067
787.804600
787.839300
787.848300
787.877200
787.879367
788.335867
788.337700
789.407933
789.651367
789.724533
789.834567
790.185033
790.984000
791.113067
791.916833
791.936867
791.996367
792.012400
792.041800
792.357233
792.393100
792.676133
792.729667
793.755333
794.061700
795.819167
796.374467
796.882967
797.361033
797.740333
797.916367
798.067400
798.592433
798.958633
798.984600
799.379533
799.399067
800.321300
800.441533
800.468233
800.635933
800.972533
801.670333
801.819267
802.078167
802.543233
803.166567
803.521300
803.606267
803.958300
804.035700
804.642567
805.165800
805.261967
805.330133
805.517233
805.653933
806.123900
807.050333
807.192233
808.466233
809.994333
810.293200
810.501833
810.538600
810.542233
810.672067
810.817133
810.894200
811.259467
811.522333
811.659767
812.789600
814.233633
815.741367
815.816000
816.016267
816.556933
817.009000
817.031267
817.075700
817.392233
818.115500
818.162033
818.780633
819.060133
820.461033
820.626367
820.654633
821.150267
821.234867
821.351833
821.420233
821.584133
821.915200
822.473533
822.621667
823.366233
823.575367
824.133000
824.164700
824.299967
824.672467
824.761633
824.830633
824.912500
824.916000
825.125867
825.373433
825.404133
825.469767
825.531333
825.905200
826.037167
826.393600
827.200000
827.394733
829.027100
829.295200
829.775867
830.001900
830.192467
830.321167
830.409767
830.428933
831.155200
831.251033
831.409767
831.425633
831.910200
833.280600
833.492033
833.580733
833.831533
834.700733
834.762633
834.766767
834.816067
835.780300
836.274367
836.374700
836.569433
837.232767
837.466567
837.834533
838.108900
838.257067
839.244700
840.390433
840.429967
841.605467
841.752533
842.787867
843.648033
844.862733
846.040000
846.369233
846.642967
846.712967
846.862433
846.873667
846.992567
847.419067
847.858800
847.942533
848.086700
850.700733
850.852400
850.876600
851.136333
851.260133
851.280267
851.446667
852.578500
854.081667
854.128467
854.289467
854.465633
854.619867
854.663400
854.719133
854.744067
854.812200
854.869733
855.120800
855.162133
856.232933
856.250833
856.464867
856.532733
856.666567
856.713833
856.738333
856.956333
857.292700
857.410133
858.173333
858.197033
859.403833
859.535200
859.581433
860.690900
861.210933
861.361833
861.813033
862.901467
862.997800
863.732600
865.627900
867.075267
867.411067
869.318667
870.007633
870.040567
870.131167
870.407867
870.746100
870.801300
871.644700
871.689133
872.349067
873.746000
873.897133
873.899933
874.089867
874.134200
874.163700
874.209333
874.994533
875.639133
875.914667
876.509500
877.477367
877.644267
877.834200
877.877700
879.016533
879.944100
881.408000
881.929133
882.285500
882.516000
882.742467
882.793467
882.878267
883.163867
883.231800
883.728200
884.742267
885.375267
885.541233
885.602900
885.764233
888.165933
889.062733
889.121200
889.294467
889.620367
889.844367
890.206333
890.329400
890.407267
890.558200
891.833000
891.914100
892.054567
892.184267
892.525800
892.661167
892.664800
892.919133
893.036200
893.387167
893.594167
893.717467
895.292167
896.167400
896.380900
896.532700
897.622367
897.767933
898.724533
898.946533
899.881933
899.897667
899.935800
900.464867
901.029333
901.296333
902.056967
902.706933
903.245400
903.391633
904.853233
904.866600
904.893867
905.095000
906.211233
906.308233
906.552833
906.625500
906.670733
907.231500
907.281733
908.483400
908.686067
908.961000
909.037500
909.042333
909.220767
909.502233
909.527233
909.930433
910.378067
910.711167
911.124333
911.736767
914.370400
914.529200
914.631567
915.015433
915.721900
916.934367
917.174500
917.229800
918.337333
918.514200
918.630500
918.663067
918.973733
919.798100
919.949567
919.974967
920.386300
920.640433
920.753800
921.911800
922.026600
922.085500
922.159900
922.210667
922.502833
922.651733
923.862633
924.345967
924.646100
924.659033
925.024600
925.173467
925.450267
926.326700
928.400300
928.798600
929.257333
929.299400
929.665067
932.554500
932.602933
933.128233
933.361267
933.445267
933.513333
935.025733
935.040833
935.876167
935.982033
936.028433
936.071733
936.087633
936.400867
936.405300
936.464833
936.665933
936.713367
936.724167
937.267433
937.436033
937.456100
937.459933
938.281433
938.407633
939.668900
939.833867
940.185400
940.666233
941.348700
941.420267
941.453200
941.624867
941.908033
942.299867
943.494067
943.604600
943.664467
944.347267
945.176200
945.177900
945.737067
946.069367
949.726900
949.958600
950.125233
950.205633
950.271600
950.453167
950.595733
950.974933
951.013467
951.368900
951.556533
951.630400
952.396267
953.902133
953.983967
954.101733
954.257667
954.388000
954.994833
955.088300
955.545533
955.606200
956.463467
957.345000
957.785800
958.069233
958.292000
959.333533
959.393900
959.714533
959.763633
959.895267
960.601000
962.815667
963.328667
963.392767
963.932367
964.498133
964.756800
964.902567
966.172967
966.555067
966.601400
966.799067
966.927700
967.165800
967.281700
967.295400
967.326133
967.360900
967.418733
967.640033
967.672600
967.781167
967.995200
968.834600
968.866700
969.219400
969.367267
970.599200
970.647200
971.377767
971.546533
971.799867
971.874000
972.900333
973.895133
974.622233
974.871167
975.292233
975.712900
975.748700
975.808833
975.888233
975.932267
975.976967
976.067400
976.300967
976.495800
976.562167
977.651267
978.081467
978.116867
978.165367
978.225400
978.593700
979.569600
980.867900
981.029167
981.426100
981.778267
982.709667
982.747867
984.786533
984.807933
984.963200
985.094000
985.553800
985.703133
985.763067
985.781867
985.814200
986.721800
988.201833
989.030067
989.993033
990.175933
990.331900
990.603000
991.250033
991.463200
991.494300
991.619667
992.328633
992.755800
993.559700
993.699067
993.771300
994.084167
995.356200
995.646200
996.123933
996.301033
996.556200
996.618733
997.098533
997.112767
997.702533
999.080633
999.312533
999.414133
999.656633
999.672267
999.872400
1000.038000
1000.148867
1000.296033
1000.350300
1000.731067
1000.771600
1002.119667
1002.274033
1003.132167
1003.660400
1003.821133
1004.052233
1004.147600
1004.318467
1004.565133
1004.599200
1004.693500
1004.733433
1004.758533
1005.427567
1006.074167
1006.937300
1007.518800
1008.586900
1009.346033
1009.474067
1009.680733
1010.226467
1010.611200
1010.962400
1011.202233
1011.266933
1011.510867
1012.115033
1012.412067
1012.435800
1012.662800
1012.673800
1012.890200
1012.893067
1012.976567
1014.204000
1014.355367
1015.098667
1015.203367
1015.341467
1015.496267
1015.750467
1015.776067
1015.947900
1016.113567
1016.924200
1017.120267
1017.291100
1017.428000
1018.028667
1018.154067
1018.513267
1018.808633
1018.997833
1019.242500
1019.575567
1019.978900
1020.035900
1020.558200
1020.877733
1021.732000
1021.774533
1021.828400
1021.854167
1022.196833
1022.243167
1022.323600
1022.703167
1023.389567
1023.702900
1023.788033
1023.969967
1024.500567
1024.984567
1026.818067
1026.840533
1027.346133
1027.350500
1027.408633
1027.464767
1029.375900
1030.044767
1033.120600
1033.463567
1034.552467
1034.610100
1034.715633
1037.706367
1037.919033
1038.346767
1039.132600
1039.268467
1039.380967
1039.805267
1039.831333
1042.112967
1042.603700
1042.893267
1043.153633
1043.256067
1043.303600
1044.081200
1044.444567
1045.205867
1045.580200
1045.894467
1045.930700
1045.991867
1046.120167
1046.590067
1047.108633
1047.312367
1047.778267
1048.196667
1048.359200
1048.378633
1048.544333
1049.154767
1049.199867
1050.192333
1050.931133
1051.291033
1053.032000
1053.722333
1054.085700
1054.132833
1054.203133
1054.236833
1054.278167
1055.310167
1057.200400
1057.823100
1057.996600
1058.423367
1058.699167
1058.700967
1060.837533
1060.935900
1061.074900
1061.471667
1061.584733
1061.707100
1061.927167
1062.582267
1063.550800
1064.163733
1064.418833
1064.436467
1065.531933
1065.662700
1065.753733
1066.398933
1067.036867
1067.102700
1067.130633
1067.174233
1067.208967
1067.210900
1067.587833
1067.758567
1068.521400
1068.550967
1068.918033
1071.934500
1071.984767
1072.253833
1073.142333
1073.167833
1073.296067
1073.303267
1073.327167
1074.988933
1075.748367
1076.372367
1076.559033
1076.629433
1076.843567
1076.899233
1076.918300
1077.061000
1077.889167
1078.112233
1078.326433
1079.201567
1079.655400
1079.687533
1079.721767
1082.191100
1082.700800
1082.746133
1083.127067
1083.177200
1083.810933
1083.896567
1084.159633
1084.346667
1085.072867
1085.350567
1085.553100
1086.124300
1086.576267
1086.595433
1086.623533
1086.657667
1087.620767
1087.659600
1088.074900
1089.250900
1089.668767
1090.138233
1090.292000
1092.020167
1092.965667
1093.120100
1093.706767
1094.120267
1094.507133
1095.430167
1095.443033
1095.570733
1095.628200
1095.658700
1095.851767
1095.883167
1095.996867
1096.122633
1096.689900
1097.301200
1098.309800
1099.838367
1099.877800
1100.267933
1101.326833
1101.367567
1101.662133
1102.091267
1102.101033
1103.100267
1103.142867
1103.165833
1103.544767
1103.591533
1103.800767
1104.279733
1105.128900
1105.389533
1106.113167
1107.600700
1107.755833
1107.844967
1108.893967
1109.578767
1110.501300
1113.330667
1113.440767
1113.524567
1113.605600
1114.917333
1115.120533
1115.128833
1115.234967
1115.395567
1115.472567
1115.645933
1115.844667
1115.846733
1116.293667
1117.698500
1117.993233
1120.457167
1121.283600
1121.565133
1122.078567
1122.368233
1123.310467
1123.790600
1123.827867
1127.714533
1127.821400
1127.889900
1128.336833
1128.950200
1129.324500
1129.411333
1131.393600
1131.411800
1131.481033
1131.582633
1131.905133
1132.112567
1132.414333
1132.461033
1132.489967
1133.241333
1133.489867
1133.731267
1134.182467
1134.224533
1134.707700
1135.035267
1135.811133
1135.885367
1135.939667
1138.282567
1138.388667
1139.322333
1139.373933
1139.382567
1139.436133
1139.644300
1139.658367
1140.061967
1140.316100
1140.350800
1140.824833
1140.856633
1141.475600
1142.609400
1143.668967
1144.180400
1144.523133
1145.328433
1145.920167
1146.048300
1146.094100
1146.102367
1146.343300
1147.230233
1151.120400
1151.330600
1151.569567
1151.601500
1151.748733
1152.192567
1152.564933
1152.612667
1152.804967
1153.642000
1154.207467
1154.609600
1155.452267
1155.546867
1155.630833
1155.663500
1155.854767
1155.896200
1155.999133
1156.713700
1156.776133
1158.422200
1160.488233
1160.570867
1161.020400
1161.713200
1161.903633
1161.953567
1162.533600
1162.567233
1162.633833
1163.477667
1163.817567
1163.844833
1164.103667
1164.561100
1164.655033
1164.883333
1164.973800
1165.021100
1165.695167
1165.800433
1167.657900
1167.935967
1168.486500
1169.341700
1170.173100
1170.839033
1170.869933
1170.889100
1171.341867
1172.469767
1173.151833
1173.319900
1173.748733
1175.895767
1176.175633
1176.257233
1176.933467
1177.022333
1177.053767
1177.389567
1177.482267
1177.489233
1177.575633
1177.633967
1178.513367
1178.632267
1178.645533
1178.834300
1180.282200
1180.505933
1180.509433
1183.561400
1183.625867
1184.601033
1184.868433
1185.037333
1185.072533
1185.107033
1185.514333
1185.530333
1186.165433
1186.167100
1187.298800
1187.583933
1188.201600
1188.203367
1188.251233
1189.307833
1190.350067
1190.624300
1191.218733
1191.399500
1191.482700
1191.705633
1191.799200
1191.830733
1191.917100
1192.068500
1192.135733
1192.272833
1192.330900
1192.536100
1192.606433
1193.629600
1193.849500
1193.979900
1194.000500
1194.183700
1194.473400
1194.538667
1194.623300
1194.756633
1194.777967
1194.914833
1195.627500
1195.789467
1196.043833
1196.111133
1196.953467
1197.219100
1198.649800
1200.182567
1200.677400
1200.693133
1200.734467
1201.544933
1203.959467
1204.378800
1205.152933
1205.354367
1205.457633
1205.551300
1206.594467
1206.727900
1206.997800
1208.158067
1208.370367
1209.787700
1210.304367
1211.032133
1211.222533
1211.290833
1211.376100
1211.403033
1211.418567
1211.928367
1212.043033
1212.508067
1212.671300
1212.710767
1213.010800
1213.050633
1213.275133
1213.445067
1213.539300
1214.256000
1214.294567
1214.320033
1214.401300
1214.622333
1214.668500
1215.062100
1215.291633
1216.023667
1216.109633
1216.245700
1216.302500
1216.747400
1216.858567
1216.982333
1217.809200
1217.835000
1217.964633
1218.032833
1218.219433
1218.233867
1218.248933
1218.314233
1218.347167
1219.058033
1219.112867
1219.248767
1220.172400
1220.274767
1220.526233
1220.883067
1222.660433
1223.270933
1223.384300
1223.432767
1225.044967
1226.341733
1226.374967
1226.467100
1226.514367
1226.589967
1226.621933
1226.656533
1227.166400
1227.269800
1228.860433
1229.549267
1229.692333
1229.750233
1229.860800
1230.785433
1230.797433
1231.870067
1232.669300
1232.759267
1232.763100
1232.915833
1233.458600
1234.255033
1235.143933
1235.157533
1235.739133
1235.774800
1235.795433
1235.828933
1236.004733
1236.522567
1236.723900
1236.955933
1237.137533
1237.184433
1238.982467
1239.191700
1240.348500
1240.462933
1241.034067
1241.570600
1242.423967
1242.475600
1242.519033
1242.682433
1242.847267
1243.050367
1243.067800
1243.137900
1243.226533
1243.363700
1243.385567
1243.477233
1243.626900
1245.518233
1246.038567
1246.929200
1247.320467
1247.588567
1249.048000
1249.855500
1250.490833
1250.784000
1250.818333
1250.863300
1250.969833
1251.054000
1251.150033
1251.169633
1252.038233
1253.151967
1253.606600
1253.710200
1253.803867
1255.139233
1255.355600
1255.387100
1255.897167
1255.939167
1256.089000
1256.195567
1256.797700
1257.081400
1258.428700
1259.103133
1259.357600
1259.467000
1260.389833
1260.665933
1261.235633
1263.641700
1263.977267
1264.436600
1267.263333
1267.314067
1268.423833
1268.539100
1269.797400
1269.952800
1270.761833
1270.905733
1271.615100
1271.992133
1272.627800
1272.991967
1275.044467
1275.160133
1275.196600
1275.335467
1275.731933
1275.779400
1277.887933
1278.443867
1278.522367
1279.406567
1279.506600
1279.665133
1279.917967
1279.997867
1280.039333
1280.060133
1280.116600
1280.839100
1280.845533
1280.880133
1281.174133
1281.799967
1282.461467
1282.610200
1282.815600
1282.840200
1283.046700
1283.079300
1283.111567
1283.151233
1283.219600
1283.375033
1283.451800
1283.508567
1283.586667
1283.600833
1283.705967
1283.773967
1283.963700
1283.969767
1284.255233
1284.263033
1285.794500
1286.603133
1286.740767
1288.758267
1288.776767
1288.894533
1289.070267
1289.116167
1289.449967
1289.454433
1289.890867
1289.967800
1290.998933
1291.547600
1293.242067
1293.767133
1294.000400
1294.136967
1294.205300
1295.243600
1295.533467
1295.560233
1295.587667
1296.830233
1297.315233
1297.991900
1298.311633
1298.381633
1298.431967
1298.539833
1298.596800
1299.520067
1299.800167
1300.613367
1301.106667
1301.254233
1301.927667
1301.949067
1302.003733
1302.932400
1303.383533
1303.442067
1303.819767
1304.282400
1304.292733
1304.362200
1305.003200
1305.018667
1305.078333
1305.084900
1305.208767
1305.674200
1306.065200
1306.340600
1306.546967
1307.081800
1308.196967
1309.838667
1311.005167
1311.360567
1311.366067
1312.111967
1312.134833
1312.245567
1312.752433
1313.265767
1313.273100
1313.565033
1313.995100
