1.743800
1.960333
2.017633
2.074967
2.272733
2.318367
2.378500
2.476133
2.516100
2.979133
3.603967
3.689233
4.035833
4.143733
4.197300
4.245200
4.307433
4.351967
4.398700
4.473733
4.536000
4.853733
4.897333
4.956900
5.030900
5.068033
5.115933
5.230900
5.252733
5.298800
5.361567
5.425067
5.476733
5.527867
5.557833
5.628700
5.737900
5.817200
5.843400
5.884067
6.088367
6.219033
6.259933
6.290967
6.342633
6.491600
6.556633
6.936533
7.532867
7.592800
7.762733
7.880200
8.089167
8.127767
8.317667
8.360567
8.688800
8.776267
8.954700
9.111000
9.203667
9.247700
9.495733
9.622033
9.657467
9.686800
9.707367
9.777967
9.896033
10.038600
10.239900
10.308833
10.432567
10.482600
10.560867
10.624167
10.674767
10.722267
10.759367
10.814067
11.016000
11.316100
11.356633
11.386933
11.399667
11.420200
12.166800
13.025233
13.074900
13.263867
13.329267
14.533767
14.937100
16.263300
16.443300
16.502900
16.570767
16.608433
16.673700
17.431033
17.472200
17.509300
17.536967
17.567667
17.663833
17.720300
17.768333
17.791100
17.801967
23.581867
25.658367
26.144833
26.226367
26.373767
26.477400
26.518300
26.557633
26.674000
27.463633
27.755400
27.934800
29.481967
29.510200
30.713933
30.826767
31.871033
31.990900
32.291500
32.839133
33.614267
33.962867
34.204967
34.273833
34.313733
34.616533
36.041867
36.241367
36.284200
36.356833
36.408733
37.319833
37.475400
38.296267
40.398933
40.429467
40.453933
40.484333
40.507867
40.556133
40.979200
41.027833
41.113800
41.147300
41.177633
41.255567
41.581433
41.904067
41.938033
42.175900
42.270067
42.376033
42.503700
42.544867
42.620967
42.704233
42.869567
42.897033
42.957167
43.043233
43.128200
43.163000
43.197867
43.226733
43.272267
43.306333
43.331600
43.405700
43.448200
43.823267
44.251067
44.372267
44.596567
44.635700
44.945200
45.013367
45.137100
46.208400
46.269733
46.635767
46.995300
47.031500
47.257167
47.301300
47.366600
47.654100
47.717133
51.773600
54.855500
55.740333
55.845733
55.889633
57.223533
57.341700
57.594033
58.454100
58.491867
64.413633
64.463433
64.553767
64.675333
64.776833
65.130167
65.909233
72.532067
73.353967
73.575167
75.638367
77.349167
77.409633
77.560267
77.657733
77.748867
78.937833
78.982600
80.042533
80.210600
80.403167
80.650033
80.809833
81.000900
81.055333
81.206867
81.249267
84.682100
84.946433
85.560967
86.279700
86.312267
86.376767
86.652667
86.718933
86.761667
86.921133
87.068100
87.206700
87.280100
87.512100
87.560833
87.868433
87.934967
87.985400
88.025267
88.076300
88.189400
88.249000
88.326567
88.387100
88.475800
88.552967
88.592967
88.719200
88.765933
88.953567
89.112667
89.351300
89.419967
89.617200
89.752300
89.796167
89.832367
89.908900
89.950567
89.985533
90.048700
90.089500
90.159100
90.191833
90.224767
90.239000
90.333900
90.399033
90.771233
90.818200
90.863900
91.068867
91.151100
91.315533
91.354800
91.388933
91.433933
91.548267
91.603600
91.882700
91.971967
92.237967
92.280000
92.365900
92.398400
92.441533
92.611900
92.662133
92.707133
92.738633
92.777700
92.939467
92.979967
93.063700
93.110367
93.145767
93.231100
93.329967
93.392600
93.480067
93.532700
93.735100
93.787833
93.816533
93.867133
93.910067
94.022267
94.065033
94.107000
94.189300
94.236133
94.306033
94.476867
94.531633
94.585633
94.650133
94.689767
94.725767
94.793333
94.887933
95.006533
95.041700
95.091100
95.154967
95.199500
95.307933
95.362267
95.400833
95.536833
95.597033
95.739400
95.865667
95.977467
96.264200
96.306167
96.362267
96.478267
97.267400
97.435900
97.515700
97.554700
97.614767
98.035900
98.782367
99.067500
99.105433
99.172367
99.506867
100.619033
100.894000
100.937000
100.964600
110.705433
111.684633
111.811867
112.780133
112.830933
112.890533
112.946967
112.987067
113.022733
113.060267
113.121300
113.236000
113.324500
113.389300
113.484533
113.599067
113.626767
113.669933
117.954900
118.043367
118.328533
119.514333
119.631567
119.814700
121.292933
121.539033
122.569333
124.088933
125.062267
125.118900
125.250433
125.663633
130.053700
130.110300
130.231600
130.741967
130.788800
131.302267
131.959433
132.097467
132.125600
132.163600
132.473967
132.537333
132.658167
132.743933
132.797933
132.833367
132.888000
132.973200
133.004500
133.110100
133.164933
133.276400
133.324067
133.555600
133.591233
133.636133
133.680300
133.723667
133.765633
133.815867
133.896033
134.154433
134.206167
134.277433
134.334600
134.486000
134.509267
135.265133
136.168900
136.760600
137.074833
137.160367
137.213967
137.265233
137.356967
137.448300
139.343200
139.417767
139.525300
139.573900
139.676467
139.713133
139.755267
139.794867
140.198300
140.498767
140.569900
140.645833
140.687900
141.182067
141.323200
141.349600
141.385133
141.452633
141.532533
141.623633
141.783233
142.121767
142.438000
142.483000
142.561667
142.690500
142.751533
142.791100
143.409467
143.439667
143.572333
143.610367
144.101700
144.904267
144.970067
145.010600
145.069800
145.194300
145.250333
145.306100
145.706800
145.760300
145.868833
146.530033
146.648100
146.727533
146.790333
146.822233
146.856867
146.952733
147.072733
147.133300
147.270333
147.300067
147.317167
147.345667
147.430833
147.455867
147.763733
147.811267
147.848167
147.911733
148.471833
151.566000
158.243300
158.351967
158.449000
158.750933
158.838800
158.915400
159.102533
159.300333
159.451933
160.291400
162.268933
162.643633
163.363600
163.536633
163.853333
163.889067
164.020767
166.187967
166.294467
166.348333
166.476933
166.563233
166.630967
166.744133
166.816300
166.840833
166.870800
166.934467
167.032933
167.079433
167.129100
167.180767
167.272533
167.320333
167.347433
167.385667
167.430400
167.474167
167.558133
167.610200
167.657933
167.714000
167.800167
168.704800
168.747100
170.116433
170.283267
170.379000
170.509200
170.745200
170.959800
171.028767
171.071967
171.118567
171.212700
171.278300
171.344100
171.501867
172.319000
173.315833
173.579300
173.699067
173.735567
173.939267
174.050700
174.199800
174.274733
174.323500
174.365133
174.456333
174.497767
174.554500
174.588033
174.650367
174.704367
174.802600
174.875267
174.921567
174.974967
175.017400
175.084467
175.198333
175.250200
175.334633
175.421900
175.461767
175.561400
175.769267
175.904400
175.940067
176.332900
177.499200
177.543567
177.587600
177.620767
177.706567
177.740100
177.808900
177.840300
182.279800
182.484867
182.638667
182.677167
182.724900
182.855033
182.953600
183.019667
183.077967
183.143967
183.348067
184.577200
185.005800
185.185433
185.280267
185.467833
185.535533
185.589267
185.642400
185.679733
185.729567
185.774067
185.810867
185.846033
185.907267
185.941333
185.967733
186.027867
186.062933
186.083067
186.093167
186.121400
186.154000
186.181733
186.206900
186.285933
186.329667
186.357500
186.381900
186.442167
186.476067
186.513800
186.558667
186.600400
186.633367
186.774500
188.376300
188.450033
188.517467
188.676200
190.041867
190.305333
190.341267
190.534433
190.845600
191.175133
192.764300
192.835400
193.561000
194.796533
194.843867
195.525467
195.938300
195.994867
197.897400
197.986900
198.022533
198.120000
198.169667
198.212933
198.256967
198.290533
198.345033
198.414367
198.485700
198.532367
198.623400
198.718067
198.757967
198.893833
200.431800
201.043933
201.243600
201.315133
201.367867
201.403867
201.489967
201.549000
201.588533
201.643933
201.878767
201.930633
202.025000
202.379367
202.407867
203.847233
203.953367
204.016833
204.069433
204.124367
204.178167
204.257233
204.303200
204.861933
205.093633
205.131400
205.353800
205.424100
205.557233
211.338700
211.481433
212.257567
212.985733
213.027167
213.085300
213.124200
213.169033
213.251433
213.349200
213.400633
213.456333
213.507567
213.591433
213.700833
213.767033
214.161367
215.774100
217.446033
217.498367
217.660400
217.737000
217.848733
217.873767
217.908567
217.943367
217.974767
218.060800
218.115800
218.155333
218.192033
218.271033
218.338800
218.373967
218.412600
218.445567
218.513033
218.548633
218.578133
218.775933
218.967167
219.014333
219.224600
219.312933
219.394433
219.574500
219.754000
220.078900
220.129900
220.179333
220.224833
221.480500
221.577667
222.344000
222.421900
222.472067
223.001233
223.253733
224.216033
224.256900
224.290333
224.333400
224.373000
224.404600
224.693433
224.736400
224.860300
224.899500
224.969100
225.029767
225.122633
225.166400
225.249467
225.624967
226.027900
226.923100
227.290167
227.329400
227.395600
232.002767
232.957267
233.006667
233.292967
233.376967
233.416567
234.216667
234.559533
234.779467
234.821933
234.893200
235.040267
235.104133
235.205267
235.345967
235.544000
236.250600
236.316133
237.179767
237.326333
237.416767
237.439400
237.465833
237.521633
237.546167
237.595400
237.780867
238.593033
238.698067
238.779367
238.817233
239.187933
239.463600
241.362800
241.501133
241.619333
241.668000
241.743433
242.740100
242.795367
242.873367
242.929700
243.843000
244.062133
244.121467
244.158167
244.590100
247.771333
249.769100
250.780600
250.972300
251.036000
251.156500
251.468767
251.589600
251.690233
251.724100
251.843433
251.903733
252.056667
252.366400
253.819733
254.281533
254.815433
254.858333
254.922833
255.010900
255.079467
255.132333
255.464933
255.640300
255.676133
255.709767
256.127467
256.184867
256.228200
256.312567
256.756733
256.800400
256.922400
256.971333
257.068800
257.108067
257.165333
257.198933
257.244467
257.547000
257.636900
257.695367
258.008033
258.087067
258.139133
258.189600
258.279867
258.386467
258.449800
258.611267
258.668567
258.725733
258.798067
258.992800
259.046967
259.100300
259.201300
260.123400
260.168300
260.205433
260.256800
260.485400
260.967733
260.998667
261.074633
261.123467
261.179967
261.220433
261.245633
261.356333
261.414733
261.461867
261.528067
261.608567
261.667233
261.770300
261.797133
261.822933
261.858767
261.894200
261.958233
262.051267
262.160233
262.211667
262.335133
262.382833
264.168700
264.523267
264.570733
264.658633
264.723233
264.794267
265.009300
265.072800
265.150933
265.194767
265.236800
265.362500
265.396967
265.446500
265.557067
265.605133
266.636733
266.992367
267.115700
267.481367
267.551200
267.573400
267.624833
267.662433
267.727667
268.889133
268.935433
268.959333
268.991300
269.059567
269.122800
269.184067
269.213633
269.295467
269.671000
269.946333
269.988967
270.021100
270.087000
270.122733
270.179667
270.218000
270.254200
270.288567
270.356400
270.444533
270.500533
270.646767
270.688967
270.723700
270.765567
270.799333
270.861000
270.891833
270.968667
271.072967
271.113367
271.193333
271.266000
272.255033
272.289400
272.312867
272.345500
272.398667
272.443033
272.463200
272.479033
272.528433
272.578633
272.674600
272.714733
272.794000
272.884100
272.945500
272.983100
273.026167
273.081467
273.128667
273.209600
273.376667
273.705900
273.829833
273.877900
274.108400
274.230400
274.269033
274.301800
274.342967
274.395867
274.424467
274.530400
274.651067
274.701133
274.793133
274.824133
274.847333
274.868067
274.908600
274.961533
274.985700
277.624267
279.311300
279.715700
281.078467
281.657367
284.318933
284.415433
284.489267
285.941833
286.021500
286.596733
287.191700
287.388733
287.763967
287.932700
288.460833
288.567200
288.745500
288.785533
289.138500
289.161800
289.209200
290.238100
290.268833
290.306933
290.346667
290.416533
290.482133
290.520933
290.614800
290.628233
290.644533
290.678567
290.716800
290.827833
290.996233
291.293567
291.560267
291.614900
291.665300
291.721133
291.753733
291.796567
291.843967
291.872500
291.922567
291.951400
291.975700
292.014767
292.037000
292.074267
292.120233
292.161867
292.205800
292.258200
292.321267
292.745433
293.707100
293.829100
293.955600
293.974500
294.553100
294.635400
294.710733
294.746267
294.781067
294.821167
294.892467
294.939233
294.986033
295.035733
295.097033
295.213933
295.371700
295.778533
296.392567
296.439767
296.543667
296.631100
296.685033
296.732933
296.786267
296.839733
296.914400
297.123600
297.180933
297.224700
297.272367
297.325300
297.397000
297.721433
297.843000
297.912233
301.240667
301.644633
302.266500
303.001000
303.083233
303.685167
304.071200
305.892733
306.127567
306.255633
306.391500
306.930933
306.962867
307.007067
307.059733
307.205633
307.371600
307.659900
307.735333
307.863067
307.899067
307.928633
307.966533
308.007800
308.048300
308.079267
308.251600
308.294500
308.352733
308.397733
308.439167
308.510467
308.739500
313.605533
313.618633
313.768400
313.803300
313.918500
313.968000
314.003167
314.085933
314.147400
314.280433
314.334967
314.912733
315.037700
315.147300
315.184700
315.218467
315.289067
315.345733
315.430267
315.452900
315.484600
315.513067
315.554500
315.584200
315.805200
316.001967
316.053233
316.103967
316.143400
316.225667
316.301467
316.378600
316.456667
316.492100
316.566367
316.593433
316.641900
316.688133
316.773233
316.866900
316.907067
317.027300
317.115833
317.324367
317.392267
317.453133
317.552133
317.963833
317.999133
318.181567
318.384400
318.457967
318.487100
318.540633
318.870000
319.242900
319.591900
319.835867
319.918200
320.044400
320.150067
320.196467
320.260667
320.304500
320.332567
320.420433
320.566633
320.615400
320.717667
320.899333
320.995033
321.039633
321.070667
321.101333
321.235900
321.305900
321.377400
321.409567
321.452000
321.485200
321.598667
321.715867
324.076333
324.155667
324.193600
324.232733
324.268267
324.324733
324.397733
324.472800
324.916867
325.168700
325.322533
325.531600
325.573200
325.618267
325.710233
325.771267
325.890300
326.023433
326.057267
326.119467
326.143500
326.228767
326.268400
326.310867
326.353267
326.440000
326.703133
326.745533
327.203433
330.319567
331.715100
331.813567
331.905267
332.733267
333.208533
333.539933
333.603833
333.641567
334.832633
334.884633
335.004767
335.247900
335.307100
335.396667
335.603833
335.676100
335.798700
335.866900
335.914967
335.960200
336.003267
336.091167
336.177633
336.492467
336.526567
336.609900
336.669333
336.889200
336.933233
336.964267
338.087367
338.261033
338.731200
339.429800
339.458467
339.477767
339.531600
339.604500
339.631167
339.665767
339.692467
339.720433
339.767133
339.790467
339.838767
339.881200
339.928867
340.003667
340.121867
345.093533
345.180800
345.453200
346.316833
349.934333
350.002233
350.082967
350.182600
350.247400
350.293500
350.327967
350.749367
350.824600
350.908867
350.962800
351.017267
351.048233
351.139267
351.178267
351.222167
351.380100
351.519167
351.580967
351.660933
352.241467
352.340800
352.406600
352.462167
352.524933
352.737500
352.825733
353.156033
353.247533
353.395133
353.492967
353.531367
353.579000
353.638267
353.668800
353.747633
353.784400
353.832000
353.883067
353.993933
354.049767
354.125767
354.175300
354.248933
354.283133
354.318633
354.361100
354.402967
354.423133
354.458767
354.483200
354.520333
354.547067
354.575267
354.602667
354.632733
354.662367
354.700767
354.737500
354.775333
354.824867
354.861433
354.895167
354.922100
354.961833
354.999633
355.067567
355.113233
355.152300
355.203000
355.245467
355.277933
355.302833
355.332933
355.376467
355.402900
355.432267
355.458000
355.488267
355.519800
355.542867
355.572600
355.604767
355.631767
355.698733
355.730633
355.766967
355.805833
355.838633
355.860500
355.897133
355.980567
356.036733
356.091700
356.126200
356.155900
356.260667
357.186833
357.239300
357.296933
357.336433
357.397967
357.462800
357.550633
357.754633
357.821933
357.905667
357.949633
357.996700
358.068533
358.137633
358.300667
358.465267
358.511367
358.630600
358.673833
358.729433
358.773433
358.804867
358.864867
359.007067
359.086333
359.128300
359.186433
359.324533
359.375567
359.554767
359.608700
359.636000
359.683667
359.726867
359.761867
359.817867
359.845633
359.874100
359.900600
359.931700
359.965233
360.018333
360.101533
360.134433
360.182967
360.222767
360.259900
360.299467
360.365333
360.406767
360.465467
360.509433
360.599333
360.643933
360.678800
360.764000
360.795733
360.826900
360.861233
360.893500
360.962000
361.085733
361.169667
361.213467
361.260767
361.294467
361.355067
361.436767
361.482133
361.524667
361.613000
361.683633
361.834433
361.875800
361.938767
362.028833
362.078767
362.124700
362.176167
362.252033
362.512967
362.568500
362.964333
363.088800
363.153000
363.240333
363.276500
363.381300
363.443600
363.607933
363.667133
363.722000
363.762667
363.796100
363.848800
363.876733
363.903500
363.927467
363.982967
364.008633
364.046100
364.132867
364.228967
364.264267
364.377767
364.379833
364.428233
364.468633
364.599267
364.651733
364.693000
364.749233
364.800433
364.863900
364.985033
365.038133
365.132267
365.186500
365.285433
365.328767
365.379933
365.419933
365.570100
365.655067
365.709300
365.780400
365.838433
365.874533
365.946267
366.184633
366.264067
366.353333
366.392467
366.481167
366.556733
366.624433
366.739500
366.894067
366.960267
367.043733
367.124033
367.185733
367.299500
368.940333
369.799900
369.903400
372.292633
372.946867
372.980700
373.030567
373.088500
373.129967
373.188233
373.219500
373.259533
373.303200
373.371533
373.408367
373.706433
374.242433
374.290667
374.344667
374.407200
374.720700
374.955867
375.183700
375.627400
377.174867
377.366533
377.656400
377.723533
378.346233
378.431200
378.447633
378.483533
378.547300
378.601433
378.635033
378.686700
378.724100
378.781433
378.814900
378.856133
378.900133
378.951933
378.992800
379.055867
379.115667
379.779467
379.900933
380.277633
380.404600
381.534133
381.668300
381.869233
382.175533
382.452500
382.495200
382.538467
382.585733
382.783433
382.899433
382.961200
383.027000
383.072033
383.112133
383.190300
383.662567
383.874200
386.704767
387.068400
387.147133
387.622200
387.669333
387.712233
387.754667
387.970733
388.015800
388.059967
388.148933
388.196133
388.336800
388.397233
388.506367
388.533500
388.574000
388.685900
388.802867
388.982567
389.017933
389.062633
389.264133
389.423200
389.479133
390.511133
390.548700
390.605733
390.634100
390.664533
391.409733
391.708133
391.766500
391.801733
391.902233
392.084900
392.121333
392.209400
392.276700
392.379200
392.462567
392.927933
392.981600
394.303367
396.176800
396.250500
396.433633
396.542433
396.595167
396.978033
397.070900
397.172833
397.253267
397.375700
397.491000
397.541667
397.579467
397.622367
397.752700
397.931000
397.983800
398.031700
398.128367
398.175467
398.229100
398.289667
403.250667
405.787367
405.871867
406.338533
406.404900
407.460733
409.473767
409.548400
409.716600
410.060100
410.119200
410.140700
410.222100
410.268900
410.317933
410.401467
410.453800
410.697900
410.809100
410.811767
411.567000
411.623900
411.688967
411.748167
411.796100
411.937833
411.997833
412.074367
412.128400
412.497800
412.585400
412.642333
412.677933
412.728600
412.789700
413.705567
413.797567
414.073033
414.167300
414.200200
414.259533
414.289367
414.347867
414.540500
414.588967
414.953500
415.366267
415.580200
415.726867
415.765267
415.900333
415.924800
415.955433
415.996433
416.030700
416.066767
416.092000
416.122733
416.184700
416.231700
417.115567
417.157100
417.193433
417.261133
417.287733
417.345067
417.370767
417.402567
417.447467
417.473233
417.494633
417.573067
417.605000
417.671700
417.986167
421.565800
421.702233
421.807467
421.951300
421.979467
422.011367
422.047567
422.069800
422.110400
422.146333
422.191200
422.403767
422.439300
422.463467
422.499000
422.526367
422.586933
422.622433
422.654833
422.692567
422.733167
422.760533
422.786033
422.823333
422.902200
422.935367
422.970700
423.001033
423.034600
423.059833
423.090967
423.116100
423.150400
423.181267
423.246300
423.293367
423.333800
423.367267
423.395167
423.455633
423.496067
423.539567
424.227767
424.487567
424.561633
425.425967
425.450600
425.754767
426.088100
426.374467
426.708033
426.975033
427.135333
427.268467
427.462967
427.546800
427.579767
428.286400
428.322800
428.370633
428.453500
428.572900
428.606933
428.671033
429.088367
429.774733
430.134667
431.513633
431.934300
431.979800
433.006667
433.060633
433.162733
433.542333
433.611167
433.659500
433.729633
433.767867
433.997667
434.044433
434.134133
434.236867
434.300667
434.402533
434.477000
434.514800
434.585900
435.598867
435.740400
436.281267
436.680267
436.716000
436.950233
437.048167
437.100300
437.143267
437.181700
437.237833
437.293867
441.217567
442.041100
442.493433
442.591700
442.827333
442.883033
443.069367
443.287400
443.384600
443.454833
443.510300
443.572200
443.634633
443.686833
443.720467
443.786433
443.820033
443.870733
443.910300
443.941333
443.994600
444.093833
444.299733
444.389033
444.632967
444.675133
444.913300
445.206067
445.247900
445.447167
445.512967
445.542567
446.295533
446.380000
448.899567
452.719867
453.051000
458.120567
458.525333
458.555500
459.655267
459.660433
459.832967
459.953533
459.983600
460.864300
460.997433
461.046667
461.100500
461.235267
461.378533
461.625867
464.016933
464.091533
467.262467
467.512233
467.560767
467.638600
467.691200
470.905767
470.956767
471.661233
471.747467
471.794700
471.830467
471.885233
471.924567
471.958533
471.983300
472.015033
472.052033
472.095167
472.151133
472.914800
473.005700
473.126667
473.180600
473.223533
473.577867
474.303567
477.274533
477.389933
477.461367
477.560567
477.630967
477.789800
478.152367
480.441500
480.656733
480.685433
481.201700
481.250400
481.311967
481.795300
481.897100
482.046433
482.240900
482.315833
482.606067
482.889533
483.022033
483.132733
483.174600
483.218133
483.274567
483.320733
483.366567
483.418633
483.463267
483.538600
483.586067
483.622433
483.707267
483.838000
484.124167
484.161533
484.201233
484.226533
484.265033
484.311867
484.351567
484.390100
484.488600
484.568667
484.663533
484.696900
484.734833
484.803600
484.839100
484.893633
484.927067
484.961200
484.993633
485.032467
485.063733
485.095133
485.130133
485.160367
485.188267
485.224833
485.257033
485.321833
485.373067
485.420567
485.464533
485.498600
485.609133
485.652700
485.703833
485.747633
485.793367
485.822200
485.868333
485.950600
485.994500
486.170100
486.297467
486.843733
486.915333
487.064767
487.086400
487.120167
487.143167
487.179700
487.212467
487.245933
487.289233
489.072700
489.619833
489.627700
490.048100
490.154867
490.188500
490.236267
490.342100
490.382033
490.444467
491.380600
492.824533
493.524700
494.098400
494.137733
494.221500
494.523100
495.261433
495.309000
495.371333
495.432467
495.463100
495.510933
495.545167
495.575967
495.739767
495.819167
495.879567
495.972700
496.403633
496.452600
496.808933
496.929800
496.977933
497.019667
497.082700
497.125467
497.313933
497.514700
498.636633
499.451700
499.978267
500.085900
500.211300
500.251433
500.626467
500.687233
500.941067
501.086467
501.241700
501.426567
501.475300
501.631733
501.775567
501.818500
501.854067
501.896633
501.926500
501.960133
502.035667
502.068133
502.100900
502.111100
502.223067
502.283333
502.418967
502.473967
502.564233
502.590867
502.768333
502.816233
502.900833
502.933400
502.988233
503.753067
503.866267
504.012567
504.436100
504.438767
504.503567
504.732533
504.913167
505.010567
505.051833
505.241567
505.744700
505.920133
506.044567
507.106467
507.197433
507.232933
507.494967
507.999733
508.083000
508.157100
508.194867
508.250100
508.779533
508.873767
509.015900
509.059867
509.093067
509.123400
509.165700
509.205667
509.245833
509.297167
509.455800
509.548667
509.672067
509.762967
509.795167
509.910200
510.445600
510.506400
510.804167
510.834567
510.896700
510.963200
511.014600
511.066800
511.148600
511.283133
512.083900
512.129067
512.210333
512.278533
512.320000
512.473533
512.521600
513.032900
513.117233
513.295633
513.357300
513.410467
513.487367
513.540933
513.604100
513.704533
513.739667
513.778400
513.811700
513.853367
513.898533
513.937167
513.973967
514.087133
514.144833
514.209200
514.346667
515.575067
515.638633
515.667367
515.694300
515.750933
515.779600
515.854833
515.903800
516.017733
516.019400
518.493167
518.595267
521.161500
521.617800
524.036633
524.995767
525.189567
525.454667
525.575433
525.638700
525.690333
525.959000
525.987867
526.025833
526.068400
526.300667
526.345633
526.391367
526.485267
526.560800
526.902400
527.084633
527.154533
527.994067
528.037300
528.460133
529.158700
529.463600
529.552200
529.610733
529.779767
529.924400
530.038867
530.842233
530.949100
530.981167
531.054667
531.096233
531.117333
531.146667
531.166667
531.192033
531.218467
531.245767
531.285767
531.330833
534.710300
534.772000
535.837933
535.952133
535.973533
536.019167
536.067967
536.125500
536.221667
536.293633
536.710533
536.999733
537.064467
537.098733
537.245167
537.272333
539.170233
539.251400
540.434933
540.802233
540.905633
541.027733
542.053233
542.496233
542.582433
543.712467
544.648933
544.886733
544.927767
545.015333
545.041467
545.070033
545.105733
545.140567
545.170433
545.195733
545.241667
545.288233
545.626900
546.478667
546.554100
546.794233
546.921300
546.963133
547.034367
548.113900
549.576067
550.009700
550.076400
550.369100
550.845300
551.396200
551.452133
553.133133
554.397667
554.720967
554.771200
554.834867
554.864567
555.124367
555.222400
555.308633
555.393967
555.432567
555.542233
555.618233
555.685267
555.758533
555.814500
555.890033
555.934933
556.071100
556.122533
556.169567
556.330233
556.607667
556.670700
556.721567
557.234100
557.667900
557.926767
558.453167
558.712633
558.823100
558.878567
558.919600
559.046800
559.087700
559.127733
559.178333
559.222667
559.526567
559.558800
559.653533
560.418533
560.502000
560.583367
560.612200
560.948467
561.261333
561.303933
561.385833
561.457033
561.504367
561.709667
561.830533
561.898667
561.935200
561.989967
562.030400
562.056500
562.096567
562.181933
562.208600
563.607567
563.614300
563.646467
563.677900
563.713500
563.742467
563.847067
563.887967
564.224933
564.350500
564.369633
564.387733
564.471533
564.547500
564.668733
564.697733
564.763367
564.806133
566.132767
566.187333
566.262900
566.308700
566.612467
567.369500
567.667233
567.707767
567.744800
567.797900
567.898233
567.957267
568.028500
568.087633
568.169067
568.535900
568.580633
568.780067
568.984933
569.030367
569.102467
569.483233
569.524067
569.594767
570.601433
570.869500
571.202100
571.311400
571.566700
571.624433
571.774967
571.931767
572.255800
572.287533
572.415100
572.454500
572.517700
572.555867
572.590033
572.620833
572.658167
572.686133
572.717767
572.750967
572.804467
572.849933
572.904433
572.963333
573.000433
573.073433
573.144900
573.195133
573.247100
574.536700
574.571400
575.567333
576.139667
576.929700
577.428267
577.859633
578.039667
578.199467
580.617100
580.710567
580.956567
580.989833
581.059567
581.118200
581.179533
581.227533
581.261233
581.302867
581.340833
581.383100
581.447400
581.473300
581.536433
581.582867
581.613267
581.665433
581.742433
581.794400
581.844833
581.995600
582.035700
582.062467
582.096300
582.176833
582.197833
582.288300
582.311600
582.345700
582.368200
582.540900
582.616567
582.680600
583.003300
583.077633
583.126533
583.162267
583.229267
583.431300
583.498500
583.535667
583.586700
583.691967
583.871667
583.914033
583.956533
584.014033
584.074067
584.162933
584.220367
584.259633
584.305133
584.392433
584.440100
584.485167
584.565733
584.636333
584.697800
584.756433
584.794100
584.850333
584.887767
585.058267
585.130167
585.202733
585.231800
585.301333
585.395600
585.499833
585.542867
585.585967
585.672033
585.742933
585.912567
585.967367
586.307033
586.389433
586.494500
586.575533
586.655900
586.715100
586.756833
586.802133
586.917967
586.999100
587.040533
587.316400
587.387300
587.436467
587.556067
587.648600
587.739767
587.796333
587.872767
587.902400
588.039933
588.078733
588.162267
588.364400
588.530767
588.737633
588.889500
588.956533
589.021400
589.330233
589.383367
589.603600
589.941967
590.007767
590.042400
590.068233
590.115733
590.153967
590.174633
590.202800
590.233700
590.269567
590.301967
590.332033
591.379900
591.415767
591.664567
591.804100
592.069400
592.813967
593.798067
593.863700
593.923367
593.998833
595.333067
595.785067
599.925133
599.979900
600.648100
601.719733
601.752000
602.848267
602.991767
603.034900
603.230633
604.666000
605.472500
606.332267
606.371433
606.398933
606.430067
606.458367
606.494033
607.798067
607.857767
607.942167
607.990767
608.053733
608.865733
608.896467
609.415267
610.123133
610.215233
610.270933
610.331767
610.576000
610.614533
612.096067
612.227333
612.336733
613.668133
614.296133
614.386933
614.413500
614.560567
614.686600
614.990500
615.032633
615.037367
615.537567
616.016067
616.074467
616.419867
616.514467
616.586967
616.613133
616.863000
617.234633
617.286267
619.699667
620.025867
620.145467
620.640567
620.704267
620.793533
620.830033
620.931733
621.153967
621.718867
621.802900
622.110167
624.358367
624.755267
625.472933
627.303933
627.368400
627.394533
627.425100
627.548333
627.579933
627.616000
627.634867
627.682333
627.856967
627.936433
627.973967
628.025133
628.121467
628.166733
628.245800
628.317733
628.356500
628.453800
628.491600
628.533000
628.598233
628.689467
628.801333
628.835600
628.906900
628.949800
629.003233
629.043033
629.082067
629.169867
629.244100
629.296567
629.359133
629.422367
629.458200
629.550200
629.620700
629.708533
629.762633
629.812267
629.894067
629.937933
629.985133
630.052000
630.180033
630.233433
630.271967
630.348933
630.378000
630.413733
630.464567
630.504700
630.549767
630.620500
630.900700
631.298100
631.392333
631.423300
631.453167
631.530700
631.596833
631.662433
631.736000
631.896133
631.931567
631.956033
632.006267
632.062100
632.386167
632.432100
632.481200
632.962433
633.276667
633.901200
635.103467
636.963500
637.561933
637.625367
637.893233
638.020167
638.069433
638.099100
638.131767
638.158133
638.198200
638.227733
638.270367
638.330200
638.370733
638.415100
638.588967
638.669267
638.714733
639.334067
639.394200
639.791633
642.355933
642.392833
642.601900
644.828200
646.049800
646.736467
647.364800
647.387567
652.569567
653.800100
653.981133
654.007367
654.096300
654.392167
654.438300
654.475033
654.511500
654.554567
654.674700
654.840300
655.021267
655.071000
655.114500
655.137167
655.164700
655.685200
655.726233
655.842633
655.881967
656.013867
656.074367
656.125367
656.186200
656.395633
656.465967
656.568200
656.656000
656.711700
657.293433
657.778233
657.858500
657.962667
658.307833
658.341133
658.437867
658.474133
658.556167
658.598400
658.636167
658.685633
658.724533
658.757767
658.802333
658.850600
658.901700
659.857767
659.908333
659.941100
659.975767
660.026600
660.050267
660.104667
660.144467
660.235767
660.274033
660.310667
660.383900
660.447567
660.561067
660.618300
661.028300
663.158533
663.691033
663.899600
664.525500
665.288800
665.561467
665.798000
667.174033
667.223133
668.183733
668.341567
668.521633
668.688967
668.740700
668.778400
668.842733
668.942867
669.033500
669.308700
669.341700
669.393733
669.523533
670.074733
670.245300
670.313100
670.437500
670.484733
670.609567
670.650500
670.686400
670.741200
670.776133
670.807667
670.873367
671.026067
671.062567
671.093000
672.206733
672.267900
672.305400
672.380300
672.417800
672.459000
672.484967
672.534867
672.666133
672.742933
672.781333
672.834500
672.871567
672.908300
672.966967
673.006967
673.077800
673.136300
673.163700
673.193067
673.265067
673.387100
673.487000
673.622333
673.815933
673.878433
674.206633
674.248967
674.518433
674.634433
675.036633
675.078567
675.171400
675.204167
675.250967
675.356467
675.482267
675.549100
675.593200
675.632867
675.676833
676.633000
676.673700
676.701833
676.731533
676.772500
676.881167
678.327600
678.493767
678.662333
678.795533
678.904000
678.940833
679.274067
679.340167
680.499600
680.533533
680.576133
680.624033
680.677200
681.350700
683.158200
684.162233
684.229067
684.260567
684.330800
684.369133
684.401633
684.434067
684.439633
684.501533
688.246867
688.366833
690.236633
690.280133
694.543367
694.575567
694.698400
694.736200
695.115000
695.161800
696.040800
696.235233
696.269900
696.310733
696.364267
696.420367
696.538000
697.112233
697.152167
700.430267
701.542967
701.637467
701.711333
701.759033
701.941400
701.974867
702.048567
702.247867
702.282000
702.418200
702.601167
702.720867
702.765800
704.254700
704.286700
704.401033
706.297133
706.337233
706.400467
706.604633
706.946400
708.323567
708.484400
708.617900
708.662067
709.055600
710.498867
710.581400
710.613300
710.653500
710.695133
710.764733
710.821200
710.866333
710.906233
710.932667
710.995333
711.069067
711.141467
711.384700
711.490567
711.534933
711.623100
711.711600
711.757633
711.800500
711.840100
711.888700
711.986467
712.029533
712.070600
712.132333
712.182900
712.222567
712.350600
712.400433
712.444100
712.505233
712.542700
712.578667
712.634833
712.673100
713.340133
713.385600
713.453933
713.516933
713.832967
713.889067
713.926800
713.967567
714.039200
714.126833
714.325967
714.433000
714.489800
714.601967
714.707933
714.771167
714.816267
715.077933
715.286933
715.615633
715.685033
715.805467
715.845800
715.898933
716.503067
716.582767
716.643667
716.687667
716.720733
716.785267
716.911867
717.016133
717.091700
717.193133
717.465867
717.572967
717.615700
717.879800
717.950533
718.350567
718.380500
718.440767
718.603167
719.025200
719.214067
719.279833
719.319933
719.360067
719.434433
719.483467
719.551267
719.610300
719.646867
719.691267
719.729367
719.765500
719.809700
719.853233
719.911167
719.983200
720.060433
720.125567
720.157733
720.201300
720.236833
720.269933
720.318100
720.390833
720.495500
720.557967
720.752667
720.845067
720.891067
720.932733
720.978567
721.054367
721.093600
721.167633
721.214667
721.261333
721.295900
721.332433
721.383267
721.425767
721.462767
721.502633
721.530133
721.581133
721.621800
721.653367
721.669867
721.759967
721.803900
721.937733
721.984267
722.059700
722.145333
722.217200
722.551933
722.722333
722.856300
722.893800
722.933867
722.969000
723.009933
723.097800
723.124533
723.172600
723.243167
723.258700
723.311633
723.350333
723.417933
723.531267
723.624600
723.648100
723.765767
724.006833
724.124100
724.196767
724.264633
724.326833
724.439967
724.757467
724.851067
724.915433
724.957267
725.003533
725.046400
725.093767
725.362767
725.437367
725.528433
725.581300
725.615300
725.624600
725.690300
725.733867
725.763667
725.868500
725.901833
725.971500
726.022800
726.064800
726.105367
726.158400
726.262900
726.975667
727.016567
727.099433
727.140233
727.193233
727.248867
727.283467
727.327333
727.362033
728.962633
729.010267
729.277167
729.543967
729.697433
731.761800
735.552933
735.587133
735.636900
735.922533
735.977333
736.038933
736.130567
736.394700
736.809600
737.178267
737.717267
737.912600
737.984867
738.022400
738.134900
738.281200
738.390100
738.518333
738.553567
738.678833
738.749733
738.856800
739.714567
740.786033
741.212000
741.278767
741.311967
741.361867
741.455700
741.566000
741.610133
741.662633
741.757500
741.803133
741.858400
741.906133
741.958867
742.017533
742.099367
742.144067
742.324967
742.413767
742.869200
742.901967
743.011133
743.511333
743.673267
743.830067
744.284667
744.889967
745.253567
745.342833
745.362467
745.380400
745.465533
745.546133
745.603400
745.832733
746.078000
747.526400
747.770267
747.846800
747.895100
747.975867
748.015833
748.047833
748.130600
748.235967
748.447333
749.450367
750.888267
753.403600
753.812400
754.082233
754.519567
755.317600
755.487367
755.571000
755.656633
755.818133
756.013467
756.081500
756.206033
756.427333
756.840800
756.878567
756.938567
756.984500
757.016367
757.047733
757.076267
757.104967
757.131300
757.162233
757.209333
757.245633
757.283267
757.403567
757.955567
758.040200
758.073800
758.106900
758.184400
758.289567
758.362333
758.411233
758.452667
758.536500
758.599967
758.652300
758.703700
758.745833
758.773267
758.858800
758.898100
758.928633
759.005167
759.043800
759.085233
759.140133
759.207000
759.256100
759.463033
759.879967
760.839100
761.096633
761.182433
761.301300
762.581800
762.621100
762.880867
762.954167
762.991233
763.422267
763.516033
763.967900
764.013233
764.538767
764.593867
764.707500
764.953467
765.001767
765.037867
766.114367
766.301200
767.260467
767.812100
768.218767
768.410567
768.516433
768.604333
768.845300
768.888067
768.965700
769.161767
769.240167
769.547567
769.765667
769.836633
769.899500
769.962333
770.096333
770.530567
771.106867
771.127333
771.234133
771.988800
772.064267
772.100633
772.165067
772.223267
772.270833
772.347333
773.774867
773.875267
773.943900
773.983900
774.021333
774.056233
774.106067
774.406333
774.877900
774.961167
775.042233
775.452933
775.634233
777.296000
777.641167
778.110500
779.367067
780.217500
780.511400
781.019433
781.148000
781.994733
782.172133
782.372233
782.594367
782.974567
783.024700
783.263267
783.464667
783.518933
783.577500
783.876067
783.918267
783.965767
784.004533
784.051867
784.094900
784.176100
784.312667
784.370700
784.443600
784.508367
784.660767
784.715033
784.761733
784.770033
784.867100
785.136567
785.227367
785.280900
785.323200
785.421233
785.464967
785.493633
785.541167
785.577467
785.633767
785.730767
785.780400
785.831733
785.864333
785.969667
786.169167
786.228267
786.310000
786.352533
786.385733
786.418867
786.468967
786.504367
786.598233
786.665900
786.774267
786.824233
786.876133
786.917133
786.953933
786.987767
787.264233
787.355533
787.416333
787.464967
787.607733
787.678067
787.729500
787.808533
787.879733
788.006833
788.150033
788.301433
788.364033
788.414200
788.447067
788.493600
788.529967
788.565567
788.606900
788.763600
788.851833
788.911467
788.940000
788.975100
789.048033
789.073300
789.104800
789.125533
789.171233
789.209867
789.242400
789.275467
789.308767
789.329500
789.361167
789.393467
789.421733
789.458833
789.495733
789.522767
789.548600
789.647933
789.684767
789.722933
789.746133
789.776367
789.849900
789.890467
790.093967
790.554233
790.628100
790.688167
790.804633
790.855733
790.988867
791.109367
791.186233
791.260867
791.348867
791.457933
791.518500
791.558700
791.595967
791.770033
791.826533
791.878900
792.015033
792.056000
792.963800
793.411633
793.563167
793.594900
794.033800
794.064833
794.108267
794.230833
794.678967
795.577433
795.664900
795.969133
796.017233
796.081500
796.337567
797.461900
797.571867
798.426133
798.454733
798.486333
798.521667
798.550600
798.576133
798.612833
804.664833
806.982800
808.160000
809.569000
809.607367
809.644000
809.700600
809.744433
809.867100
810.182067
810.334400
810.982033
811.161667
811.233033
811.591333
811.849433
811.894100
812.000267
812.065500
812.234367
812.319567
812.559533
812.619967
812.724333
812.846233
812.912633
812.975033
813.121767
813.397033
813.582233
813.709200
813.740333
813.822200
813.848500
813.902233
813.979000
814.134367
815.169300
815.278800
815.320100
815.756367
816.173133
816.330300
816.381133
816.408200
816.440033
816.461333
816.479900
816.500500
816.529833
816.559100
816.669667
816.709567
816.741467
816.766700
816.803067
816.823600
816.850767
816.873700
816.910500
816.964367
817.245233
817.347433
818.956933
820.512033
820.548300
822.183667
822.474733
822.948133
824.103633
824.215500
826.008233
826.083367
826.151933
827.069867
827.196767
830.055067
830.161800
830.308400
830.474900
830.987733
831.228967
831.342267
831.383767
831.734167
831.764333
831.966833
832.459767
832.515533
832.572567
832.622767
832.658933
832.695433
832.728467
832.758333
832.795667
832.837400
833.707467
833.879033
833.994133
834.152767
834.177367
834.210967
834.234133
834.284967
834.326733
834.362233
834.417033
834.536467
834.630567
835.594700
835.735167
835.933167
836.000967
836.691467
836.718433
836.808767
836.856433
836.895033
836.948400
838.109200
838.577867
838.604900
838.650067
838.796000
838.831267
838.860133
838.890700
838.918267
838.943967
838.992700
839.036867
839.089733
839.119200
839.151533
839.237767
846.078800
846.213133
846.324933
846.427967
846.480100
846.644733
846.689467
847.004467
847.066900
847.294433
847.819300
847.870667
847.904067
848.214867
848.267667
848.312833
848.358900
848.579500
848.658167
848.701367
848.736333
848.782767
848.853233
848.885533
848.937133
849.010067
849.060000
849.131433
851.178233
851.334900
851.615533
851.663333
851.688367
851.907967
851.945767
852.148167
852.692700
852.918933
853.029267
854.011433
854.089933
854.136633
854.730233
855.992067
856.099433
856.147733
856.244400
856.370300
856.516100
856.671367
856.722933
856.819233
856.908433
856.990800
857.035667
857.081800
857.182467
857.231300
857.285200
857.409933
857.470867
857.517267
857.552600
857.619400
857.679600
857.760900
857.899267
857.958567
858.108000
858.350933
858.415500
858.451233
858.596367
858.632000
858.665900
858.739267
858.772633
858.837767
858.873200
858.938867
859.035267
859.079467
859.123533
859.154967
859.182067
859.252600
859.330467
859.370233
859.467033
859.491233
859.635733
859.671833
860.251833
860.325800
860.407367
860.465200
860.512433
860.563933
860.666000
860.761967
860.799667
860.886767
861.998433
862.056700
862.234567
862.364867
862.412967
862.437833
862.502733
862.527200
862.534767
862.819700
863.283033
863.546533
863.605067
863.733333
863.818533
863.872000
863.933700
863.971533
864.129800
864.163767
864.272733
864.343433
865.754067
867.014300
868.478167
868.637300
868.700767
868.759767
868.791900
868.829000
868.871967
868.892767
868.926933
868.951067
868.987300
869.015667
869.039567
869.067933
869.092367
869.157300
869.203600
869.245967
869.287433
869.325367
869.424900
869.481967
871.628067
873.721233
875.435300
875.489833
875.701800
877.918067
878.003200
878.056733
878.407700
878.710433
878.749033
878.813167
878.852167
878.897967
878.971433
879.028800
879.107000
879.158433
879.237000
879.274567
879.304400
879.359367
879.395767
879.439067
879.544367
879.677533
879.763233
879.795467
879.887000
879.939967
880.985967
881.078533
881.117400
881.173567
881.199433
881.289933
882.021967
882.188700
882.233733
882.292333
882.398733
882.441533
882.515833
882.779200
883.075633
883.131867
883.170867
883.250133
883.899333
884.030033
884.377567
884.711467
884.764033
884.843500
884.933567
885.275167
885.321067
885.437000
885.475567
885.526367
885.573233
885.729233
889.919767
890.328933
890.515500
891.543100
891.602233
891.786300
892.070167
892.201867
892.242500
892.322033
892.381000
892.566867
892.635600
893.438467
893.657533
893.714467
893.750700
893.834467
893.895800
894.212933
894.541700
895.282433
896.692133
896.809967
897.050233
897.201700
897.672833
897.739767
897.797333
897.881233
898.356100
898.519967
898.966267
899.003933
899.062133
899.745500
899.787300
899.823100
899.865167
899.901700
899.955433
899.994067
900.045033
900.314433
900.361000
900.444833
900.498867
900.556400
900.587100
900.637567
900.669333
900.681500
900.699000
900.770567
900.854667
901.057967
901.601533
902.708767
903.860667
904.467900
904.571267
904.641867
904.735700
904.760400
905.565533
905.706700
906.159667
906.208967
906.340667
906.517900
906.603933
906.646100
906.685700
906.806500
906.869500
906.923200
907.131200
907.281667
907.425667
907.735900
907.801867
907.845967
908.020267
908.066700
908.121167
908.155833
908.189000
908.219033
908.261633
908.338733
908.375133
908.418567
908.467333
908.500200
908.529900
908.572333
908.650167
908.780033
908.825700
908.925833
909.076233
909.164233
909.224733
909.320200
909.355400
909.395700
909.436967
909.478933
909.535067
909.548200
909.584767
909.645700
909.687067
909.807667
909.850867
909.884067
909.919667
909.959400
909.995200
910.039533
910.098367
910.152333
910.219433
910.270633
910.342033
910.388267
910.439200
910.487700
910.539733
910.612267
910.647767
910.685333
910.716567
910.787367
910.821800
911.301833
911.376733
911.434733
911.506500
911.625800
911.664867
911.756033
911.789100
911.858667
911.960400
912.007200
912.057100
912.097533
912.497467
912.528533
912.617300
912.805767
913.044967
913.173567
913.306233
913.333767
913.393567
913.493967
913.578167
913.724800
913.886000
914.021967
914.114000
914.185300
914.312267
914.359967
914.440400
914.646633
915.221833
915.607367
915.645867
915.723200
915.826433
915.944100
915.994733
916.039633
916.346600
919.538467
919.673633
919.713967
919.763400
919.802900
920.000300
920.149867
920.182433
920.228600
920.283000
920.373967
921.430033
921.577800
921.657067
921.861167
921.911633
921.972833
922.123033
922.255867
922.362600
922.695333
922.770867
923.728067
925.214633
925.294267
925.400700
929.675167
930.487867
930.828333
930.989167
931.928467
932.096367
932.151067
932.267867
932.292000
932.315333
932.347267
932.464000
932.536167
934.605467
936.367333
937.699767
938.379333
939.608900
940.826233
941.477167
942.067033
942.142333
942.216800
942.275567
942.335200
942.400067
943.555467
944.023833
944.076533
944.436300
945.502900
945.553133
945.690400
945.800033
946.327033
946.374833
946.463067
946.958800
947.038633
947.179267
947.315900
947.421733
947.921467
947.955400
948.016200
948.069967
948.191633
948.274000
949.413033
950.125467
950.244533
950.333067
950.447433
950.794733
950.842467
952.235633
952.593933
952.717200
955.642833
956.902267
956.993267
958.733133
958.817300
959.544400
959.891433
959.937167
960.324200
960.366767
960.722033
961.082100
961.142400
961.910633
961.946433
961.987300
962.019567
962.051233
962.092133
962.125667
962.149500
962.166700
962.190233
962.223867
962.257033
962.303700
962.366267
962.401300
962.534333
963.798600
964.141867
964.226333
965.300933
965.653833
965.794967
965.920033
967.188167
967.355367
967.396867
967.430800
967.468800
967.562500
967.624133
967.684100
967.727633
967.765667
967.847467
968.149433
968.385967
968.443100
968.635167
969.042033
969.200967
969.334633
969.529267
969.576467
969.827767
971.568700
972.439567
972.504400
973.482333
973.512400
973.614967
975.252633
976.438000
976.791767
977.471000
978.370300
978.629900
979.042100
979.108967
979.198800
979.247167
979.282400
979.323733
979.376133
979.813500
980.037033
980.197633
981.216500
981.267333
981.342767
981.384033
981.424400
981.459367
981.503033
981.591400
981.633767
981.683200
982.916167
982.967300
983.396367
983.575300
983.657567
983.716100
983.743900
983.792833
983.826200
984.103700
984.152700
985.112067
985.158400
985.222867
985.255000
985.292767
985.383667
985.498300
986.522433
988.822400
988.849467
988.913133
988.969800
989.059067
989.122067
989.190633
989.333567
993.877733
993.967433
994.122333
994.832633
994.872600
994.916167
994.947033
995.007567
995.026467
995.057133
995.150967
995.179767
995.771100
996.071900
996.152667
996.198533
996.249767
996.383400
996.450900
996.480900
996.516800
996.655133
996.868600
996.990367
997.318000
999.301167
1000.192633
1000.397333
1000.972200
1001.468033
1001.524000
1001.569333
1002.175933
1002.345167
1002.546500
1003.803533
1003.857367
1003.919367
1003.985167
1004.069200
1004.122933
1004.190133
1004.547600
1004.595600
1004.728967
1006.120800
1006.161400
1006.191967
1006.229933
1006.275333
1006.310933
1006.356700
1006.397967
1006.466833
1006.934233
1007.027233
1007.118467
1007.251833
1007.307667
1007.566200
1007.708000
1008.123500
1008.171600
1008.337067
1008.394767
1008.537700
1008.580900
1008.640833
1008.747967
1008.891200
1009.112233
1009.170000
1009.222567
1009.307433
1009.365400
1009.443833
1009.531867
1009.563233
1013.150000
1013.909900
1013.966000
1014.029833
1014.175433
1014.265667
1014.522933
1014.649233
1014.699267
1014.837600
1015.343533
1015.859133
1016.676433
1016.816267
1017.012167
1017.064400
1017.118933
1017.157833
1017.206800
1017.281067
1017.341300
1017.411833
1017.726033
1018.295800
1018.464367
1018.466000
1019.532767
1019.636833
1019.863867
1020.154067
1021.561600
1021.627600
1021.675700
1021.730533
1021.784900
1022.276000
1022.786767
1022.835100
1022.874033
1022.928067
1022.986367
1023.285733
1023.321533
1023.360300
1023.419333
1023.528533
1023.567033
1023.641767
1023.723467
1023.821500
1023.882533
1023.932933
1023.965433
1024.029167
1024.223633
1025.336900
1026.048467
1026.083100
1026.190733
1026.245167
1026.278333
1026.307567
1026.352400
1026.392000
1026.444667
1026.519000
1026.544367
1026.598267
1026.668067
1026.755933
1027.015967
1027.205867
1027.561467
1027.624567
1027.694533
1027.769967
1027.836533
1027.894533
1028.031633
1028.073800
1028.464300
1028.584767
1028.628733
1028.687500
1028.727867
1028.780200
1028.814267
1028.880867
1028.973033
1028.996600
1029.038967
1029.069600
1029.102533
1029.132233
1029.169133
1029.254200
1029.289267
1029.326400
1029.373333
1029.405767
1029.446100
1029.518133
1029.550933
1029.573233
1029.618800
1029.654733
1029.679633
1029.711067
1029.763067
1029.807200
1029.848367
1029.919633
1029.968533
1030.018300
1030.122233
1030.157367
1030.217633
1030.360300
1030.456200
1030.490767
1030.527367
1030.593500
1030.681733
1030.712800
1030.793667
1030.855600
1030.924033
1030.969000
1031.056033
1031.097133
1031.179733
1031.238167
1031.262233
1031.353067
1031.413233
1031.453267
1031.495400
1031.570767
1031.612200
1031.677867
1031.720900
1031.804267
1031.840733
1032.031833
1032.171167
1032.242433
1032.277700
1032.323300
1032.367400
1032.538700
1032.618200
1032.683433
1032.981167
1033.008300
1033.043933
1033.086933
1033.122433
1033.221367
1033.261567
1033.294400
1033.337100
1033.394533
1033.451300
1033.497267
1033.574033
1033.639667
1033.669300
1033.741133
1033.770133
1033.799767
1033.856800
1033.949000
1034.099367
1034.171633
1034.225900
1034.321833
1034.451933
1034.550133
1034.580433
1034.625367
1034.648167
1034.734033
1034.778667
1034.812867
1034.861133
1034.912867
1034.951600
1034.983633
1035.037200
1035.124867
1035.176300
1035.235233
1035.475200
1035.520533
1035.558800
1035.603267
1035.634767
1035.675033
1035.711767
1035.785400
1035.855300
1035.896600
1035.925300
1036.028300
1036.096400
1036.225767
1036.269467
1036.370967
1036.445667
1036.497833
1036.527533
1036.655233
1036.696500
1036.726067
1037.019667
1037.131900
1037.177233
1037.245700
1037.338733
1037.419700
1037.478067
1037.545067
1037.695200
1037.808233
1037.834533
1037.885300
1037.939667
1037.981933
1039.988467
1040.494833
1042.277600
1042.560533
1042.636067
1042.691533
1042.754400
1042.808600
1042.944767
1044.397100
1045.220900
1045.284733
1045.518367
1046.256933
1047.086400
1048.346100
1048.380767
1048.423433
1049.073367
1049.121233
1049.191100
1049.222667
1049.281200
1049.314033
1049.367167
1049.521700
1049.558467
1049.668133
1049.731267
1049.794800
1049.839467
1049.886700
1049.923667
1049.950067
1049.990033
1050.091567
1050.138033
1050.178933
1050.289167
1050.440467
1050.514833
1052.012900
1052.794233
1052.840500
1052.873833
1052.908500
1052.970533
1052.999200
1053.048933
1053.076667
1053.103300
1053.134100
1053.939167
1054.274000
1054.382000
1054.436900
1054.506667
1054.585767
1054.670933
1055.309800
1056.253767
1056.256400
1056.317767
1056.353100
1056.403700
1056.464800
1056.543967
1056.574267
1056.816300
1056.841733
1057.829167
1058.035100
1058.320900
1058.885833
1059.123133
1059.313667
1059.768767
1060.839967
1061.190700
1061.251100
1064.025300
1064.047367
1064.430233
1066.146033
1067.116200
1067.976700
1068.092733
1068.144667
1068.202300
1068.427800
1068.489167
1069.124733
1069.231567
1069.322233
1069.487167
1069.948033
1070.034567
1070.116767
1070.195867
1070.272533
1070.447400
1070.868367
1070.976233
1071.288200
1071.363433
1071.455133
1071.495167
1071.589267
1071.622467
1071.660900
1071.693833
1071.904467
1071.951867
1071.972833
1072.015800
1072.044133
1072.076667
1072.122267
1072.155867
1072.199400
1072.233000
1072.274067
1072.308833
1072.363100
1072.398433
1072.427667
1072.485133
1072.517167
1072.555200
1072.592833
1072.627000
1072.711400
1072.883733
1072.974100
1073.525000
1073.539633
1073.622633
1073.656767
1073.690067
1073.833267
1073.901800
1073.949833
1074.334100
1074.429600
1074.475100
1074.565433
1074.679067
1074.886700
1075.540167
1076.105167
1076.296867
1076.746433
1076.801867
1077.900733
1077.963800
1078.023300
1078.082900
1078.118433
1078.256867
1078.300800
1078.342867
1078.560500
1078.640367
1078.757767
1079.118467
1080.279533
1081.003267
1081.164967
1081.236333
1081.333867
1081.403800
1081.461033
1081.998067
1082.081633
1086.328000
1086.373900
1086.424067
1086.913367
1087.283800
1087.607933
1087.678133
1087.717833
1087.773033
1087.887633
1088.250667
1088.375967
1088.586000
1088.640033
1091.545133
1092.109033
1092.260300
1093.473500
1093.655367
1093.891800
1093.949767
1094.022700
1094.063633
1094.540767
1095.172200
1095.763900
1095.817600
1095.904867
1096.002333
1096.299133
1096.465467
1096.527967
1096.589267
1096.658000
1096.730400
1096.834900
1096.897733
1096.933267
1096.989833
1097.023767
1097.183900
1097.236667
1097.297633
1097.347100
1097.398733
1097.431233
1097.468633
1097.530267
1097.622167
1097.946200
1099.868933
1099.891033
1101.009567
1101.060100
1101.178633
1101.480167
1101.527900
1101.592333
1102.158567
1102.211433
1102.520000
1103.707333
1103.784167
1103.857000
1103.893167
1105.329733
1105.365067
1105.432067
1105.652500
1105.726467
1105.772433
1105.807367
1105.846300
1106.902367
1106.980433
1107.027800
1107.094800
1107.168733
1107.240033
1107.351100
1107.551633
1107.608133
1108.312233
1108.735533
1108.787767
1108.910100
1109.240100
1109.385867
1109.564467
1109.601267
1109.659233
1109.701133
1109.760633
1109.812167
1109.869633
1110.048067
1110.080567
1110.110200
1110.156467
1110.410700
1110.471233
1111.604067
1111.655800
1111.699233
1111.738333
1111.743200
1111.780633
1111.834133
1111.948400
1112.022300
1112.102700
1112.136600
1112.173200
1112.205900
1112.231967
1112.261333
1112.290467
1112.333533
1112.369700
1112.410733
1112.782767
1112.841767
1112.927633
1113.009600
1113.048667
1113.091567
1113.143800
1113.167967
1113.247800
1113.275400
1113.324167
1113.350067
1113.388467
1113.432800
1113.477500
1113.583933
1113.714867
1113.852433
1113.881700
1113.924000
1114.047467
1114.099700
1114.154267
1115.251400
1115.466933
1116.140567
1116.172533
1116.305800
1116.376233
1116.407267
1116.493600
1116.578367
1116.617867
1116.651867
1116.693800
1116.742200
1116.769133
1116.803933
1116.838933
1116.872600
1116.908400
1116.958667
1116.997967
1117.040033
1117.092833
1117.155033
1117.239167
1117.281700
1117.332867
1117.397000
1117.477567
1117.530533
1117.579067
1117.725767
1119.138400
1120.143200
1120.237467
1120.325300
1120.381800
1120.411200
1120.457933
1120.488933
1121.482067
1121.588333
1121.639700
1121.718667
1121.749033
1121.788533
1121.861700
1121.927300
1122.202767
1122.283467
1122.369833
1122.400033
1122.448000
1123.428800
1124.164333
1124.904333
1124.971333
1125.060900
1126.446000
1126.474600
1126.527633
1126.564733
1126.586300
1126.616033
1126.666767
1126.718567
1126.765967
1126.800000
1127.254233
1127.581500
1127.719700
1127.796567
1127.881567
1127.940567
1128.011900
1128.197600
1128.362667
1128.432700
1129.143800
1129.230300
1129.586133
1130.160167
1131.039733
1131.160533
1131.268133
1131.312300
1131.354500
1132.246467
1132.351567
1132.413567
1133.513000
1137.469833
1137.569000
1140.671900
1141.434333
1141.511367
1142.815733
1143.338300
1144.588533
1145.085600
1145.140800
1145.467200
1145.533000
1145.611667
1145.872800
1145.945733
1146.023667
1146.198500
1146.275133
1146.445533
1147.799800
1147.840833
1148.303667
1148.346600
1149.339900
1149.413900
1149.426500
1149.455167
1149.504633
1149.540700
1149.581000
1149.618200
1149.691767
1149.729300
1149.758367
1149.805367
1149.834233
1149.896433
1151.017100
1151.052667
1151.091067
1151.206800
1151.251833
1151.343567
1151.384600
1152.672367
1152.728033
1153.214267
1153.491433
1153.523767
1153.553133
1153.703567
1156.779700
1157.011933
1157.072167
1157.141933
1157.268967
1157.610767
1157.793267
1159.670867
1159.733867
1159.825333
1160.573100
1160.638567
1160.945733
1161.017800
1161.055333
1162.376500
1162.484000
1162.647167
1163.162600
1163.199767
1164.331667
1164.423133
1164.531200
1164.566333
1164.608100
1164.643733
1165.444133
1165.490333
1165.593167
1165.657367
1165.697633
1165.942267
1166.717867
1166.830533
1167.075000
1167.134000
1167.167900
1169.671733
1169.950600
1170.811367
1170.858367
1170.958700
1171.343300
1171.467900
1172.231267
1172.314933
1172.349833
1172.395600
1172.431433
1172.463967
1172.535400
1172.558767
1172.575233
1172.616300
1172.685800
1172.751767
1173.001133
1173.099433
1173.125100
1174.187400
1174.241900
1174.315500
1174.375967
1174.451833
1174.791000
1174.899033
1174.940133
1175.925300
1176.241733
1176.427933
1176.539400
1177.165800
1177.370700
1177.405400
1177.570367
1177.685533
1178.264900
1178.450900
1178.568533
1178.612600
1178.679867
1178.744867
1180.036000
1180.407433
1180.458833
1181.244333
1181.441133
1181.633567
1181.684267
1181.723933
1182.895533
1183.064167
1183.094067
1183.157033
1183.321467
1183.433267
1183.735967
1184.111633
1184.196033
1184.249600
1184.322267
1184.352667
1184.487700
1184.743467
1185.530400
1185.617033
1185.692900
1185.772900
1185.818867
1185.855833
1185.903867
1185.947333
1186.086567
1186.152133
1187.704667
1187.755667
1188.665767
1188.713733
1188.759500
1188.802233
1188.856333
1188.927533
1189.086500
1189.224767
1189.281033
1191.575367
1194.464467
1195.375633
1195.412500
1195.537800
1195.591233
1195.630733
1195.636967
1195.675367
1196.265267
1196.835533
1197.234433
1197.322800
1197.715300
1197.760200
1197.926800
1197.968767
1197.996833
1198.040067
1198.076433
1198.106000
1198.137400
1198.169133
1198.233633
1198.260833
1198.295167
1198.336500
1198.366833
1198.389867
1198.447167
1198.473300
1198.500633
1198.532667
1198.566967
1198.605067
1198.698500
1198.809467
1199.912600
1199.978333
1200.037167
1200.090300
1200.165500
1200.290733
1200.341233
1200.397967
1200.529967
1200.590967
1201.446967
1201.784633
1201.898067
1201.965533
1202.012733
1202.032333
1202.074533
1202.105633
1202.179000
1202.222233
1202.258633
1202.309967
1202.404967
1202.483000
1202.501600
1202.541600
1202.608233
1203.299500
1203.342233
1203.376467
1203.417633
1203.456467
1203.526033
1203.556300
1203.589600
1203.631100
1203.660667
1203.702033
1205.118433
1205.778567
1206.347467
1206.381667
1207.954600
1208.018033
1208.117000
1208.348600
1208.406933
1208.834067
1208.865833
1208.938133
1208.969867
1209.007667
1209.048433
1209.109100
1209.154167
1209.188333
1209.211000
1209.233833
1209.265333
1209.312700
1209.353400
1209.385933
1209.412533
1209.438600
1209.462533
1209.492800
1209.547533
1209.578767
1209.615867
1209.759233
1210.116900
1210.545733
1210.547567
1210.595267
1210.632300
1210.679267
1210.715167
1210.748900
1210.785767
1210.829800
1210.870733
1210.899467
1210.945200
1210.998233
1211.065867
1211.162533
1212.287767
1213.754633
1214.257767
1214.326100
1215.613533
1215.683300
1216.268967
1216.569733
1216.651533
1216.777467
1217.322533
1217.513700
1217.562833
1217.618767
1217.670467
1217.712267
1217.751300
1217.798933
1217.859533
1217.914167
1217.970667
1218.028167
1218.224700
1218.382533
1218.548833
1218.633167
1218.679800
1218.712733
1218.745667
1218.786333
1218.815833
1218.887667
1218.931533
1218.963367
1218.998900
1219.062300
1219.113100
1219.189500
1219.236933
1219.270400
1219.338967
1219.386900
1219.747733
1219.865367
1219.941733
1220.031600
1220.090833
1220.154333
1220.206700
1220.247800
1220.276400
1220.332600
1220.399600
1220.925133
1221.011167
1221.079067
1221.141300
1221.187667
1221.253567
1221.326633
1221.391400
1221.453300
1221.495533
1221.652133
1221.725567
1221.774700
1221.850700
1221.892533
1221.933767
1222.084800
1222.151033
1222.287400
1222.425500
1222.460467
1222.484900
1222.523033
1222.558100
1222.627433
1222.778967
1222.865533
1222.913000
1222.994633
1224.278400
1225.283567
1225.319633
1225.368633
1225.451567
1225.481167
1225.517867
1225.602200
1225.631333
1225.665200
1225.701033
1225.912900
1226.103633
1226.209300
1226.532733
1228.727233
1228.849600
1231.610033
1232.122167
1232.391567
1232.715233
1232.767367
1232.857367
1233.406100
1233.503600
1233.540433
1233.565067
1233.598167
1233.670267
1234.301667
1234.636600
1234.689600
1235.936567
1236.038900
1236.340200
1236.374833
1236.422267
1236.508800
1236.578833
1236.630200
1236.676900
1236.757367
1236.921067
1236.961067
1236.995400
1237.047200
1237.090867
1237.121267
1237.175533
1237.307100
1237.339333
1237.367167
1237.388333
1237.421733
1237.808367
1237.899100
1237.965400
1238.008967
1238.075067
1238.175233
1238.217700
1238.603567
1238.727667
1238.879633
1238.922067
1238.982867
1239.027367
1239.135867
1239.293500
1239.332267
1239.393233
1239.552800
1239.609533
1239.837067
1239.917967
1240.120500
1240.698567
1241.799300
1242.037867
1242.085467
1242.132133
1242.213833
1242.245767
1242.277867
1242.310433
1242.337200
1242.472700
1242.536933
1244.027133
1244.134400
1244.179300
1244.233133
1244.273567
1244.328233
1244.469867
1244.533700
1244.596433
1244.689000
1244.759533
1244.803533
1246.257167
1246.314767
1246.414900
1246.456000
1246.543467
1246.634467
1246.676567
1247.143700
1247.374233
1247.830733
1247.941000
1248.103767
1248.291600
1248.340233
1248.551900
1248.594000
1248.761067
1248.871733
1248.899300
1248.939167
1249.488133
1249.555033
1249.585133
1249.639167
1249.674700
1250.010300
1250.046867
1250.092067
1250.282300
1250.335833
1250.407667
1250.461133
1250.500033
1250.536867
1250.571600
1250.711467
1250.757533
1250.794300
1250.837800
1250.881000
1250.920400
1250.960267
1251.095133
1251.156433
1251.959567
1252.006500
1252.621333
1252.811500
1252.841700
1252.878267
1252.920800
1252.951800
1252.997533
1253.030133
1253.067500
1253.104433
1253.143433
1253.184667
1253.462933
1254.034667
1254.071067
1255.347833
1255.400900
1255.428133
1255.461200
1255.487633
1255.512833
1255.543767
1255.580433
1255.650967
1255.720533
1256.111667
1256.162633
1256.554400
1256.637633
1256.756200
1256.811733
1256.857267
1256.906433
1256.998233
1257.054467
1257.134767
1257.337333
1258.106500
1258.150700
1258.194100
1258.283533
1258.496867
1258.540000
1258.584567
1258.650500
1258.689033
1258.724767
1258.728233
1258.752300
1258.817300
1258.863800
1258.912133
1258.945067
1258.984767
1259.040433
1259.071833
1259.138833
1259.215367
1259.250567
1259.287067
1259.352000
1259.383267
1259.423467
1259.450233
1259.496100
1259.526233
1259.564767
1259.600567
1259.647533
1259.696400
1259.730600
1259.807567
1259.900367
1259.934400
1259.969267
1260.006667
1260.039900
1260.086200
1260.127767
1260.188033
1260.233233
1260.283533
1260.328467
1260.377100
1260.808067
1260.874967
1260.926400
1260.973833
1261.200100
1261.636200
1261.688233
1261.784300
1261.846733
1262.009067
1262.211533
1262.268700
1262.389567
1262.648933
1262.729733
1262.923967
1262.992833
1263.029233
1263.086467
1263.173000
1263.209133
1263.317400
1263.401033
1263.455267
1263.508433
1263.849433
1263.959933
1264.091733
1264.441933
1264.541400
1264.806300
1264.850067
1264.890867
1264.996767
1265.421767
1265.529500
1265.821733
1265.898133
1265.943167
1265.983067
1266.077267
1266.140767
1266.175800
1266.197567
1266.220967
1266.242267
1266.295967
1266.329667
1266.346967
1266.417633
1266.444500
1266.457400
1266.547700
1266.575600
1266.612333
1266.645067
1266.683833
1266.727133
1266.758933
1266.824367
1266.862733
1267.024367
1267.147200
1267.203433
1267.264067
1267.395600
1267.442100
1267.624400
1267.661867
1267.700967
1267.837567
1267.876733
1267.924933
1268.194533
1268.270900
1268.315733
1268.367633
1268.446433
1268.570167
1268.714133
1268.808167
1268.935033
1268.981900
1269.133300
1269.154333
1269.192500
1269.273400
1269.548267
1269.575367
1269.624800
1269.656867
1269.749800
1269.795200
1269.826067
1269.894467
1269.979167
1270.049500
1270.070667
1270.099867
1270.123467
1270.152633
1270.281000
1270.861167
1272.217067
1272.789400
1272.855633
1272.950867
1272.979567
1273.094233
1273.127167
1273.160800
1273.219533
1273.246233
1273.307933
1273.447200
1273.478500
1273.532167
1273.577267
1273.659067
1273.715633
1274.915533
1274.968533
1275.018833
1275.332667
1275.443067
1276.980000
1278.778200
1281.406100
1282.955833
1283.919500
1283.999167
1284.077100
1284.261767
1284.770033
1284.838067
1286.712700
1287.747833
1287.789333
1287.847533
1287.882967
1287.951000
1288.035967
1288.110167
1288.147500
1288.603033
1288.676433
1288.944300
1289.024033
1289.096700
1289.133633
1289.195267
1289.248533
1289.273200
1289.336900
1289.468233
1289.505900
1289.600433
1289.682133
1289.729333
1289.776233
1290.581667
1291.204267
1291.326200
1291.526433
1291.570667
1291.616033
1291.647100
1291.681267
1291.765933
1291.805433
1291.837233
1291.882267
1291.929267
1291.961567
1292.184267
1292.381267
1292.465733
1293.573800
1293.755700
1294.849700
1295.041067
1295.222267
1295.329533
1295.540100
1296.754867
1296.787067
1296.849433
1296.889900
1296.921700
1296.963467
1296.992400
1296.998533
1297.034867
1297.072167
1297.114933
1298.225733
1298.269567
1298.304067
1298.348500
1298.384433
1298.429333
1298.465200
1298.532200
1298.591033
1298.647600
1298.835167
1299.315567
1300.062900
1300.239400
1300.994633
1301.340433
1301.971733
1303.123633
1303.554867
1303.676533
1303.739533
1303.788667
1304.195333
1304.657167
1304.849400
1304.943933
1305.398033
1305.581867
1305.645567
1305.702767
1305.782433
1305.847533
1305.886500
1305.979967
1306.940300
1307.006633
1307.069033
1307.327167
1307.490533
1307.640567
1308.164067
1308.342967
1311.976267
1312.014067
1312.057400
1312.089667
1312.121967
1312.170533
1312.522033
1312.997000
1313.085500
1313.142133
1313.223767
1313.281300
1313.335000
1313.377567
1313.433633
1313.508567
1313.546900
1313.618267
