0.731433
0.777267
0.827733
2.369233
2.656567
4.330800
4.421833
4.780533
4.826967
5.140567
5.514567
5.599967
5.830600
6.654400
8.262933
8.837000
9.460900
9.740800
9.983733
10.244533
10.249333
10.951933
10.986200
11.958500
13.407600
13.715367
13.814100
15.041767
15.363467
16.033733
16.628567
17.138333
17.813467
18.230000
18.266933
18.385600
19.323800
19.771700
20.161700
20.475633
20.939233
21.449567
21.717433
22.139267
22.224567
23.059833
23.739400
25.558433
25.944133
27.154800
27.190400
27.429733
27.749700
28.719767
29.513867
30.091033
30.627400
30.932400
31.417867
32.173133
32.958733
33.459400
33.521167
33.797667
34.157033
34.218933
36.667933
36.757167
37.107100
38.005033
39.194067
40.024367
40.244233
40.840800
41.867333
43.055700
43.095000
43.385433
43.959767
44.102200
44.763100
46.059333
47.959100
48.558367
49.411867
50.249600
50.805600
52.155967
52.300100
52.467433
52.944333
53.636433
53.694367
54.581967
55.295033
55.356867
55.524867
55.787500
56.163333
56.238333
56.608500
58.099433
58.424833
58.887600
59.254767
59.300200
60.725633
62.996367
63.467733
63.533767
63.872467
64.041433
64.529667
64.588933
65.009833
65.298367
65.806300
66.406833
66.509000
67.506133
67.756067
68.981667
69.032533
69.967067
70.395500
70.620200
71.281867
71.785500
71.928833
72.914633
74.026267
74.656733
74.921600
75.093233
75.660833
76.435000
76.888633
77.138300
78.255233
78.500000
79.499400
80.136000
80.868167
81.366533
81.616767
82.048167
83.286167
84.159633
84.695367
84.996133
86.249633
86.950567
87.053833
87.160000
88.963400
89.230067
89.703133
89.779667
89.967533
90.846800
91.511733
93.150333
93.240433
93.318900
93.418533
93.797567
95.708467
95.955133
95.960300
96.576233
96.653600
96.897967
97.803633
98.480567
98.556733
98.788367
99.443700
99.704933
99.806433
99.965333
100.596100
100.728400
101.699000
103.867633
103.935867
103.973433
104.121033
104.278933
104.937900
105.750533
106.029167
106.158333
106.445533
106.610667
106.873700
107.036633
108.751133
110.044633
110.770367
110.819600
111.134900
111.488100
111.693033
112.078233
112.549300
112.554600
113.949133
114.125333
114.472300
114.810233
115.409900
115.880133
116.889333
117.053400
117.130067
117.181933
117.530033
117.800133
117.932033
118.625400
118.667533
120.382300
120.502500
121.442867
121.969500
122.614433
122.699133
123.439167
123.634533
124.090200
124.740200
124.756567
124.863000
124.940833
126.794567
127.612133
128.614167
128.759367
129.018367
129.113433
129.778900
129.843500
129.881033
131.341233
131.462300
132.128167
132.348067
132.874433
133.839967
134.117800
134.371033
134.627100
134.631133
136.228233
136.466100
136.564800
139.079833
139.116867
139.658200
139.756433
141.609400
141.694333
142.943800
142.982867
143.421567
143.730200
143.838333
143.922533
144.362067
144.470600
144.765433
145.023233
145.833267
147.149800
147.225133
147.541467
147.939233
148.124800
149.256100
149.473100
150.494133
150.641733
151.235000
154.622400
154.847267
154.944100
155.315067
159.994000
161.160933
161.195667
161.339067
162.751567
164.043833
164.496433
166.374833
166.590367
168.242000
168.331767
168.380333
168.496467
168.598100
169.194433
170.962033
172.147300
172.458633
172.490667
172.901000
173.063600
173.485367
174.290867
174.547433
174.945167
175.010933
175.014733
175.796667
176.626700
176.822233
177.630000
178.015400
178.044867
179.503367
179.988000
180.017533
180.113033
180.343067
180.831300
181.078067
181.316433
181.488467
181.746800
182.267233
183.117267
183.212500
183.509100
183.592400
183.629833
184.014400
184.086433
186.072200
186.550067
186.620000
186.917067
187.207433
187.531567
187.634833
187.799267
188.155400
188.592033
188.957700
189.515900
189.647433
189.955600
190.275767
192.036967
192.198700
194.157533
195.230600
195.764267
195.962167
196.281767
196.460000
197.284800
197.390800
197.398967
199.385733
199.406733
199.876300
200.540633
201.662333
201.805433
202.775567
202.864933
202.930333
203.280533
203.925467
204.518533
206.120600
207.387767
207.899433
209.330533
210.207767
212.058133
212.848767
213.351367
213.373600
213.867300
214.135733
214.248167
214.615667
214.722933
215.879367
216.873067
217.953233
218.086600
218.903100
219.148367
219.232467
219.492200
220.086467
220.199100
220.708867
221.333700
221.669400
222.451333
223.531600
223.940000
224.086700
224.161767
224.326167
225.656000
225.833133
226.295033
226.385033
227.614100
227.645900
229.267667
230.357567
230.448900
230.575300
231.557233
231.652267
232.230533
232.703900
233.547667
234.680867
235.109400
235.415233
238.554867
238.897500
239.292833
239.776733
240.726433
240.763933
241.539167
242.036700
242.175500
243.338633
243.505000
243.878800
245.036700
245.579667
245.658633
246.133000
246.545200
247.139867
247.596733
247.751833
250.048867
251.277767
251.443467
251.910900
252.486700
252.945400
253.304833
254.104833
254.875033
255.074733
255.274567
255.292833
255.308300
255.476067
255.513700
256.368433
256.583067
256.900867
257.313067
257.587033
260.294700
260.363033
261.951833
262.244667
262.773300
263.832333
263.886367
264.403900
264.638033
265.794567
266.174333
266.908600
267.101767
267.322333
267.340300
267.901933
267.956000
268.235933
269.143500
269.237400
269.623333
269.668467
270.505800
271.063467
271.983867
272.177633
273.360800
273.492933
273.665067
273.813233
273.947567
274.128933
275.753100
277.088967
277.144567
277.761867
278.872567
278.925700
279.025333
280.091200
280.248433
280.425633
280.602767
280.641267
280.800500
281.361533
281.491967
282.029500
282.516533
282.576233
283.623567
284.114500
284.441067
284.695767
284.704500
284.985167
285.122467
285.323433
285.606600
286.097400
287.333433
288.833233
289.142900
289.440533
289.666200
290.016267
290.318700
290.400467
290.642700
291.199900
291.988900
292.464400
292.702100
293.407867
293.623267
294.784467
295.678967
295.989600
296.735100
297.858367
298.078267
298.919167
299.720067
300.990933
303.153200
303.518733
304.613400
304.689833
305.294067
305.308167
305.388833
305.556600
305.967500
306.172733
307.583167
307.750833
309.466467
309.861900
310.131033
311.087033
311.951400
312.214767
312.296233
312.408500
312.680400
312.748667
313.588033
313.766267
313.953333
314.305700
314.349267
317.427633
318.065533
318.573467
318.711733
318.786600
318.949567
319.075833
319.287900
319.583700
320.000033
320.115867
320.831100
320.955233
322.416533
322.906667
323.130367
324.451900
324.482067
324.568200
326.395267
328.210667
328.652833
328.837500
329.297667
329.633033
329.921100
329.958567
330.223267
330.435000
330.610833
330.997867
331.076567
331.169667
331.299433
331.770100
332.293900
332.590667
333.722800
335.485300
335.874967
336.481933
337.265667
337.512500
337.733100
338.203933
338.726500
339.396100
340.528267
340.647700
340.997367
341.705533
342.063433
342.216933
342.925467
343.203733
343.409833
343.968767
344.029767
345.073833
345.612267
346.306967
346.691367
349.052767
349.805500
350.486667
350.942933
351.325333
353.024833
353.245333
353.265900
354.046100
354.552800
355.389000
356.644667
356.737833
356.804633
357.032533
357.358533
357.963633
358.701733
359.535333
360.153500
360.605167
361.094900
361.305767
361.340467
361.672833
361.893600
361.952000
362.362400
362.968933
363.662033
364.670200
364.882667
365.610567
365.871767
365.944233
366.162233
366.620200
366.724867
366.918967
367.708367
367.827833
368.143733
368.369733
369.695933
369.749000
370.063233
370.106033
370.118633
370.254200
370.573267
371.540500
372.486100
372.715567
372.995767
373.398933
374.529300
375.479600
375.887667
376.003600
376.101233
376.233600
376.456233
376.660133
377.111633
377.453800
378.786900
379.020800
379.112600
379.192933
379.297167
379.438933
379.634667
379.786000
379.934733
380.373800
380.522933
380.655200
380.921533
381.578033
381.633033
381.684867
382.888300
384.329033
384.746800
384.945900
387.852100
388.441733
388.930433
389.053167
389.172000
390.766167
390.925133
391.568400
392.113967
392.494300
393.222600
394.771600
395.316367
395.846067
395.856733
395.941567
396.839400
397.007367
397.579700
398.302400
398.665667
399.377067
399.931233
400.087600
400.667500
400.920667
401.218700
401.488333
402.065367
403.289233
404.037833
404.426133
404.609667
405.193433
405.221967
406.899500
409.331133
409.383267
409.974100
410.446433
410.706900
410.835433
411.256267
411.596867
411.673233
412.368633
412.470767
412.550833
412.817533
413.172233
413.540600
415.125900
416.169900
416.776933
417.670633
418.033867
418.050533
419.266567
420.877267
421.505433
425.255767
425.411333
426.493533
426.803533
427.084633
427.813267
428.475600
429.140800
430.071800
430.866167
432.350733
433.443400
433.638400
434.059833
434.180133
434.394000
435.177967
436.241700
437.629433
438.260533
439.117233
440.330967
441.006667
441.310900
442.748967
443.026700
443.110067
443.425900
443.529900
443.808000
444.070133
444.159967
446.928400
448.332033
448.436100
449.442133
449.721867
450.343267
450.541733
452.169033
453.011867
453.421733
454.241933
454.891633
455.439433
455.500767
456.089067
456.373467
457.632200
458.497467
458.930567
459.339500
459.615400
459.763200
460.974400
461.407433
462.493700
462.662600
462.816400
462.995233
463.365433
464.395500
464.422267
464.725767
465.223567
465.227933
465.288333
468.294200
468.817700
469.021100
470.682700
473.153133
473.255533
473.313700
474.540767
475.516633
477.342133
478.792900
480.218800
481.048333
481.297767
481.407600
481.781800
482.040233
483.407700
484.886633
485.818933
485.860800
486.008467
486.131633
487.211400
487.759967
488.582033
490.343367
490.426167
490.443867
490.471100
490.520300
490.553800
490.997733
491.357733
492.027367
492.145067
493.282167
494.314867
494.796333
496.353933
496.732133
497.628767
497.903000
498.003067
499.580033
499.757833
500.271900
500.320433
500.534833
500.812900
501.397500
501.930700
502.643733
503.239800
503.445033
504.051867
504.538300
505.085367
505.783067
507.983500
508.262200
508.615933
510.158733
510.363167
512.386800
513.348167
514.467800
514.792933
516.647167
517.049233
518.739633
519.674800
520.501233
520.602867
520.766900
521.089900
522.261767
522.639967
522.776633
522.978267
524.161867
524.480100
525.433233
526.627100
526.728733
528.147633
528.509633
528.760700
529.623400
531.252167
531.689633
532.670567
532.885233
533.138067
533.951333
534.405133
536.727967
537.260333
537.519300
538.709667
539.270300
540.994667
541.081233
541.523200
541.693133
544.246267
545.111400
546.514833
546.751333
546.822100
546.852767
547.066367
547.191033
547.455933
548.939600
549.429500
550.394600
550.834600
551.148267
552.322967
552.494367
552.760433
554.354467
554.385267
554.501567
554.527467
554.935867
555.809333
556.586467
556.605100
558.662433
560.033067
561.025400
561.619833
561.871167
561.942033
561.943933
562.017567
562.141400
562.380133
562.694533
563.842633
564.056133
564.510367
565.000067
565.606867
565.686933
566.290000
566.548867
566.967633
568.697433
568.937900
569.353033
570.318100
570.979400
571.738567
573.047400
573.495767
573.565700
574.447867
575.253333
575.983767
576.452900
576.885800
578.081233
578.251667
578.339267
579.238400
581.812133
582.060367
582.172100
582.362200
582.440533
582.662833
583.695933
584.018067
584.126933
584.335600
584.616867
585.103233
586.691567
588.187333
588.695900
588.912067
589.561833
589.620200
590.041600
590.130400
590.448900
590.467367
590.934900
591.213067
591.448800
593.057533
593.106967
593.421667
593.967100
594.553033
595.129433
595.316800
596.066400
596.140100
598.185833
598.251867
598.643800
598.725667
598.772400
599.094967
600.205600
600.318733
601.093333
601.764167
601.906667
603.841533
603.913667
604.476133
604.666633
605.109867
607.330267
607.382700
607.636033
608.147600
609.649633
610.704833
610.802067
611.811133
611.913633
612.000533
612.057200
612.178567
612.659000
612.808633
613.011733
614.489600
615.398633
616.211600
616.801500
617.375267
617.690767
618.575567
618.738000
619.115267
619.542000
620.042633
620.339300
620.844433
621.278667
621.622867
621.759133
623.178433
623.837367
625.906167
626.056900
626.100433
626.811700
626.825067
626.930267
627.328700
627.360233
627.449500
627.481667
627.800033
628.169400
628.612533
628.806800
629.357533
629.818967
629.874700
629.899700
630.161000
630.434133
630.736767
632.077967
633.137000
633.666767
633.902600
634.730100
634.919467
635.740867
636.227467
636.871033
636.921867
637.560200
638.631400
639.036733
640.341933
640.453200
640.465533
640.569767
640.820133
641.852100
642.919033
643.356733
644.060433
644.124800
644.176233
644.312967
644.335133
644.945667
645.032433
645.509033
646.355133
646.442833
646.741233
646.784833
646.884167
646.952733
648.226200
648.474000
649.127800
649.959367
651.098500
652.734767
652.845400
653.902867
653.944433
654.274467
654.978300
655.565933
655.873000
656.469900
657.254833
657.587433
657.955433
658.099500
658.938800
659.010600
660.105667
661.008600
661.156867
662.761000
663.899533
664.017167
664.346900
664.983533
665.678033
665.931933
666.457567
666.837600
667.121300
667.604867
669.055533
669.446567
669.456700
669.466467
670.851933
672.616400
674.329167
674.946500
677.118967
677.266233
678.305100
678.832733
679.368400
680.224700
681.004300
683.830633
684.539933
684.782267
686.066900
687.399533
688.634200
689.593333
690.867400
691.524000
691.772567
692.378167
693.014400
693.173000
693.646733
693.931100
694.199900
694.539933
695.543500
695.884400
696.352767
696.898167
697.542133
698.489400
698.570467
699.643367
700.256833
700.539667
700.764133
701.714533
702.210333
702.329000
702.879533
703.133633
703.819467
704.117233
705.489633
708.839267
709.446233
709.714100
709.878700
710.119767
710.631833
711.080967
711.645267
712.597500
713.009433
713.274333
713.706967
714.376500
715.820367
715.936633
715.958667
716.943433
717.094300
717.339933
717.532600
717.600000
718.213733
718.553167
718.899067
719.233133
719.804333
719.911167
720.250867
720.486933
721.004767
721.222733
721.329167
722.002567
722.590433
723.966300
724.592700
725.682967
726.353900
726.424167
727.340767
728.426767
728.567667
728.994267
729.585433
730.208633
731.602000
732.303567
732.927300
733.688733
733.862333
735.041867
735.703300
736.954700
737.772067
738.247267
738.445267
738.571533
738.648967
738.839533
738.873967
739.347700
741.112667
741.446600
743.026767
744.085533
744.265733
744.551333
745.578767
745.703900
746.267000
747.242267
747.614933
747.772900
748.230367
748.266300
748.540267
748.867333
749.077400
749.250267
749.300633
750.782600
750.975467
751.118833
751.968900
752.160067
754.546933
755.489167
755.904400
756.223100
756.304233
756.424333
759.375867
759.520067
759.764667
759.904733
761.056867
761.103800
761.223500
762.420300
762.491800
762.559500
764.341833
764.902933
765.047967
765.842467
765.897500
765.943667
765.971667
766.257367
766.301900
766.400000
766.614133
767.020433
767.892367
768.886233
770.813333
770.870667
771.170067
771.428033
771.505067
772.464900
772.584400
773.054900
774.215400
774.992767
778.510333
779.090500
779.253767
780.155167
781.020233
781.090633
781.132867
781.207233
782.195867
782.285367
782.914700
782.945967
783.019733
783.914333
784.056467
784.135767
784.559100
784.676133
785.633200
786.092600
786.734233
787.293667
788.176267
788.993900
789.172433
789.666567
790.625733
790.880333
791.036200
791.664867
793.261533
793.354333
793.519600
793.928833
794.081467
794.549400
794.731533
795.392000
795.976633
796.613400
796.681300
797.047667
797.545300
799.707100
800.189700
800.342567
800.558700
800.885567
800.926267
801.250233
801.737500
802.462767
802.738800
803.007900
803.051567
803.983267
805.456433
805.536700
806.084133
807.911167
808.634733
809.418067
809.565033
811.715333
812.057933
812.165967
813.204833
813.232067
813.863500
814.749267
814.835100
815.054133
815.658800
815.856967
816.176700
816.868433
817.015033
817.502967
818.594867
818.735400
819.357967
819.440300
819.903867
821.624867
822.917333
823.156033
823.216233
823.313000
823.637233
824.216500
825.324300
825.480233
828.255000
828.524100
829.479233
829.523167
830.165767
830.740867
834.294567
834.361800
835.395400
835.525333
835.874533
835.952700
836.394033
837.207600
839.079533
839.605200
839.661967
839.784267
839.864700
840.552000
840.667000
841.135300
841.751133
841.934533
842.735967
842.821833
843.292767
843.934300
844.492200
844.646333
845.083800
845.382833
845.779233
846.484067
846.730733
847.107933
847.380500
848.138733
849.030667
849.988167
850.274467
850.349200
850.505667
850.753500
852.152567
853.232767
853.362733
853.378133
853.468333
853.664333
853.952967
854.023433
854.557367
854.665700
855.640400
856.100900
856.657400
857.773300
857.801833
858.179067
858.831933
858.930867
859.277300
859.379733
859.622967
860.011200
861.316600
861.925067
862.142000
862.191700
862.311167
863.754333
864.274733
865.716033
866.075567
866.910533
867.668867
868.067000
868.499300
868.797500
868.879333
869.574333
869.886133
870.089033
870.418600
871.483267
872.089967
874.226767
874.280533
874.459100
874.542433
874.819200
875.780267
876.050167
876.220867
876.551600
876.691867
876.754800
876.829500
877.716933
878.285733
879.117967
879.398400
879.799967
880.210467
880.508633
881.847633
881.920900
882.144967
882.471767
882.853567
883.147467
883.232433
884.113633
885.081400
885.418700
885.964933
886.605100
887.485467
888.195100
889.209167
889.690400
889.860833
889.942233
890.675467
890.958267
891.472767
893.490667
893.858200
894.207067
895.024267
895.236700
895.418133
895.883500
896.183233
896.317200
896.817233
897.355167
897.441400
897.469433
897.513233
897.719867
897.814833
898.519400
898.713100
899.811567
900.239700
900.407900
901.232267
902.092267
902.467800
902.694567
902.768400
903.365700
903.964333
905.325267
906.084533
906.251800
906.603200
907.238100
907.312900
908.909867
909.359367
909.372833
909.674300
910.588933
912.230567
912.632400
913.576400
914.608300
914.925400
917.079600
917.795767
918.708900
918.922833
919.042800
919.279533
919.754533
920.415967
921.521567
922.132067
922.683100
923.528333
923.909400
926.064700
926.173700
926.362700
927.975867
928.654267
929.754400
929.800267
930.808000
931.748967
933.174800
933.587933
933.733400
934.020667
934.434933
934.786167
934.995500
935.075867
935.545033
935.564567
935.765033
935.931433
935.987667
936.614700
937.466833
937.617633
938.554267
939.862033
940.348933
941.359133
941.442733
941.979967
942.376600
942.937000
943.125400
943.256833
944.041833
944.542600
945.858800
946.110633
946.170300
946.192267
946.364433
947.483767
948.310067
948.443467
948.827133
949.803133
950.091867
950.457767
951.043633
951.808033
952.630167
953.493200
953.631133
954.417167
954.651867
955.233767
955.287967
955.625733
957.273900
957.549067
957.584167
957.620167
957.924333
958.096233
958.703833
959.447900
959.694000
960.276267
960.346900
960.492833
961.678533
961.782233
962.356767
963.672667
964.022967
964.116800
965.656500
965.902900
967.510700
967.646000
967.734733
967.744900
968.187833
968.229667
968.382800
968.644800
968.950800
969.384467
969.982367
970.520467
970.558567
970.628600
970.879933
971.447433
971.955933
972.145367
973.688933
974.459867
975.133767
975.949967
976.519333
977.242767
977.496200
978.408300
978.480500
978.667500
978.868667
978.944733
979.162333
980.847100
981.927467
982.637767
982.943800
983.119933
983.255400
983.718233
985.493867
985.849500
986.279000
986.386167
987.251467
988.757767
990.043267
991.757667
991.779867
993.332033
993.498367
993.538633
993.892567
994.350233
994.354500
994.493667
994.639400
996.217900
996.247467
997.161567
997.226067
997.480867
997.640967
997.921000
998.032733
998.095867
998.333667
998.705967
998.959333
999.704800
999.958433
1000.079100
1000.573067
1000.602167
1000.756267
1002.129800
1002.153200
1002.193000
1002.515133
1002.832033
1003.612733
1003.733233
1004.023500
1004.954433
1007.027533
1008.271867
1008.653733
1009.712900
1010.955533
1011.266000
1011.799867
1012.143600
1012.838967
1013.407333
1013.505233
1013.616967
1014.516900
1014.749967
1014.998600
1016.221433
1016.761733
1016.842433
1016.987100
1017.959133
1019.360733
1019.744067
1019.767467
1020.476833
1021.227300
1021.536500
1021.651200
1023.471100
1023.830633
1024.086300
1025.004900
1025.053400
1025.812833
1026.061867
1026.489667
1028.053933
1028.433600
1028.758800
1030.164467
1030.256867
1030.680900
1030.883033
1031.696533
1032.373900
1032.934600
1033.163300
1033.686967
1034.554633
1037.334900
1038.396767
1038.728267
1038.779500
1040.374367
1040.705933
1040.757767
1042.399167
1042.500700
1042.974633
1043.031167
1043.187100
1044.048467
1044.195567
1044.377633
1044.495200
1045.127867
1045.685433
1046.643467
1047.001433
1047.123533
1047.491667
1048.235433
1048.484600
1048.525267
1048.934000
1049.447533
1050.570767
1050.714900
1050.771367
1051.543500
1051.627400
1051.778567
1052.886633
1053.156333
1053.902733
1054.412433
1054.553433
1054.634833
1054.830200
1055.153367
1055.842467
1056.550967
1056.627333
1057.024467
1057.099500
1057.936533
1058.197000
1058.391067
1058.492900
1058.567433
1059.282200
1059.409933
1060.220700
1060.996200
1061.163567
1061.907233
1062.042267
1062.099633
1062.275200
1062.779100
1063.519867
1064.591700
1065.255867
1066.247700
1066.947167
1067.403233
1068.248800
1069.349833
1069.351800
1071.832267
1073.017167
1075.674000
1075.708700
1075.842133
1077.033233
1077.046067
1077.185200
1078.718233
1078.908567
1079.062933
1079.479367
1080.234000
1080.912900
1081.055433
1081.606300
1081.687333
1082.058100
1082.624667
1082.900833
1083.537733
1083.977967
1084.399800
1085.504933
1085.816800
1086.002933
1086.296233
1087.364467
1087.933767
1088.323433
1089.127400
1090.076667
1090.368667
1090.745433
1090.898800
1090.929300
1090.970233
1091.189400
1091.389067
1091.994133
1092.797500
1093.204767
1094.975767
1095.177100
1095.713167
1095.782400
1096.880967
1098.547400
1101.015067
1101.256733
1101.914133
1102.055467
1102.396600
1102.572967
1102.612467
1102.650500
1102.737867
1103.531633
1103.815333
1104.099300
1104.727233
1104.741200
1105.048267
1106.186733
1106.991233
1107.435367
1107.717200
1108.016400
1108.805133
1109.793567
1110.746967
1111.555733
1112.069100
1113.531500
1113.662467
1114.767333
1114.978700
1115.247833
1115.790067
1117.493733
1117.548367
1117.607667
1118.380600
1119.340067
1119.913767
1119.997533
1120.688667
1121.503333
1121.990667
1122.573433
1122.996767
1123.376833
1123.886433
1124.074833
1124.228533
1124.521567
1125.171067
1125.863533
1126.499833
1126.775933
1127.595733
1127.824700
1127.901000
1128.715067
1128.749167
1128.851800
1129.041333
1129.284967
1129.332000
1129.432333
1129.497767
1130.667933
1130.823933
1131.063867
1131.119967
1133.020267
1133.495267
1133.689633
1134.097533
1134.988367
1135.464933
1136.209200
1136.254333
1137.165233
1137.954100
1138.320733
1139.041200
1139.124533
1139.780900
1140.497400
1140.537167
1141.048000
1141.337033
1141.508967
1141.584867
1141.906700
1143.766467
1144.316567
1145.124067
1146.272933
1146.979833
1148.840667
1149.654833
1150.104567
1150.804400
1150.924867
1151.059833
1151.604833
1152.252833
1152.777900
1153.673033
1154.116567
1155.263767
1157.485767
1157.948200
1158.144300
1158.369367
1159.604700
1160.899933
1161.588000
1161.939367
1162.696500
1162.817833
1163.877333
1164.473067
1164.998300
1166.532300
1167.418300
1167.465933
1168.710367
1169.758633
1170.810833
1171.237000
1171.421200
1172.211300
1172.598567
1174.757033
1174.817533
1175.796633
1175.850133
1177.150233
1178.095467
1178.276900
1178.987567
1179.055967
1179.440300
1180.672900
1181.436533
1181.648100
1181.683267
1182.003667
1182.162167
1183.815467
1183.906067
1184.021567
1184.157233
1184.185233
1184.353300
1184.671967
1184.766067
1184.867333
1184.890900
1185.333500
1186.284733
1186.624000
1187.302933
1188.573767
1189.022033
1189.593400
1189.777900
1189.961567
1190.138300
1190.904067
1190.997433
1192.535900
1192.718600
1193.037100
1193.114600
1194.962233
1196.754300
1197.504133
1197.782767
1197.868133
1198.398300
1198.611333
1198.631933
1198.638367
1199.657267
1199.927200
1200.986067
1201.585033
1201.919533
1201.973500
1202.385867
1204.524767
1205.025367
1205.370933
1205.604800
1205.788400
1206.738167
1206.748167
1207.221133
1207.702833
1208.825733
1209.535667
1209.614967
1209.948100
1210.407133
1210.987500
1211.215333
1211.268600
1211.702500
1212.149400
1212.291300
1212.520067
1212.671000
1213.224333
1213.575567
1213.822400
1214.337233
1214.554333
1214.626533
1214.754633
1214.780600
1215.780233
1216.668833
1217.717167
1217.896600
1218.067500
1218.147633
1218.294033
1219.289267
1219.556167
1221.822167
1222.449667
1222.614233
1223.084833
1223.145933
1223.554767
1223.874567
1224.309433
1224.962133
1225.193933
1225.408600
1226.035633
1226.554433
1227.131433
1227.663500
1227.978367
1228.385067
1228.953367
1229.117133
1229.473133
1229.999200
1230.204267
1231.500300
1232.167433
1232.617200
1234.408667
1234.874633
1236.521567
1237.133733
1237.713600
1238.064900
1238.180967
1239.755633
1240.184633
1241.308133
1241.695567
1242.421700
1243.714333
1243.763067
1244.313100
1244.610767
1246.208100
1246.550233
1247.967667
1249.288433
1249.702467
1249.821400
1250.032467
1250.234833
1250.336667
1250.621367
1251.633033
1252.164667
1252.578733
1253.062167
1253.962800
1254.809167
1254.981933
1255.109033
1256.963000
1258.070533
1259.522567
1259.887367
1260.408133
1261.283900
1261.563867
1261.959633
1262.182800
1262.498267
1263.725933
1263.806333
1264.198300
1264.831967
1265.771033
1265.830967
1265.938567
1266.066600
1266.564900
1266.777733
1267.564833
1267.670733
1267.764600
1267.892333
1267.937233
1268.076233
1268.137767
1268.365867
1268.698700
1268.779367
1269.500967
1270.535667
1271.228767
1271.506100
1271.869433
1272.777900
1273.689467
1274.210700
1275.408533
1276.108067
1276.787400
1276.865767
1277.072000
1277.211033
1278.878167
1279.215867
1279.542000
1279.667533
1279.769333
1280.018567
1280.888567
1281.538867
1281.744100
1282.987833
1283.834800
1284.818667
1285.490200
1285.918967
1286.278067
1286.386567
1286.461467
1286.946300
1287.705733
1287.863667
1288.519367
1288.951433
1289.416967
1289.857300
1289.952867
1289.961867
1290.493500
1290.647767
1290.674467
1291.549833
1291.862267
1292.048200
1292.163867
1292.370567
1294.134967
1294.410933
1297.059167
1297.227800
1297.525200
1298.057133
1298.416900
1298.727333
1298.821600
1298.988033
1299.515133
1299.786200
1300.586433
1303.356167
1303.628733
1304.360833
1304.522067
1304.622067
1304.659500
1304.927633
1306.550100
1307.418133
1307.719533
1308.411467
1308.472367
1308.884700
1309.379800
1309.465933
1309.929967
1310.834133
1311.067900
1311.383533
1312.117933
1313.266267
