1.888767
5.183267
5.429200
5.819900
6.251167
6.813567
7.258800
7.752567
8.191133
8.247067
8.848733
9.100967
9.613733
9.743400
9.904667
10.838733
11.697633
11.767333
12.286167
12.900267
13.078233
13.104733
13.456500
14.020433
14.105167
14.173633
14.201433
14.265433
14.410933
14.523067
14.746233
15.004733
15.259467
15.634033
15.725500
15.802100
16.105967
17.088267
17.749767
18.389800
18.482367
18.624367
18.696300
18.812633
19.666067
19.986600
20.395667
20.477867
20.917900
20.969233
21.044033
21.587500
22.137233
22.375067
22.700867
22.738067
22.768267
24.405600
24.769667
25.407033
25.742033
25.903767
26.247600
26.801733
27.585133
27.926667
28.074700
28.149700
28.241567
29.241567
29.256433
29.618033
30.140867
30.346733
30.756567
31.106833
31.259167
33.036667
33.210567
34.059267
34.257600
34.996300
35.276467
36.701367
36.782300
37.109733
37.316533
37.977033
38.835267
39.064400
39.655567
39.996767
40.260267
40.304967
41.371467
41.954167
42.075700
42.281433
43.755833
43.855600
43.975533
44.320133
44.444633
44.505933
44.532600
44.563833
44.908800
45.336300
45.569400
46.590867
46.701900
46.780467
47.178067
47.524233
47.911967
48.165500
48.420967
48.594533
49.490533
49.866867
50.199533
50.241700
50.252700
50.374167
50.416933
50.685933
50.732733
51.455233
53.580767
53.799200
53.857800
54.101433
54.376167
54.949667
55.408767
55.463567
55.512400
55.797500
56.274433
57.883200
58.142733
58.191700
58.658233
58.730000
58.907233
58.957233
59.350700
60.330400
60.526533
60.784467
60.954067
61.417333
61.453567
61.602867
61.654500
61.732867
61.781867
62.270433
62.335833
62.557967
62.630167
62.719633
63.437500
63.682733
63.695400
63.832067
64.603367
64.692333
64.886600
65.159633
65.276767
65.397967
66.262000
66.318967
66.493000
66.550933
67.249000
67.590100
68.065800
68.481367
68.744400
69.171567
69.238033
70.241333
70.590733
71.094800
72.034633
72.088200
73.077633
73.250433
73.793600
74.581300
74.625833
74.942433
76.278733
76.619800
77.110767
78.044867
78.187000
79.832700
80.127833
81.106067
81.895367
82.232467
82.772367
83.182767
83.484633
85.938067
86.869233
89.050267
89.390567
94.729533
96.777967
97.231433
97.251967
97.346267
98.794033
98.830567
99.371000
100.767433
100.851300
100.906033
101.020100
101.830433
102.368067
103.833800
103.930300
104.421267
104.854800
105.072133
105.310767
105.353967
107.326900
107.677133
108.583667
108.861333
109.604067
109.713967
110.931167
110.948400
111.165267
111.198633
111.217633
111.262333
111.315167
111.858767
111.938967
111.952767
112.219733
112.221600
112.256967
112.292900
113.119300
113.516933
113.615200
113.974300
114.163200
114.208100
114.301567
114.631633
115.241667
116.131733
116.220200
116.603967
116.891033
117.202267
117.236533
117.956767
118.221533
118.578800
118.885900
119.335767
119.425500
119.457900
120.731967
120.935433
121.154767
121.324433
121.356500
121.857767
121.893067
123.137400
123.193467
123.302533
123.479267
123.628367
123.755333
124.133033
124.689200
125.858667
125.894067
125.947000
126.234633
127.064967
127.449833
127.639400
127.781100
127.848667
128.022667
128.165133
128.570300
128.776600
128.991267
130.160633
131.913300
133.413833
133.668933
134.079700
135.101167
135.496533
135.543267
135.896833
135.983000
136.049233
136.531700
136.824200
136.999233
137.337333
139.477300
139.918267
140.075200
140.160300
140.227000
140.269533
140.440800
140.524900
140.853633
140.967867
141.073533
141.304400
141.350533
142.973133
143.492133
145.024667
145.193667
145.442667
146.442867
146.629533
147.094567
147.369033
147.434533
147.595867
148.419967
148.727400
149.150400
149.557400
149.601367
149.732167
150.272667
150.955633
151.493767
151.802900
152.120067
152.437500
152.820567
152.987733
153.785433
154.235567
154.280167
154.332300
154.388533
154.455133
154.496200
154.569500
155.013633
156.044367
156.573700
156.690167
157.373700
158.258433
158.410933
158.486467
159.020600
159.066667
159.649800
160.095300
160.700800
160.755133
160.820533
161.363467
161.750967
161.985333
162.043867
162.147767
162.954667
163.707500
164.208600
165.144500
165.255867
165.262367
165.699267
165.941433
166.618700
166.768700
166.938000
167.494533
169.214567
169.502233
173.286733
174.892767
176.070267
177.773233
178.190867
178.300633
178.482133
178.599033
178.874567
179.248400
180.486767
180.623267
181.107433
181.439967
181.525300
181.737133
181.776067
184.191400
184.605600
187.960067
188.004400
189.539167
189.702433
189.772367
191.929967
192.077767
192.910267
193.309467
193.403833
193.427600
193.469400
193.575067
194.044333
194.768800
195.179600
195.379000
195.576867
196.542200
196.829500
196.977967
197.408533
197.558933
198.164533
198.302567
199.749433
200.159267
201.728133
201.857300
202.973633
203.572800
204.469300
206.085733
206.977100
207.866500
208.509267
208.656667
209.597000
209.708200
210.001200
210.443200
210.549867
210.589900
210.907067
211.464367
211.716567
211.808367
214.517667
216.206167
216.285133
217.732300
218.795367
219.112900
220.355600
221.354467
221.410533
221.567200
222.079633
223.025300
223.122133
224.541400
224.629400
225.159000
225.648133
226.036200
226.875500
226.914000
227.288000
227.491267
228.451667
228.596433
228.938567
229.075367
229.653300
229.974533
230.055133
230.069533
230.266267
230.539033
230.558767
230.612333
232.174600
232.500867
232.761800
232.802100
232.895267
233.100400
233.759767
236.079567
236.088067
236.542300
237.100867
237.149700
237.237500
238.177033
238.304700
238.320167
239.361633
241.180433
242.430433
243.077400
243.248233
243.623567
243.663033
244.018767
245.140367
245.222567
245.493667
245.624833
246.018833
246.040700
246.141933
246.939033
247.524500
248.287833
250.390133
250.701333
250.933300
251.313200
251.610200
252.831200
252.862667
252.937167
254.496833
254.671533
255.009900
256.602133
256.870367
257.251100
257.286933
257.420033
257.424367
257.587833
257.957467
259.295900
259.367867
259.801600
260.025767
260.618800
261.346367
261.570500
262.378567
262.569133
262.577533
264.997033
265.178333
265.477533
265.533733
266.044667
266.512733
266.865533
270.097900
270.134967
270.317467
270.930600
271.359400
271.809267
272.483800
274.995033
275.235933
275.243767
275.327800
275.649867
275.714933
275.909100
276.265933
276.564667
276.681333
277.666433
277.846867
277.898967
278.299233
278.459500
278.742433
278.979967
280.590533
281.299367
282.670800
282.720567
283.556133
283.648400
283.832900
284.011300
284.250300
284.414767
285.292833
287.918967
288.285967
289.208100
289.605333
291.441200
292.299433
295.428567
295.720667
297.071133
297.444567
297.637267
298.412700
298.453200
299.217333
299.272133
299.332500
300.596467
300.775933
301.451867
302.490967
302.724533
303.480467
304.100767
304.368967
305.547633
306.959200
309.159200
309.728633
310.691533
310.941467
312.566300
314.445467
314.821700
317.523733
317.601200
317.682333
317.720233
317.768667
317.897300
317.929167
318.168433
318.497667
319.594100
320.092933
322.158067
322.188467
322.600633
323.888933
324.243467
324.619000
325.437833
326.546700
327.122767
327.493333
330.074500
330.346567
333.319400
334.231767
335.166500
336.632367
338.206767
338.249933
338.494067
339.793700
340.188567
340.267200
340.364100
340.608000
340.809600
341.865167
342.412200
343.129667
343.983900
344.082033
345.774167
346.003467
346.371633
346.714833
346.753000
347.112400
347.169400
347.497367
347.690100
347.902533
347.946167
348.265867
348.887500
349.011633
349.868933
349.991800
350.269000
350.328500
350.472233
350.701033
350.805900
351.116900
351.569133
351.905500
352.155367
352.294767
352.568500
353.195900
353.433333
353.753400
354.602267
356.221500
358.125933
358.781733
362.730333
366.157200
368.930267
370.007800
372.079667
372.919333
374.619767
374.680200
376.891000
376.937500
377.163900
377.341533
377.471500
377.884200
378.133133
378.237433
378.896933
379.223633
379.678467
380.327933
380.780533
381.003100
381.628733
382.098167
386.977700
387.028200
387.187533
387.268700
387.486967
387.695067
389.287667
389.961633
390.186833
390.792267
392.604267
394.426267
395.212033
395.708167
397.156333
397.349400
397.899067
398.095067
400.095100
400.250333
400.350200
400.395433
400.573300
400.746267
401.087667
401.684567
401.775433
402.410500
402.453067
403.044500
404.518467
405.636000
406.375967
406.759200
407.145700
407.346600
409.507267
409.798767
409.932700
411.457000
411.565467
411.699733
412.822433
413.334333
414.489900
415.676167
416.849467
417.556800
418.411600
419.392100
420.355800
420.514333
420.922967
422.219933
423.681633
424.577067
424.784267
425.174867
425.461100
425.490167
426.565933
426.663567
426.850867
426.947833
427.352533
428.477467
428.775400
428.921333
431.205333
432.745300
433.388567
434.160433
434.262600
434.651333
434.901200
435.312733
435.336100
436.198000
436.219433
437.590967
438.030700
438.122233
438.789600
438.801700
439.776000
440.012533
440.615567
441.038367
441.818600
442.196633
443.798733
444.855767
445.727400
447.062867
447.353833
447.680200
447.692533
448.160167
448.345133
448.735967
448.853000
449.051467
449.060933
449.101567
449.288200
449.737200
450.119433
450.436333
450.669233
450.927200
451.028300
451.330467
451.429300
451.785567
451.871633
452.577467
452.611267
452.836400
454.063033
454.482267
454.658900
454.868400
456.475367
456.625267
456.645500
456.910567
457.183333
457.465733
457.528200
457.568600
457.708933
457.949100
458.042800
458.444533
459.132333
459.268200
459.661967
459.888133
459.998133
460.060300
460.194200
460.482667
460.495033
461.590267
461.892467
462.459333
462.710267
463.662733
463.986733
464.060600
464.910167
464.996200
465.252033
465.432967
466.400967
467.117800
467.950067
467.996000
468.076267
468.939300
469.028933
469.220600
469.411700
469.460167
469.598533
471.088200
471.090333
471.475867
471.618567
471.942600
472.074167
472.202600
474.230067
474.855133
475.292300
475.338333
476.209967
477.552567
478.256733
479.095900
479.552600
480.128067
480.413633
481.342067
481.512667
481.563467
481.654033
481.831067
482.488400
486.829767
487.006533
487.091333
489.608700
489.833067
490.576633
490.977267
491.037333
491.362200
492.186633
492.498933
494.806400
494.888867
495.265300
496.213200
499.914933
501.001200
501.366067
501.847067
503.686700
504.238933
504.318800
504.375400
506.393933
506.732567
506.878733
507.595467
507.680100
508.351967
508.872200
509.349300
509.772200
510.413333
510.733467
511.416033
511.913133
514.851767
515.126867
517.801033
518.366067
520.239633
521.019300
521.022333
521.314233
523.762633
523.769200
524.070800
524.298167
524.418667
524.682000
525.620167
525.663000
525.746967
527.620133
529.703733
531.220500
531.642000
532.034800
532.517867
532.734033
532.740733
532.861100
533.462467
533.838867
534.003967
534.260400
534.661567
534.851100
534.867000
537.695633
537.705100
537.944700
538.002767
538.198700
538.316533
538.357400
538.594933
538.997200
539.187833
540.821000
541.444600
541.553500
541.794533
541.945767
542.168967
543.139600
543.369433
543.522933
543.897033
543.944433
544.289867
544.473033
545.193533
545.498067
545.956267
546.702233
546.804900
547.456633
547.762733
548.395633
549.718667
549.924733
550.494567
550.726800
550.949867
551.463200
551.889000
552.805467
552.873600
553.152500
553.752167
553.878867
553.925000
555.356167
555.773133
556.188933
557.173833
557.542567
558.028233
558.096733
558.488067
558.788933
559.352500
561.583067
562.887733
563.531767
564.069900
564.320367
565.803600
566.558633
567.161133
567.445667
571.220200
571.661467
573.463033
573.683333
573.934300
574.058333
574.514567
574.600700
574.775267
575.013767
575.152333
575.273800
576.491833
576.628600
577.241533
577.373267
577.652467
577.692467
579.017533
580.234233
580.441800
581.205000
581.530900
581.636067
582.142867
582.190367
582.994233
583.574900
585.347167
586.216600
586.464767
586.626300
587.427333
589.790567
590.167000
590.407800
590.868700
592.044300
592.439633
592.910900
592.929833
594.752767
594.897933
595.770767
596.306500
596.642967
596.893833
598.051833
598.820700
600.539400
601.880267
601.997000
602.197867
603.012167
603.425500
604.543000
604.891233
605.519933
608.711300
609.905367
611.840333
613.251400
613.594400
613.661733
613.988933
614.270767
616.030567
617.545333
617.906400
618.305767
618.357433
619.660033
619.757867
619.770900
620.873067
620.889433
622.096267
622.656033
622.700967
623.170367
623.964833
624.016200
624.528367
624.980667
625.173433
625.488600
626.798500
628.448000
629.721200
631.097133
631.169600
631.188967
632.087100
634.153533
634.349667
634.738233
634.757800
635.729067
636.493967
638.319433
639.828833
641.289767
641.401933
641.503667
641.814067
641.863300
642.163267
644.052167
644.159733
645.984300
647.341667
647.411667
647.515333
647.611433
647.801133
647.847700
648.651333
650.159467
650.551000
650.616567
650.740767
650.835967
651.841167
652.221133
652.437400
654.165900
654.434333
657.152800
657.562900
658.252033
659.461100
661.231600
661.280400
661.526633
661.529967
661.965300
662.173033
662.793267
663.593433
663.655967
663.911567
664.977767
665.007100
665.160700
665.569200
666.646000
667.563367
667.844767
667.924200
667.989167
668.202133
668.586800
668.865433
669.215233
669.598900
670.541400
670.677233
670.960767
671.102533
671.208367
671.374967
673.563600
673.599033
674.021867
675.055833
675.320133
677.021667
677.197767
677.240233
678.927467
679.237667
679.534033
680.289167
680.566100
681.101500
681.195867
683.247933
683.343067
685.487333
686.190367
686.442033
687.218233
688.482100
688.945433
689.445000
689.780800
690.263700
690.862567
691.150333
691.463167
691.532767
691.787500
692.192733
693.102067
694.001800
694.134767
694.227567
694.734733
695.522333
695.641400
695.655433
695.753333
695.785500
695.923900
695.976733
696.174733
698.444767
698.836800
699.557300
700.022800
700.847333
703.514667
703.738900
703.955833
704.052067
704.076433
704.378300
704.873200
707.114667
707.210567
707.335067
710.271167
710.874833
711.017400
713.917667
720.470633
720.888900
726.688200
729.069333
731.245033
731.284500
731.333467
731.763900
733.678533
733.837533
733.841900
734.390233
735.379233
739.462233
740.676567
743.442133
743.742300
744.231733
744.295900
744.407000
745.013333
746.143400
749.399033
750.292700
750.918000
751.503267
752.602233
753.304067
754.031200
755.441367
755.540700
755.776600
756.316800
756.807800
756.901033
757.391867
757.418900
758.002467
758.021400
758.053700
758.510400
759.747267
759.928067
762.845167
763.267800
763.383767
763.772133
764.161267
765.529700
765.620800
767.394300
767.494567
767.933333
767.966233
768.457967
769.788267
770.160067
771.237433
772.590967
774.740333
774.902667
776.135200
776.207567
776.871667
777.346633
779.764533
781.011467
781.064833
781.138967
781.331900
781.380867
781.563767
782.229467
782.409167
786.748267
787.611333
787.932800
790.341667
791.105600
792.209600
793.396433
793.998033
794.274300
794.332133
794.366567
796.050467
796.208733
796.301633
796.493300
796.607933
796.698300
797.126700
797.212533
800.296567
800.636267
801.121800
801.516300
803.539333
804.185467
807.013000
807.612000
807.741333
808.626900
808.774200
808.871833
808.974133
809.031300
809.160033
809.365433
809.780400
810.208833
811.197667
812.281667
812.486267
813.423700
813.634633
814.358600
814.865367
815.285833
815.351767
816.899033
818.925467
819.553700
819.962833
820.099400
820.986167
822.325167
826.498100
826.706600
827.629667
828.248300
829.715933
830.187233
830.365267
830.789967
830.875967
831.311867
832.129900
832.456200
832.489533
833.412500
833.438033
835.349667
838.542500
838.616133
838.907067
838.929067
839.767300
840.518200
841.367100
841.499967
841.653767
841.764100
841.986433
842.202300
842.302467
843.131133
843.708333
843.709933
844.048233
844.144667
846.217500
846.302133
850.022300
850.127367
851.945900
852.222233
853.171400
854.824267
855.260400
855.675300
856.377900
856.568400
856.670800
857.035767
858.032933
858.259467
859.007100
862.138867
862.407600
862.425867
863.818367
864.019067
864.118567
864.437500
864.596100
865.643400
865.859233
866.233400
867.839467
867.856933
869.912800
870.615167
871.330633
872.209400
872.290033
873.814167
876.045633
876.122867
876.171767
876.942967
877.030100
877.271333
877.673733
877.863600
878.055900
878.301733
878.332433
878.467267
878.641733
878.707533
879.004433
879.106233
879.403633
879.500367
879.857733
880.601700
881.340233
882.012133
882.933267
883.447900
883.986700
884.755933
886.205000
886.941033
887.178567
887.792133
889.030467
889.774300
889.939400
890.164000
890.243100
890.944067
891.001267
891.070733
891.823267
891.962033
892.609167
892.879233
892.959733
893.439500
894.071067
896.282033
897.338033
897.825367
899.944333
900.360533
901.072500
901.447567
901.535367
901.894867
901.936267
902.272667
902.540700
903.315033
905.065800
905.138000
906.038400
907.544333
911.840467
911.896200
915.866267
918.113700
918.369933
918.961567
919.585500
920.146567
920.908800
921.422667
922.020633
922.818533
924.930100
925.353733
925.950867
926.363533
927.224133
928.052233
928.798033
928.947933
929.132533
929.767433
929.991400
932.378633
932.432700
933.182267
936.971500
937.804367
938.267433
939.083967
941.131967
941.309633
941.533500
942.358933
943.073333
943.123067
943.165067
943.644767
943.770233
944.133233
944.417633
944.473167
945.199100
946.313067
947.096633
947.861233
948.511567
948.610600
949.085500
949.969533
950.688767
950.861367
951.196433
951.360800
951.612533
951.645700
952.351300
953.815867
953.874867
954.817367
956.049000
957.201667
958.035500
958.709900
959.082700
959.274000
959.755533
960.219300
961.004467
963.017067
964.156533
965.765600
968.160900
968.490800
969.918200
970.070867
970.326300
970.762767
971.112400
972.483633
973.135400
973.676033
976.443233
976.970833
980.876933
980.926433
981.360433
982.011700
983.590267
984.528167
984.682533
984.722000
985.834367
986.503900
986.843067
988.853967
990.297133
991.434567
991.600800
994.562633
995.651967
996.123600
997.421867
1000.259200
1000.398867
1001.000167
1001.877433
1001.980100
1002.060100
1002.899800
1003.009267
1003.715033
1006.466967
1007.907600
1007.915167
1010.622100
1011.264367
1011.490367
1011.762633
1012.081700
1012.558067
1014.887767
1016.046367
1016.653700
1016.728533
1016.840033
1016.988067
1017.360067
1017.535267
1017.537233
1018.404700
1022.137300
1022.279133
1022.331967
1023.662100
1025.133000
1025.432100
1028.382500
1030.559900
1030.656000
1031.274900
1038.947400
1040.242633
1040.725067
1046.449333
1046.691400
1047.094300
1047.200433
1051.618867
1052.029500
1054.423433
1059.103867
1062.518433
1062.994033
1064.718933
1064.956300
1065.111067
1067.909233
1067.986833
1069.617800
1069.775167
1070.795100
1070.967167
1074.212667
1074.877767
1074.974467
1076.734100
1078.005933
1081.709267
1081.941167
1082.753333
1083.609167
1085.748000
1085.818633
1085.927000
1086.934700
1086.989833
1087.250600
1088.144367
1088.981333
1089.928967
1090.902400
1090.941667
1091.850200
1091.977467
1092.239633
1093.501100
1093.549967
1094.287633
1096.185600
1097.302600
1098.015500
1098.940900
1098.955033
1099.173733
1099.721400
1100.208300
1100.317133
1101.531600
1101.773267
1107.158333
1108.587833
1109.629467
1109.702500
1109.740400
1109.886967
1110.196233
1110.895733
1110.981567
1111.239233
1111.992967
1112.140300
1112.341933
1113.921800
1114.408500
1115.070333
1115.393767
1115.662300
1118.030033
1118.931033
1119.096700
1119.505667
1119.658800
1122.324367
1123.673833
1123.924400
1123.951900
1125.922167
1125.954200
1126.137700
1126.512133
1126.808967
1126.929967
1127.141133
1127.653567
1128.045767
1128.290633
1129.562167
1129.608400
1130.403600
1131.008133
1131.246367
1131.933133
1132.412300
1132.765367
1133.677533
1134.121833
1134.606667
1134.934100
1135.016767
1135.061933
1135.110867
1136.315867
1136.759067
1136.879700
1137.119433
1137.592267
1138.201933
1139.918600
1140.852733
1141.184000
1142.451667
1143.272633
1144.025567
1144.349367
1144.907600
1145.071967
1147.674767
1149.063900
1149.169833
1149.255767
1149.970367
1150.064967
1150.409167
1151.731133
1152.059367
1152.437267
1153.805033
1154.043500
1155.121167
1155.401433
1155.512867
1156.159767
1157.118800
1157.458967
1157.610533
1158.127267
1158.143500
1159.110633
1159.401433
1159.601567
1162.577633
1162.764800
1163.051433
1163.943233
1164.032600
1165.285033
1165.698300
1166.012367
1166.721233
1167.607133
1167.691467
1167.762500
1168.082733
1168.240333
1168.790000
1168.812933
1169.166833
1171.123000
1171.953700
1173.419933
1173.476700
1173.602100
1174.515667
1175.177167
1175.263633
1175.848733
1176.270000
1176.296933
1176.483233
1176.557300
1177.687233
1179.129033
1179.265933
1179.392267
1179.642800
1179.860067
1179.926567
1181.913867
1182.437300
1183.465167
1184.077100
1184.182900
1184.295933
1185.411433
1187.850933
1189.057333
1189.083000
1189.354900
1189.982567
1192.520733
1193.926833
1195.272367
1196.639367
1202.770400
1205.024233
1207.444000
1208.115333
1208.377933
1209.164700
1210.088633
1210.995033
1214.351700
1214.499033
1217.158167
1218.890933
1221.505800
1222.435600
1225.175267
1225.395033
1225.426633
1225.781267
1226.411700
1226.633000
1227.010133
1228.059800
1228.519500
1228.836067
1230.705133
1231.501433
1231.667700
1232.353633
1233.154767
1233.252200
1235.153933
1238.560067
1239.199767
1239.850633
1240.010633
1244.193167
1245.135500
1245.813500
1246.646300
1248.739500
1248.911533
1250.585033
1252.342500
1252.600233
1253.038000
1256.352433
1256.856133
1257.496633
1263.542467
1264.242800
1265.092767
1269.426333
1270.706200
1272.250067
1273.279967
1273.384433
1274.770333
1274.988133
1275.518100
1277.166500
1279.405300
1280.836900
1281.309333
1282.297933
1282.886233
1283.161733
1283.630800
1285.862700
1288.186567
1288.316933
1290.475567
1293.247967
1294.880867
1297.446000
1298.879633
1299.174933
1301.865267
1304.842600
1308.116100
1308.775000
1308.954667
1309.204833
1310.156967
1313.272600
1313.280033
1313.398067
1313.597933
1313.642400
1313.793533
