0.462033
0.963767
1.517733
1.873600
2.072533
3.656300
4.501767
4.908133
5.420533
5.546533
6.010633
6.150267
6.270200
6.500567
6.804233
7.323033
7.347667
7.502567
7.728867
7.796967
7.897033
7.989800
8.084833
8.233200
8.332567
8.453467
8.520667
8.568767
8.721867
8.817033
8.969900
9.048400
9.105900
9.216500
9.369367
9.475033
9.561733
9.601567
9.688000
9.787867
10.243867
10.324533
10.620167
10.741833
10.811500
11.270033
11.393733
11.435967
11.488867
11.682067
11.945567
12.015567
12.060700
12.253300
12.285967
12.536667
12.604600
12.689767
12.847133
12.949133
13.193133
13.258033
13.573567
13.622700
13.706167
13.766033
13.923167
13.985467
14.006067
14.044567
14.085467
14.150700
14.264233
14.440400
14.506033
14.540667
14.573300
14.663867
14.774733
14.966467
15.540133
16.052700
16.266033
16.674300
16.761867
16.792767
16.834733
16.856200
16.887633
16.919567
16.964633
17.089167
17.198733
17.296267
17.627567
17.790567
17.976233
18.020633
18.060900
18.099967
18.149633
18.166767
18.196167
18.226900
18.266933
18.288500
18.402400
18.532067
18.639800
18.667433
18.722433
18.751333
18.821533
18.864867
18.979133
19.020267
19.065967
19.169167
19.227067
19.275400
19.352367
19.471567
19.610700
21.463200
21.701833
21.761433
22.217233
22.425233
22.771000
22.972833
22.977533
23.114800
23.363067
23.478033
23.535467
23.586433
23.666700
23.754267
23.998700
24.613467
24.814700
24.877467
24.945700
24.978500
25.102433
25.637900
25.688867
25.979067
26.081600
26.176933
26.358133
26.436900
26.509200
26.875367
26.936400
27.089300
27.319900
27.377167
27.407367
27.513467
27.697733
27.779167
27.915600
28.072100
29.577133
29.659433
29.732333
29.938800
30.272800
30.348333
30.485433
30.601300
30.694000
30.804167
31.123800
31.140967
31.164267
31.212933
32.386867
32.587933
32.724733
32.840933
33.468667
34.992700
35.185000
35.300967
35.306833
35.330067
35.658500
35.702333
35.765767
35.797600
36.006633
36.056633
36.134233
36.189167
36.326633
36.479800
36.498733
36.714033
37.017900
37.290233
37.566800
37.717167
37.876500
37.933133
38.288133
38.652633
38.793167
38.808400
38.854867
38.879000
38.939667
39.019367
39.068800
39.120300
39.157533
39.269767
39.313433
39.366333
39.468700
39.530033
39.675167
40.074267
40.262567
40.502200
40.599467
40.745233
40.867600
41.049267
41.091433
41.162033
41.246433
41.279567
41.319467
41.373567
41.454233
41.512333
41.523733
41.775000
42.004800
42.097200
42.166533
42.263867
42.268733
42.346533
42.375000
42.496567
42.547333
42.693567
42.755333
42.830800
42.937700
42.960100
42.988167
43.043467
43.102133
43.166333
43.215867
43.278333
43.330267
43.405267
43.475000
43.558100
43.847300
43.947867
44.018933
44.064733
44.162400
44.230333
44.420433
44.508667
44.549000
44.641300
44.669900
44.755933
44.904867
45.215700
45.808700
45.951533
46.055967
46.126033
46.225800
46.626700
47.331833
47.417433
47.669400
47.830833
47.847900
47.894567
47.941800
47.987133
48.017767
48.343500
48.390467
48.435233
48.504867
48.546400
48.679200
49.671133
50.224567
50.321767
50.338033
51.282000
51.755367
51.920833
52.078033
52.143233
52.337333
52.391067
52.427667
52.569967
52.736767
52.802233
52.882467
52.889800
53.493800
53.861333
54.046133
54.369233
54.435300
55.133767
55.188100
55.256367
55.306767
55.334400
55.399200
55.562333
55.928500
56.043633
56.110233
56.344833
56.381633
56.384833
56.716333
56.837733
56.887600
56.968633
57.016267
57.072667
57.104467
57.148133
57.218000
57.366733
57.565933
57.709433
57.783733
57.854767
58.035467
58.102967
58.143733
58.168567
58.217100
58.288467
58.341600
58.653467
58.717867
58.738067
58.779000
58.869567
58.977700
59.127867
59.237267
59.319167
59.365133
59.495600
59.525600
59.547900
59.599433
59.742900
59.791233
60.473067
60.505400
60.567300
60.598067
60.665400
60.687800
60.854300
61.150933
61.192700
61.548200
61.608033
61.672267
62.600633
62.673700
63.450033
63.609033
64.186633
64.561400
64.694033
64.772833
64.842000
64.914033
64.989433
65.046833
65.196533
65.255767
65.884967
65.961633
66.009133
66.011667
66.057467
66.115700
66.184633
66.216333
66.498267
66.541400
66.769100
66.945100
67.173600
67.407600
67.538900
68.148667
68.574200
68.664300
68.788133
70.434267
71.643600
71.687833
71.723800
72.085200
72.132000
72.199533
72.357500
72.511600
72.550333
72.624667
72.685267
72.731967
72.798100
72.879400
72.925433
72.979667
73.029533
73.053800
74.189700
74.235533
74.278567
74.319767
74.341167
74.364733
74.565600
75.549867
76.442200
77.014067
77.664267
77.843033
77.997967
78.586333
78.631567
78.814733
78.947300
79.616833
79.851333
79.903633
80.040700
80.286100
80.366333
80.551133
80.611833
80.686833
80.804667
80.834733
80.924500
81.114967
81.380400
81.959433
82.242667
82.404767
82.715733
82.834600
82.882667
82.947100
83.263900
83.305500
83.339667
83.467433
83.588467
83.853233
83.898633
83.908633
83.969300
84.034133
84.107467
84.210667
84.395667
84.563933
84.584333
84.632467
84.690867
84.857367
84.983767
85.072533
85.114067
85.313633
85.352933
85.456967
85.532267
85.685833
85.766067
85.931000
86.185800
86.373767
86.529167
86.635700
86.861533
86.948833
87.034900
87.175700
87.203800
87.746200
87.811733
87.991533
88.098267
88.138933
88.232133
88.343867
88.456333
88.549033
88.605067
88.659133
88.754100
88.834733
88.967533
89.295233
89.336600
89.409733
89.517933
89.686167
89.891967
90.050767
90.175833
90.514100
90.624767
90.690033
90.750367
90.811900
90.905433
90.946100
91.036733
91.230333
91.264600
91.372167
91.404967
91.451567
91.734133
92.061233
92.101900
92.330833
92.398867
92.431567
92.497500
92.693867
92.757667
92.792100
92.878167
93.063867
93.237733
93.282600
93.578300
93.808500
94.026700
94.058967
94.114033
94.272733
94.608067
94.702500
94.896333
95.004167
95.072133
95.308933
95.459000
95.536967
96.037367
96.286733
96.318433
96.505633
96.615400
97.479700
97.516567
97.584867
97.733067
97.817933
98.450500
98.555033
98.600533
98.668733
98.737100
99.050100
99.152433
99.374967
99.447133
99.515800
99.900300
100.414433
100.921667
101.197433
101.334033
101.715500
101.762133
101.822767
101.881967
101.954500
102.069333
102.103067
102.146067
102.466433
102.790667
102.843133
102.903433
103.000300
103.062767
103.414000
103.526967
103.593333
103.778267
103.961167
104.034600
104.133067
105.100400
105.765500
105.924867
106.047167
106.089033
106.171400
106.392133
106.711867
106.777533
106.868800
107.259533
108.108067
108.152900
108.462567
108.506133
108.630767
109.410433
109.687467
109.756000
109.829167
109.975833
110.735400
111.273800
111.467300
111.791367
111.931800
111.987667
112.016367
112.049267
112.068700
112.186533
112.379567
112.514900
112.672300
113.023633
113.543033
113.562533
113.579567
113.626000
113.660533
113.693300
113.696800
113.758033
113.932500
114.002333
114.035500
114.070133
114.075500
114.094033
114.185333
114.364833
114.651033
114.742267
114.841500
115.207333
115.255700
115.317300
115.402900
115.609300
115.679900
115.741900
116.126367
116.155833
116.759467
116.980733
117.021600
117.369733
117.609133
117.686633
117.775267
117.908733
118.007033
118.063133
118.427933
118.572300
119.258767
119.566300
119.926433
120.047633
120.122467
120.329033
120.513300
120.632067
120.812433
120.993933
121.237600
121.405933
121.719267
121.849667
121.952633
122.033433
122.163567
122.393833
122.627000
123.828900
123.934967
124.308800
124.589367
124.772867
124.826100
124.989733
125.167133
125.297667
125.549100
125.961300
126.026267
126.165733
126.488600
126.553567
127.440867
127.576867
127.691100
127.896400
127.965433
128.000333
128.115400
128.587033
129.090600
129.338933
129.446000
129.507267
129.727200
130.051467
130.415100
131.411467
131.518433
131.837933
132.249100
132.291200
132.366767
132.451400
132.519467
132.638367
132.821667
132.885133
133.145600
133.221867
133.538067
133.799967
134.413500
134.531867
135.042200
135.204567
135.245533
135.518700
135.631933
136.477767
136.860467
136.917600
136.954867
136.977533
136.987200
137.042967
137.192467
137.799233
138.200833
138.318100
138.888367
139.171600
139.683567
140.416100
140.597700
140.996400
141.172100
141.633167
141.889133
142.123633
142.472867
142.532233
142.617867
142.738567
143.117967
143.172433
143.230900
143.384333
143.483933
143.689933
143.740500
144.070433
144.142333
144.186267
144.304467
144.760167
144.819833
145.046233
145.083833
145.206433
145.317900
145.400233
145.923633
146.024667
146.171200
146.598933
146.843633
147.149033
147.343133
147.427900
147.540500
147.657300
147.795733
147.836500
147.917600
147.944933
148.019033
148.056600
148.147200
148.310000
148.350467
148.475333
148.504000
148.877200
148.937433
149.077033
149.176433
149.229867
149.298033
149.343233
149.472633
149.671567
149.745400
150.129167
150.353133
150.993967
151.095467
151.661167
152.283133
153.132500
153.186933
153.220867
153.301200
153.748733
153.819867
154.034267
154.107800
154.219500
154.286767
154.757533
155.534600
155.697400
156.035667
156.571333
157.338467
157.497467
157.946500
158.048333
158.082633
158.221167
158.258100
159.060367
159.222467
159.402500
159.437633
159.516033
159.556367
159.602833
159.612767
159.670133
159.691333
159.832800
159.878200
159.900900
159.946533
160.022267
160.157800
160.250867
160.473533
160.703633
160.755700
160.785667
160.805167
160.815900
160.859667
160.872900
160.976267
161.644433
161.834100
161.926633
162.042133
162.098233
162.471267
162.522867
162.548167
162.859600
162.919967
163.009067
163.198567
163.380900
163.429200
163.461733
163.567500
163.661167
163.753000
163.917933
163.985533
164.007300
164.345767
164.426533
164.491433
164.863033
165.071300
165.739300
165.885933
165.991133
166.883867
166.997533
167.070667
167.136233
167.167967
167.397100
167.465667
167.537600
167.672133
168.339700
168.403233
168.490800
168.524467
168.605733
168.704200
168.791667
169.083333
169.330000
169.570900
169.701800
170.165500
170.336133
170.465233
170.533133
170.559233
170.628500
170.777633
171.084267
171.299000
171.557700
171.670900
171.813300
172.009233
172.158267
172.249700
172.583500
172.791533
173.484200
173.572467
173.643000
173.721567
174.014967
174.363100
175.142733
175.446500
175.527667
175.877567
176.606867
176.777067
177.176900
177.434133
177.521333
177.591933
177.704600
177.762133
177.811433
177.857700
177.922433
177.947633
178.078033
178.383500
178.489967
178.525700
178.703200
178.773133
178.851967
178.901133
179.323467
179.446733
179.517467
179.702267
179.792100
179.929433
180.041833
180.281333
180.434867
180.436933
180.509133
180.564867
180.683667
180.744767
180.775900
180.813033
180.924500
180.968467
181.029100
181.075200
181.240567
181.293133
181.407300
181.519400
182.353733
183.725700
183.770967
183.842533
183.969900
184.121733
184.210867
184.262167
184.458267
184.579300
184.673900
184.714600
184.828067
184.916000
185.152167
185.300333
185.404033
185.432133
185.494400
185.575333
185.580100
185.640967
185.715433
185.746467
185.751500
185.817300
185.837667
185.876500
186.013567
186.129000
186.224433
186.301333
186.510767
186.593433
186.668767
186.712100
186.821700
186.871867
186.924700
187.008200
187.090133
187.306567
187.326800
187.502767
187.825867
187.944400
188.197900
188.295600
188.355300
188.410800
188.555167
188.650100
188.741767
188.779667
188.957467
188.981167
189.373333
189.460000
189.528200
189.776800
189.875700
189.954333
190.361200
190.574767
190.726033
190.803067
190.839833
190.888633
190.973567
191.041267
191.203400
191.400000
191.652967
193.007267
194.007867
194.151700
194.372500
194.770067
194.868067
194.916233
195.101133
195.191367
195.345700
195.425767
195.515733
195.692500
195.801300
196.082633
197.169433
197.214667
197.281667
197.349800
199.304900
199.525900
200.720533
201.884300
202.015033
202.102200
202.342200
202.372500
202.612300
202.932767
202.991900
203.118633
203.454167
203.507300
203.596133
203.690033
203.771867
203.810867
203.892100
203.906733
203.953400
203.985400
204.260000
204.574600
204.603733
204.726067
205.228633
205.281933
205.304267
205.334967
205.474933
205.481967
205.541133
205.848900
206.012667
206.160833
206.662300
207.116167
207.175567
207.256067
207.341533
207.696500
207.740167
207.994767
208.530833
208.687667
208.785200
208.913167
209.790233
209.840133
209.945367
210.113567
210.167700
210.597500
210.637700
211.507733
211.964133
212.058233
212.204133
212.511633
212.530667
212.626100
212.687733
212.830133
212.848100
212.915200
213.176867
213.316700
213.714800
213.773200
213.848700
213.934933
214.094933
214.200767
214.305800
214.522700
214.670567
214.780333
214.852600
214.974767
215.128967
215.219133
215.245067
215.330800
215.401133
215.436567
215.483300
215.490700
215.592400
215.642500
215.682800
215.843300
215.965367
216.334333
216.872500
216.909567
216.941667
217.922400
218.290300
218.589533
218.649867
218.738567
218.798667
219.201233
219.341933
219.846733
219.893067
219.915933
220.016000
220.114167
220.229567
220.483600
220.547600
220.604700
220.654300
220.785500
220.980800
221.065300
221.119267
221.274333
221.394167
221.448933
221.520800
221.624100
221.644567
221.701933
221.769767
221.817400
221.917200
221.981700
222.059267
222.108000
222.516200
222.796933
222.886967
222.947600
223.238100
223.364967
223.530400
223.801467
223.837133
223.912800
223.987867
224.636067
224.809900
224.973267
225.047233
225.125433
225.285467
225.366400
225.376167
225.507767
225.550567
225.568600
225.744933
225.786900
225.853433
226.130067
226.259500
226.349533
226.434067
226.786300
226.909033
226.926667
227.306100
227.386333
227.614800
227.673833
227.778600
227.803267
227.880133
227.955900
227.988933
228.001500
228.046533
228.095933
228.119067
228.135833
228.602633
228.698733
228.790767
228.949433
229.330067
229.631000
229.775000
231.101433
232.078267
232.371067
232.478133
232.518067
232.689533
232.910167
232.962400
233.099667
233.250000
233.285767
233.343833
233.445267
233.760600
234.241233
234.348567
234.872467
235.495133
235.739700
235.860867
235.960400
236.718533
236.771700
237.031933
237.105967
237.443233
237.531767
237.622833
237.703667
237.783233
237.866567
237.869867
237.934467
237.982033
238.041400
238.077867
238.101600
238.145967
238.279500
238.427233
238.483067
238.540467
238.732733
238.875700
239.271567
239.480367
239.726567
239.928800
239.990767
241.153433
241.310433
241.452467
241.584433
241.647200
241.708900
241.843600
241.882300
241.983767
242.096133
242.227333
242.823367
242.910667
243.195700
243.700833
243.763700
243.800333
243.907633
243.954767
244.875600
244.931133
245.150700
245.319733
245.330600
245.361000
245.597933
245.758967
245.847467
246.793033
247.011300
247.132800
248.926900
249.254533
249.288400
249.356567
249.504767
249.561667
249.657167
250.022033
250.120233
250.431400
250.469233
250.475167
250.536000
250.547133
250.573367
250.627567
250.976033
251.080900
251.883767
252.220400
253.216600
253.419133
253.631467
253.679400
253.716067
254.011167
254.072500
254.183233
254.644667
255.029633
255.079333
255.147167
255.308367
255.469433
256.031533
256.090300
256.186333
256.650567
257.240533
257.337600
257.381167
257.696133
258.170800
258.334900
258.428733
258.502200
258.635533
259.148667
259.718633
259.805500
259.883800
259.928167
260.816733
260.943500
261.027233
261.099167
261.116867
261.499267
261.639233
261.662000
261.718867
261.749800
261.805167
262.027200
262.340600
262.962267
263.276967
263.341933
263.390167
263.446200
263.816400
263.888500
263.963700
264.316867
264.366133
264.395767
264.504267
264.593167
265.040833
265.116867
265.166167
265.313500
265.772833
266.218967
266.713100
267.244733
267.487367
267.747633
267.885233
268.426900
268.880600
270.125000
270.278200
270.409600
270.595533
270.658400
270.741733
270.840367
270.923933
271.136367
271.219100
271.584467
271.708033
271.726500
271.831233
272.066600
272.201467
272.407667
273.233033
273.937200
274.037900
274.133700
274.290500
274.536433
275.096433
275.319533
275.471200
275.564433
275.577100
275.646500
276.294400
276.407567
277.038467
277.452567
282.424600
282.534133
282.591667
282.969333
283.031667
283.135033
283.238133
283.961667
284.198900
286.406000
287.413733
287.570867
287.928333
288.920900
289.024400
289.168633
290.319767
290.388467
290.520300
290.893067
290.999867
291.012800
291.090333
291.131233
291.300700
291.328333
291.379667
291.561600
291.823267
291.857400
291.970267
292.508433
292.628167
292.725033
292.854567
292.995933
293.234000
293.511300
293.623600
293.714667
293.817300
293.937567
294.388800
294.670767
294.800267
295.058000
295.152267
295.273933
295.644900
295.850667
295.965933
296.082500
296.570967
296.713200
296.941800
296.994967
297.181800
297.758467
298.006467
298.229267
298.276833
298.385433
298.407600
298.493000
298.527800
298.670300
298.782500
299.167333
299.219767
299.387733
299.500833
299.653500
300.287200
300.786600
301.223000
301.372100
301.518133
301.648733
301.760400
301.828200
302.003400
302.173567
302.200333
302.721167
303.029767
303.084167
303.274100
303.490367
303.675300
303.707033
303.887300
303.963267
304.109833
304.845500
304.996567
305.108133
305.334733
305.709633
306.005167
306.049633
307.404467
308.719033
308.879933
308.965133
309.059967
309.147967
309.269600
309.379133
310.310100
311.253767
311.432300
312.098700
312.180733
312.263200
312.407333
312.818200
313.086267
313.406767
313.653300
313.864567
314.089967
314.168700
314.248967
314.360033
314.417367
314.480800
314.673900
315.011133
315.072933
315.135633
315.219133
315.329933
315.602233
315.783667
316.967733
317.109167
317.157333
317.429433
317.655700
317.734233
317.982700
318.585400
319.211400
319.877833
320.305467
320.804000
320.830633
320.953867
321.013767
321.134533
321.211400
321.275767
321.791900
321.846000
322.772167
322.976900
323.019967
323.060533
323.217100
323.894133
324.324633
324.801833
325.131467
325.247267
325.374400
325.398100
325.758533
325.846533
325.903800
326.307300
326.415533
326.557433
326.963833
326.986833
326.989333
327.030667
327.048233
327.076733
327.120667
327.143533
327.155133
327.174900
327.200167
327.249100
327.305567
327.435133
327.477533
327.480600
327.534700
327.550667
327.582967
327.599233
327.644133
327.708500
327.799600
328.164200
328.252600
328.339233
328.374267
328.452233
328.462867
328.710000
328.983033
329.366700
330.336667
330.408100
330.527233
330.635500
331.068867
331.137667
331.252733
331.404533
331.508367
331.728333
333.353267
333.508867
333.732733
334.202467
334.257033
335.328300
335.771300
336.168967
336.255100
336.354167
336.552267
336.609967
336.651667
336.724000
336.793733
336.892867
338.370433
338.500100
338.565933
338.762667
338.841400
338.909733
338.988133
339.072133
339.451533
339.823200
340.038067
340.069900
340.116167
340.183467
340.212467
340.224967
340.464667
340.519333
340.558033
340.589500
340.630067
340.695600
340.805600
341.008600
341.625900
341.803867
341.852367
341.938200
341.966133
343.491633
343.667733
343.964600
344.084467
344.275200
344.371233
344.462067
344.552567
344.665967
344.791433
345.054733
345.088533
345.118133
345.205433
345.261633
345.567167
346.222900
346.630200
346.718967
347.253667
347.996967
348.087333
348.257567
348.345433
348.535900
348.762400
348.806733
349.154167
349.200833
349.503833
350.443433
350.830700
350.913267
350.956100
351.252533
351.660533
351.883567
352.797633
353.114133
353.386067
353.617933
353.864233
354.019133
354.085700
354.125933
354.469633
354.533067
354.582933
354.647800
354.737667
354.847700
354.944733
354.975033
355.040000
355.112567
355.193633
355.347867
355.449900
355.508633
355.574100
355.614333
355.770167
355.852233
355.978567
356.090600
356.162667
356.247567
356.297600
356.349367
356.659200
356.827467
357.282133
357.632167
358.291700
358.442167
358.509667
358.658267
358.716567
359.243500
359.503033
359.638733
359.700367
359.752700
359.806233
359.945300
360.229067
360.334633
360.374600
360.433633
360.548467
360.735067
360.771500
360.893000
360.930100
361.081533
361.112267
361.226100
361.311533
361.346000
361.372200
361.387067
361.519500
361.536900
361.633267
361.684300
361.705767
361.815700
361.926433
362.126600
362.147333
362.234500
362.280400
362.369367
362.435700
362.473933
362.491833
362.579233
362.611167
362.919100
362.993667
363.988800
364.134800
364.221733
364.304767
364.390033
364.540000
364.620233
364.683633
364.866233
364.926667
365.096233
365.118433
365.191833
365.317533
365.340100
365.376833
365.413667
365.432200
365.440967
365.478067
365.494633
365.503467
365.542233
365.604100
365.666933
365.692367
365.731133
365.806267
365.820400
365.889867
365.909200
365.976500
366.057500
366.111367
366.244500
366.269800
366.340333
366.349233
366.375800
366.390333
366.406967
366.436900
366.460633
366.554133
366.599733
366.649400
366.787200
366.820567
366.917533
366.941400
366.985433
367.127300
367.297400
368.273467
368.683333
369.283767
369.678833
369.770467
370.766333
371.569167
372.043867
372.171233
372.765733
372.830533
374.952700
375.245367
375.381567
375.797500
375.820867
375.964800
376.035233
376.679533
376.793767
376.908333
377.245800
377.385867
377.790333
377.888267
378.042700
378.423267
378.679833
378.822733
379.352600
379.443467
379.678433
380.111767
380.312067
380.790000
381.061833
381.560300
381.687667
381.779333
381.892867
382.019367
382.116867
382.666967
382.811900
383.061467
383.553633
383.629967
383.690533
384.641100
384.739667
384.882367
385.016833
385.299700
385.303400
385.715867
385.763733
386.065867
386.202067
387.066400
387.202833
387.364700
387.480200
387.839733
388.089800
388.295067
388.349867
388.805367
389.066467
389.112233
389.189567
389.359500
389.690667
390.511567
390.692433
390.772700
390.874000
390.895333
390.941600
390.981000
391.051067
391.210033
391.300933
391.354467
391.735933
391.948100
392.113933
392.195167
392.279033
392.615733
392.877067
392.928567
393.366767
393.734933
393.913467
394.055767
394.279000
394.358333
394.434167
394.510933
394.640267
394.673967
395.188033
395.262367
395.303300
395.994233
396.148500
397.002900
397.055533
397.528100
398.146867
398.485800
398.741200
398.840100
399.056667
399.500500
399.544233
399.679400
399.768767
399.858333
399.992833
400.214933
400.570567
401.602300
402.479567
403.676200
403.822633
404.919367
405.541000
405.962800
406.410567
406.503867
406.538233
406.547133
406.600867
406.679367
407.389933
407.525933
407.841133
409.790867
409.890600
409.965333
410.042133
410.149833
410.202533
410.712733
411.093967
411.583800
412.283400
412.657967
412.885367
413.430667
414.054667
414.285667
414.355133
414.695067
415.801567
415.964100
416.248500
416.823100
417.134867
417.205133
417.471467
417.869400
417.937033
418.003233
418.017167
418.223533
418.250833
418.365200
418.389133
418.391300
418.437633
418.501267
419.027300
419.130467
419.206100
419.375467
419.538300
419.696033
419.944967
420.198733
420.323100
420.715233
420.768600
420.961033
421.019633
421.273700
421.310767
421.401133
421.509467
421.911467
421.987200
422.079533
422.139500
422.455933
422.489667
422.626700
422.703033
422.997667
423.025067
423.244967
423.343533
423.449800
423.499533
424.398467
424.516067
424.572900
424.659933
425.003667
425.626067
426.153933
426.262500
426.763367
426.795467
427.123033
427.263167
427.366033
427.472900
427.693133
428.054100
428.133467
428.239367
428.451733
428.608733
428.664900
428.702800
428.750467
428.802867
428.909600
429.001733
429.218300
429.247067
429.349500
429.502867
429.677100
429.752133
429.834733
429.954467
430.009900
430.188600
430.394133
430.455067
430.525900
430.651200
430.827200
431.050900
431.168900
431.266767
431.500033
431.808567
432.134333
432.322800
432.348167
432.463633
432.546700
433.270733
433.349800
433.700000
433.767400
433.854133
434.003267
434.151933
434.215500
434.264700
434.301267
434.524200
434.817700
435.796367
435.983200
436.135100
436.307733
436.329400
436.412333
436.544300
436.556267
436.648367
436.761233
437.163433
437.214467
437.273833
437.464733
437.495767
437.544233
437.693900
437.882567
437.931367
437.957233
438.011833
438.076067
438.355333
438.443100
438.519233
438.584000
438.889167
438.957033
439.122133
439.196767
439.625033
439.943333
440.031867
441.315067
441.361900
441.482533
441.855900
441.941867
442.048300
442.115233
442.207700
442.251467
442.532000
442.586267
442.853633
443.043133
443.110967
443.124833
443.190300
443.230533
443.279567
443.293500
443.325567
443.410400
443.576033
443.744267
444.464000
444.669133
444.758133
444.840500
444.887200
444.959267
444.997667
445.219867
445.270900
445.432433
445.524667
445.620933
446.344833
446.379900
446.655233
446.702500
446.717667
446.766333
446.789333
446.893600
446.947300
447.007367
447.043400
447.351300
447.778633
447.885167
447.945633
448.091433
448.148467
448.215800
448.222067
448.234767
448.263300
448.286333
448.948500
449.010200
450.169000
452.367033
452.736300
452.806767
452.930200
454.583333
455.204233
455.392467
455.445700
455.518333
455.553833
455.595667
455.615167
455.618000
455.647167
455.681500
455.691433
455.785900
455.913233
455.972633
456.085833
456.182033
456.259500
456.312733
456.351200
456.526667
457.679533
457.776600
457.850100
458.116067
458.225433
458.373533
458.452200
459.112333
459.289033
459.368167
459.818233
459.939200
460.013333
460.098767
460.213700
460.247333
460.337767
460.371900
460.484033
460.548567
460.822133
461.754700
461.982733
462.432000
462.736167
462.781433
462.857633
463.211233
463.728000
464.151367
464.196000
464.273033
465.263200
465.352333
465.451800
465.492667
465.872033
465.967400
466.000267
466.054900
466.102967
466.129067
466.266133
466.297700
466.400833
466.496867
466.543067
466.630967
466.750733
466.949900
467.074533
467.108433
467.195133
467.215567
467.275067
467.292833
467.337867
467.369667
467.494433
467.499300
467.722100
467.759867
467.870800
468.013400
468.451833
469.469567
469.753033
469.911300
470.422000
470.609000
470.745433
470.887633
471.168667
471.390400
471.490567
471.539100
471.620067
471.823633
471.917833
471.965800
472.146600
472.356600
472.492500
472.646633
472.879833
472.929000
473.048367
473.163233
473.637867
473.881800
474.140233
474.378300
474.437500
474.460600
474.603833
474.752300
474.999800
475.005500
475.147300
476.027867
476.466467
476.640567
476.699300
476.835000
476.876633
477.723400
479.012733
479.679133
479.942233
480.093967
480.310400
480.357333
480.428233
481.057867
481.199500
481.484200
481.585133
481.756133
481.850400
482.032900
482.610333
482.842067
482.957333
483.098400
483.143233
483.177900
483.366633
483.748200
483.876200
483.969600
484.325733
484.804267
484.907533
484.963367
485.031733
485.073800
485.144867
485.170367
485.220733
485.241667
485.348100
485.462833
485.606500
485.755833
485.846100
485.874800
486.013233
486.043667
486.133067
486.211733
486.542067
486.586800
486.689033
486.897600
487.105167
487.249767
487.597400
487.731300
487.758367
488.092467
488.149267
488.196133
488.232600
488.367867
488.390400
489.604467
489.985533
490.036033
491.179667
491.364033
491.457133
491.581433
491.708733
491.912767
492.010933
492.049900
492.104700
492.174000
492.221600
492.264000
492.330333
492.399233
492.429767
492.471300
492.641000
492.674033
492.711367
492.739200
492.798367
492.876667
492.952700
494.161500
494.344200
494.772733
494.902133
495.096300
495.209300
495.537367
495.622867
495.941600
496.028700
496.035233
496.096133
496.118667
496.154233
496.342833
496.567433
496.600100
496.630333
496.703767
496.748633
496.824967
497.065800
497.167167
497.426000
497.585267
497.724500
498.420133
498.670067
498.888933
499.223133
499.298100
499.367367
499.620233
499.995467
500.092167
500.121433
500.247267
501.064900
501.216133
501.307000
501.384533
501.525067
501.670567
501.793400
501.921133
502.051867
502.292200
502.356433
502.389933
502.694933
502.802200
503.122967
503.557933
503.685100
503.822367
504.002933
504.033333
504.113833
504.145767
504.236767
504.250667
504.290567
504.315000
504.410900
504.482700
504.501867
504.587033
504.628767
504.764667
504.801933
504.844867
504.884400
504.964667
505.026967
505.211567
505.371300
505.400200
505.494433
505.584200
505.670933
505.884567
506.072867
506.122767
506.208533
506.289200
506.350667
506.394267
506.482233
506.627033
506.715767
506.737100
506.793433
506.841367
506.971400
507.196700
507.266700
507.342667
507.378467
507.460333
507.698667
507.850367
507.914767
508.189900
508.311800
508.398400
508.527367
508.565133
508.605233
508.641600
508.686900
508.948667
509.020400
509.143933
509.181333
509.229567
509.272900
509.377500
509.585000
509.709633
509.795967
510.014467
510.148133
510.717167
510.760500
511.078567
511.282200
511.396067
511.438900
511.494867
511.531633
511.547100
511.591867
511.641367
511.841700
512.442867
512.505967
512.653233
512.756367
512.857100
513.216200
513.374300
513.424333
513.449100
513.564400
513.699133
514.063567
514.165833
514.342967
514.423500
514.454233
514.494700
514.547133
514.599667
514.655067
514.728767
514.799633
514.873333
514.901667
514.909667
515.026633
515.072367
515.154567
515.206133
515.308900
515.423300
515.479700
515.525133
515.567733
515.634367
515.680233
515.778533
515.922167
516.079533
516.155200
516.272767
516.393367
516.466967
516.774767
517.119367
517.184767
517.318033
517.401800
517.560667
517.751767
517.878300
517.982733
518.081167
518.155333
518.186133
518.267933
518.319867
518.431100
518.574500
518.597600
518.701267
518.798267
518.898833
519.305333
519.636500
519.770333
519.838567
519.902800
519.945467
520.002000
520.041767
520.140700
520.288267
520.397633
520.464233
520.566933
520.669767
520.725167
520.864900
520.921067
521.028900
521.101800
521.232600
521.336967
521.381400
521.492367
521.696300
521.752200
521.812633
521.834300
522.005467
522.110800
522.248033
522.282400
522.481567
522.618333
522.668800
522.766667
523.140867
523.262367
523.335367
523.656367
523.726533
523.799400
524.103633
524.164533
524.472000
524.566100
524.625133
524.794633
524.966733
525.507000
525.677833
526.310333
526.368900
526.575733
526.617567
526.728967
526.836333
526.875467
527.029333
527.070033
527.183700
527.527000
527.585000
527.634067
527.711167
527.746867
527.753867
527.794567
527.834167
527.886367
527.905533
527.970567
528.020633
528.071767
528.109833
528.175367
528.279233
528.286600
528.477300
528.637167
528.785933
529.020333
529.143700
529.612067
529.935633
530.005767
530.153733
530.218300
530.352267
530.425767
530.528833
530.911433
530.978233
531.181733
531.245733
531.292433
531.321133
531.346300
531.353033
531.421300
531.488833
531.896633
532.867133
533.241800
533.305233
533.592700
533.812933
533.933133
534.158800
534.336167
534.377167
534.729400
534.861567
534.920767
535.187067
535.294767
535.464333
535.731233
536.075800
536.212867
536.441900
536.604533
536.728867
536.822100
536.984100
537.074767
537.154967
537.198267
537.329033
537.394333
538.091667
538.150833
538.246400
538.304567
538.477067
538.549133
539.511600
539.588167
539.665933
539.898467
540.016267
541.222567
541.604367
541.765633
541.977800
542.031133
542.082900
542.326133
542.422200
542.682033
542.833733
542.974767
543.585467
543.635167
543.764733
543.822733
543.873667
543.903400
544.002533
544.124833
544.166633
544.340200
544.412167
544.475167
544.539500
545.043900
545.634267
545.693767
545.993000
546.716500
546.736300
546.812900
547.060067
547.477433
547.710767
547.789733
548.163300
548.935133
549.411933
549.914967
550.412733
550.555933
550.761833
551.007267
551.221700
551.534200
551.613933
551.860000
551.961133
552.073267
552.292933
552.631933
552.794167
552.937633
553.154600
553.452900
553.638967
553.669100
554.075700
554.170867
554.240067
555.188433
555.420833
555.609900
555.652700
555.722300
555.936933
556.083633
556.148633
556.183167
556.255300
556.720500
556.999367
557.144900
557.273700
557.996500
558.227167
558.301300
559.593167
560.736367
560.850367
560.877200
560.895567
561.871567
561.997433
562.243667
562.293533
562.424900
562.535633
562.552200
562.645667
562.664567
562.755033
562.877833
562.922133
562.949833
563.052500
563.101533
563.139367
563.154067
563.159400
563.740500
563.885300
564.099400
564.196100
564.287167
564.381967
564.464167
564.502967
564.653400
565.452800
565.516733
566.139300
566.234100
566.472300
566.586100
566.650933
566.791367
566.816400
566.851400
566.892100
566.929667
567.028500
567.069500
567.131567
567.310167
567.358533
567.435200
567.683967
568.083400
568.233000
568.464900
568.677000
568.760067
568.831867
568.909200
569.182133
569.363533
569.402067
569.508067
569.824700
570.194967
570.465500
570.498133
570.704100
571.398533
571.600533
571.693833
571.841533
571.989633
572.104833
572.238500
572.305133
572.310100
573.901233
574.194767
574.314133
574.435500
574.506567
574.560467
574.767367
574.905500
574.948433
575.007867
575.039367
575.111800
575.657000
575.829067
575.877033
576.029167
576.074500
576.088700
576.189000
576.233267
576.296900
576.345367
576.904867
576.994200
577.065767
577.242400
577.270400
577.375900
577.445433
577.644833
577.857633
578.091300
578.252200
578.328800
578.397967
578.491000
578.731367
578.860933
579.059333
579.317867
579.412633
579.856033
579.889533
579.934533
580.095767
580.300400
580.414900
580.532267
580.611033
580.731567
580.836933
581.328767
581.586000
581.838400
582.019933
582.704333
582.743333
582.810367
583.587400
584.098867
584.231867
584.355167
584.451367
584.514767
584.622467
584.755733
585.051500
585.943167
586.025733
586.151300
586.219267
586.258167
586.312367
586.322333
586.564833
586.662333
586.748233
586.796800
586.805733
587.371433
587.651400
587.679833
587.735500
587.795200
588.073433
588.161033
588.366367
588.687000
588.774000
588.810767
588.839833
588.895433
588.948567
589.071667
589.195167
589.206133
589.217800
589.312467
589.382433
589.392133
589.404167
589.500900
589.596300
589.632767
590.025500
590.032233
590.053767
590.064100
590.085900
590.121400
590.152733
590.164200
590.198067
590.252167
590.437667
590.763367
591.557467
591.666400
592.002233
592.096233
592.161133
592.404100
592.746000
593.368133
593.853833
594.121700
594.801367
594.854100
595.108500
596.067333
596.609000
596.758100
596.855033
596.911100
597.119633
597.169533
597.766633
597.894733
598.937833
599.529867
600.652900
600.988000
601.044933
601.435167
601.541633
601.610500
601.843400
602.386533
602.447300
602.656967
602.811300
603.050700
603.118633
603.337000
603.377467
603.433967
603.496733
603.524567
603.601800
603.672733
603.739800
603.869700
604.102733
604.253167
604.310133
604.317000
604.938200
605.112233
605.191833
605.293033
605.360700
605.801400
605.981767
606.557700
606.750567
606.816067
606.892433
606.953933
607.028700
607.080867
607.188533
607.274333
607.787833
608.048233
608.418867
608.699900
609.806967
609.848500
609.954433
610.485833
610.731800
610.780500
611.133733
611.198400
611.211200
611.370467
611.650500
612.219633
612.858500
613.007133
613.053700
613.087700
613.200900
613.361467
613.539600
613.660100
613.739267
614.210367
614.374700
614.544700
614.661667
614.794133
615.019933
615.069067
615.584700
615.643400
615.672567
615.885700
616.119700
616.231367
616.327200
616.374000
616.424400
616.515267
617.058400
617.157833
617.354967
617.396833
617.521467
617.555467
617.597500
617.612633
617.701700
617.717000
617.743800
617.746367
617.811300
617.935800
618.329333
618.722133
619.310333
619.605067
619.653833
619.681067
619.782500
619.817367
619.857633
619.946933
620.214733
620.473233
620.636267
620.739233
620.812367
621.121600
621.168367
621.308233
621.335033
621.485167
621.513967
621.582600
621.619233
621.627167
621.683700
621.689067
621.829067
621.847000
622.214833
622.252167
622.461767
623.424467
623.460000
623.745167
624.567133
625.209100
625.624633
625.679067
625.791800
625.944400
626.086033
626.497900
626.557067
626.705467
627.129867
627.157567
627.892900
627.968433
628.077167
628.124033
628.156333
628.281300
628.384900
628.565833
628.992200
629.136400
629.709733
629.763367
629.788400
629.860867
629.908433
629.968533
630.060300
630.211567
630.346633
630.733333
630.814400
630.995633
631.005067
631.077400
631.172700
631.350867
631.494667
631.614267
631.749333
631.813600
631.842267
631.872900
631.922500
631.947167
632.151633
632.187033
632.266267
632.395233
632.456867
632.600567
632.635600
632.706767
632.843267
632.913233
633.241300
633.389333
634.519600
634.611300
634.745667
634.910567
635.367833
635.430867
635.491767
636.030800
636.096933
636.182267
636.879900
636.942933
637.359933
637.635633
637.723133
638.146933
638.239233
639.221467
639.514067
640.195800
640.243767
640.340500
640.587400
640.833400
640.880300
641.228200
641.317267
641.440900
641.583467
641.664367
641.702267
641.794133
641.833467
642.031133
642.064133
642.148867
642.182600
642.245000
642.472500
642.771167
642.855400
643.147667
643.192500
643.397333
643.702767
644.125767
644.223600
644.467733
644.692233
644.698767
645.126467
645.489033
645.623667
645.799467
645.870800
645.882667
645.966600
646.039000
646.123800
646.183433
646.223967
646.344800
646.388700
646.422633
646.496067
646.562467
646.622167
646.806000
646.834233
646.892400
647.354033
647.512333
647.536733
647.731600
648.085300
649.021567
649.096733
649.819700
649.907867
649.977633
650.210600
650.595633
650.872667
650.942367
651.010867
651.349533
651.446567
651.496200
651.518200
651.554300
651.862500
652.061400
652.105167
652.211467
652.300900
652.364800
652.463767
652.502767
652.569433
652.688400
652.810733
652.897233
653.036333
653.350000
653.555700
653.583900
653.590867
653.625667
653.767833
653.857433
653.924733
653.959667
654.024400
654.085500
654.140633
654.188867
654.747000
655.139100
655.252067
655.339833
655.467933
655.596367
655.728233
656.002767
656.391367
656.540667
656.629067
656.937267
657.776467
658.093000
658.205267
658.282200
659.052167
659.227467
659.272967
659.465700
659.689967
659.792133
659.826100
659.877467
659.959400
660.116133
660.605933
660.921867
661.033300
661.136100
661.220833
661.768700
661.826633
661.918033
662.288533
662.489667
662.799733
662.872033
663.261833
663.305500
663.409833
663.524567
663.654100
663.718067
664.467567
664.599500
664.889967
665.073000
665.410400
665.573500
665.681533
665.756733
666.137567
666.205700
666.404433
666.538233
666.688167
667.563733
667.669400
667.724033
667.941767
668.023233
668.180567
668.240300
668.294067
668.632267
669.225300
669.404000
669.504967
669.765467
669.856267
670.293867
670.417933
670.540633
670.779000
670.820767
671.044367
671.099200
671.203967
671.320500
671.343267
671.383067
671.421967
671.476967
671.523433
671.583767
671.617000
671.675933
671.743900
671.846700
672.220533
672.355067
672.441167
672.525633
672.646133
672.688267
672.910667
673.208367
673.275233
673.691800
673.764533
673.961133
674.022500
674.091733
674.170600
674.283567
674.366900
674.795633
674.867933
674.943567
675.059967
675.168333
675.423567
675.598300
675.935500
676.333100
676.609400
677.692100
677.871500
677.955033
678.009767
678.058500
678.163267
678.307167
678.573933
678.690000
679.052400
679.223167
679.968867
680.075767
680.127767
680.231900
680.293233
680.367200
680.391733
680.408100
680.606133
680.703267
680.713200
680.816800
680.853300
680.950167
681.057033
681.140833
681.213733
681.266167
681.321067
681.341600
681.370367
681.495033
681.684733
681.849900
681.913000
681.964467
682.015200
682.074033
682.130167
682.174067
682.226967
682.298133
682.328133
682.373200
682.551533
682.596167
682.661533
682.692300
682.711433
682.805600
682.849733
682.876933
682.962333
683.045533
683.103833
683.304000
683.317800
683.497233
683.547167
683.625133
683.696333
683.739633
683.812767
683.822800
683.878000
683.948933
684.139167
684.167167
684.187433
684.235233
684.269133
684.279567
684.375133
684.449267
684.548467
684.582600
684.608300
684.611567
684.651533
684.689133
684.699367
684.740400
684.773367
684.919500
684.972167
687.374567
687.515100
687.817133
688.039733
688.642033
688.987233
689.087100
689.204000
689.438900
689.684833
689.938133
690.046800
690.873267
691.109700
691.168267
691.238667
691.401100
691.869133
692.028100
692.394967
692.972500
693.099100
693.149800
693.332500
693.372700
693.427433
693.506967
693.567433
693.808633
693.989767
694.054933
694.082967
694.125967
694.535333
694.638633
694.737567
694.935333
695.074533
695.113567
695.149300
695.337700
695.441200
695.694067
695.719400
696.004500
696.176933
696.214033
696.402133
697.392433
697.622000
697.708933
699.242667
699.895167
700.295633
700.398733
700.449567
700.525900
701.228833
701.341933
701.396967
701.520567
701.674167
701.802167
701.890167
702.050933
702.168000
702.230233
702.348767
702.493300
702.545867
702.648467
704.599533
704.893000
705.084933
705.357067
705.717567
705.802600
705.817933
705.856267
705.904767
706.005700
707.773600
708.026733
708.224967
708.318300
708.421267
708.562767
709.444000
709.541033
709.598067
709.611667
710.133500
710.299733
710.350933
710.406933
710.666967
710.961933
711.349967
711.498467
711.552300
711.598367
711.658567
711.793167
711.827333
712.022900
712.241967
712.366800
712.488300
712.657700
713.231333
713.282667
713.918167
714.139067
714.282467
714.408900
714.691767
714.746067
714.847167
714.948233
715.018767
715.123467
715.195433
715.261367
715.359400
715.387367
715.455600
715.554833
715.634333
715.726700
715.768333
715.931667
715.967567
716.196367
716.279833
716.551933
716.632733
716.876267
716.955833
717.026667
717.093067
717.155833
717.352600
717.437433
717.491533
717.794633
718.005633
718.259600
718.329900
718.706400
718.834867
719.170033
719.313233
719.470700
719.509200
719.848167
720.091233
720.130967
720.158267
720.183500
720.222900
720.317733
720.327467
720.451167
721.278333
721.466667
721.553133
721.705833
722.449000
722.561367
722.632967
722.731733
723.093100
723.423967
723.448467
723.510900
723.522900
723.572700
723.743667
723.984467
724.017367
724.083067
724.097667
724.257967
724.651367
724.806933
725.084033
725.164967
725.437533
725.695400
725.725433
725.753333
725.757300
725.820200
725.838900
725.894600
725.924667
725.954633
725.986933
726.033767
726.053633
726.086033
726.098367
726.106067
726.203967
726.215833
726.257633
726.315233
726.392033
727.661167
727.744767
727.892767
727.996900
728.117967
728.172767
728.807133
729.006233
729.306267
729.585033
730.021733
730.702733
731.271433
731.877933
731.975267
732.176267
732.236767
732.263633
732.323033
732.957833
733.072567
733.406833
733.677967
736.085400
736.311233
736.564867
736.917333
737.736767
737.920767
738.008733
738.268400
738.328667
738.372367
738.446600
738.477200
738.542400
738.631367
738.689500
738.714067
738.906033
738.967767
738.980167
739.033667
739.069133
739.109100
739.148300
739.224433
739.689833
739.757600
739.988133
740.040967
740.101600
740.171200
740.225933
740.344367
740.562500
740.657367
740.909833
741.250700
741.367000
741.547833
741.738233
741.795133
741.840400
741.914333
741.954567
742.086133
742.470133
742.973700
743.108933
743.549900
743.618333
743.864600
743.966933
744.250567
744.822567
745.128100
745.291333
745.366533
745.887100
746.086700
746.131500
746.205533
746.313500
746.371933
746.409833
746.465067
746.524400
746.636067
746.771700
746.857800
746.944300
747.038733
747.762200
748.052167
748.189200
748.393800
748.531067
748.615333
748.672233
748.719933
749.333400
749.529767
750.239767
750.305067
750.341833
750.504333
750.604333
750.654633
750.715333
750.842200
751.127500
751.301500
751.794200
752.245500
752.370467
752.448500
752.514900
752.591533
752.649200
752.764567
752.799100
752.857233
753.263733
753.389233
753.444733
753.536433
753.590767
753.658967
754.162333
754.256767
754.310433
754.390767
754.475833
754.808200
755.103100
755.191700
755.371867
755.528400
755.589400
755.634867
755.820000
756.138300
756.275967
756.368367
756.610100
756.858533
756.942033
756.989100
757.025633
757.212567
757.339667
757.406833
757.694000
757.751733
758.042733
758.160367
758.262000
758.327500
759.430700
759.849933
759.956200
760.060633
760.903267
760.983833
761.536167
761.666767
761.948933
762.106400
762.412267
762.822600
762.911967
763.112167
763.331200
763.478700
764.192000
764.272167
764.822533
765.253867
765.292300
765.583967
765.800500
766.643400
767.088933
767.275300
767.420700
767.518500
767.895067
768.030000
768.089333
768.249500
768.479500
768.536900
768.594033
768.807700
768.885633
768.926767
769.231467
769.313133
769.532633
769.579933
769.693967
769.787533
769.890400
770.247300
770.284733
770.377433
770.415300
770.684967
770.795033
770.924900
770.928267
771.408533
771.508167
771.604033
771.781767
771.890200
771.979167
772.124267
772.223833
772.413267
772.486467
772.568433
772.608933
772.686367
772.734833
772.762667
772.849867
772.891967
772.914533
772.983067
772.985233
773.161100
773.372500
773.686133
773.889900
774.186800
774.372400
774.469967
774.550333
775.846367
775.878733
775.944167
775.989000
776.023800
776.067200
776.620700
776.730633
776.924533
777.195400
777.280633
777.457267
777.738100
777.934367
778.413800
778.509300
778.758067
778.818167
779.449833
779.994500
780.081267
780.773533
781.148767
781.780300
782.042900
782.136167
782.227067
782.347100
782.494200
782.576367
782.622667
782.826633
782.893500
783.024967
783.184200
783.251333
783.379300
783.433667
783.534033
783.610767
783.699867
783.869533
784.112233
784.179300
784.349667
784.457467
784.527400
784.694933
784.805100
784.856133
784.979900
785.015067
785.093267
785.199400
785.433067
785.470900
785.612733
785.778400
785.868700
785.942200
786.016633
786.263533
786.393400
786.431033
786.486133
786.541400
786.625067
786.735767
786.857533
786.985400
787.003767
787.075567
787.185233
787.233100
787.277600
787.428467
787.496467
787.557200
787.669133
787.727167
787.765067
787.964900
788.067833
788.185967
788.348300
788.394500
788.446600
788.522200
788.565167
788.600233
788.756000
788.810967
788.835100
788.983033
789.048700
789.122267
789.171267
789.290433
789.340767
789.411433
789.518300
789.637333
789.784767
789.881733
790.112667
790.197300
790.261033
790.308667
790.339733
790.446300
790.477867
790.503300
790.571000
790.638667
790.719933
790.776533
790.929867
790.952800
791.021800
791.122800
791.142067
791.167067
791.194700
791.273667
791.337367
791.364133
791.375567
791.458800
791.541867
791.690267
791.747733
791.802900
792.429967
792.498267
792.547967
792.964133
793.923400
794.091433
794.181833
794.381533
794.486700
794.746100
794.850433
795.203333
795.364033
795.558367
795.897767
796.028467
796.084100
796.114167
796.128567
796.189667
796.317500
796.410533
796.456300
796.507500
796.608167
796.663333
796.755900
796.840200
797.001233
797.042700
797.080933
797.267300
797.285067
797.314200
797.337133
797.394100
797.466900
797.514833
797.562267
797.687700
797.708833
797.762133
797.820833
797.885700
797.928200
798.157200
798.329200
798.819633
798.945433
798.963400
798.973033
798.996333
799.053167
799.099300
799.112400
799.176833
799.486267
799.675767
799.712933
799.717000
799.726867
799.755033
799.819767
799.905767
799.949900
800.049000
800.442500
800.815267
801.753800
802.083567
802.150433
802.294533
802.589667
802.844233
803.448133
803.980033
804.231300
804.428200
804.760067
804.901533
805.006000
805.093233
805.176600
805.207100
805.245567
805.303833
805.869900
806.491433
806.652833
806.781433
806.990300
807.059833
807.351033
807.479600
807.617867
807.738733
807.790067
807.942600
808.011567
808.150300
808.343400
808.484600
808.616200
808.702633
808.922167
809.053600
809.129667
809.199633
809.671433
809.834800
809.949567
810.623300
810.765933
810.862667
810.904367
811.168633
811.234600
811.580633
812.285667
812.645933
813.347500
813.433733
813.457900
813.889733
813.966267
814.075333
814.168200
814.822933
814.951033
815.095833
815.150767
815.202433
815.287733
815.443167
815.523933
815.562067
815.663467
815.725100
815.780067
815.855067
816.068233
816.094467
816.324400
816.786200
816.961967
817.151933
818.089800
818.150467
818.212033
818.275133
818.348300
818.396200
818.398300
818.478333
818.637167
818.646133
818.763433
818.935367
819.270633
819.421033
819.505633
819.614433
819.722667
819.754367
819.797633
819.877533
819.945100
820.048900
820.074533
820.139700
820.183233
820.251367
820.723000
820.835200
820.888767
821.229933
821.464100
821.998367
822.031000
822.095000
822.121400
822.195167
822.254467
822.277767
822.361733
822.476467
822.670967
822.830667
823.214467
823.281467
823.361200
823.481167
823.658800
823.859733
823.965600
824.176900
824.284267
825.057800
825.096600
825.650700
826.029200
826.279033
826.846600
826.899967
827.037567
827.144867
828.079867
828.202967
828.444967
828.590800
829.000100
829.086867
829.128267
829.164400
829.208067
829.261200
829.288100
829.293467
829.321167
829.363567
829.480067
829.594733
829.788667
829.905367
830.673033
831.042067
831.146700
831.321067
831.492700
831.681800
832.354867
832.426867
832.531733
832.640800
832.693733
832.776700
832.843200
832.910600
833.022700
833.091100
833.126600
833.163367
833.227433
833.296567
833.319700
833.356067
833.430300
833.598267
833.715767
833.732333
834.204200
834.248833
834.335567
834.495433
834.656867
834.721700
834.907900
834.975600
835.030567
835.171967
835.419333
835.552633
835.834133
835.881833
835.959800
836.267700
836.783900
836.959133
837.054900
837.358367
837.440300
837.606433
837.793067
837.947100
838.604967
838.728833
838.792133
838.887800
838.907733
838.910167
839.008200
839.045633
839.151600
839.584300
839.599167
839.667067
839.874500
840.431333
840.465167
840.540833
840.585667
840.623200
840.897700
840.963667
841.106867
841.466967
841.529467
841.555033
841.572133
841.619200
841.675467
841.769300
841.896267
842.087133
842.109133
842.222100
842.407333
843.016233
843.241400
843.553167
843.703367
844.371733
844.413033
844.568467
844.621667
844.737300
844.904467
845.028800
845.160667
845.674833
846.227367
846.418433
846.526533
846.674833
847.101900
847.543700
847.644333
847.776733
847.804300
847.899500
848.035733
848.272767
848.384700
848.581633
848.634400
848.741100
848.844700
848.924200
849.143067
849.343133
849.817633
849.965533
850.029433
850.120933
850.187033
850.283700
851.066500
851.284100
851.357300
851.541600
851.583400
851.680033
851.752567
851.996100
852.147633
852.409367
852.662067
852.817767
853.290267
853.477333
853.547867
853.674667
854.064467
854.772800
855.041767
855.560333
855.620100
855.632500
855.678033
855.881333
856.033733
856.192667
856.245767
856.455267
856.484267
856.537667
856.711733
856.808233
856.886200
856.947133
857.022400
857.084467
857.114167
857.451733
857.654733
857.737200
857.926233
858.080100
858.244233
858.492233
858.792467
858.846333
859.003667
859.386000
859.990933
860.207967
860.614767
860.872467
860.974067
861.033767
861.113200
861.152000
861.521500
861.569767
861.687100
861.715667
861.857900
861.940867
862.053567
862.135767
862.214600
862.753433
862.908267
863.024133
863.081367
863.111900
863.182933
863.392567
863.511400
863.645967
863.711400
863.898833
863.980667
864.040433
864.211167
864.364767
864.399333
864.501967
864.558400
864.571633
864.638300
864.669267
864.728033
864.821633
864.851267
864.973567
865.024467
865.120967
865.218167
865.428033
865.477233
865.543567
865.694767
865.757767
865.833267
865.914867
865.955700
866.034100
866.132667
866.242533
866.362367
866.472233
866.505233
866.591367
866.666800
866.686167
866.720067
866.786933
866.831167
866.862733
866.937033
867.003667
867.051633
867.100867
867.203533
867.237433
867.377567
867.423467
867.467700
867.485400
867.558167
867.587967
867.659167
867.694833
867.807500
867.853067
867.899967
867.962333
868.010100
868.127033
868.192267
868.235333
868.397367
868.506567
868.562600
868.636000
868.691000
868.727167
868.771233
868.842867
868.892267
868.918333
868.999533
869.082700
869.203633
869.224033
869.249400
869.293700
869.340033
869.429900
869.581400
869.952000
870.391900
870.990600
871.165200
871.223033
871.257667
872.062367
872.177500
872.389833
872.429200
872.454500
872.551600
872.691767
872.820300
872.952167
873.128300
873.223967
873.304333
873.381100
873.403900
873.510667
874.341800
874.422733
874.684300
875.071500
875.293100
875.836633
875.915900
875.999533
876.069900
876.179867
876.510333
876.586900
876.667667
876.737333
876.814367
876.846600
876.888133
876.984167
877.082500
877.225200
877.270467
877.467033
877.496367
877.551867
877.636200
877.729667
877.977333
878.289833
878.314167
878.372367
878.421533
878.476733
878.554867
878.639067
878.682133
878.737067
878.840567
878.925533
878.967500
879.041000
879.128967
879.295233
879.656433
879.697800
879.799200
879.886133
879.969767
880.358167
880.470733
880.606667
880.629867
880.913567
881.260433
881.300367
881.504967
881.612267
881.659200
881.767700
881.788833
881.835667
881.849500
881.906833
881.973000
882.128100
882.258300
882.320900
882.347500
882.451233
882.522600
882.573100
882.689300
882.738233
882.798567
882.846067
882.886300
882.938767
883.016100
883.123633
883.203467
883.329000
883.506133
883.560533
884.273067
884.570333
884.701700
884.727367
884.745967
884.833133
885.252000
885.325033
885.399467
885.437767
885.660400
885.798600
885.874433
885.990800
886.058033
886.098367
886.124367
886.167867
886.203300
886.299367
886.364100
886.646267
886.671833
886.700333
886.773667
887.209867
887.650933
887.789233
887.842167
887.922233
887.934400
888.095333
888.156133
888.420000
888.587500
888.675833
888.729133
888.808167
888.975167
889.355733
889.607533
889.860233
889.968033
889.997200
890.100733
890.231400
890.514867
890.586333
890.726267
891.086667
891.462067
891.545767
891.572200
891.638667
891.706867
892.131233
892.659833
892.718267
892.767967
892.833600
892.908700
892.956100
893.053067
893.530733
894.275567
894.740200
894.829600
894.916333
895.338167
895.411433
896.000933
896.491667
896.836233
896.872667
896.897833
896.993333
897.208700
897.297767
897.589333
897.793700
897.837267
897.934100
898.049000
898.122867
898.231433
898.582033
898.884767
899.163967
899.238067
899.344367
899.398500
899.473600
899.554167
899.578167
899.667633
899.768000
899.823300
899.850267
899.973967
900.089000
900.350867
900.990367
901.248400
901.559233
901.590233
901.724200
901.765533
901.972467
902.199400
902.272933
902.355533
902.454700
902.488000
902.561133
903.224100
903.296967
903.663733
904.032133
904.060300
904.079667
904.159633
904.324533
904.434433
904.511433
904.666933
904.715633
904.749067
904.791233
904.893167
905.485133
905.651867
905.844467
905.928133
906.016600
906.272167
906.464267
906.583667
906.740633
906.920233
907.069233
907.145633
907.369133
907.514233
907.713733
907.761567
907.911167
908.131133
908.242300
908.437033
908.554967
908.632800
908.673567
908.734367
908.797233
908.858867
908.986767
909.313600
909.690567
910.182533
910.249300
910.299833
910.711833
910.950267
910.996367
911.073600
911.306167
911.790067
912.073767
912.208900
912.277533
912.361000
912.675200
912.748567
912.757333
912.777667
913.102000
913.142867
913.170333
913.188133
913.206600
913.259533
913.330133
913.352933
913.397133
913.425633
913.465900
913.615367
914.159167
914.270467
914.278567
914.313000
914.376400
914.390267
914.463667
914.505833
914.536600
914.544100
914.553067
914.608467
914.630233
914.632267
914.676933
914.694967
914.713600
914.728633
914.784667
914.806367
914.824533
914.861133
914.886767
914.935067
914.958167
914.981367
914.997800
915.103967
915.121567
915.146600
915.164467
915.239500
915.313200
915.419967
915.503767
915.649133
915.662033
915.690567
915.702433
916.356733
916.836567
917.714933
918.151500
918.639800
918.831233
919.033167
919.096133
919.189200
919.245533
919.453333
919.522167
919.768733
919.825433
920.044767
920.244967
920.929433
921.044800
921.200100
921.290767
921.387667
921.586633
921.709733
921.754200
921.836267
922.040067
922.106900
922.139900
922.190300
922.256333
922.391100
922.424333
922.501267
922.532100
922.740400
922.820867
922.940400
923.285300
923.345000
923.383333
923.496500
923.703000
924.060600
924.747367
924.862200
924.939567
924.999733
925.681833
925.744233
926.241000
926.272400
926.494067
927.588233
927.658700
927.737767
927.774233
927.939033
928.145367
928.334700
928.546200
928.883800
929.087900
929.148633
929.276500
929.315400
929.414200
929.496033
929.562900
929.851433
929.929933
930.008600
930.154100
930.292433
930.860967
931.771900
931.910933
932.027967
932.081800
932.198367
932.209800
932.257900
932.383100
932.608133
932.734333
932.793767
932.887733
932.958533
933.106133
933.438033
933.694733
933.818100
933.965033
934.060733
934.105767
934.185633
934.325067
934.445200
934.533200
934.675067
934.718967
934.793800
934.839200
935.061167
935.144567
935.214500
935.297500
935.392633
935.490700
935.579467
935.729167
935.817433
935.904033
935.922167
936.036100
936.063833
936.160300
936.286900
936.587900
936.808933
936.957567
937.100167
937.191033
937.756100
937.820700
937.924133
937.968600
938.303700
938.371100
938.421233
938.606467
938.643200
938.673933
938.679933
938.756833
938.891000
939.046467
939.282033
939.435367
939.550033
939.624533
939.666733
939.760333
939.791733
939.821700
939.938000
940.073200
940.123833
940.190667
940.249967
940.303933
940.405567
940.500800
940.583600
940.786200
940.888933
940.892767
940.987033
941.031900
941.179867
941.243300
941.360333
941.437467
941.543967
941.737133
941.845767
941.949233
942.152800
942.228567
942.239567
942.314533
942.446367
942.537133
942.634933
942.673733
942.742367
943.048000
943.122433
943.138167
943.191800
943.267833
943.410233
943.877067
944.036667
944.118567
944.490467
944.543300
944.681600
944.835067
944.837733
944.944133
945.097267
945.133633
945.226800
945.323100
945.349100
945.386633
945.437433
945.533733
945.626900
945.930333
946.168833
946.336767
946.685067
946.793567
947.091200
947.133633
947.216567
947.262300
947.382767
947.431967
947.537933
947.587467
947.636800
947.755267
947.897500
948.105800
948.511233
948.624433
948.738300
948.880333
948.927633
949.312967
949.878067
950.052867
950.396367
950.464900
950.913533
951.470533
951.558833
951.835800
951.898667
951.970733
952.000333
952.063333
952.128367
952.175433
952.294867
952.386233
952.574633
952.782200
952.826533
952.950867
953.075433
953.079633
953.166700
953.240100
953.289167
953.519200
953.816233
954.321100
954.503800
954.555000
954.665800
954.778933
957.340033
958.300000
958.377467
958.697633
959.314433
959.567800
959.643833
959.664900
959.697500
959.759100
959.820767
959.921400
959.961133
960.177067
960.252533
960.307667
960.704333
961.199667
961.496567
961.653800
961.719867
961.797633
961.866333
962.191867
962.783900
962.832800
962.903700
962.984633
963.010833
963.035100
963.074733
963.082933
963.127900
963.130900
963.162533
963.321433
963.677533
963.794667
963.986600
964.499500
964.536200
965.029233
965.077500
965.140600
965.207600
965.290667
965.760133
966.892467
967.368733
967.517500
967.656467
968.341700
968.508567
968.847933
968.903633
968.978567
969.348667
969.421067
969.463167
969.713767
969.787467
969.882733
970.158533
970.272233
970.283467
970.334133
970.674933
970.805767
970.897200
970.939967
971.054833
971.153033
971.409033
971.415700
971.584833
972.292200
972.330767
972.438700
972.810833
973.194267
973.228967
973.286467
973.355200
973.405633
973.560667
973.718200
973.770400
973.822800
973.895100
974.090500
974.420833
974.710467
974.771933
974.814800
974.886500
974.950200
974.999167
975.030267
975.074167
975.135833
975.225267
975.612433
976.041600
976.056167
976.208133
976.367200
976.569667
977.029400
977.075867
977.291767
977.416667
977.422633
977.487067
977.795000
978.304100
978.389333
978.722767
978.880467
979.035467
979.095667
979.164433
979.217633
979.333967
979.454400
979.584933
979.900633
979.962767
980.005967
980.105900
980.164200
980.251867
980.259867
980.316067
980.365467
980.431533
980.509133
980.557900
980.624433
980.648367
980.678900
980.745767
980.775233
980.937467
981.028933
981.079467
981.329467
981.567267
981.696867
982.012367
982.083367
982.201933
982.232267
982.326900
982.509533
983.422267
983.717167
983.930033
984.183533
984.215133
984.244300
984.300100
984.346367
984.368667
984.406433
984.454900
984.535867
984.571367
984.593100
985.037667
985.261900
985.499167
985.849467
986.198233
986.323100
986.449600
986.485100
986.854700
987.233833
987.342500
987.483733
987.536567
987.739433
988.626133
988.922267
989.101133
989.384467
989.425767
989.488333
989.548933
989.679300
989.764600
989.789700
989.811867
989.901733
989.921033
989.990833
990.180967
990.225467
990.233667
990.341900
990.454967
990.595167
990.627233
990.683167
990.714300
990.795067
990.851267
990.964533
991.081133
991.159333
991.204733
991.289767
991.300267
991.315033
991.336867
991.385933
991.389667
991.409967
991.414933
991.500867
991.515433
991.674233
991.761233
991.907700
991.980867
992.658433
992.777533
992.877000
992.929167
993.111367
993.393033
993.495200
993.539667
994.082900
994.462567
994.736233
994.800967
994.881267
995.069633
995.177067
995.284867
995.319333
995.362500
995.380100
995.429433
995.466700
995.505900
995.609167
995.669333
995.748267
995.759900
995.839967
995.918167
996.029967
996.176700
996.326200
996.882000
997.234100
997.373567
997.443133
998.296333
998.493367
998.627300
998.769300
998.815767
998.885533
999.893133
1000.547633
1000.646033
1000.716100
1001.177133
1001.346233
1001.419833
1001.440733
1001.551567
1001.618767
1002.057900
1002.223533
1002.652400
1003.048000
1003.178700
1003.618867
1003.948900
1003.980867
1004.010467
1004.065800
1004.501500
1004.619000
1004.853400
1004.906267
1004.957133
1005.006133
1005.087900
1005.154733
1005.199767
1005.242000
1005.268367
1005.321000
1005.348033
1005.391867
1005.429600
1005.560867
1005.622167
1005.749667
1005.849167
1005.858900
1006.723600
1006.762467
1006.923800
1007.008533
1007.186233
1007.240967
1007.309367
1007.431933
1007.496367
1007.574433
1007.625567
1007.799533
1007.960967
1008.044500
1008.186133
1008.228133
1008.244167
1008.295267
1008.327667
1008.509133
1008.628367
1008.691367
1008.734733
1008.774467
1008.919533
1008.995633
1009.191100
1009.448500
1009.556133
1009.668700
1009.760400
1009.958300
1010.011600
1010.087067
1010.142733
1010.171300
1010.257100
1010.601167
1010.981267
1011.095433
1011.107667
1011.130400
1011.302667
1011.441300
1011.892900
1012.264133
1012.359867
1012.746900
1012.899000
1013.169367
1013.225367
1013.291200
1013.683333
1013.815800
1014.145900
1014.294133
1014.399433
1014.754767
1015.687567
1015.758633
1015.811000
1015.873600
1015.891567
1015.999600
1016.076333
1016.097500
1016.684667
1016.792800
1016.841800
1017.057167
1017.156800
1017.387233
1017.447800
1017.503500
1017.904867
1018.057100
1018.128600
1018.268700
1018.361667
1018.577200
1018.711300
1018.906267
1019.142567
1019.235800
1019.332633
1019.499633
1019.544500
1019.656100
1020.172733
1020.245200
1020.345867
1020.409900
1020.516967
1020.809867
1020.928100
1021.036667
1021.652600
1021.845000
1022.010200
1022.154867
1022.215800
1022.305833
1022.635333
1022.718800
1022.775000
1023.155667
1023.274567
1023.522167
1023.567733
1023.700200
1023.722100
1023.763500
1023.827767
1023.886733
1023.939700
1024.006833
1024.152400
1024.190100
1024.658733
1024.924000
1025.107800
1025.184000
1025.824800
1026.700167
1026.776100
1026.894233
1027.081233
1027.151200
1027.292700
1027.402800
1027.508667
1027.628133
1028.131967
1028.185033
1028.463467
1028.698300
1028.742367
1028.889400
1029.166200
1029.606033
1029.645367
1029.948867
1030.029267
1030.071300
1030.151733
1030.227000
1030.507633
1030.519033
1030.677067
1030.712333
1030.764867
1031.103700
1031.193367
1031.240867
1031.441667
1031.723767
1031.888600
1032.331600
1032.451767
1032.502233
1032.590433
1032.651833
1032.710800
1032.802567
1032.887367
1032.976167
1032.982600
1032.998100
1033.031933
1033.630267
1033.929800
1034.121533
1034.466067
1034.476767
1034.507567
1034.530267
1034.537233
1034.557167
1034.563067
1034.577033
1034.592167
1034.596600
1034.598467
1034.614100
1034.626067
1034.641733
1034.663467
1035.153500
1035.401800
1035.450900
1035.470000
1035.573567
1035.639500
1035.728533
1035.759900
1035.786700
1035.796733
1035.809167
1035.841867
1035.847867
1035.876467
1035.912433
1035.963833
1035.977433
1036.014267
1036.029000
1036.070300
1036.122767
1036.139933
1036.161533
1036.166567
1036.183533
1036.188467
1036.226833
1036.235600
1036.255100
1036.269800
1036.277733
1036.306133
1036.343367
1036.354300
1036.392900
1036.424500
1036.442700
1036.448500
1036.451400
1036.519600
1036.550233
1036.701933
1037.630733
1037.680167
1037.863133
1038.379833
1038.633233
1040.158533
1043.513767
1043.589400
1043.800967
1044.215867
1044.521000
1044.601133
1044.742133
1044.878267
1045.689000
1045.796667
1045.977800
1046.025067
1046.174367
1046.349467
1046.473700
1046.739667
1046.887567
1047.157900
1047.473867
1047.663267
1047.759767
1047.849967
1048.094233
1048.204200
1048.381300
1048.835400
1048.908933
1048.954233
1049.070533
1049.235900
1049.587233
1049.974200
1050.238200
1050.324633
1050.438300
1050.534267
1050.611533
1050.629400
1051.263100
1051.408867
1051.521233
1051.577667
1051.723033
1051.749600
1051.881400
1052.077400
1052.665200
1052.838100
1052.902333
1053.282233
1053.335567
1053.395067
1053.480633
1053.534300
1053.598333
1053.647367
1053.767400
1053.791800
1054.040367
1054.147000
1054.265367
1054.292100
1054.424867
1054.829500
1054.926567
1055.008200
1055.131833
1055.272000
1055.442300
1055.880400
1056.462100
1056.606667
1056.761433
1056.812900
1056.865033
1056.951433
1056.969500
1057.072867
1057.082000
1057.131267
1057.177300
1057.196667
1057.246000
1057.361767
1057.405533
1057.536300
1057.672167
1057.845100
1058.047400
1058.131033
1058.273033
1058.862867
1058.902467
1059.601967
1059.667867
1060.280733
1060.478567
1060.637867
1060.729833
1060.845200
1061.330000
1062.247433
1062.632733
1062.829400
1062.987233
1063.140233
1063.374467
1063.498933
1063.710300
1063.715000
1063.769567
1063.870333
1063.961467
1064.070467
1064.470100
1064.572100
1064.602767
1064.651367
1064.740500
1064.802200
1064.873833
1064.959467
1064.996967
1065.066000
1065.270000
1065.596167
1065.690633
1065.739167
1065.813800
1065.819833
1065.906067
1065.967133
1065.982800
1066.119533
1066.292767
1066.316367
1066.812067
1067.666267
1067.840933
1067.907567
1067.936367
1067.989233
1068.021267
1068.137700
1068.200800
1068.549433
1068.821600
1068.916167
1069.134000
1069.596133
1069.737500
1069.881300
1069.953167
1070.032167
1070.672900
1070.987167
1071.087533
1071.223667
1071.250600
1071.402500
1072.412267
1072.436067
1072.824267
1072.936000
1072.986533
1073.078533
1073.221067
1073.435600
1073.531500
1073.600167
1073.753200
1073.915900
1074.029600
1074.110233
1074.341733
1074.409400
1074.549767
1074.874267
1075.125733
1075.281267
1075.510700
1075.674567
1075.752767
1075.808400
1076.004667
1076.120000
1076.297233
1076.372900
1076.661500
1076.774700
1077.770167
1078.233867
1078.320633
1078.425933
1078.549367
1078.575533
1078.983700
1079.054433
1079.093100
1079.338067
1079.396067
1079.459867
1079.489600
1079.622033
1079.784900
1079.827800
1079.861633
1079.995300
1080.061833
1080.159633
1080.240400
1080.493567
1080.658267
1080.763667
1080.899567
1080.994400
1081.048267
1081.156467
1081.318333
1081.463333
1081.519733
1081.603367
1081.672967
1081.797133
1081.821967
1081.900067
1081.908233
1082.024167
1082.055967
1082.132867
1082.245633
1082.433267
1082.463067
1082.511200
1082.545067
1082.573933
1082.621167
1082.684867
1083.046400
1083.344300
1083.457100
1083.546933
1083.739900
1084.728500
1085.235700
1085.501533
1085.549600
1085.793133
1085.913433
1085.951133
1086.137933
1086.248833
1086.452733
1086.615033
1086.716100
1086.941133
1086.973533
1087.051233
1087.168000
1087.179267
1087.274533
1087.298233
1087.447167
1087.620400
1087.666000
1087.726533
1087.803500
1087.942233
1088.053467
1088.093900
1088.248100
1088.399433
1088.832367
1088.929000
1088.951633
1089.212100
1089.346567
1089.480633
1089.578700
1089.926167
1090.576067
1090.628367
1090.803133
1091.152400
1091.526033
1091.654300
1092.008267
1092.188633
1092.361433
1092.450467
1092.512233
1093.135933
1093.298433
1093.371400
1093.432033
1093.467267
1093.522433
1093.577800
1093.874700
1093.908600
1093.994767
1094.226067
1094.294267
1094.545700
1094.653567
1095.038167
1095.136900
1095.233433
1095.281367
1095.347833
1095.368467
1095.419500
1095.450233
1095.523800
1095.600867
1095.674100
1095.914500
1096.032033
1096.238700
1096.336600
1096.412467
1096.684533
1097.183833
1097.226667
1097.278367
1097.329767
1097.375200
1098.250400
1098.408433
1098.698700
1098.771767
1099.974167
1099.988467
1100.086067
1100.232700
1100.265733
1100.368900
1100.490033
1100.608667
1100.686967
1100.711600
1100.820167
1100.874800
1101.067733
1101.252533
1101.305000
1101.556800
1101.631700
1101.751733
1101.790833
1102.033233
1102.425900
1102.686467
1102.904933
1103.002900
1103.155533
1103.191167
1103.304633
1103.741967
1103.863900
1103.943933
1104.059633
1104.138867
1104.178267
1104.238967
1104.266967
1104.314200
1104.391733
1104.454733
1104.495167
1104.551933
1104.627967
1104.690300
1105.133767
1105.231100
1105.366367
1105.416700
1105.454900
1105.537200
1105.803867
1105.902900
1106.020300
1106.042467
1106.050200
1106.095433
1106.197567
1106.241133
1106.469833
1106.632767
1106.739067
1106.990467
1107.197767
1107.470133
1107.989100
1108.059167
1108.098133
1108.172733
1108.294467
1108.369933
1108.614300
1108.679067
1108.749000
1108.978133
1109.078333
1109.181700
1109.505633
1109.621800
1109.659167
1109.784033
1110.059967
1110.763033
1111.038100
1111.255500
1111.667867
1112.001700
1112.065033
1112.105400
1112.227567
1112.302767
1112.447167
1112.538933
1112.672600
1112.808867
1113.207200
1113.279733
1113.386400
1113.665733
1113.814900
1113.850367
1113.906733
1113.984100
1114.109933
1114.161933
1114.424733
1114.540833
1114.611967
1114.726333
1114.903767
1114.972467
1115.016033
1115.070867
1115.214100
1115.263033
1115.376400
1115.980200
1116.634700
1116.770100
1116.863500
1116.953900
1117.051033
1117.299767
1118.923600
1119.000367
1119.120333
1119.190900
1119.866733
1120.339800
1120.550500
1120.813300
1120.882600
1121.977000
1122.049333
1123.444300
1123.575600
1123.764633
1124.141600
1124.474567
1124.798367
1124.934467
1125.037100
1125.739233
1125.856633
1125.996600
1126.064367
1126.205567
1126.362100
1126.576233
1126.701800
1126.755600
1126.922300
1127.153967
1127.197267
1127.356533
1127.687233
1127.772233
1128.090000
1128.243733
1128.985067
1129.375467
1129.520100
1130.120367
1130.254633
1130.408367
1130.704067
1130.892533
1131.163700
1131.345200
1131.383200
1131.565367
1131.729667
1131.850933
1132.033433
1132.408433
1132.570167
1132.754167
1132.824433
1133.034733
1133.163367
1133.217033
1133.254367
1133.304633
1133.340467
1133.343533
1133.353933
1133.440600
1133.495967
1133.620133
1133.703533
1133.819433
1133.942567
1134.062233
1134.165300
1134.174433
1134.216067
1134.651133
1135.376533
1135.874000
1136.133333
1136.275433
1136.386867
1136.439633
1136.498300
1136.604900
1136.722200
1136.842000
1136.891167
1137.048800
1137.153333
1137.170500
1137.275900
1137.320533
1137.482800
1137.596767
1137.604300
1137.770133
1138.617867
1138.932167
1139.101400
1139.201533
1139.800133
1139.863367
1139.936733
1140.118600
1140.600167
1140.703300
1140.793800
1140.928967
1140.976933
1141.090133
1141.404667
1141.771100
1141.895200
1142.225400
1142.279067
1142.572233
1142.656767
1142.888133
1142.966167
1143.461167
1143.723133
1144.451167
1144.563500
1144.652467
1144.749567
1144.931067
1145.014967
1145.502567
1145.670467
1145.764600
1145.825267
1145.899567
1146.007700
1146.151767
1146.194067
1146.341067
1146.398333
1147.419833
1147.568767
1147.714000
1148.308533
1148.706700
1148.907567
1149.041067
1149.596500
1149.705500
1149.808467
1149.900500
1149.946267
1149.987133
1150.466233
1150.781767
1151.384200
1151.991567
1152.142067
1152.234000
1152.964533
1153.134833
1153.197900
1153.226667
1153.273100
1153.359000
1153.396033
1153.487767
1153.569233
1153.592067
1154.083100
1154.157233
1154.552933
1154.670767
1154.761200
1154.898900
1155.318667
1155.797167
1156.050000
1156.337933
1156.689733
1157.213667
1157.254367
1157.290567
1157.427733
1157.483800
1157.538567
1157.596433
1157.902567
1158.215467
1158.403667
1158.638033
1158.682733
1158.785333
1159.119267
1159.351200
1159.462733
1159.679967
1159.735133
1159.775300
1159.832067
1159.922633
1159.968100
1160.005133
1160.104333
1160.121833
1160.144733
1160.171733
1160.194500
1160.250867
1160.267067
1160.310033
1160.336633
1160.381133
1160.472833
1160.570933
1160.627733
1160.668767
1160.731567
1160.857133
1161.036767
1161.300233
1161.592933
1161.649333
1162.036100
1162.102333
1162.134300
1162.169567
1162.206567
1162.226367
1162.264100
1162.541967
1162.703600
1163.005567
1163.094400
1163.775633
1163.821733
1163.959300
1164.129867
1164.284767
1164.657367
1164.961367
1164.971133
1165.063800
1165.156433
1165.222067
1165.330300
1165.433800
1166.193267
1166.451767
1166.571300
1166.655400
1166.832300
1166.894867
1167.007467
1167.053733
1167.245767
1167.732233
1168.125000
1168.304667
1168.946400
1169.039167
1169.109900
1169.538233
1169.606100
1169.646067
1169.729467
1169.852300
1169.894300
1170.299467
1170.402933
1170.473800
1170.539467
1170.590633
1170.680167
1170.725667
1170.856667
1170.923767
1170.989600
1171.011733
1171.123933
1171.205833
1171.250200
1171.393267
1171.419833
1171.718367
1171.731833
1171.765467
1171.798567
1171.844700
1172.096133
1172.214267
1172.492500
1172.609400
1173.012967
1173.104100
1173.151267
1173.213967
1173.320367
1173.407300
1173.670300
1174.330367
1174.383200
1174.427667
1174.491533
1174.689500
1174.865200
1174.977500
1175.091033
1175.262367
1175.561967
1175.673200
1175.736700
1175.855933
1175.952967
1176.029067
1176.107233
1176.114467
1176.240967
1176.290533
1176.310700
1176.384067
1176.444167
1176.537967
1176.583267
1176.677567
1176.765933
1176.842833
1176.900267
1177.183200
1177.262533
1177.350267
1177.434633
1177.493600
1177.539833
1177.581167
1177.609433
1177.775167
1177.827600
1177.998100
1178.042200
1178.188067
1178.288300
1178.390633
1179.065833
1179.111633
1179.279100
1179.592633
1179.727867
1179.859933
1179.906633
1180.017200
1180.253633
1180.419533
1180.585133
1180.708000
1181.030967
1181.146600
1181.182400
1181.332633
1181.411200
1181.695433
1181.775433
1181.804567
1181.844133
1181.883267
1181.924000
1181.971167
1182.031933
1182.047267
1182.079233
1182.098833
1182.128967
1182.161333
1182.189333
1182.255267
1182.277367
1182.298200
1182.349400
1182.420667
1182.479433
1182.700267
1182.983200
1183.101800
1183.404167
1183.524867
1183.624467
1183.775533
1183.868633
1184.005400
1184.054233
1184.100800
1184.156400
1184.924533
1185.151867
1185.308033
1185.419700
1185.455333
1185.538533
1185.549333
1185.593367
1185.616800
1185.674833
1185.706867
1185.760333
1185.849800
1185.923867
1186.007233
1186.045733
1186.089600
1186.146900
1186.241800
1186.393000
1186.536800
1186.586633
1186.687200
1186.759533
1186.788633
1186.976967
1187.022000
1187.063300
1187.133633
1187.222733
1187.287867
1187.353500
1187.419400
1187.468400
1187.506933
1187.574900
1187.613600
1187.664767
1187.709200
1187.745767
1187.782700
1187.864967
1187.949200
1187.977767
1188.018367
1188.033733
1188.070500
1188.085833
1188.125800
1188.434900
1188.493733
1188.521233
1188.724367
1188.754933
1189.083500
1189.253100
1189.297700
1189.358233
1189.527633
1189.900300
1190.141433
1190.340033
1190.579000
1191.338267
1192.065333
1192.246200
1192.315800
1192.476367
1192.536167
1192.932800
1193.069433
1193.256633
1193.399433
1193.530433
1193.566967
1193.710767
1194.312400
1194.362733
1194.427500
1194.466100
1194.538567
1194.612033
1194.899567
1195.194033
1195.844000
1195.927667
1195.985267
1196.240067
1196.348233
1196.427400
1196.672700
1196.815667
1197.513133
1197.603433
1197.671267
1197.800467
1197.954233
1198.010267
1198.259500
1198.298000
1198.322333
1198.408867
1198.447933
1198.482967
1198.521633
1198.612300
1198.661467
1198.692733
1198.776633
1198.808867
1198.855867
1198.893133
1198.979533
1199.034567
1199.052467
1199.108967
1199.152733
1199.185800
1199.233433
1199.281600
1199.284700
1199.383100
1199.441767
1199.553533
1199.828033
1199.893700
1199.986933
1200.006133
1200.069300
1200.401733
1200.447867
1200.609667
1200.686467
1200.951567
1201.097467
1201.174500
1201.263800
1201.349533
1201.606100
1201.668833
1201.774367
1201.834800
1201.918200
1201.938533
1202.012633
1202.081567
1202.215100
1202.254767
1202.323033
1202.596600
1202.976367
1203.032467
1203.067600
1203.210767
1203.278633
1203.429200
1203.433033
1203.538000
1203.596900
1203.627433
1203.721700
1203.726000
1203.788500
1203.923867
1203.980200
1204.078200
1204.185967
1204.216400
1204.255100
1204.314500
1204.321000
1204.407433
1204.473833
1204.570400
1204.647167
1204.676000
1204.712800
1204.787400
1204.997667
1205.044833
1205.101500
1205.208600
1205.347833
1205.390633
1205.453267
1205.467533
1205.509133
1205.572633
1205.626000
1205.784300
1205.845233
1205.887767
1205.970900
1206.149767
1206.401800
1206.530933
1206.557567
1206.686133
1206.929333
1207.085300
1207.184000
1207.257467
1207.350733
1207.494767
1207.637900
1207.754833
1207.971400
1208.262300
1208.590233
1208.737500
1208.772133
1208.883800
1208.919000
1208.984767
1209.054867
1209.228367
1209.407367
1209.501367
1209.629900
1209.669267
1210.026333
1210.241467
1210.321700
1210.382500
1211.223867
1211.330667
1211.561600
1211.781667
1212.066400
1212.589167
1212.853267
1212.951900
1212.999800
1213.128833
1213.273600
1213.300933
1213.371667
1213.449433
1213.523800
1213.602567
1213.680867
1213.720333
1213.761267
1213.897200
1214.473333
1214.545333
1214.629200
1214.692233
1215.369033
1215.441367
1215.512333
1215.556433
1215.677067
1215.800267
1215.875167
1215.922500
1215.987533
1216.023100
1216.061867
1216.276800
1216.401967
1216.634167
1216.693100
1217.249967
1217.343667
1217.374700
1217.415800
1217.478067
1217.590867
1217.757100
1217.871000
1217.910400
1217.962700
1218.056033
1218.170900
1218.271400
1218.340200
1218.602067
1218.742267
1218.816200
1218.901133
1219.003667
1219.128733
1219.448567
1219.513433
1219.548533
1219.698767
1219.718500
1220.128967
1220.173033
1220.235633
1220.307067
1220.319267
1220.401333
1220.436067
1220.687300
1220.753300
1220.921467
1221.024800
1221.256333
1221.318400
1221.386367
1221.490000
1221.567000
1221.627033
1221.671533
1221.780467
1221.813467
1221.841167
1221.879567
1221.971067
1221.988533
1222.105033
1222.282233
1222.622067
1222.719567
1222.800767
1222.893833
1222.959900
1223.062000
1223.139300
1223.232600
1223.428500
1223.586900
1223.685933
1223.746867
1223.855800
1223.900733
1223.940467
1224.033500
1224.102133
1224.129967
1224.140633
1224.200833
1224.236433
1224.721367
1224.753633
1224.810233
1224.848033
1224.884367
1224.990733
1225.008567
1225.068867
1225.090167
1225.155533
1225.236400
1225.257633
1225.419500
1225.517267
1225.640633
1225.761567
1225.831167
1226.290467
1226.329333
1226.413733
1226.562633
1226.620733
1226.679733
1226.733267
1226.886367
1226.999000
1227.125400
1227.372700
1227.471500
1227.683500
1228.112967
1228.209367
1228.354700
1228.494767
1228.762600
1228.863033
1228.982000
1229.046000
1229.127533
1229.300900
1229.592433
1229.929967
1230.575433
1231.003233
1231.225400
1231.332900
1231.429800
1231.447100
1231.568200
1231.709567
1231.893267
1231.993500
1232.037167
1232.101400
1232.544667
1232.597767
1232.708967
1232.850433
1232.992100
1233.049433
1233.190033
1233.383167
1233.511767
1233.970200
1234.134167
1234.245767
1234.355533
1234.778100
1234.861767
1235.022900
1235.164167
1235.307700
1235.717900
1235.803133
1235.868967
1236.309533
1236.335900
1236.403433
1236.443667
1236.499667
1236.645467
1236.819767
1236.950533
1237.038333
1237.197333
1237.967500
1238.209567
1238.262100
1238.325433
1238.467900
1238.515867
1238.584500
1238.661333
1238.703200
1238.800933
1238.841500
1239.055633
1239.181400
1239.211100
1239.216433
1239.270400
1239.374533
1239.498367
1239.564600
1239.651833
1239.713833
1239.791433
1240.061033
1240.198667
1240.592367
1240.795233
1240.988267
1241.369967
1241.806567
1241.935467
1242.062767
1242.124467
1242.623667
1243.636000
1243.984933
1244.018333
1244.077800
1244.132100
1244.253800
1244.318500
1244.408633
1244.506033
1244.586900
1244.714000
1244.790933
1244.981200
1245.293067
1245.485167
1245.584967
1245.710400
1245.732800
1245.742667
1245.866433
1246.242267
1246.524300
1246.575100
1246.670333
1246.761233
1246.973767
1247.406333
1247.555300
1247.668167
1247.775800
1247.862367
1247.888733
1248.223833
1248.417133
1248.666100
1248.747900
1248.824367
1248.985967
1249.023167
1249.033567
1249.123933
1249.220867
1249.284200
1249.339467
1249.405200
1249.509500
1249.821133
1250.326933
1250.448133
1250.780633
1251.044600
1251.341467
1251.422400
1251.445067
1251.472900
1251.511133
1251.579033
1251.583967
1251.625600
1251.779167
1251.856200
1251.936167
1251.990933
1252.016133
1252.243267
1252.407967
1252.501967
1252.672067
1253.114833
1253.133833
1253.197033
1253.245000
1253.525733
1253.619633
1253.690100
1253.719200
1253.773367
1253.809733
1253.819533
1253.998033
1254.023900
1254.087133
1254.202267
1254.281867
1254.355233
1254.382800
1254.501667
1254.565967
1254.683000
1254.931000
1255.139433
1255.194767
1255.227333
1255.239967
1255.296467
1255.329100
1255.372933
1255.478267
1255.612800
1255.804600
1255.884267
1256.079500
1256.187733
1256.320267
1256.377300
1256.462633
1256.491400
1256.588033
1256.627367
1256.686867
1256.702467
1256.747733
1257.134767
1257.218567
1257.375000
1257.654367
1257.734767
1257.835400
1257.991667
1258.219333
1258.262200
1258.314100
1258.385700
1258.470100
1258.541767
1258.829100
1259.025133
1259.092600
1259.127400
1259.233033
1259.246433
1259.448667
1259.593033
1259.631133
1260.057967
1260.148567
1260.244467
1260.283933
1260.357867
1260.448300
1260.784333
1260.865967
1261.001600
1261.045100
1261.402000
1261.441167
1261.493767
1261.524233
1261.549733
1261.639967
1261.681533
1261.911200
1262.233867
1262.298200
1262.364567
1262.738067
1262.849167
1262.854033
1262.910833
1263.012533
1263.181200
1263.340067
1263.379567
1263.454700
1263.467833
1263.515300
1263.532333
1263.658467
1263.802933
1264.284033
1264.339633
1264.365000
1264.425200
1264.433300
1264.461300
1264.536067
1264.619167
1264.642433
1264.649233
1264.673733
1264.693133
1264.722767
1264.867500
1264.903700
1264.936800
1265.085667
1265.197400
1266.075467
1266.242700
1266.278367
1266.330367
1266.383200
1266.440400
1266.456133
1266.544133
1266.558533
1266.616833
1266.633067
1266.636667
1266.653667
1266.673167
1266.694867
1266.711100
1266.784167
1266.836433
1267.214200
1267.272667
1267.446267
1267.488600
1267.633967
1267.713667
1267.951500
1268.009267
1268.106533
1268.197133
1268.264733
1268.277300
1268.280367
1268.312433
1268.345933
1268.369567
1268.428400
1268.433900
1268.506167
1268.527933
1268.544300
1268.577400
1268.618233
1268.625567
1268.689633
1268.738567
1268.748233
1268.752833
1268.803600
1268.848900
1268.877267
1268.885267
1268.929633
1269.131100
1269.339500
1269.476633
1269.531200
1269.569467
1269.646267
1269.763100
1269.769167
1269.801967
1269.946433
1270.002133
1270.060000
1270.122000
1270.150400
1270.206367
1270.253967
1270.287633
1270.332267
1270.389633
1270.416267
1270.469367
1270.508833
1270.590467
1270.688033
1270.814667
1270.922033
1271.093633
1271.666500
1271.829267
1271.877967
1271.884433
1271.933967
1272.022533
1272.073300
1272.110633
1272.137400
1272.148300
1272.163833
1272.166500
1272.210233
1272.246867
1272.306733
1272.536867
1272.746600
1273.378567
1273.474833
1274.348067
1275.264767
1275.742600
1276.186900
1276.362933
1276.420400
1276.563767
1276.828767
1277.018367
1277.252833
1277.655433
1277.898700
1278.103100
1278.150833
1278.312967
1278.581533
1278.761867
1278.888167
1278.976267
1279.346867
1279.400867
1279.424900
1279.494467
1279.529433
1280.368700
1280.875533
1280.992433
1281.067933
1281.144100
1281.349767
1281.500900
1281.544033
1281.588833
1281.778467
1281.870700
1281.937500
1282.010433
1282.043633
1282.384200
1282.523033
1283.182633
1283.554933
1283.777200
1284.473800
1284.553333
1284.738067
1284.757367
1284.817567
1284.882067
1284.929533
1285.623867
1285.879533
1285.998233
1286.128800
1286.201033
1286.228100
1286.253600
1286.486433
1286.586867
1286.660233
1286.708133
1286.824800
1287.129900
1287.233667
1287.282667
1287.630900
1287.710433
1287.791467
1287.849767
1287.905633
1288.076867
1288.471200
1288.643833
1288.846433
1289.154300
1289.407000
1290.846833
1291.039033
1291.166167
1291.246433
1291.335967
1291.405567
1291.763233
1291.904367
1291.979467
1292.445367
1292.503100
1292.634267
1292.810533
1292.911233
1292.971733
1293.081033
1293.216500
1293.317333
1293.345967
1293.417067
1293.469400
1293.527800
1293.868200
1294.235767
1294.350667
1295.016767
1296.300133
1296.396833
1296.530567
1296.604800
1296.736933
1297.561500
1297.597467
1297.617200
1297.650200
1297.693600
1297.732167
1297.817767
1297.928667
1298.086200
1298.192500
1298.353000
1298.388267
1298.926900
1299.132900
1299.230300
1299.550667
1299.811900
1300.200800
1300.430567
1301.015533
1301.268400
1301.393400
1301.472800
1301.840400
1302.012133
1302.064000
1302.284067
1302.337100
1302.420133
1302.507800
1302.541233
1302.861733
1302.968400
1303.173000
1303.422033
1303.488433
1303.565200
1303.699667
1303.762100
1304.073433
1304.279800
1304.388933
1304.708233
1305.330367
1305.402733
1305.431500
1305.491967
1305.558900
1305.789633
1305.842767
1306.050600
1306.368933
1306.421700
1306.470400
1306.540900
1306.620133
1306.653600
1306.738633
1306.876900
1307.160833
1307.237833
1307.276333
1307.364067
1308.014633
1308.287400
1308.377767
1308.488167
1308.664400
1309.021333
1309.688033
1309.783367
1309.837000
1309.956767
1310.083300
1310.163233
1310.254733
1310.415100
1310.596667
1310.662767
1310.689933
1310.783233
1310.820133
1310.914033
1310.991100
1311.112367
1311.306500
1311.581633
1311.706400
1311.785967
1312.029700
1312.683967
1312.908333
1313.049433
1313.415900
1313.665333
1313.727133
1313.833000
